50872.7 3.13947e-16 1.13823e-16 BessellB
50873.7 4.54086e-16 1.52417e-16 BessellB
50874.7 6.56795e-16 2.03047e-16 BessellB
50875.7 9.49777e-16 2.68768e-16 BessellB
50876.7 1.37262e-15 3.52901e-16 BessellB
50877.7 1.98139e-15 4.58591e-16 BessellB
50878.7 2.85442e-15 5.8792e-16 BessellB
50879.7 4.09876e-15 7.40284e-16 BessellB
50880.7 5.85576e-15 9.09783e-16 BessellB
50881.7 8.30177e-15 1.0816e-15 BessellB
50882.7 1.16364e-14 1.22823e-15 BessellB
50883.7 1.60462e-14 1.30841e-15 BessellB
50884.7 2.16336e-14 1.274e-15 BessellB
50885.7 2.8312e-14 1.09064e-15 BessellB
50886.7 3.57118e-14 7.70597e-16 BessellB
50887.7 4.31777e-14 4.13388e-16 BessellB
50888.7 4.99228e-14 3.10746e-16 BessellB
50889.7 5.52862e-14 4.84916e-16 BessellB
50890.7 5.89347e-14 5.92696e-16 BessellB
50891.7 6.08911e-14 5.89699e-16 BessellB
50892.7 6.14173e-14 5.14941e-16 BessellB
50893.7 6.08651e-14 4.14385e-16 BessellB
50894.7 5.95694e-14 3.21376e-16 BessellB
50895.7 5.7801e-14 2.53959e-16 BessellB
50896.7 5.57579e-14 2.16309e-16 BessellB
50897.7 5.35762e-14 2.01222e-16 BessellB
50898.7 5.13455e-14 1.97339e-16 BessellB
50899.7 4.91226e-14 1.96462e-16 BessellB
50900.7 4.69421e-14 1.94832e-16 BessellB
50901.7 4.48247e-14 1.91371e-16 BessellB
50902.7 4.27814e-14 1.8615e-16 BessellB
50903.7 4.0818e-14 1.79603e-16 BessellB
50904.7 3.89363e-14 1.72202e-16 BessellB
50905.7 3.71361e-14 1.64347e-16 BessellB
50906.7 3.54158e-14 1.56336e-16 BessellB
50907.7 3.37731e-14 1.48384e-16 BessellB
50908.7 3.22053e-14 1.40632e-16 BessellB
50909.7 3.07095e-14 1.33169e-16 BessellB
50910.7 2.92827e-14 1.26048e-16 BessellB
50911.7 2.79218e-14 1.19294e-16 BessellB
50912.7 2.6624e-14 1.12918e-16 BessellB
50913.7 2.53863e-14 1.06917e-16 BessellB
50914.7 2.42061e-14 1.01281e-16 BessellB
50915.7 2.30808e-14 9.59953e-17 BessellB
50916.7 2.20077e-14 9.10441e-17 BessellB
50917.7 2.09845e-14 8.64092e-17 BessellB
50918.7 2.00088e-14 8.2072e-17 BessellB
50919.7 1.90785e-14 7.8014e-17 BessellB
50920.7 1.81915e-14 7.42174e-17 BessellB
50921.7 1.73457e-14 7.06646e-17 BessellB
50922.7 1.65392e-14 6.73392e-17 BessellB
50923.7 1.57702e-14 6.42253e-17 BessellB
50924.7 1.5037e-14 6.1308e-17 BessellB
50925.7 1.43378e-14 5.85732e-17 BessellB
50926.7 1.36712e-14 5.60077e-17 BessellB
50927.7 1.30355e-14 5.3599e-17 BessellB
50928.7 1.24294e-14 5.13357e-17 BessellB
50929.7 1.18515e-14 4.92068e-17 BessellB
50930.7 1.13005e-14 4.72024e-17 BessellB
50931.7 1.07751e-14 4.5313e-17 BessellB
50932.7 1.02741e-14 4.35299e-17 BessellB
50933.7 9.79641e-15 4.18453e-17 BessellB
50934.7 9.34092e-15 4.02515e-17 BessellB
50935.7 8.90662e-15 3.87418e-17 BessellB
50936.7 8.4925e-15 3.73099e-17 BessellB
50937.7 8.09765e-15 3.59499e-17 BessellB
50938.7 7.72115e-15 3.46566e-17 BessellB
50939.7 7.36215e-15 3.3425e-17 BessellB
50940.7 7.01985e-15 3.22508e-17 BessellB
50941.7 6.69346e-15 3.11297e-17 BessellB
50942.7 6.38225e-15 3.00581e-17 BessellB
50943.7 6.08551e-15 2.90326e-17 BessellB
50944.7 5.80257e-15 2.805e-17 BessellB
50945.7 5.53278e-15 2.71076e-17 BessellB
50946.7 5.27553e-15 2.62027e-17 BessellB
50947.7 5.03025e-15 2.53329e-17 BessellB
50948.7 4.79637e-15 2.44963e-17 BessellB
50949.7 4.57336e-15 2.36906e-17 BessellB
50950.7 4.36072e-15 2.29143e-17 BessellB
50951.7 4.15797e-15 2.21657e-17 BessellB
50952.7 3.96465e-15 2.14433e-17 BessellB
50953.7 3.78031e-15 2.07457e-17 BessellB
50954.7 3.60455e-15 2.00717e-17 BessellB
50955.7 3.43696e-15 1.94202e-17 BessellB
50956.7 3.27716e-15 1.87901e-17 BessellB
50957.7 3.12479e-15 1.81805e-17 BessellB
50958.7 2.9795e-15 1.75905e-17 BessellB
50959.7 2.84097e-15 1.70192e-17 BessellB
50960.7 2.70888e-15 1.64659e-17 BessellB
50961.7 2.58293e-15 1.593e-17 BessellB
50962.7 2.46284e-15 1.54108e-17 BessellB
50963.7 2.34833e-15 1.49076e-17 BessellB
50964.7 2.23915e-15 1.44199e-17 BessellB
50965.7 2.13504e-15 1.39471e-17 BessellB
50966.7 2.03577e-15 1.34889e-17 BessellB
50967.7 1.94112e-15 1.30446e-17 BessellB
50968.7 1.85087e-15 1.26139e-17 BessellB
50969.7 1.76481e-15 1.21963e-17 BessellB
50970.7 1.68276e-15 1.17915e-17 BessellB
50971.7 1.60452e-15 1.13989e-17 BessellB
50972.7 1.52992e-15 1.10184e-17 BessellB
50973.7 1.45879e-15 1.06495e-17 BessellB
50974.7 1.39096e-15 1.02919e-17 BessellB
50975.7 1.32629e-15 9.94532e-18 BessellB
50976.7 1.26462e-15 9.60936e-18 BessellB
50977.7 1.20583e-15 9.28377e-18 BessellB
50978.7 1.14976e-15 8.96825e-18 BessellB
50979.7 1.0963e-15 8.66252e-18 BessellB
50980.7 1.04533e-15 8.36631e-18 BessellB
50981.7 9.9673e-16 8.07936e-18 BessellB
50982.7 9.50387e-16 7.8014e-18 BessellB
50983.7 9.062e-16 7.53219e-18 BessellB
50984.7 8.64067e-16 7.27149e-18 BessellB
50985.7 8.23893e-16 7.01905e-18 BessellB
50986.7 7.85586e-16 6.77465e-18 BessellB
50987.7 7.49061e-16 6.53806e-18 BessellB
50883.1 1.77873e-14 1.05657e-15 BessellI
50884.1 1.77377e-14 9.88589e-16 BessellI
50885.1 1.76788e-14 9.22324e-16 BessellI
50886.1 1.76105e-14 8.5791e-16 BessellI
50887.1 1.75327e-14 7.95474e-16 BessellI
50888.1 1.74453e-14 7.35138e-16 BessellI
50889.1 1.73483e-14 6.77018e-16 BessellI
50890.1 1.72417e-14 6.21221e-16 BessellI
50891.1 1.71255e-14 5.67849e-16 BessellI
50892.1 1.69997e-14 5.16998e-16 BessellI
50893.1 1.68644e-14 4.68753e-16 BessellI
50894.1 1.67198e-14 4.23197e-16 BessellI
50895.1 1.65659e-14 3.80404e-16 BessellI
50896.1 1.6403e-14 3.40444e-16 BessellI
50897.1 1.62313e-14 3.03388e-16 BessellI
50898.1 1.6051e-14 2.69303e-16 BessellI
50899.1 1.58623e-14 2.3826e-16 BessellI
50900.1 1.56657e-14 2.10337e-16 BessellI
50901.1 1.54613e-14 1.85612e-16 BessellI
50902.1 1.52497e-14 1.64162e-16 BessellI
50903.1 1.50311e-14 1.4605e-16 BessellI
50904.1 1.48059e-14 1.31288e-16 BessellI
50905.1 1.45747e-14 1.19805e-16 BessellI
50906.1 1.43377e-14 1.11396e-16 BessellI
50907.1 1.40955e-14 1.05701e-16 BessellI
50908.1 1.38486e-14 1.02232e-16 BessellI
50909.1 1.35974e-14 1.00432e-16 BessellI
50910.1 1.33423e-14 9.97543e-17 BessellI
50911.1 1.3084e-14 9.97252e-17 BessellI
50912.1 1.28228e-14 9.99692e-17 BessellI
50913.1 1.25592e-14 1.00211e-16 BessellI
50914.1 1.22937e-14 1.00266e-16 BessellI
50915.1 1.20268e-14 1.00015e-16 BessellI
50916.1 1.1759e-14 9.93976e-17 BessellI
50917.1 1.14906e-14 9.83881e-17 BessellI
50918.1 1.12222e-14 9.69899e-17 BessellI
50919.1 1.09541e-14 9.52253e-17 BessellI
50920.1 1.06868e-14 9.31291e-17 BessellI
50921.1 1.04206e-14 9.07439e-17 BessellI
50922.1 1.0156e-14 8.81169e-17 BessellI
50923.1 9.89317e-15 8.52972e-17 BessellI
50924.1 9.63255e-15 8.2334e-17 BessellI
50925.1 9.37443e-15 7.92751e-17 BessellI
50926.1 9.1191e-15 7.61662e-17 BessellI
50927.1 8.86682e-15 7.30498e-17 BessellI
50928.1 8.61784e-15 6.9965e-17 BessellI
50929.1 8.37238e-15 6.69471e-17 BessellI
50930.1 8.13066e-15 6.40273e-17 BessellI
50931.1 7.89284e-15 6.12324e-17 BessellI
50932.1 7.65911e-15 5.85847e-17 BessellI
50933.1 7.42959e-15 5.61022e-17 BessellI
50934.1 7.20442e-15 5.37982e-17 BessellI
50935.1 6.98371e-15 5.16816e-17 BessellI
50936.1 6.76754e-15 4.97567e-17 BessellI
50937.1 6.55599e-15 4.80239e-17 BessellI
50938.1 6.34913e-15 4.64796e-17 BessellI
50939.1 6.14699e-15 4.51167e-17 BessellI
50940.1 5.94961e-15 4.39252e-17 BessellI
50941.1 5.757e-15 4.28929e-17 BessellI
50942.1 5.56917e-15 4.2006e-17 BessellI
50943.1 5.38612e-15 4.12495e-17 BessellI
50944.1 5.20783e-15 4.06081e-17 BessellI
50945.1 5.03427e-15 4.00669e-17 BessellI
50946.1 4.86542e-15 3.96114e-17 BessellI
50947.1 4.70122e-15 3.92281e-17 BessellI
50948.1 4.54163e-15 3.89046e-17 BessellI
50949.1 4.38661e-15 3.86299e-17 BessellI
50950.1 4.23607e-15 3.83943e-17 BessellI
50951.1 4.08996e-15 3.81894e-17 BessellI
50952.1 3.94821e-15 3.8008e-17 BessellI
50953.1 3.81074e-15 3.7844e-17 BessellI
50954.1 3.67748e-15 3.76924e-17 BessellI
50955.1 3.54834e-15 3.75489e-17 BessellI
50956.1 3.42323e-15 3.74103e-17 BessellI
50957.1 3.30208e-15 3.72737e-17 BessellI
50958.1 3.18479e-15 3.71368e-17 BessellI
50959.1 3.07128e-15 3.69978e-17 BessellI
50960.1 2.96146e-15 3.68554e-17 BessellI
50961.1 2.85523e-15 3.67083e-17 BessellI
50962.1 2.75251e-15 3.65556e-17 BessellI
50963.1 2.6532e-15 3.63966e-17 BessellI
50964.1 2.55721e-15 3.62305e-17 BessellI
50965.1 2.46447e-15 3.6057e-17 BessellI
50966.1 2.37486e-15 3.58756e-17 BessellI
50967.1 2.28832e-15 3.56859e-17 BessellI
50968.1 2.20474e-15 3.54878e-17 BessellI
50969.1 2.12404e-15 3.52808e-17 BessellI
50970.1 2.04615e-15 3.5065e-17 BessellI
50971.1 1.97096e-15 3.484e-17 BessellI
50972.1 1.89841e-15 3.46058e-17 BessellI
50973.1 1.82841e-15 3.43623e-17 BessellI
50974.1 1.76087e-15 3.41095e-17 BessellI
50975.1 1.69573e-15 3.38473e-17 BessellI
50976.1 1.63291e-15 3.35758e-17 BessellI
50977.1 1.57233e-15 3.32951e-17 BessellI
50978.1 1.51391e-15 3.30052e-17 BessellI
50979.1 1.4576e-15 3.27062e-17 BessellI
50980.1 1.40331e-15 3.23984e-17 BessellI
50981.1 1.35099e-15 3.20819e-17 BessellI
50982.1 1.30056e-15 3.17569e-17 BessellI
50983.1 1.25196e-15 3.14237e-17 BessellI
50984.1 1.20513e-15 3.10825e-17 BessellI
50985.1 1.16001e-15 3.07338e-17 BessellI
50986.1 1.11654e-15 3.03777e-17 BessellI
50987.1 1.07466e-15 3.00147e-17 BessellI
50871 2.1015e-14 1.70808e-15 BessellR
50872 2.1552e-14 1.62821e-15 BessellR
50873 2.20784e-14 1.54461e-15 BessellR
50874 2.25919e-14 1.45777e-15 BessellR
50875 2.30898e-14 1.36825e-15 BessellR
50876 2.35694e-14 1.27669e-15 BessellR
50877 2.4028e-14 1.18377e-15 BessellR
50878 2.4463e-14 1.09024e-15 BessellR
50879 2.48716e-14 9.96886e-16 BessellR
50880 2.52514e-14 9.04537e-16 BessellR
50881 2.55999e-14 8.14045e-16 BessellR
50882 2.59148e-14 7.26287e-16 BessellR
50883 2.6194e-14 6.42162e-16 BessellR
50884 2.64357e-14 5.62588e-16 BessellR
50885 2.66383e-14 4.88514e-16 BessellR
50886 2.68005e-14 4.20938e-16 BessellR
50887 2.69213e-14 3.60926e-16 BessellR
50888 2.7e-14 3.09603e-16 BessellR
50889 2.70364e-14 2.68077e-16 BessellR
50890 2.70305e-14 2.37187e-16 BessellR
50891 2.69827e-14 2.17035e-16 BessellR
50892 2.68936e-14 2.06551e-16 BessellR
50893 2.67642e-14 2.03521e-16 BessellR
50894 2.65959e-14 2.05219e-16 BessellR
50895 2.63901e-14 2.09151e-16 BessellR
50896 2.61487e-14 2.13443e-16 BessellR
50897 2.58737e-14 2.16876e-16 BessellR
50898 2.55672e-14 2.18755e-16 BessellR
50899 2.52315e-14 2.1876e-16 BessellR
50900 2.48689e-14 2.16822e-16 BessellR
50901 2.44819e-14 2.13033e-16 BessellR
50902 2.40729e-14 2.07589e-16 BessellR
50903 2.36444e-14 2.00744e-16 BessellR
50904 2.31988e-14 1.9278e-16 BessellR
50905 2.27385e-14 1.83991e-16 BessellR
50906 2.22657e-14 1.74668e-16 BessellR
50907 2.17827e-14 1.65087e-16 BessellR
50908 2.12915e-14 1.55504e-16 BessellR
50909 2.07942e-14 1.46148e-16 BessellR
50910 2.02926e-14 1.3722e-16 BessellR
50911 1.97885e-14 1.28885e-16 BessellR
50912 1.92834e-14 1.21274e-16 BessellR
50913 1.87789e-14 1.14476e-16 BessellR
50914 1.82763e-14 1.08537e-16 BessellR
50915 1.77768e-14 1.03465e-16 BessellR
50916 1.72815e-14 9.92248e-17 BessellR
50917 1.67915e-14 9.57491e-17 BessellR
50918 1.63075e-14 9.29441e-17 BessellR
50919 1.58304e-14 9.07006e-17 BessellR
50920 1.53608e-14 8.89038e-17 BessellR
50921 1.48993e-14 8.74421e-17 BessellR
50922 1.44464e-14 8.62141e-17 BessellR
50923 1.40025e-14 8.51322e-17 BessellR
50924 1.35679e-14 8.41245e-17 BessellR
50925 1.31429e-14 8.31351e-17 BessellR
50926 1.27277e-14 8.21226e-17 BessellR
50927 1.23224e-14 8.10583e-17 BessellR
50928 1.19272e-14 7.99248e-17 BessellR
50929 1.15421e-14 7.87133e-17 BessellR
50930 1.11671e-14 7.74222e-17 BessellR
50931 1.08022e-14 7.6055e-17 BessellR
50932 1.04474e-14 7.46197e-17 BessellR
50933 1.01025e-14 7.31265e-17 BessellR
50934 9.76757e-15 7.1588e-17 BessellR
50935 9.44235e-15 7.00174e-17 BessellR
50936 9.12675e-15 6.84286e-17 BessellR
50937 8.82061e-15 6.68353e-17 BessellR
50938 8.52376e-15 6.52505e-17 BessellR
50939 8.23603e-15 6.36866e-17 BessellR
50940 7.95722e-15 6.21551e-17 BessellR
50941 7.68716e-15 6.06659e-17 BessellR
50942 7.42563e-15 5.92279e-17 BessellR
50943 7.17244e-15 5.78483e-17 BessellR
50944 6.92738e-15 5.65331e-17 BessellR
50945 6.69025e-15 5.52867e-17 BessellR
50946 6.46082e-15 5.4112e-17 BessellR
50947 6.23891e-15 5.30108e-17 BessellR
50948 6.02429e-15 5.19834e-17 BessellR
50949 5.81678e-15 5.1029e-17 BessellR
50950 5.61615e-15 5.01456e-17 BessellR
50951 5.42221e-15 4.93305e-17 BessellR
50952 5.23476e-15 4.85802e-17 BessellR
50953 5.05361e-15 4.78904e-17 BessellR
50954 4.87856e-15 4.72566e-17 BessellR
50955 4.70943e-15 4.66739e-17 BessellR
50956 4.54604e-15 4.6137e-17 BessellR
50957 4.38819e-15 4.56408e-17 BessellR
50958 4.23572e-15 4.51803e-17 BessellR
50959 4.08846e-15 4.47503e-17 BessellR
50960 3.94623e-15 4.43462e-17 BessellR
50961 3.80887e-15 4.39633e-17 BessellR
50962 3.67623e-15 4.35975e-17 BessellR
50963 3.54815e-15 4.32448e-17 BessellR
50964 3.42448e-15 4.29018e-17 BessellR
50965 3.30507e-15 4.25653e-17 BessellR
50966 3.18979e-15 4.22324e-17 BessellR
50967 3.07848e-15 4.19007e-17 BessellR
50968 2.97103e-15 4.15679e-17 BessellR
50969 2.8673e-15 4.12324e-17 BessellR
50970 2.76716e-15 4.08925e-17 BessellR
50971 2.6705e-15 4.05469e-17 BessellR
50972 2.57719e-15 4.01946e-17 BessellR
50973 2.48713e-15 3.98348e-17 BessellR
50974 2.40019e-15 3.94669e-17 BessellR
50975 2.31628e-15 3.90905e-17 BessellR
50976 2.23529e-15 3.87054e-17 BessellR
50977 2.15712e-15 3.83113e-17 BessellR
50978 2.08167e-15 3.79082e-17 BessellR
50979 2.00885e-15 3.74964e-17 BessellR
50980 1.93857e-15 3.7076e-17 BessellR
50981 1.87074e-15 3.66472e-17 BessellR
50982 1.80528e-15 3.62105e-17 BessellR
50983 1.7421e-15 3.57662e-17 BessellR
50984 1.68113e-15 3.53147e-17 BessellR
50985 1.62229e-15 3.48566e-17 BessellR
50986 1.5655e-15 3.43923e-17 BessellR
50987 1.5107e-15 3.39224e-17 BessellR
50988 1.45781e-15 3.34474e-17 BessellR
50872.5 4.70662e-14 2.29855e-15 BessellV
50873.5 4.7151e-14 2.15116e-15 BessellV
50874.5 4.71971e-14 2.00565e-15 BessellV
50875.5 4.72034e-14 1.86255e-15 BessellV
50876.5 4.71688e-14 1.72243e-15 BessellV
50877.5 4.70922e-14 1.58581e-15 BessellV
50878.5 4.6973e-14 1.45324e-15 BessellV
50879.5 4.68104e-14 1.32522e-15 BessellV
50880.5 4.66042e-14 1.20226e-15 BessellV
50881.5 4.6354e-14 1.08483e-15 BessellV
50882.5 4.606e-14 9.7339e-16 BessellV
50883.5 4.57224e-14 8.68367e-16 BessellV
50884.5 4.53415e-14 7.70176e-16 BessellV
50885.5 4.49182e-14 6.79216e-16 BessellV
50886.5 4.44534e-14 5.9588e-16 BessellV
50887.5 4.39481e-14 5.20564e-16 BessellV
50888.5 4.34038e-14 4.53671e-16 BessellV
50889.5 4.2822e-14 3.95602e-16 BessellV
50890.5 4.22045e-14 3.46722e-16 BessellV
50891.5 4.15532e-14 3.07262e-16 BessellV
50892.5 4.08702e-14 2.77165e-16 BessellV
50893.5 4.01576e-14 2.55898e-16 BessellV
50894.5 3.94179e-14 2.42347e-16 BessellV
50895.5 3.86535e-14 2.34908e-16 BessellV
50896.5 3.78668e-14 2.31767e-16 BessellV
50897.5 3.70604e-14 2.31214e-16 BessellV
50898.5 3.6237e-14 2.31849e-16 BessellV
50899.5 3.53989e-14 2.32644e-16 BessellV
50900.5 3.45489e-14 2.32915e-16 BessellV
50901.5 3.36894e-14 2.3225e-16 BessellV
50902.5 3.2823e-14 2.30438e-16 BessellV
50903.5 3.19519e-14 2.27412e-16 BessellV
50904.5 3.10786e-14 2.23201e-16 BessellV
50905.5 3.02052e-14 2.17897e-16 BessellV
50906.5 2.93338e-14 2.1163e-16 BessellV
50907.5 2.84664e-14 2.04552e-16 BessellV
50908.5 2.76048e-14 1.96825e-16 BessellV
50909.5 2.67509e-14 1.8861e-16 BessellV
50910.5 2.59061e-14 1.80064e-16 BessellV
50911.5 2.50719e-14 1.71336e-16 BessellV
50912.5 2.42497e-14 1.62561e-16 BessellV
50913.5 2.34407e-14 1.53862e-16 BessellV
50914.5 2.26458e-14 1.45347e-16 BessellV
50915.5 2.18661e-14 1.37108e-16 BessellV
50916.5 2.11024e-14 1.29223e-16 BessellV
50917.5 2.03552e-14 1.21756e-16 BessellV
50918.5 1.96253e-14 1.14754e-16 BessellV
50919.5 1.89131e-14 1.08252e-16 BessellV
50920.5 1.82189e-14 1.0227e-16 BessellV
50921.5 1.75431e-14 9.68161e-17 BessellV
50922.5 1.68858e-14 9.18846e-17 BessellV
50923.5 1.62471e-14 8.74603e-17 BessellV
50924.5 1.56272e-14 8.3518e-17 BessellV
50925.5 1.50259e-14 8.00248e-17 BessellV
50926.5 1.44433e-14 7.69417e-17 BessellV
50927.5 1.38791e-14 7.42259e-17 BessellV
50928.5 1.33332e-14 7.18329e-17 BessellV
50929.5 1.28053e-14 6.9718e-17 BessellV
50930.5 1.22952e-14 6.78386e-17 BessellV
50931.5 1.18027e-14 6.61547e-17 BessellV
50932.5 1.13273e-14 6.46301e-17 BessellV
50933.5 1.08688e-14 6.3233e-17 BessellV
50934.5 1.04267e-14 6.1936e-17 BessellV
50935.5 1.00007e-14 6.0716e-17 BessellV
50936.5 9.59034e-15 5.95541e-17 BessellV
50937.5 9.1953e-15 5.84351e-17 BessellV
50938.5 8.81512e-15 5.73471e-17 BessellV
50939.5 8.44939e-15 5.6281e-17 BessellV
50940.5 8.09769e-15 5.523e-17 BessellV
50941.5 7.75959e-15 5.41895e-17 BessellV
50942.5 7.43467e-15 5.31562e-17 BessellV
50943.5 7.12251e-15 5.21282e-17 BessellV
50944.5 6.82269e-15 5.11046e-17 BessellV
50945.5 6.53481e-15 5.00852e-17 BessellV
50946.5 6.25846e-15 4.90703e-17 BessellV
50947.5 5.99324e-15 4.80606e-17 BessellV
50948.5 5.73875e-15 4.70569e-17 BessellV
50949.5 5.49461e-15 4.60605e-17 BessellV
50950.5 5.26046e-15 4.50723e-17 BessellV
50951.5 5.03591e-15 4.40934e-17 BessellV
50952.5 4.82062e-15 4.3125e-17 BessellV
50953.5 4.61424e-15 4.2168e-17 BessellV
50954.5 4.41643e-15 4.12233e-17 BessellV
50955.5 4.22685e-15 4.02916e-17 BessellV
50956.5 4.0452e-15 3.93736e-17 BessellV
50957.5 3.87115e-15 3.84699e-17 BessellV
50958.5 3.70443e-15 3.75808e-17 BessellV
50959.5 3.54472e-15 3.67066e-17 BessellV
50960.5 3.39176e-15 3.58477e-17 BessellV
50961.5 3.24527e-15 3.50041e-17 BessellV
50962.5 3.10499e-15 3.41759e-17 BessellV
50963.5 2.97068e-15 3.33632e-17 BessellV
50964.5 2.84208e-15 3.25658e-17 BessellV
50965.5 2.71897e-15 3.17836e-17 BessellV
50966.5 2.60111e-15 3.10165e-17 BessellV
50967.5 2.4883e-15 3.02644e-17 BessellV
50968.5 2.38032e-15 2.95269e-17 BessellV
50969.5 2.27697e-15 2.8804e-17 BessellV
50970.5 2.17806e-15 2.80954e-17 BessellV
50971.5 2.0834e-15 2.74008e-17 BessellV
50972.5 1.99282e-15 2.672e-17 BessellV
50973.5 1.90614e-15 2.60527e-17 BessellV
50974.5 1.8232e-15 2.53988e-17 BessellV
50975.5 1.74384e-15 2.47579e-17 BessellV
50976.5 1.66791e-15 2.41299e-17 BessellV
50977.5 1.59526e-15 2.35145e-17 BessellV
50978.5 1.52576e-15 2.29115e-17 BessellV
50979.5 1.45926e-15 2.23207e-17 BessellV
50980.5 1.39565e-15 2.17419e-17 BessellV
50981.5 1.3348e-15 2.11749e-17 BessellV
50982.5 1.27658e-15 2.06195e-17 BessellV
50983.5 1.2209e-15 2.00755e-17 BessellV
50984.5 1.16763e-15 1.95429e-17 BessellV
50985.5 1.11668e-15 1.90213e-17 BessellV
50986.5 1.06794e-15 1.85106e-17 BessellV
50987.5 1.02132e-15 1.80108e-17 BessellV
