52685.1 9.69921e-17 1.53374e-17 BessellB
52686.1 1.20643e-16 1.78564e-17 BessellB
52687.1 1.5005e-16 2.06929e-17 BessellB
52688.1 1.86602e-16 2.38518e-17 BessellB
52689.1 2.32012e-16 2.73215e-17 BessellB
52690.1 2.88385e-16 3.10665e-17 BessellB
52691.1 3.58304e-16 3.50169e-17 BessellB
52692.1 4.44912e-16 3.90565e-17 BessellB
52693.1 5.52006e-16 4.3008e-17 BessellB
52694.1 6.84125e-16 4.66184e-17 BessellB
52695.1 8.46619e-16 4.95458e-17 BessellB
52696.1 1.04566e-15 5.13574e-17 BessellB
52697.1 1.28816e-15 5.15512e-17 BessellB
52698.1 1.58156e-15 4.96336e-17 BessellB
52699.1 1.93331e-15 4.53276e-17 BessellB
52700.1 2.35009e-15 3.9113e-17 BessellB
52701.1 2.83655e-15 3.35955e-17 BessellB
52702.1 3.39364e-15 3.48663e-17 BessellB
52703.1 4.01659e-15 4.63951e-17 BessellB
52704.1 4.69308e-15 6.36148e-17 BessellB
52705.1 5.40203e-15 8.06072e-17 BessellB
52706.1 6.11401e-15 9.27182e-17 BessellB
52707.1 6.79376e-15 9.69283e-17 BessellB
52708.1 7.40477e-15 9.30476e-17 BessellB
52709.1 7.91486e-15 8.54859e-17 BessellB
52710.1 8.30117e-15 8.39331e-17 BessellB
52711.1 8.55303e-15 9.65686e-17 BessellB
52712.1 8.67198e-15 1.20347e-16 BessellB
52713.1 8.66945e-15 1.46967e-16 BessellB
52714.1 8.56324e-15 1.70484e-16 BessellB
52715.1 8.37393e-15 1.87977e-16 BessellB
52716.1 8.12197e-15 1.98557e-16 BessellB
52717.1 7.82585e-15 2.02549e-16 BessellB
52718.1 7.50123e-15 2.00906e-16 BessellB
52719.1 7.16063e-15 1.94821e-16 BessellB
52720.1 6.8137e-15 1.85489e-16 BessellB
52721.1 6.46758e-15 1.73977e-16 BessellB
52722.1 6.12739e-15 1.61178e-16 BessellB
52723.1 5.79665e-15 1.47797e-16 BessellB
52724.1 5.47768e-15 1.34376e-16 BessellB
52725.1 5.17187e-15 1.21313e-16 BessellB
52726.1 4.88e-15 1.08895e-16 BessellB
52727.1 4.60235e-15 9.73224e-17 BessellB
52728.1 4.3389e-15 8.67309e-17 BessellB
52729.1 4.08938e-15 7.72102e-17 BessellB
52730.1 3.8534e-15 6.88159e-17 BessellB
52731.1 3.63047e-15 6.15774e-17 BessellB
52732.1 3.42002e-15 5.55001e-17 BessellB
52733.1 3.22148e-15 5.05629e-17 BessellB
52734.1 3.03426e-15 4.67135e-17 BessellB
52735.1 2.85779e-15 4.38633e-17 BessellB
52736.1 2.69148e-15 4.18883e-17 BessellB
52737.1 2.53478e-15 4.0639e-17 BessellB
52738.1 2.38716e-15 3.9955e-17 BessellB
52739.1 2.24811e-15 3.96824e-17 BessellB
52740.1 2.11713e-15 3.96858e-17 BessellB
52741.1 1.99378e-15 3.98542e-17 BessellB
52742.1 1.8776e-15 4.01021e-17 BessellB
52743.1 1.7682e-15 4.03667e-17 BessellB
52744.1 1.66516e-15 4.06038e-17 BessellB
52745.1 1.56814e-15 4.0784e-17 BessellB
52746.1 1.47677e-15 4.08889e-17 BessellB
52747.1 1.39072e-15 4.09081e-17 BessellB
52748.1 1.30969e-15 4.08372e-17 BessellB
52749.1 1.23339e-15 4.06757e-17 BessellB
52750.1 1.16154e-15 4.04263e-17 BessellB
52751.1 1.09388e-15 4.00932e-17 BessellB
52752.1 1.03016e-15 3.9682e-17 BessellB
52753.1 9.70156e-16 3.91991e-17 BessellB
52754.1 9.13652e-16 3.86511e-17 BessellB
52755.1 8.60442e-16 3.80448e-17 BessellB
52756.1 8.10335e-16 3.73869e-17 BessellB
52757.1 7.63148e-16 3.6684e-17 BessellB
52758.1 7.18712e-16 3.59421e-17 BessellB
52759.1 6.76867e-16 3.51674e-17 BessellB
52760.1 6.3746e-16 3.43651e-17 BessellB
52761.1 6.0035e-16 3.35406e-17 BessellB
52762.1 5.65403e-16 3.26986e-17 BessellB
52763.1 5.32493e-16 3.18434e-17 BessellB
52764.1 5.015e-16 3.09791e-17 BessellB
52765.1 4.72313e-16 3.01093e-17 BessellB
52766.1 4.44826e-16 2.92373e-17 BessellB
52767.1 4.18941e-16 2.83661e-17 BessellB
52768.1 3.94564e-16 2.74985e-17 BessellB
52769.1 3.71607e-16 2.66367e-17 BessellB
52770.1 3.49987e-16 2.57829e-17 BessellB
52771.1 3.29626e-16 2.4939e-17 BessellB
52772.1 3.10451e-16 2.41067e-17 BessellB
52773.1 2.92393e-16 2.32873e-17 BessellB
52774.1 2.75386e-16 2.24821e-17 BessellB
52775.1 2.59369e-16 2.16923e-17 BessellB
52776.1 2.44285e-16 2.09186e-17 BessellB
52777.1 2.3008e-16 2.01619e-17 BessellB
52778.1 2.16701e-16 1.94227e-17 BessellB
52779.1 2.04101e-16 1.87015e-17 BessellB
52780.1 1.92234e-16 1.79988e-17 BessellB
52781.1 1.81058e-16 1.73147e-17 BessellB
52782.1 1.70533e-16 1.66495e-17 BessellB
52783.1 1.6062e-16 1.60034e-17 BessellB
52784.1 1.51284e-16 1.53762e-17 BessellB
52785.1 1.42491e-16 1.47679e-17 BessellB
52786.1 1.3421e-16 1.41786e-17 BessellB
52787.1 1.26411e-16 1.3608e-17 BessellB
52788.1 1.19065e-16 1.30559e-17 BessellB
52789.1 1.12147e-16 1.25221e-17 BessellB
52790.1 1.05631e-16 1.20063e-17 BessellB
52791.1 9.94939e-17 1.15083e-17 BessellB
52792.1 9.37139e-17 1.10277e-17 BessellB
52793.1 8.82701e-17 1.05641e-17 BessellB
52794.1 8.31428e-17 1.01173e-17 BessellB
52795.1 7.83137e-17 9.68676e-18 BessellB
52796.1 7.37654e-17 9.27216e-18 BessellB
52797.1 6.94815e-17 8.87309e-18 BessellB
52798.1 6.54467e-17 8.48914e-18 BessellB
52799.1 6.16464e-17 8.11991e-18 BessellB
52800.1 5.80671e-17 7.76497e-18 BessellB
52801.1 5.46957e-17 7.42391e-18 BessellB
52802.1 5.15204e-17 7.09631e-18 BessellB
52803.1 4.85296e-17 6.78176e-18 BessellB
52804.1 4.57125e-17 6.47985e-18 BessellB
52805.1 4.30592e-17 6.19016e-18 BessellB
52806.1 4.05601e-17 5.9123e-18 BessellB
52807.1 3.82062e-17 5.64587e-18 BessellB
52808.1 3.5989e-17 5.39047e-18 BessellB
52809.1 3.39006e-17 5.14573e-18 BessellB
52810.1 3.19336e-17 4.91126e-18 BessellB
52811.1 3.00808e-17 4.6867e-18 BessellB
52812.1 2.83356e-17 4.47168e-18 BessellB
52813.1 2.66918e-17 4.26586e-18 BessellB
52814.1 2.51434e-17 4.06888e-18 BessellB
52815.1 2.3685e-17 3.88042e-18 BessellB
52816.1 2.23112e-17 3.70015e-18 BessellB
52817.1 2.10172e-17 3.52776e-18 BessellB
52818.1 1.97984e-17 3.36293e-18 BessellB
52819.1 1.86503e-17 3.20536e-18 BessellB
52820.1 1.75688e-17 3.05478e-18 BessellB
52821.1 1.65501e-17 2.9109e-18 BessellB
52822.1 1.55906e-17 2.77344e-18 BessellB
52823.1 1.46867e-17 2.64215e-18 BessellB
52824.1 1.38353e-17 2.51677e-18 BessellB
52825.1 1.30333e-17 2.39707e-18 BessellB
52826.1 1.22779e-17 2.28279e-18 BessellB
52827.1 1.15663e-17 2.17372e-18 BessellB
52828.1 1.0896e-17 2.06963e-18 BessellB
52829.1 1.02645e-17 1.97031e-18 BessellB
52830.1 9.66971e-18 1.87557e-18 BessellB
52831.1 9.10941e-18 1.78519e-18 BessellB
52832.1 8.58161e-18 1.69901e-18 BessellB
52833.1 8.08443e-18 1.61682e-18 BessellB
52834.1 7.61608e-18 1.53846e-18 BessellB
52835.1 7.17489e-18 1.46376e-18 BessellB
52836.1 6.75929e-18 1.39256e-18 BessellB
52837.1 6.36778e-18 1.3247e-18 BessellB
52838.1 5.99898e-18 1.26004e-18 BessellB
52839.1 5.65156e-18 1.19843e-18 BessellB
52840.1 5.32428e-18 1.13974e-18 BessellB
52841.1 5.01597e-18 1.08383e-18 BessellB
52842.1 4.72553e-18 1.03058e-18 BessellB
52843.1 4.45193e-18 9.79863e-19 BessellB
52844.1 4.19419e-18 9.31572e-19 BessellB
52845.1 3.95139e-18 8.85592e-19 BessellB
52846.1 3.72265e-18 8.41819e-19 BessellB
52847.1 3.50717e-18 8.00149e-19 BessellB
52848.1 3.30418e-18 7.60487e-19 BessellB
52849.1 3.11295e-18 7.2274e-19 BessellB
52850.1 2.9328e-18 6.86818e-19 BessellB
52851.1 2.76308e-18 6.52636e-19 BessellB
52852.1 2.6032e-18 6.20114e-19 BessellB
52853.1 2.45258e-18 5.89173e-19 BessellB
52854.1 2.31068e-18 5.5974e-19 BessellB
52855.1 2.177e-18 5.31743e-19 BessellB
52856.1 2.05106e-18 5.05115e-19 BessellB
52857.1 1.93242e-18 4.7979e-19 BessellB
52858.1 1.82064e-18 4.55708e-19 BessellB
52859.1 1.71534e-18 4.32808e-19 BessellB
52860.1 1.61613e-18 4.11036e-19 BessellB
52861.1 1.52267e-18 3.90336e-19 BessellB
52862.1 1.43462e-18 3.70657e-19 BessellB
52863.1 1.35167e-18 3.51951e-19 BessellB
52864.1 1.27351e-18 3.34171e-19 BessellB
52865.1 1.19989e-18 3.17272e-19 BessellB
52695 2.78303e-15 4.11401e-18 BessellI
52696 2.78213e-15 3.94256e-18 BessellI
52697 2.7807e-15 3.77453e-18 BessellI
52698 2.77872e-15 3.61006e-18 BessellI
52699 2.7762e-15 3.4493e-18 BessellI
52700 2.77314e-15 3.29239e-18 BessellI
52701 2.76954e-15 3.13947e-18 BessellI
52702 2.7654e-15 2.99065e-18 BessellI
52703 2.76072e-15 2.84608e-18 BessellI
52704 2.75549e-15 2.70586e-18 BessellI
52705 2.74973e-15 2.57011e-18 BessellI
52706 2.74342e-15 2.43894e-18 BessellI
52707 2.73659e-15 2.31245e-18 BessellI
52708 2.72922e-15 2.19074e-18 BessellI
52709 2.72133e-15 2.0739e-18 BessellI
52710 2.71292e-15 1.96201e-18 BessellI
52711 2.70398e-15 1.85514e-18 BessellI
52712 2.69454e-15 1.75338e-18 BessellI
52713 2.68459e-15 1.65679e-18 BessellI
52714 2.67414e-15 1.5654e-18 BessellI
52715 2.6632e-15 1.47928e-18 BessellI
52716 2.65177e-15 1.39843e-18 BessellI
52717 2.63986e-15 1.32289e-18 BessellI
52718 2.62749e-15 1.25263e-18 BessellI
52719 2.61465e-15 1.18763e-18 BessellI
52720 2.60136e-15 1.12782e-18 BessellI
52721 2.58763e-15 1.07314e-18 BessellI
52722 2.57347e-15 1.02345e-18 BessellI
52723 2.55888e-15 9.7859e-19 BessellI
52724 2.54388e-15 9.38377e-19 BessellI
52725 2.52848e-15 9.02572e-19 BessellI
52726 2.5127e-15 8.70907e-19 BessellI
52727 2.49653e-15 8.43083e-19 BessellI
52728 2.48e-15 8.18774e-19 BessellI
52729 2.46311e-15 7.97638e-19 BessellI
52730 2.44588e-15 7.79327e-19 BessellI
52731 2.42832e-15 7.63493e-19 BessellI
52732 2.41044e-15 7.49799e-19 BessellI
52733 2.39226e-15 7.37927e-19 BessellI
52734 2.37378e-15 7.27583e-19 BessellI
52735 2.35502e-15 7.18501e-19 BessellI
52736 2.336e-15 7.10451e-19 BessellI
52737 2.31672e-15 7.03232e-19 BessellI
52738 2.29721e-15 6.9668e-19 BessellI
52739 2.27746e-15 6.90664e-19 BessellI
52740 2.2575e-15 6.85081e-19 BessellI
52741 2.23733e-15 6.79862e-19 BessellI
52742 2.21698e-15 6.74959e-19 BessellI
52743 2.19645e-15 6.70353e-19 BessellI
52744 2.17575e-15 6.66041e-19 BessellI
52745 2.15491e-15 6.6204e-19 BessellI
52746 2.13392e-15 6.58382e-19 BessellI
52747 2.11281e-15 6.55112e-19 BessellI
52748 2.09159e-15 6.52281e-19 BessellI
52749 2.07026e-15 6.49949e-19 BessellI
52750 2.04884e-15 6.48177e-19 BessellI
52751 2.02735e-15 6.47031e-19 BessellI
52752 2.00578e-15 6.46571e-19 BessellI
52753 1.98416e-15 6.46856e-19 BessellI
52754 1.9625e-15 6.47937e-19 BessellI
52755 1.9408e-15 6.49859e-19 BessellI
52756 1.91908e-15 6.52657e-19 BessellI
52757 1.89735e-15 6.56356e-19 BessellI
52758 1.87561e-15 6.60968e-19 BessellI
52759 1.85388e-15 6.66498e-19 BessellI
52760 1.83216e-15 6.72936e-19 BessellI
52761 1.81048e-15 6.80262e-19 BessellI
52762 1.78882e-15 6.88447e-19 BessellI
52763 1.76721e-15 6.97454e-19 BessellI
52764 1.74565e-15 7.07236e-19 BessellI
52765 1.72416e-15 7.1774e-19 BessellI
52766 1.70273e-15 7.28909e-19 BessellI
52767 1.68137e-15 7.40682e-19 BessellI
52768 1.6601e-15 7.52995e-19 BessellI
52769 1.63892e-15 7.65781e-19 BessellI
52770 1.61784e-15 7.78976e-19 BessellI
52771 1.59686e-15 7.92513e-19 BessellI
52772 1.57599e-15 8.06327e-19 BessellI
52773 1.55524e-15 8.20357e-19 BessellI
52774 1.53461e-15 8.3454e-19 BessellI
52775 1.5141e-15 8.4882e-19 BessellI
52776 1.49373e-15 8.63141e-19 BessellI
52777 1.4735e-15 8.7745e-19 BessellI
52778 1.4534e-15 8.91699e-19 BessellI
52779 1.43346e-15 9.05842e-19 BessellI
52780 1.41366e-15 9.19837e-19 BessellI
52781 1.39402e-15 9.33643e-19 BessellI
52782 1.37453e-15 9.47226e-19 BessellI
52783 1.35521e-15 9.60551e-19 BessellI
52784 1.33605e-15 9.73588e-19 BessellI
52785 1.31706e-15 9.8631e-19 BessellI
52786 1.29824e-15 9.98693e-19 BessellI
52787 1.27959e-15 1.01072e-18 BessellI
52788 1.26112e-15 1.02236e-18 BessellI
52789 1.24283e-15 1.0336e-18 BessellI
52790 1.22472e-15 1.04443e-18 BessellI
52791 1.20678e-15 1.05483e-18 BessellI
52792 1.18903e-15 1.0648e-18 BessellI
52793 1.17147e-15 1.07432e-18 BessellI
52794 1.15409e-15 1.08338e-18 BessellI
52795 1.1369e-15 1.09199e-18 BessellI
52796 1.1199e-15 1.10014e-18 BessellI
52797 1.10308e-15 1.10782e-18 BessellI
52798 1.08646e-15 1.11503e-18 BessellI
52799 1.07002e-15 1.12177e-18 BessellI
52800 1.05378e-15 1.12804e-18 BessellI
52801 1.03772e-15 1.13385e-18 BessellI
52802 1.02186e-15 1.1392e-18 BessellI
52803 1.00619e-15 1.14408e-18 BessellI
52804 9.90705e-16 1.14852e-18 BessellI
52805 9.75414e-16 1.1525e-18 BessellI
52806 9.60313e-16 1.15603e-18 BessellI
52807 9.45401e-16 1.15913e-18 BessellI
52808 9.30679e-16 1.1618e-18 BessellI
52809 9.16146e-16 1.16404e-18 BessellI
52810 9.01801e-16 1.16586e-18 BessellI
52811 8.87643e-16 1.16728e-18 BessellI
52812 8.73671e-16 1.16829e-18 BessellI
52813 8.59885e-16 1.16892e-18 BessellI
52814 8.46283e-16 1.16916e-18 BessellI
52815 8.32865e-16 1.16903e-18 BessellI
52816 8.19629e-16 1.16853e-18 BessellI
52817 8.06574e-16 1.16768e-18 BessellI
52818 7.937e-16 1.16648e-18 BessellI
52819 7.81004e-16 1.16495e-18 BessellI
52820 7.68485e-16 1.16309e-18 BessellI
52821 7.56142e-16 1.16091e-18 BessellI
52822 7.43974e-16 1.15843e-18 BessellI
52823 7.3198e-16 1.15565e-18 BessellI
52824 7.20156e-16 1.15258e-18 BessellI
52825 7.08503e-16 1.14923e-18 BessellI
52826 6.97019e-16 1.14562e-18 BessellI
52827 6.85702e-16 1.14174e-18 BessellI
52828 6.7455e-16 1.13762e-18 BessellI
52829 6.63562e-16 1.13326e-18 BessellI
52830 6.52736e-16 1.12866e-18 BessellI
52831 6.4207e-16 1.12384e-18 BessellI
52832 6.31564e-16 1.11881e-18 BessellI
52833 6.21215e-16 1.11358e-18 BessellI
52834 6.11021e-16 1.10815e-18 BessellI
52835 6.0098e-16 1.10253e-18 BessellI
52836 5.91092e-16 1.09673e-18 BessellI
52837 5.81354e-16 1.09076e-18 BessellI
52838 5.71765e-16 1.08463e-18 BessellI
52839 5.62322e-16 1.07834e-18 BessellI
52840 5.53025e-16 1.07191e-18 BessellI
52841 5.43871e-16 1.06534e-18 BessellI
52842 5.34858e-16 1.05863e-18 BessellI
52843 5.25985e-16 1.0518e-18 BessellI
52844 5.1725e-16 1.04485e-18 BessellI
52845 5.08652e-16 1.03779e-18 BessellI
52846 5.00188e-16 1.03062e-18 BessellI
52847 4.91856e-16 1.02336e-18 BessellI
52848 4.83656e-16 1.016e-18 BessellI
52849 4.75586e-16 1.00855e-18 BessellI
52850 4.67643e-16 1.00103e-18 BessellI
52851 4.59825e-16 9.9343e-19 BessellI
52852 4.52132e-16 9.85762e-19 BessellI
52853 4.44562e-16 9.7803e-19 BessellI
52854 4.37113e-16 9.7024e-19 BessellI
52855 4.29782e-16 9.62397e-19 BessellI
52856 4.2257e-16 9.54505e-19 BessellI
52857 4.15473e-16 9.4657e-19 BessellI
52858 4.0849e-16 9.38596e-19 BessellI
52859 4.0162e-16 9.30587e-19 BessellI
52860 3.94861e-16 9.22548e-19 BessellI
52861 3.88212e-16 9.14483e-19 BessellI
52862 3.8167e-16 9.06397e-19 BessellI
52863 3.75235e-16 8.98292e-19 BessellI
52864 3.68904e-16 8.90172e-19 BessellI
52865 3.62677e-16 8.82042e-19 BessellI
52866 3.56551e-16 8.73905e-19 BessellI
52867 3.50525e-16 8.65764e-19 BessellI
52868 3.44598e-16 8.57622e-19 BessellI
52869 3.38768e-16 8.49483e-19 BessellI
52870 3.33034e-16 8.41349e-19 BessellI
52871 3.27395e-16 8.33223e-19 BessellI
52872 3.21848e-16 8.25108e-19 BessellI
52873 3.16392e-16 8.17007e-19 BessellI
52874 3.11027e-16 8.08922e-19 BessellI
52875 3.0575e-16 8.00856e-19 BessellI
52876 3.00561e-16 7.92811e-19 BessellI
52877 2.95458e-16 7.84788e-19 BessellI
52878 2.90439e-16 7.76791e-19 BessellI
52879 2.85504e-16 7.68822e-19 BessellI
52880 2.8065e-16 7.60881e-19 BessellI
52881 2.75878e-16 7.52972e-19 BessellI
52882 2.71184e-16 7.45096e-19 BessellI
52883 2.6657e-16 7.37254e-19 BessellI
52884 2.62032e-16 7.29448e-19 BessellI
52885 2.57569e-16 7.2168e-19 BessellI
52886 2.53182e-16 7.13951e-19 BessellI
52887 2.48868e-16 7.06262e-19 BessellI
52888 2.44626e-16 6.98616e-19 BessellI
52889 2.40455e-16 6.91012e-19 BessellI
52890 2.36354e-16 6.83453e-19 BessellI
52891 2.32322e-16 6.75939e-19 BessellI
52892 2.28357e-16 6.68471e-19 BessellI
52893 2.2446e-16 6.6105e-19 BessellI
52894 2.20627e-16 6.53678e-19 BessellI
52895 2.1686e-16 6.46355e-19 BessellI
52896 2.13155e-16 6.39082e-19 BessellI
52897 2.09514e-16 6.31859e-19 BessellI
52898 2.05933e-16 6.24688e-19 BessellI
52899 2.02413e-16 6.17569e-19 BessellI
52900 1.98952e-16 6.10503e-19 BessellI
52901 1.9555e-16 6.0349e-19 BessellI
52902 1.92206e-16 5.9653e-19 BessellI
52903 1.88918e-16 5.89625e-19 BessellI
52904 1.85685e-16 5.82775e-19 BessellI
52905 1.82507e-16 5.75979e-19 BessellI
52906 1.79383e-16 5.69239e-19 BessellI
52907 1.76312e-16 5.62555e-19 BessellI
52908 1.73293e-16 5.55927e-19 BessellI
52909 1.70326e-16 5.49355e-19 BessellI
52910 1.67408e-16 5.42839e-19 BessellI
52911 1.6454e-16 5.3638e-19 BessellI
52912 1.61721e-16 5.29979e-19 BessellI
52913 1.5895e-16 5.23634e-19 BessellI
52914 1.56225e-16 5.17346e-19 BessellI
52915 1.53548e-16 5.11115e-19 BessellI
52916 1.50915e-16 5.04942e-19 BessellI
52917 1.48328e-16 4.98826e-19 BessellI
52918 1.45784e-16 4.92767e-19 BessellI
52919 1.43284e-16 4.86765e-19 BessellI
52920 1.40826e-16 4.80821e-19 BessellI
52921 1.3841e-16 4.74934e-19 BessellI
52922 1.36036e-16 4.69103e-19 BessellI
52923 1.33702e-16 4.6333e-19 BessellI
52924 1.31407e-16 4.57614e-19 BessellI
52925 1.29152e-16 4.51954e-19 BessellI
52685.7 1.1264e-16 1.06056e-16 BessellR
52686.7 1.34812e-16 1.21085e-16 BessellR
52687.7 1.61518e-16 1.37943e-16 BessellR
52688.7 1.93712e-16 1.56715e-16 BessellR
52689.7 2.32551e-16 1.77422e-16 BessellR
52690.7 2.7943e-16 1.99981e-16 BessellR
52691.7 3.36037e-16 2.24136e-16 BessellR
52692.7 4.04399e-16 2.49379e-16 BessellR
52693.7 4.86951e-16 2.74803e-16 BessellR
52694.7 5.86602e-16 2.98897e-16 BessellR
52695.7 7.06827e-16 3.19187e-16 BessellR
52696.7 8.51783e-16 3.31587e-16 BessellR
52697.7 1.02651e-15 3.29063e-16 BessellR
52698.7 1.23724e-15 2.98808e-16 BessellR
52699.7 1.49175e-15 2.16162e-16 BessellR
52700.7 1.8001e-15 2.53426e-18 BessellR
52701.7 2.1287e-15 2.69465e-16 BessellR
52702.7 2.41711e-15 3.92466e-16 BessellR
52703.7 2.66098e-15 4.4613e-16 BessellR
52704.7 2.86275e-15 4.5808e-16 BessellR
52705.7 3.02671e-15 4.45733e-16 BessellR
52706.7 3.15733e-15 4.19564e-16 BessellR
52707.7 3.25896e-15 3.86022e-16 BessellR
52708.7 3.3357e-15 3.49245e-16 BessellR
52709.7 3.39132e-15 3.11917e-16 BessellR
52710.7 3.4292e-15 2.75751e-16 BessellR
52711.7 3.45229e-15 2.41781e-16 BessellR
52712.7 3.46317e-15 2.10573e-16 BessellR
52713.7 3.46401e-15 1.82374e-16 BessellR
52714.7 3.45668e-15 1.57216e-16 BessellR
52715.7 3.4427e-15 1.34992e-16 BessellR
52716.7 3.42338e-15 1.15518e-16 BessellR
52717.7 3.39976e-15 9.8564e-17 BessellR
52718.7 3.37274e-15 8.3882e-17 BessellR
52719.7 3.34303e-15 7.12241e-17 BessellR
52720.7 3.31121e-15 6.03525e-17 BessellR
52721.7 3.27778e-15 5.10455e-17 BessellR
52722.7 3.24311e-15 4.31011e-17 BessellR
52723.7 3.20754e-15 3.63379e-17 BessellR
52724.7 3.17132e-15 3.05953e-17 BessellR
52725.7 3.13466e-15 2.57323e-17 BessellR
52726.7 3.09773e-15 2.16264e-17 BessellR
52727.7 3.06067e-15 1.81717e-17 BessellR
52728.7 3.0236e-15 1.52773e-17 BessellR
52729.7 2.98659e-15 1.28656e-17 BessellR
52730.7 2.94972e-15 1.08707e-17 BessellR
52731.7 2.91306e-15 9.23638e-18 BessellR
52732.7 2.87664e-15 7.91447e-18 BessellR
52733.7 2.84051e-15 6.86282e-18 BessellR
52734.7 2.80469e-15 6.04333e-18 BessellR
52735.7 2.76921e-15 5.42026e-18 BessellR
52736.7 2.73408e-15 4.95926e-18 BessellR
52737.7 2.69932e-15 4.62747e-18 BessellR
52738.7 2.66493e-15 4.39458e-18 BessellR
52739.7 2.63093e-15 4.23412e-18 BessellR
52740.7 2.59732e-15 4.1244e-18 BessellR
52741.7 2.5641e-15 4.04864e-18 BessellR
52742.7 2.53128e-15 3.99454e-18 BessellR
52743.7 2.49885e-15 3.95345e-18 BessellR
52744.7 2.46682e-15 3.91958e-18 BessellR
52745.7 2.43518e-15 3.88916e-18 BessellR
52746.7 2.40393e-15 3.85987e-18 BessellR
52747.7 2.37307e-15 3.83038e-18 BessellR
52748.7 2.3426e-15 3.80001e-18 BessellR
52749.7 2.31251e-15 3.7685e-18 BessellR
52750.7 2.2828e-15 3.73584e-18 BessellR
52751.7 2.25347e-15 3.70219e-18 BessellR
52752.7 2.22451e-15 3.66778e-18 BessellR
52753.7 2.19591e-15 3.63289e-18 BessellR
52754.7 2.16769e-15 3.59779e-18 BessellR
52755.7 2.13982e-15 3.56275e-18 BessellR
52756.7 2.1123e-15 3.528e-18 BessellR
52757.7 2.08514e-15 3.49377e-18 BessellR
52758.7 2.05833e-15 3.46023e-18 BessellR
52759.7 2.03186e-15 3.42755e-18 BessellR
52760.7 2.00573e-15 3.39585e-18 BessellR
52761.7 1.97994e-15 3.36523e-18 BessellR
52762.7 1.95447e-15 3.33577e-18 BessellR
52763.7 1.92933e-15 3.30753e-18 BessellR
52764.7 1.90452e-15 3.28053e-18 BessellR
52765.7 1.88002e-15 3.25481e-18 BessellR
52766.7 1.85584e-15 3.23037e-18 BessellR
52767.7 1.83197e-15 3.20719e-18 BessellR
52768.7 1.80841e-15 3.18527e-18 BessellR
52769.7 1.78515e-15 3.16459e-18 BessellR
52770.7 1.76219e-15 3.14509e-18 BessellR
52771.7 1.73952e-15 3.12676e-18 BessellR
52772.7 1.71714e-15 3.10955e-18 BessellR
52773.7 1.69506e-15 3.09341e-18 BessellR
52774.7 1.67325e-15 3.07829e-18 BessellR
52775.7 1.65173e-15 3.06415e-18 BessellR
52776.7 1.63048e-15 3.05093e-18 BessellR
52777.7 1.60951e-15 3.03858e-18 BessellR
52778.7 1.58881e-15 3.02704e-18 BessellR
52779.7 1.56837e-15 3.01628e-18 BessellR
52780.7 1.5482e-15 3.00623e-18 BessellR
52781.7 1.52828e-15 2.99685e-18 BessellR
52782.7 1.50862e-15 2.98808e-18 BessellR
52783.7 1.48922e-15 2.97988e-18 BessellR
52784.7 1.47006e-15 2.97221e-18 BessellR
52785.7 1.45115e-15 2.96502e-18 BessellR
52786.7 1.43248e-15 2.95826e-18 BessellR
52787.7 1.41406e-15 2.95189e-18 BessellR
52788.7 1.39587e-15 2.94589e-18 BessellR
52789.7 1.37791e-15 2.9402e-18 BessellR
52790.7 1.36019e-15 2.93479e-18 BessellR
52791.7 1.34269e-15 2.92964e-18 BessellR
52792.7 1.32542e-15 2.9247e-18 BessellR
52793.7 1.30837e-15 2.91995e-18 BessellR
52794.7 1.29154e-15 2.91536e-18 BessellR
52795.7 1.27493e-15 2.9109e-18 BessellR
52796.7 1.25853e-15 2.90654e-18 BessellR
52797.7 1.24234e-15 2.90227e-18 BessellR
52798.7 1.22636e-15 2.89807e-18 BessellR
52799.7 1.21058e-15 2.8939e-18 BessellR
52800.7 1.19501e-15 2.88975e-18 BessellR
52801.7 1.17964e-15 2.88561e-18 BessellR
52802.7 1.16447e-15 2.88145e-18 BessellR
52803.7 1.14949e-15 2.87726e-18 BessellR
52804.7 1.1347e-15 2.87303e-18 BessellR
52805.7 1.1201e-15 2.86874e-18 BessellR
52806.7 1.1057e-15 2.86439e-18 BessellR
52807.7 1.09147e-15 2.85995e-18 BessellR
52808.7 1.07743e-15 2.85543e-18 BessellR
52809.7 1.06357e-15 2.8508e-18 BessellR
52810.7 1.04989e-15 2.84607e-18 BessellR
52811.7 1.03639e-15 2.84122e-18 BessellR
52812.7 1.02306e-15 2.83625e-18 BessellR
52813.7 1.0099e-15 2.83116e-18 BessellR
52814.7 9.96907e-16 2.82592e-18 BessellR
52815.7 9.84083e-16 2.82055e-18 BessellR
52816.7 9.71425e-16 2.81504e-18 BessellR
52817.7 9.58929e-16 2.80937e-18 BessellR
52818.7 9.46594e-16 2.80356e-18 BessellR
52819.7 9.34418e-16 2.79759e-18 BessellR
52820.7 9.22398e-16 2.79147e-18 BessellR
52821.7 9.10533e-16 2.7852e-18 BessellR
52822.7 8.98821e-16 2.77876e-18 BessellR
52823.7 8.87259e-16 2.77216e-18 BessellR
52824.7 8.75846e-16 2.7654e-18 BessellR
52825.7 8.6458e-16 2.75848e-18 BessellR
52826.7 8.53458e-16 2.7514e-18 BessellR
52827.7 8.4248e-16 2.74416e-18 BessellR
52828.7 8.31643e-16 2.73676e-18 BessellR
52829.7 8.20945e-16 2.7292e-18 BessellR
52830.7 8.10385e-16 2.72148e-18 BessellR
52831.7 7.99961e-16 2.71361e-18 BessellR
52832.7 7.89671e-16 2.70557e-18 BessellR
52833.7 7.79513e-16 2.69738e-18 BessellR
52834.7 7.69486e-16 2.68904e-18 BessellR
52835.7 7.59588e-16 2.68055e-18 BessellR
52836.7 7.49817e-16 2.67191e-18 BessellR
52837.7 7.40172e-16 2.66312e-18 BessellR
52838.7 7.30651e-16 2.65418e-18 BessellR
52839.7 7.21253e-16 2.6451e-18 BessellR
52840.7 7.11975e-16 2.63588e-18 BessellR
52841.7 7.02817e-16 2.62653e-18 BessellR
52842.7 6.93776e-16 2.61704e-18 BessellR
52843.7 6.84852e-16 2.60741e-18 BessellR
52844.7 6.76043e-16 2.59766e-18 BessellR
52845.7 6.67347e-16 2.58777e-18 BessellR
52846.7 6.58763e-16 2.57777e-18 BessellR
52847.7 6.50289e-16 2.56764e-18 BessellR
52848.7 6.41924e-16 2.55739e-18 BessellR
52849.7 6.33667e-16 2.54703e-18 BessellR
52850.7 6.25516e-16 2.53655e-18 BessellR
52851.7 6.1747e-16 2.52596e-18 BessellR
52852.7 6.09527e-16 2.51527e-18 BessellR
52853.7 6.01686e-16 2.50447e-18 BessellR
52854.7 5.93947e-16 2.49357e-18 BessellR
52855.7 5.86307e-16 2.48257e-18 BessellR
52856.7 5.78765e-16 2.47148e-18 BessellR
52857.7 5.7132e-16 2.46029e-18 BessellR
52858.7 5.63971e-16 2.44902e-18 BessellR
52859.7 5.56717e-16 2.43766e-18 BessellR
52860.7 5.49556e-16 2.42621e-18 BessellR
52861.7 5.42487e-16 2.41469e-18 BessellR
52862.7 5.35508e-16 2.40309e-18 BessellR
52863.7 5.2862e-16 2.39141e-18 BessellR
52864.7 5.2182e-16 2.37966e-18 BessellR
52865.7 5.15108e-16 2.36784e-18 BessellR
52866.7 5.08482e-16 2.35596e-18 BessellR
52867.7 5.01941e-16 2.34401e-18 BessellR
52868.7 4.95485e-16 2.33201e-18 BessellR
52869.7 4.89111e-16 2.31994e-18 BessellR
52870.7 4.8282e-16 2.30782e-18 BessellR
52871.7 4.76609e-16 2.29565e-18 BessellR
52872.7 4.70479e-16 2.28343e-18 BessellR
52873.7 4.64427e-16 2.27116e-18 BessellR
52874.7 4.58453e-16 2.25884e-18 BessellR
52875.7 4.52556e-16 2.24649e-18 BessellR
52876.7 4.46734e-16 2.23409e-18 BessellR
52877.7 4.40988e-16 2.22166e-18 BessellR
52878.7 4.35315e-16 2.20919e-18 BessellR
52879.7 4.29716e-16 2.19669e-18 BessellR
52880.7 4.24188e-16 2.18417e-18 BessellR
52881.7 4.18732e-16 2.17161e-18 BessellR
52882.7 4.13346e-16 2.15903e-18 BessellR
52883.7 4.08029e-16 2.14643e-18 BessellR
52884.7 4.0278e-16 2.1338e-18 BessellR
52885.7 3.97599e-16 2.12116e-18 BessellR
52886.7 3.92485e-16 2.1085e-18 BessellR
52887.7 3.87436e-16 2.09583e-18 BessellR
52888.7 3.82453e-16 2.08315e-18 BessellR
52889.7 3.77533e-16 2.07045e-18 BessellR
52890.7 3.72677e-16 2.05775e-18 BessellR
52891.7 3.67883e-16 2.04504e-18 BessellR
52892.7 3.63151e-16 2.03233e-18 BessellR
52893.7 3.5848e-16 2.01962e-18 BessellR
52894.7 3.53868e-16 2.0069e-18 BessellR
52895.7 3.49317e-16 1.99419e-18 BessellR
52896.7 3.44823e-16 1.98148e-18 BessellR
52897.7 3.40388e-16 1.96878e-18 BessellR
52898.7 3.36009e-16 1.95608e-18 BessellR
52899.7 3.31687e-16 1.94339e-18 BessellR
52900.7 3.27421e-16 1.93071e-18 BessellR
52901.7 3.23209e-16 1.91804e-18 BessellR
52902.7 3.19051e-16 1.90539e-18 BessellR
52903.7 3.14947e-16 1.89275e-18 BessellR
52904.7 3.10896e-16 1.88013e-18 BessellR
52905.7 3.06897e-16 1.86752e-18 BessellR
52906.7 3.02949e-16 1.85494e-18 BessellR
52907.7 2.99053e-16 1.84237e-18 BessellR
52908.7 2.95206e-16 1.82983e-18 BessellR
52909.7 2.91409e-16 1.81731e-18 BessellR
52910.7 2.8766e-16 1.80482e-18 BessellR
52911.7 2.8396e-16 1.79235e-18 BessellR
52912.7 2.80307e-16 1.77991e-18 BessellR
52913.7 2.76702e-16 1.76749e-18 BessellR
52914.7 2.73142e-16 1.75511e-18 BessellR
52915.7 2.69629e-16 1.74276e-18 BessellR
52916.7 2.66161e-16 1.73044e-18 BessellR
52917.7 2.62737e-16 1.71815e-18 BessellR
52918.7 2.59357e-16 1.70589e-18 BessellR
52919.7 2.56021e-16 1.69368e-18 BessellR
52920.7 2.52728e-16 1.68149e-18 BessellR
52921.7 2.49477e-16 1.66935e-18 BessellR
52922.7 2.46268e-16 1.65724e-18 BessellR
52923.7 2.431e-16 1.64517e-18 BessellR
52924.7 2.39973e-16 1.63314e-18 BessellR
52925.7 2.36887e-16 1.62115e-18 BessellR
52926.7 2.33839e-16 1.6092e-18 BessellR
52927.7 2.30832e-16 1.5973e-18 BessellR
52928.7 2.27862e-16 1.58544e-18 BessellR
52929.7 2.24931e-16 1.57362e-18 BessellR
52930.7 2.22038e-16 1.56185e-18 BessellR
52931.7 2.19182e-16 1.55012e-18 BessellR
52932.7 2.16363e-16 1.53844e-18 BessellR
52933.7 2.1358e-16 1.5268e-18 BessellR
52934.7 2.10832e-16 1.51522e-18 BessellR
52935.7 2.0812e-16 1.50368e-18 BessellR
52936.7 2.05443e-16 1.49218e-18 BessellR
52937.7 2.02801e-16 1.48074e-18 BessellR
52938.7 2.00192e-16 1.46935e-18 BessellR
52939.7 1.97617e-16 1.45801e-18 BessellR
52940.7 1.95075e-16 1.44672e-18 BessellR
52941.7 1.92566e-16 1.43548e-18 BessellR
52942.7 1.90089e-16 1.42429e-18 BessellR
52943.7 1.87644e-16 1.41316e-18 BessellR
52944.7 1.8523e-16 1.40207e-18 BessellR
52945.7 1.82847e-16 1.39105e-18 BessellR
52946.7 1.80495e-16 1.38007e-18 BessellR
52947.7 1.78174e-16 1.36915e-18 BessellR
52948.7 1.75882e-16 1.35828e-18 BessellR
52949.7 1.73619e-16 1.34747e-18 BessellR
52950.7 1.71386e-16 1.33671e-18 BessellR
52951.7 1.69181e-16 1.32601e-18 BessellR
52952.7 1.67005e-16 1.31536e-18 BessellR
52953.7 1.64857e-16 1.30477e-18 BessellR
52954.7 1.62737e-16 1.29424e-18 BessellR
52955.7 1.60643e-16 1.28376e-18 BessellR
52956.7 1.58577e-16 1.27334e-18 BessellR
52957.7 1.56537e-16 1.26298e-18 BessellR
52958.7 1.54524e-16 1.25267e-18 BessellR
52959.7 1.52536e-16 1.24242e-18 BessellR
52960.7 1.50574e-16 1.23223e-18 BessellR
52961.7 1.48637e-16 1.2221e-18 BessellR
52962.7 1.46725e-16 1.21202e-18 BessellR
52963.7 1.44838e-16 1.20201e-18 BessellR
52964.7 1.42975e-16 1.19205e-18 BessellR
52965.7 1.41136e-16 1.18215e-18 BessellR
52966.7 1.3932e-16 1.1723e-18 BessellR
52967.7 1.37528e-16 1.16252e-18 BessellR
52968.7 1.35759e-16 1.1528e-18 BessellR
52969.7 1.34013e-16 1.14313e-18 BessellR
52970.7 1.32289e-16 1.13352e-18 BessellR
52687 2.67888e-21 7.41148e-21 BessellV
52688 6.28411e-21 1.66672e-20 BessellV
52689 1.4828e-20 3.75486e-20 BessellV
52690 3.52293e-20 8.47493e-20 BessellV
52691 8.43778e-20 1.91656e-19 BessellV
52692 2.04025e-19 4.34292e-19 BessellV
52693 4.98897e-19 9.86103e-19 BessellV
52694 1.23617e-18 2.24344e-18 BessellV
52695 3.11069e-18 5.11249e-18 BessellV
52696 7.96875e-18 1.16604e-17 BessellV
52697 2.08285e-17 2.65608e-17 BessellV
52698 5.56212e-17 6.01042e-17 BessellV
52699 1.51521e-16 1.33317e-16 BessellV
52700 4.17139e-16 2.79482e-16 BessellV
52701 1.13149e-15 4.83914e-16 BessellV
52702 2.88246e-15 5.29434e-17 BessellV
52703 4.67929e-15 5.20219e-16 BessellV
52704 5.36156e-15 3.0088e-16 BessellV
52705 5.54803e-15 1.48553e-16 BessellV
52706 5.5492e-15 7.92663e-17 BessellV
52707 5.48639e-15 5.32685e-17 BessellV
52708 5.40248e-15 4.44163e-17 BessellV
52709 5.31224e-15 4.08408e-17 BessellV
52710 5.22078e-15 3.87706e-17 BessellV
52711 5.12989e-15 3.71831e-17 BessellV
52712 5.04021e-15 3.57859e-17 BessellV
52713 4.95196e-15 3.44834e-17 BessellV
52714 4.86519e-15 3.32402e-17 BessellV
52715 4.77992e-15 3.20421e-17 BessellV
52716 4.69614e-15 3.08827e-17 BessellV
52717 4.61383e-15 2.97591e-17 BessellV
52718 4.53296e-15 2.86697e-17 BessellV
52719 4.4535e-15 2.76134e-17 BessellV
52720 4.37544e-15 2.65893e-17 BessellV
52721 4.29874e-15 2.55968e-17 BessellV
52722 4.22339e-15 2.46353e-17 BessellV
52723 4.14936e-15 2.37041e-17 BessellV
52724 4.07663e-15 2.28026e-17 BessellV
52725 4.00517e-15 2.19304e-17 BessellV
52726 3.93496e-15 2.1087e-17 BessellV
52727 3.86599e-15 2.02717e-17 BessellV
52728 3.79822e-15 1.94842e-17 BessellV
52729 3.73165e-15 1.8724e-17 BessellV
52730 3.66624e-15 1.79907e-17 BessellV
52731 3.60197e-15 1.72839e-17 BessellV
52732 3.53883e-15 1.66033e-17 BessellV
52733 3.4768e-15 1.59484e-17 BessellV
52734 3.41586e-15 1.5319e-17 BessellV
52735 3.35599e-15 1.47147e-17 BessellV
52736 3.29716e-15 1.41353e-17 BessellV
52737 3.23937e-15 1.35805e-17 BessellV
52738 3.18259e-15 1.30502e-17 BessellV
52739 3.1268e-15 1.25439e-17 BessellV
52740 3.07199e-15 1.20616e-17 BessellV
52741 3.01815e-15 1.16031e-17 BessellV
52742 2.96524e-15 1.11682e-17 BessellV
52743 2.91327e-15 1.07566e-17 BessellV
52744 2.8622e-15 1.03682e-17 BessellV
52745 2.81204e-15 1.00029e-17 BessellV
52746 2.76275e-15 9.66033e-18 BessellV
52747 2.71432e-15 9.34034e-18 BessellV
52748 2.66674e-15 9.04265e-18 BessellV
52749 2.62e-15 8.76694e-18 BessellV
52750 2.57408e-15 8.51287e-18 BessellV
52751 2.52896e-15 8.28001e-18 BessellV
52752 2.48463e-15 8.06789e-18 BessellV
52753 2.44108e-15 7.87596e-18 BessellV
52754 2.39829e-15 7.7036e-18 BessellV
52755 2.35625e-15 7.55012e-18 BessellV
52756 2.31495e-15 7.41474e-18 BessellV
52757 2.27438e-15 7.29665e-18 BessellV
52758 2.23451e-15 7.19494e-18 BessellV
52759 2.19535e-15 7.10866e-18 BessellV
52760 2.15687e-15 7.03682e-18 BessellV
52761 2.11906e-15 6.97842e-18 BessellV
52762 2.08192e-15 6.93241e-18 BessellV
52763 2.04543e-15 6.89776e-18 BessellV
52764 2.00957e-15 6.87343e-18 BessellV
52765 1.97435e-15 6.85844e-18 BessellV
52766 1.93974e-15 6.85179e-18 BessellV
52767 1.90575e-15 6.85255e-18 BessellV
52768 1.87234e-15 6.85982e-18 BessellV
52769 1.83952e-15 6.87277e-18 BessellV
52770 1.80728e-15 6.89059e-18 BessellV
52771 1.7756e-15 6.91256e-18 BessellV
52772 1.74448e-15 6.93798e-18 BessellV
52773 1.71391e-15 6.96625e-18 BessellV
52774 1.68386e-15 6.99678e-18 BessellV
52775 1.65435e-15 7.02904e-18 BessellV
52776 1.62535e-15 7.06258e-18 BessellV
52777 1.59686e-15 7.09697e-18 BessellV
52778 1.56888e-15 7.13182e-18 BessellV
52779 1.54138e-15 7.16679e-18 BessellV
52780 1.51436e-15 7.20158e-18 BessellV
52781 1.48782e-15 7.23592e-18 BessellV
52782 1.46174e-15 7.26957e-18 BessellV
52783 1.43612e-15 7.30233e-18 BessellV
52784 1.41095e-15 7.33401e-18 BessellV
52785 1.38622e-15 7.36446e-18 BessellV
52786 1.36192e-15 7.39354e-18 BessellV
52787 1.33805e-15 7.42113e-18 BessellV
52788 1.3146e-15 7.44715e-18 BessellV
52789 1.29156e-15 7.47149e-18 BessellV
52790 1.26892e-15 7.4941e-18 BessellV
52791 1.24668e-15 7.51493e-18 BessellV
52792 1.22483e-15 7.53392e-18 BessellV
52793 1.20336e-15 7.55106e-18 BessellV
52794 1.18227e-15 7.5663e-18 BessellV
52795 1.16155e-15 7.57964e-18 BessellV
52796 1.14119e-15 7.59107e-18 BessellV
52797 1.12119e-15 7.6006e-18 BessellV
52798 1.10153e-15 7.60821e-18 BessellV
52799 1.08223e-15 7.61393e-18 BessellV
52800 1.06326e-15 7.61777e-18 BessellV
52801 1.04462e-15 7.61975e-18 BessellV
52802 1.02631e-15 7.61988e-18 BessellV
52803 1.00833e-15 7.6182e-18 BessellV
52804 9.90653e-16 7.61473e-18 BessellV
52805 9.7329e-16 7.6095e-18 BessellV
52806 9.56231e-16 7.60255e-18 BessellV
52807 9.39471e-16 7.5939e-18 BessellV
52808 9.23005e-16 7.5836e-18 BessellV
52809 9.06828e-16 7.57168e-18 BessellV
52810 8.90934e-16 7.55817e-18 BessellV
52811 8.75319e-16 7.54313e-18 BessellV
52812 8.59977e-16 7.52657e-18 BessellV
52813 8.44904e-16 7.50855e-18 BessellV
52814 8.30096e-16 7.48911e-18 BessellV
52815 8.15547e-16 7.46827e-18 BessellV
52816 8.01253e-16 7.4461e-18 BessellV
52817 7.8721e-16 7.42261e-18 BessellV
52818 7.73412e-16 7.39786e-18 BessellV
52819 7.59857e-16 7.37189e-18 BessellV
52820 7.46539e-16 7.34473e-18 BessellV
52821 7.33455e-16 7.31642e-18 BessellV
52822 7.206e-16 7.287e-18 BessellV
52823 7.0797e-16 7.25652e-18 BessellV
52824 6.95562e-16 7.22501e-18 BessellV
52825 6.83371e-16 7.1925e-18 BessellV
52826 6.71394e-16 7.15903e-18 BessellV
52827 6.59627e-16 7.12465e-18 BessellV
52828 6.48066e-16 7.08938e-18 BessellV
52829 6.36707e-16 7.05327e-18 BessellV
52830 6.25548e-16 7.01634e-18 BessellV
52831 6.14584e-16 6.97864e-18 BessellV
52832 6.03813e-16 6.94019e-18 BessellV
52833 5.9323e-16 6.90103e-18 BessellV
52834 5.82833e-16 6.86119e-18 BessellV
52835 5.72618e-16 6.8207e-18 BessellV
52836 5.62582e-16 6.7796e-18 BessellV
52837 5.52722e-16 6.73791e-18 BessellV
52838 5.43035e-16 6.69566e-18 BessellV
52839 5.33518e-16 6.65289e-18 BessellV
52840 5.24167e-16 6.60961e-18 BessellV
52841 5.1498e-16 6.56587e-18 BessellV
52842 5.05955e-16 6.52168e-18 BessellV
52843 4.97087e-16 6.47707e-18 BessellV
52844 4.88375e-16 6.43208e-18 BessellV
52845 4.79816e-16 6.38671e-18 BessellV
52846 4.71406e-16 6.341e-18 BessellV
52847 4.63144e-16 6.29498e-18 BessellV
52848 4.55027e-16 6.24866e-18 BessellV
52849 4.47052e-16 6.20206e-18 BessellV
52850 4.39217e-16 6.15522e-18 BessellV
52851 4.3152e-16 6.10814e-18 BessellV
52852 4.23957e-16 6.06086e-18 BessellV
52853 4.16526e-16 6.01339e-18 BessellV
52854 4.09226e-16 5.96575e-18 BessellV
52855 4.02054e-16 5.91797e-18 BessellV
52856 3.95008e-16 5.87005e-18 BessellV
52857 3.88085e-16 5.82202e-18 BessellV
52858 3.81283e-16 5.7739e-18 BessellV
52859 3.74601e-16 5.72569e-18 BessellV
52860 3.68036e-16 5.67743e-18 BessellV
52861 3.61586e-16 5.62912e-18 BessellV
52862 3.55249e-16 5.58078e-18 BessellV
52863 3.49023e-16 5.53242e-18 BessellV
52864 3.42906e-16 5.48407e-18 BessellV
52865 3.36896e-16 5.43573e-18 BessellV
