53532.9 2.38916e-30 1.38663e-29 BessellB
53533.9 1.85062e-29 9.41077e-29 BessellB
53534.9 1.453e-28 6.42255e-28 BessellB
53535.9 1.15696e-27 4.4127e-27 BessellB
53536.9 9.34727e-27 3.05603e-26 BessellB
53537.9 7.66581e-26 2.13611e-25 BessellB
53538.9 6.38442e-25 1.50874e-24 BessellB
53539.9 5.402e-24 1.07771e-23 BessellB
53540.9 4.64551e-23 7.78775e-23 BessellB
53541.9 4.06194e-22 5.68967e-22 BessellB
53542.9 3.61274e-21 4.19471e-21 BessellB
53543.9 3.26987e-20 3.10896e-20 BessellB
53544.9 3.01304e-19 2.30094e-19 BessellB
53545.9 2.82743e-18 1.67979e-18 BessellB
53546.9 2.69909e-17 1.17852e-17 BessellB
53547.9 2.58326e-16 7.32275e-17 BessellB
53548.9 2.16937e-15 2.6286e-16 BessellB
53549.9 8.34622e-15 6.01072e-17 BessellB
53550.9 1.11539e-14 7.25952e-17 BessellB
53551.9 1.10954e-14 3.56415e-17 BessellB
53552.9 1.06667e-14 3.09884e-17 BessellB
53553.9 1.02203e-14 2.78225e-17 BessellB
53554.9 9.78933e-15 2.49976e-17 BessellB
53555.9 9.37623e-15 2.26282e-17 BessellB
53556.9 8.98053e-15 2.07366e-17 BessellB
53557.9 8.60153e-15 1.93186e-17 BessellB
53558.9 8.23853e-15 1.83519e-17 BessellB
53559.9 7.89084e-15 1.77939e-17 BessellB
53560.9 7.55783e-15 1.75844e-17 BessellB
53561.9 7.23888e-15 1.76526e-17 BessellB
53562.9 6.93338e-15 1.7927e-17 BessellB
53563.9 6.64078e-15 1.83426e-17 BessellB
53564.9 6.36053e-15 1.88452e-17 BessellB
53565.9 6.0921e-15 1.93924e-17 BessellB
53566.9 5.83501e-15 1.99522e-17 BessellB
53567.9 5.58876e-15 2.05017e-17 BessellB
53568.9 5.35291e-15 2.10247e-17 BessellB
53569.9 5.12701e-15 2.15104e-17 BessellB
53570.9 4.91065e-15 2.19515e-17 BessellB
53571.9 4.70341e-15 2.2344e-17 BessellB
53572.9 4.50492e-15 2.26857e-17 BessellB
53573.9 4.31481e-15 2.29761e-17 BessellB
53574.9 4.13272e-15 2.32155e-17 BessellB
53575.9 3.95832e-15 2.34052e-17 BessellB
53576.9 3.79128e-15 2.35469e-17 BessellB
53577.9 3.63128e-15 2.36427e-17 BessellB
53578.9 3.47804e-15 2.36949e-17 BessellB
53579.9 3.33127e-15 2.37059e-17 BessellB
53580.9 3.19069e-15 2.36784e-17 BessellB
53581.9 3.05604e-15 2.36147e-17 BessellB
53582.9 2.92708e-15 2.35175e-17 BessellB
53583.9 2.80355e-15 2.33892e-17 BessellB
53584.9 2.68525e-15 2.32323e-17 BessellB
53585.9 2.57193e-15 2.30489e-17 BessellB
53586.9 2.4634e-15 2.28414e-17 BessellB
53587.9 2.35944e-15 2.26119e-17 BessellB
53588.9 2.25987e-15 2.23623e-17 BessellB
53589.9 2.16451e-15 2.20947e-17 BessellB
53590.9 2.07317e-15 2.18109e-17 BessellB
53591.9 1.98568e-15 2.15126e-17 BessellB
53592.9 1.90189e-15 2.12013e-17 BessellB
53593.9 1.82163e-15 2.08787e-17 BessellB
53594.9 1.74476e-15 2.05461e-17 BessellB
53595.9 1.67114e-15 2.0205e-17 BessellB
53596.9 1.60062e-15 1.98565e-17 BessellB
53597.9 1.53307e-15 1.95019e-17 BessellB
53598.9 1.46838e-15 1.91422e-17 BessellB
53599.9 1.40642e-15 1.87785e-17 BessellB
53600.9 1.34707e-15 1.84117e-17 BessellB
53601.9 1.29022e-15 1.80426e-17 BessellB
53602.9 1.23578e-15 1.76722e-17 BessellB
53603.9 1.18363e-15 1.73011e-17 BessellB
53604.9 1.13369e-15 1.693e-17 BessellB
53605.9 1.08585e-15 1.65596e-17 BessellB
53606.9 1.04003e-15 1.61905e-17 BessellB
53607.9 9.9614e-16 1.58231e-17 BessellB
53608.9 9.54106e-16 1.54581e-17 BessellB
53609.9 9.13845e-16 1.50958e-17 BessellB
53610.9 8.75283e-16 1.47367e-17 BessellB
53611.9 8.38349e-16 1.43811e-17 BessellB
53612.9 8.02973e-16 1.40293e-17 BessellB
53613.9 7.6909e-16 1.36817e-17 BessellB
53614.9 7.36637e-16 1.33386e-17 BessellB
53615.9 7.05553e-16 1.30001e-17 BessellB
53616.9 6.75782e-16 1.26664e-17 BessellB
53617.9 6.47266e-16 1.23378e-17 BessellB
53618.9 6.19954e-16 1.20145e-17 BessellB
53619.9 5.93794e-16 1.16965e-17 BessellB
53620.9 5.68738e-16 1.1384e-17 BessellB
53621.9 5.4474e-16 1.10771e-17 BessellB
53622.9 5.21754e-16 1.07758e-17 BessellB
53623.9 4.99738e-16 1.04803e-17 BessellB
53624.9 4.78651e-16 1.01906e-17 BessellB
53625.9 4.58454e-16 9.90666e-18 BessellB
53626.9 4.39109e-16 9.62858e-18 BessellB
53627.9 4.20581e-16 9.35636e-18 BessellB
53628.9 4.02834e-16 9.08998e-18 BessellB
53629.9 3.85837e-16 8.82944e-18 BessellB
53630.9 3.69556e-16 8.57473e-18 BessellB
53631.9 3.53963e-16 8.3258e-18 BessellB
53632.9 3.39027e-16 8.08263e-18 BessellB
53633.9 3.24722e-16 7.84517e-18 BessellB
53634.9 3.1102e-16 7.61338e-18 BessellB
53635.9 2.97897e-16 7.38719e-18 BessellB
53636.9 2.85327e-16 7.16654e-18 BessellB
53637.9 2.73288e-16 6.95137e-18 BessellB
53638.9 2.61757e-16 6.74162e-18 BessellB
53639.9 2.50712e-16 6.53719e-18 BessellB
53640.9 2.40134e-16 6.33802e-18 BessellB
53641.9 2.30001e-16 6.14403e-18 BessellB
53642.9 2.20297e-16 5.95514e-18 BessellB
53643.9 2.11002e-16 5.77125e-18 BessellB
53644.9 2.02099e-16 5.59228e-18 BessellB
53645.9 1.93571e-16 5.41815e-18 BessellB
53646.9 1.85404e-16 5.24876e-18 BessellB
53647.9 1.77581e-16 5.08403e-18 BessellB
53648.9 1.70088e-16 4.92386e-18 BessellB
53649.9 1.62912e-16 4.76815e-18 BessellB
53650.9 1.56038e-16 4.61683e-18 BessellB
53651.9 1.49454e-16 4.46979e-18 BessellB
53652.9 1.43148e-16 4.32694e-18 BessellB
53653.9 1.37108e-16 4.1882e-18 BessellB
53654.9 1.31323e-16 4.05346e-18 BessellB
53655.9 1.25782e-16 3.92264e-18 BessellB
53656.9 1.20475e-16 3.79565e-18 BessellB
53657.9 1.15392e-16 3.67239e-18 BessellB
53658.9 1.10524e-16 3.55278e-18 BessellB
53659.9 1.0586e-16 3.43672e-18 BessellB
53660.9 1.01394e-16 3.32414e-18 BessellB
53661.9 9.71158e-17 3.21494e-18 BessellB
53662.9 9.30183e-17 3.10904e-18 BessellB
53663.9 8.90936e-17 3.00636e-18 BessellB
53664.9 8.53346e-17 2.90681e-18 BessellB
53665.9 8.17342e-17 2.81031e-18 BessellB
53666.9 7.82857e-17 2.71678e-18 BessellB
53667.9 7.49827e-17 2.62614e-18 BessellB
53668.9 7.18191e-17 2.53831e-18 BessellB
53669.9 6.87889e-17 2.45322e-18 BessellB
53670.9 6.58866e-17 2.3708e-18 BessellB
53671.9 6.31068e-17 2.29096e-18 BessellB
53672.9 6.04442e-17 2.21365e-18 BessellB
53673.9 5.7894e-17 2.13877e-18 BessellB
53674.9 5.54514e-17 2.06628e-18 BessellB
53675.9 5.31119e-17 1.9961e-18 BessellB
53676.9 5.08711e-17 1.92816e-18 BessellB
53677.9 4.87248e-17 1.86241e-18 BessellB
53678.9 4.66691e-17 1.79877e-18 BessellB
53679.9 4.47001e-17 1.73719e-18 BessellB
53680.9 4.28142e-17 1.6776e-18 BessellB
53681.9 4.10078e-17 1.61995e-18 BessellB
53682.9 3.92777e-17 1.56417e-18 BessellB
53683.9 3.76206e-17 1.51023e-18 BessellB
53684.9 3.60334e-17 1.45805e-18 BessellB
53685.9 3.45131e-17 1.40758e-18 BessellB
53686.9 3.3057e-17 1.35878e-18 BessellB
53687.9 3.16624e-17 1.31159e-18 BessellB
53688.9 3.03266e-17 1.26597e-18 BessellB
53689.9 2.90471e-17 1.22186e-18 BessellB
53690.9 2.78216e-17 1.17922e-18 BessellB
53691.9 2.66478e-17 1.138e-18 BessellB
53692.9 2.55236e-17 1.09816e-18 BessellB
53693.9 2.44468e-17 1.05966e-18 BessellB
53694.9 2.34154e-17 1.02246e-18 BessellB
53695.9 2.24275e-17 9.86505e-19 BessellB
53696.9 2.14813e-17 9.51766e-19 BessellB
53697.9 2.05751e-17 9.18203e-19 BessellB
53698.9 1.9707e-17 8.85779e-19 BessellB
53699.9 1.88756e-17 8.54456e-19 BessellB
53700.9 1.80793e-17 8.242e-19 BessellB
53701.9 1.73166e-17 7.94977e-19 BessellB
53702.9 1.6586e-17 7.66752e-19 BessellB
53703.9 1.58863e-17 7.39494e-19 BessellB
53704.9 1.52161e-17 7.13172e-19 BessellB
53705.9 1.45741e-17 6.87755e-19 BessellB
53706.9 1.39593e-17 6.63214e-19 BessellB
53707.9 1.33704e-17 6.39519e-19 BessellB
53708.9 1.28063e-17 6.16643e-19 BessellB
53709.9 1.2266e-17 5.9456e-19 BessellB
53710.9 1.17486e-17 5.73242e-19 BessellB
53711.9 1.12529e-17 5.52665e-19 BessellB
53712.9 1.07782e-17 5.32805e-19 BessellB
53713.9 1.03235e-17 5.13636e-19 BessellB
53714.9 9.88799e-18 4.95137e-19 BessellB
53715.9 9.47085e-18 4.77285e-19 BessellB
53716.9 9.0713e-18 4.60058e-19 BessellB
53717.9 8.68861e-18 4.43435e-19 BessellB
53718.9 8.32207e-18 4.27396e-19 BessellB
53719.9 7.97099e-18 4.11921e-19 BessellB
53720.9 7.63473e-18 3.96992e-19 BessellB
53721.9 7.31264e-18 3.82589e-19 BessellB
53722.9 7.00415e-18 3.68695e-19 BessellB
53723.9 6.70867e-18 3.55292e-19 BessellB
53724.9 6.42566e-18 3.42365e-19 BessellB
53725.9 6.15459e-18 3.29895e-19 BessellB
53726.9 5.89495e-18 3.17869e-19 BessellB
53536.9 9.76119e-15 1.02619e-17 BessellU
53537.9 1.02522e-14 1.01979e-17 BessellU
53538.9 1.07631e-14 1.00833e-17 BessellU
53539.9 1.1293e-14 9.9093e-18 BessellU
53540.9 1.18399e-14 9.66542e-18 BessellU
53541.9 1.24012e-14 9.34011e-18 BessellU
53542.9 1.29727e-14 8.92075e-18 BessellU
53543.9 1.35485e-14 8.3944e-18 BessellU
53544.9 1.41202e-14 7.74901e-18 BessellU
53545.9 1.46767e-14 6.97547e-18 BessellU
53546.9 1.52031e-14 6.07078e-18 BessellU
53547.9 1.56807e-14 5.04269e-18 BessellU
53548.9 1.60861e-14 3.91601e-18 BessellU
53549.9 1.63918e-14 2.74226e-18 BessellU
53550.9 1.65671e-14 1.62289e-18 BessellU
53551.9 1.65801e-14 8.40505e-19 BessellU
53552.9 1.64014e-14 9.81264e-19 BessellU
53553.9 1.60088e-14 1.41567e-18 BessellU
53554.9 1.53926e-14 1.56269e-18 BessellU
53555.9 1.45601e-14 1.31322e-18 BessellU
53556.9 1.35371e-14 7.57911e-19 BessellU
53557.9 1.23669e-14 7.64776e-19 BessellU
53558.9 1.11044e-14 1.77567e-18 BessellU
53559.9 9.80825e-15 2.91934e-18 BessellU
53560.9 8.53349e-15 3.95198e-18 BessellU
53561.9 7.3249e-15 4.7616e-18 BessellU
53562.9 6.21417e-15 5.30012e-18 BessellU
53563.9 5.21964e-15 5.56805e-18 BessellU
53564.9 4.3481e-15 5.59815e-18 BessellU
53565.9 3.5976e-15 5.43947e-18 BessellU
53566.9 2.96039e-15 5.14481e-18 BessellU
53567.9 2.42541e-15 4.7627e-18 BessellU
53568.9 1.98024e-15 4.33345e-18 BessellU
53569.9 1.61239e-15 3.88805e-18 BessellU
53570.9 1.31009e-15 3.44876e-18 BessellU
53571.9 1.0627e-15 3.03042e-18 BessellU
53572.9 8.60925e-16 2.64209e-18 BessellU
53573.9 6.96768e-16 2.28851e-18 BessellU
53574.9 5.63479e-16 1.97133e-18 BessellU
53575.9 4.55419e-16 1.69013e-18 BessellU
53576.9 3.67914e-16 1.44321e-18 BessellU
53577.9 2.97119e-16 1.22805e-18 BessellU
53578.9 2.39881e-16 1.04178e-18 BessellU
53579.9 1.93631e-16 8.81385e-19 BessellU
53580.9 1.56272e-16 7.43903e-19 BessellU
53581.9 1.26106e-16 6.26526e-19 BessellU
53582.9 1.01754e-16 5.26654e-19 BessellU
53583.9 8.20986e-17 4.41932e-19 BessellU
53584.9 6.62362e-17 3.70252e-19 BessellU
53585.9 5.34364e-17 3.09747e-19 BessellU
53586.9 4.31086e-17 2.58784e-19 BessellU
53587.9 3.47761e-17 2.1594e-19 BessellU
53588.9 2.80536e-17 1.79983e-19 BessellU
53589.9 2.26303e-17 1.49853e-19 BessellU
53590.9 1.82553e-17 1.24643e-19 BessellU
53591.9 1.47259e-17 1.03578e-19 BessellU
53592.9 1.18788e-17 8.59979e-20 BessellU
53593.9 9.58209e-18 7.13429e-20 BessellU
53594.9 7.72942e-18 5.91394e-20 BessellU
53595.9 6.23495e-18 4.89875e-20 BessellU
53596.9 5.02941e-18 4.05501e-20 BessellU
53597.9 4.05696e-18 3.35439e-20 BessellU
53598.9 3.27253e-18 2.77309e-20 BessellU
53599.9 2.63977e-18 2.29116e-20 BessellU
53600.9 2.12936e-18 1.89192e-20 BessellU
53601.9 1.71764e-18 1.5614e-20 BessellU
53602.9 1.38552e-18 1.28797e-20 BessellU
53603.9 1.11762e-18 1.06189e-20 BessellU
53604.9 9.01523e-19 8.75085e-21 BessellU
53605.9 7.27208e-19 7.20817e-21 BessellU
53606.9 5.86598e-19 5.93488e-21 BessellU
53607.9 4.73175e-19 4.88448e-21 BessellU
53608.9 3.81684e-19 4.01839e-21 BessellU
53609.9 3.07882e-19 3.30461e-21 BessellU
53610.9 2.48351e-19 2.71661e-21 BessellU
53611.9 2.00331e-19 2.23245e-21 BessellU
53612.9 1.61596e-19 1.83394e-21 BessellU
53613.9 1.3035e-19 1.50608e-21 BessellU
53614.9 1.05146e-19 1.23644e-21 BessellU
53615.9 8.48153e-20 1.01476e-21 BessellU
53616.9 6.84157e-20 8.32579e-22 BessellU
53617.9 5.51871e-20 6.8291e-22 BessellU
53618.9 4.45163e-20 5.59992e-22 BessellU
53619.9 3.59088e-20 4.59074e-22 BessellU
53620.9 2.89656e-20 3.76246e-22 BessellU
53621.9 2.33649e-20 3.08285e-22 BessellU
53622.9 1.88472e-20 2.52538e-22 BessellU
53623.9 1.52029e-20 2.06823e-22 BessellU
53624.9 1.22634e-20 1.69344e-22 BessellU
53625.9 9.89216e-21 1.38627e-22 BessellU
53626.9 7.97945e-21 1.13456e-22 BessellU
53627.9 6.43657e-21 9.28369e-23 BessellU
53628.9 5.19202e-21 7.59493e-23 BessellU
53629.9 4.18811e-21 6.21213e-23 BessellU
53630.9 3.37832e-21 5.08013e-23 BessellU
53631.9 2.7251e-21 4.15362e-23 BessellU
53632.9 2.19818e-21 3.39547e-23 BessellU
53633.9 1.77315e-21 2.77522e-23 BessellU
53634.9 1.4303e-21 2.26787e-23 BessellU
53635.9 1.15374e-21 1.85296e-23 BessellU
53636.9 9.30661e-22 1.51371e-23 BessellU
53637.9 7.50712e-22 1.23638e-23 BessellU
53638.9 6.05558e-22 1.0097e-23 BessellU
53639.9 4.8847e-22 8.24454e-24 BessellU
53640.9 3.94021e-22 6.73095e-24 BessellU
53641.9 3.17835e-22 5.49443e-24 BessellU
53642.9 2.5638e-22 4.48444e-24 BessellU
53643.9 2.06807e-22 3.6596e-24 BessellU
53644.9 1.6682e-22 2.98608e-24 BessellU
53645.9 1.34564e-22 2.43619e-24 BessellU
53646.9 1.08546e-22 1.98731e-24 BessellU
53647.9 8.75577e-23 1.62093e-24 BessellU
53536.3 1.43985e-15 8.2392e-19 BessellI
53537.3 1.45709e-15 8.24182e-19 BessellI
53538.3 1.47454e-15 8.24334e-19 BessellI
53539.3 1.49218e-15 8.24374e-19 BessellI
53540.3 1.51004e-15 8.24298e-19 BessellI
53541.3 1.5281e-15 8.24103e-19 BessellI
53542.3 1.54638e-15 8.23787e-19 BessellI
53543.3 1.56486e-15 8.23346e-19 BessellI
53544.3 1.58357e-15 8.22779e-19 BessellI
53545.3 1.60249e-15 8.2208e-19 BessellI
53546.3 1.62163e-15 8.21248e-19 BessellI
53547.3 1.64099e-15 8.20279e-19 BessellI
53548.3 1.66057e-15 8.19171e-19 BessellI
53549.3 1.68038e-15 8.17918e-19 BessellI
53550.3 1.70042e-15 8.1652e-19 BessellI
53551.3 1.72068e-15 8.14971e-19 BessellI
53552.3 1.74118e-15 8.13269e-19 BessellI
53553.3 1.76191e-15 8.1141e-19 BessellI
53554.3 1.78287e-15 8.09391e-19 BessellI
53555.3 1.80407e-15 8.07208e-19 BessellI
53556.3 1.82551e-15 8.04858e-19 BessellI
53557.3 1.84718e-15 8.02338e-19 BessellI
53558.3 1.8691e-15 7.99643e-19 BessellI
53559.3 1.89125e-15 7.96772e-19 BessellI
53560.3 1.91365e-15 7.93719e-19 BessellI
53561.3 1.9363e-15 7.90484e-19 BessellI
53562.3 1.95918e-15 7.87061e-19 BessellI
53563.3 1.98232e-15 7.83449e-19 BessellI
53564.3 2.0057e-15 7.79645e-19 BessellI
53565.3 2.02932e-15 7.75646e-19 BessellI
53566.3 2.05319e-15 7.7145e-19 BessellI
53567.3 2.07731e-15 7.67056e-19 BessellI
53568.3 2.10168e-15 7.62462e-19 BessellI
53569.3 2.12629e-15 7.57668e-19 BessellI
53570.3 2.15115e-15 7.52673e-19 BessellI
53571.3 2.17625e-15 7.47478e-19 BessellI
53572.3 2.20159e-15 7.42085e-19 BessellI
53573.3 2.22718e-15 7.36495e-19 BessellI
53574.3 2.25301e-15 7.30713e-19 BessellI
53575.3 2.27907e-15 7.24743e-19 BessellI
53576.3 2.30536e-15 7.18593e-19 BessellI
53577.3 2.33189e-15 7.1227e-19 BessellI
53578.3 2.35864e-15 7.05784e-19 BessellI
53579.3 2.38562e-15 6.99149e-19 BessellI
53580.3 2.41281e-15 6.9238e-19 BessellI
53581.3 2.44021e-15 6.85495e-19 BessellI
53582.3 2.46782e-15 6.78516e-19 BessellI
53583.3 2.49562e-15 6.7147e-19 BessellI
53584.3 2.52361e-15 6.64388e-19 BessellI
53585.3 2.55179e-15 6.57303e-19 BessellI
53586.3 2.58013e-15 6.50258e-19 BessellI
53587.3 2.60864e-15 6.433e-19 BessellI
53588.3 2.63729e-15 6.36483e-19 BessellI
53589.3 2.66608e-15 6.29868e-19 BessellI
53590.3 2.69499e-15 6.23525e-19 BessellI
53591.3 2.724e-15 6.1753e-19 BessellI
53592.3 2.75311e-15 6.11971e-19 BessellI
53593.3 2.78228e-15 6.06943e-19 BessellI
53594.3 2.8115e-15 6.02549e-19 BessellI
53595.3 2.84075e-15 5.98901e-19 BessellI
53596.3 2.87e-15 5.96118e-19 BessellI
53597.3 2.89924e-15 5.94326e-19 BessellI
53598.3 2.92842e-15 5.93654e-19 BessellI
53599.3 2.95753e-15 5.94231e-19 BessellI
53600.3 2.98652e-15 5.96187e-19 BessellI
53601.3 3.01537e-15 5.99646e-19 BessellI
53602.3 3.04404e-15 6.04723e-19 BessellI
53603.3 3.07249e-15 6.11522e-19 BessellI
53604.3 3.10068e-15 6.20129e-19 BessellI
53605.3 3.12856e-15 6.30613e-19 BessellI
53606.3 3.15608e-15 6.43021e-19 BessellI
53607.3 3.1832e-15 6.57374e-19 BessellI
53608.3 3.20986e-15 6.73674e-19 BessellI
53609.3 3.236e-15 6.91893e-19 BessellI
53610.3 3.26156e-15 7.11981e-19 BessellI
53611.3 3.28648e-15 7.33865e-19 BessellI
53612.3 3.31069e-15 7.57448e-19 BessellI
53613.3 3.33413e-15 7.82614e-19 BessellI
53614.3 3.35671e-15 8.09227e-19 BessellI
53615.3 3.37835e-15 8.37131e-19 BessellI
53616.3 3.39899e-15 8.66154e-19 BessellI
53617.3 3.41853e-15 8.96108e-19 BessellI
53618.3 3.43689e-15 9.26789e-19 BessellI
53619.3 3.45397e-15 9.57976e-19 BessellI
53620.3 3.46969e-15 9.89438e-19 BessellI
53621.3 3.48394e-15 1.02092e-18 BessellI
53622.3 3.49664e-15 1.05218e-18 BessellI
53623.3 3.50769e-15 1.08292e-18 BessellI
53624.3 3.51698e-15 1.11287e-18 BessellI
53625.3 3.52441e-15 1.14173e-18 BessellI
53626.3 3.52989e-15 1.16921e-18 BessellI
53627.3 3.53331e-15 1.19498e-18 BessellI
53628.3 3.53459e-15 1.21874e-18 BessellI
53629.3 3.53362e-15 1.24018e-18 BessellI
53630.3 3.5303e-15 1.25898e-18 BessellI
53631.3 3.52457e-15 1.27484e-18 BessellI
53632.3 3.51632e-15 1.28749e-18 BessellI
53633.3 3.50549e-15 1.29663e-18 BessellI
53634.3 3.49201e-15 1.30204e-18 BessellI
53635.3 3.47581e-15 1.30349e-18 BessellI
53636.3 3.45685e-15 1.30081e-18 BessellI
53637.3 3.43507e-15 1.29387e-18 BessellI
53638.3 3.41046e-15 1.2826e-18 BessellI
53639.3 3.383e-15 1.267e-18 BessellI
53640.3 3.35267e-15 1.24713e-18 BessellI
53641.3 3.3195e-15 1.22315e-18 BessellI
53642.3 3.28349e-15 1.19531e-18 BessellI
53643.3 3.24469e-15 1.164e-18 BessellI
53644.3 3.20316e-15 1.1297e-18 BessellI
53645.3 3.15895e-15 1.09307e-18 BessellI
53646.3 3.11216e-15 1.05489e-18 BessellI
53647.3 3.06287e-15 1.01614e-18 BessellI
53648.3 3.0112e-15 9.7798e-19 BessellI
53649.3 2.95728e-15 9.41723e-19 BessellI
53650.3 2.90124e-15 9.08849e-19 BessellI
53651.3 2.84323e-15 8.80925e-19 BessellI
53652.3 2.7834e-15 8.59507e-19 BessellI
53653.3 2.72193e-15 8.45996e-19 BessellI
53654.3 2.659e-15 8.41467e-19 BessellI
53655.3 2.59477e-15 8.46514e-19 BessellI
53656.3 2.52944e-15 8.61158e-19 BessellI
53657.3 2.46319e-15 8.8486e-19 BessellI
53658.3 2.39621e-15 9.16619e-19 BessellI
53659.3 2.3287e-15 9.55133e-19 BessellI
53660.3 2.26083e-15 9.98954e-19 BessellI
53661.3 2.19279e-15 1.04663e-18 BessellI
53662.3 2.12475e-15 1.09678e-18 BessellI
53663.3 2.05689e-15 1.14815e-18 BessellI
53664.3 1.98937e-15 1.19966e-18 BessellI
53665.3 1.92234e-15 1.25036e-18 BessellI
53666.3 1.85595e-15 1.29946e-18 BessellI
53667.3 1.79034e-15 1.3463e-18 BessellI
53668.3 1.72563e-15 1.39034e-18 BessellI
53669.3 1.66193e-15 1.43117e-18 BessellI
53670.3 1.59936e-15 1.46844e-18 BessellI
53671.3 1.538e-15 1.50193e-18 BessellI
53672.3 1.47793e-15 1.53147e-18 BessellI
53673.3 1.41923e-15 1.55695e-18 BessellI
53674.3 1.36197e-15 1.57835e-18 BessellI
53675.3 1.30618e-15 1.59566e-18 BessellI
53676.3 1.25191e-15 1.60895e-18 BessellI
53677.3 1.1992e-15 1.6183e-18 BessellI
53678.3 1.14807e-15 1.62384e-18 BessellI
53679.3 1.09853e-15 1.62571e-18 BessellI
53680.3 1.05059e-15 1.62408e-18 BessellI
53681.3 1.00426e-15 1.61913e-18 BessellI
53682.3 9.59529e-16 1.61105e-18 BessellI
53683.3 9.16387e-16 1.60005e-18 BessellI
53684.3 8.74819e-16 1.58634e-18 BessellI
53685.3 8.34805e-16 1.57012e-18 BessellI
53686.3 7.96321e-16 1.55161e-18 BessellI
53687.3 7.59339e-16 1.53102e-18 BessellI
53688.3 7.2383e-16 1.50854e-18 BessellI
53689.3 6.8976e-16 1.48437e-18 BessellI
53690.3 6.57094e-16 1.45871e-18 BessellI
53691.3 6.25795e-16 1.43174e-18 BessellI
53692.3 5.95825e-16 1.40363e-18 BessellI
53693.3 5.67145e-16 1.37456e-18 BessellI
53694.3 5.39715e-16 1.34467e-18 BessellI
53695.3 5.13494e-16 1.31412e-18 BessellI
53696.3 4.88441e-16 1.28305e-18 BessellI
53697.3 4.64516e-16 1.25158e-18 BessellI
53698.3 4.41678e-16 1.21983e-18 BessellI
53699.3 4.19887e-16 1.18791e-18 BessellI
53700.3 3.99103e-16 1.15593e-18 BessellI
53701.3 3.79287e-16 1.12397e-18 BessellI
53702.3 3.604e-16 1.09213e-18 BessellI
53703.3 3.42405e-16 1.06047e-18 BessellI
53704.3 3.25266e-16 1.02907e-18 BessellI
53705.3 3.08945e-16 9.97986e-19 BessellI
53706.3 2.93408e-16 9.67276e-19 BessellI
53707.3 2.78622e-16 9.36988e-19 BessellI
53708.3 2.64554e-16 9.07165e-19 BessellI
53709.3 2.51171e-16 8.77844e-19 BessellI
53710.3 2.38443e-16 8.49057e-19 BessellI
53711.3 2.2634e-16 8.20831e-19 BessellI
53712.3 2.14834e-16 7.93191e-19 BessellI
53713.3 2.03898e-16 7.66155e-19 BessellI
53714.3 1.93504e-16 7.39739e-19 BessellI
53715.3 1.83628e-16 7.13954e-19 BessellI
53716.3 1.74244e-16 6.88809e-19 BessellI
53717.3 1.65331e-16 6.64312e-19 BessellI
53718.3 1.56865e-16 6.40464e-19 BessellI
53719.3 1.48824e-16 6.17269e-19 BessellI
53720.3 1.41189e-16 5.94724e-19 BessellI
53721.3 1.33939e-16 5.72828e-19 BessellI
53722.3 1.27056e-16 5.51575e-19 BessellI
53723.3 1.20522e-16 5.30961e-19 BessellI
53724.3 1.14319e-16 5.10979e-19 BessellI
53725.3 1.08432e-16 4.9162e-19 BessellI
53726.3 1.02845e-16 4.72875e-19 BessellI
53525.1 1.15167e-15 2.42654e-17 BessellR
53526.1 1.18091e-15 2.41986e-17 BessellR
53527.1 1.21088e-15 2.41153e-17 BessellR
53528.1 1.24158e-15 2.40149e-17 BessellR
53529.1 1.27303e-15 2.38968e-17 BessellR
53530.1 1.30524e-15 2.37608e-17 BessellR
53531.1 1.33824e-15 2.36063e-17 BessellR
53532.1 1.37203e-15 2.34328e-17 BessellR
53533.1 1.40663e-15 2.32402e-17 BessellR
53534.1 1.44205e-15 2.3028e-17 BessellR
53535.1 1.47832e-15 2.27961e-17 BessellR
53536.1 1.51545e-15 2.25443e-17 BessellR
53537.1 1.55345e-15 2.22725e-17 BessellR
53538.1 1.59234e-15 2.19808e-17 BessellR
53539.1 1.63213e-15 2.16694e-17 BessellR
53540.1 1.67284e-15 2.13386e-17 BessellR
53541.1 1.71448e-15 2.0989e-17 BessellR
53542.1 1.75707e-15 2.06214e-17 BessellR
53543.1 1.80061e-15 2.02366e-17 BessellR
53544.1 1.84513e-15 1.98361e-17 BessellR
53545.1 1.89062e-15 1.94214e-17 BessellR
53546.1 1.93711e-15 1.89946e-17 BessellR
53547.1 1.98461e-15 1.85582e-17 BessellR
53548.1 2.03311e-15 1.81152e-17 BessellR
53549.1 2.08264e-15 1.76694e-17 BessellR
53550.1 2.13319e-15 1.7225e-17 BessellR
53551.1 2.18477e-15 1.67872e-17 BessellR
53552.1 2.23738e-15 1.63619e-17 BessellR
53553.1 2.29103e-15 1.59561e-17 BessellR
53554.1 2.34571e-15 1.55775e-17 BessellR
53555.1 2.40142e-15 1.52347e-17 BessellR
53556.1 2.45816e-15 1.4937e-17 BessellR
53557.1 2.51591e-15 1.46945e-17 BessellR
53558.1 2.57467e-15 1.45169e-17 BessellR
53559.1 2.63442e-15 1.44137e-17 BessellR
53560.1 2.69515e-15 1.43935e-17 BessellR
53561.1 2.75683e-15 1.44631e-17 BessellR
53562.1 2.81943e-15 1.46272e-17 BessellR
53563.1 2.88293e-15 1.48877e-17 BessellR
53564.1 2.94729e-15 1.52441e-17 BessellR
53565.1 3.01248e-15 1.56931e-17 BessellR
53566.1 3.07844e-15 1.62289e-17 BessellR
53567.1 3.14514e-15 1.68441e-17 BessellR
53568.1 3.2125e-15 1.75297e-17 BessellR
53569.1 3.28048e-15 1.82758e-17 BessellR
53570.1 3.34899e-15 1.90719e-17 BessellR
53571.1 3.41797e-15 1.99072e-17 BessellR
53572.1 3.48733e-15 2.07708e-17 BessellR
53573.1 3.55698e-15 2.16517e-17 BessellR
53574.1 3.62682e-15 2.25391e-17 BessellR
53575.1 3.69675e-15 2.34223e-17 BessellR
53576.1 3.76665e-15 2.42906e-17 BessellR
53577.1 3.83639e-15 2.51337e-17 BessellR
53578.1 3.90585e-15 2.5941e-17 BessellR
53579.1 3.97488e-15 2.67026e-17 BessellR
53580.1 4.04334e-15 2.74086e-17 BessellR
53581.1 4.11106e-15 2.80493e-17 BessellR
53582.1 4.17789e-15 2.86154e-17 BessellR
53583.1 4.24365e-15 2.90982e-17 BessellR
53584.1 4.30816e-15 2.94894e-17 BessellR
53585.1 4.37122e-15 2.97816e-17 BessellR
53586.1 4.43266e-15 2.99682e-17 BessellR
53587.1 4.49226e-15 3.00436e-17 BessellR
53588.1 4.54983e-15 3.00039e-17 BessellR
53589.1 4.60515e-15 2.98466e-17 BessellR
53590.1 4.65802e-15 2.95711e-17 BessellR
53591.1 4.70823e-15 2.91795e-17 BessellR
53592.1 4.75556e-15 2.86763e-17 BessellR
53593.1 4.7998e-15 2.80698e-17 BessellR
53594.1 4.84076e-15 2.73721e-17 BessellR
53595.1 4.87822e-15 2.66002e-17 BessellR
53596.1 4.912e-15 2.57765e-17 BessellR
53597.1 4.94192e-15 2.49301e-17 BessellR
53598.1 4.96779e-15 2.40972e-17 BessellR
53599.1 4.98946e-15 2.33212e-17 BessellR
53600.1 5.00678e-15 2.26527e-17 BessellR
53601.1 5.01962e-15 2.21466e-17 BessellR
53602.1 5.02787e-15 2.18585e-17 BessellR
53603.1 5.03144e-15 2.18375e-17 BessellR
53604.1 5.03024e-15 2.21198e-17 BessellR
53605.1 5.02424e-15 2.27222e-17 BessellR
53606.1 5.01339e-15 2.364e-17 BessellR
53607.1 4.99771e-15 2.48493e-17 BessellR
53608.1 4.9772e-15 2.63125e-17 BessellR
53609.1 4.9519e-15 2.79843e-17 BessellR
53610.1 4.92188e-15 2.9817e-17 BessellR
53611.1 4.88724e-15 3.17643e-17 BessellR
53612.1 4.84807e-15 3.37828e-17 BessellR
53613.1 4.80452e-15 3.58335e-17 BessellR
53614.1 4.75673e-15 3.78816e-17 BessellR
53615.1 4.70487e-15 3.98965e-17 BessellR
53616.1 4.64914e-15 4.18514e-17 BessellR
53617.1 4.58974e-15 4.37235e-17 BessellR
53618.1 4.52688e-15 4.54931e-17 BessellR
53619.1 4.46079e-15 4.71436e-17 BessellR
53620.1 4.39171e-15 4.86616e-17 BessellR
53621.1 4.31987e-15 5.00363e-17 BessellR
53622.1 4.24554e-15 5.12594e-17 BessellR
53623.1 4.16896e-15 5.2325e-17 BessellR
53624.1 4.09038e-15 5.32296e-17 BessellR
53625.1 4.01005e-15 5.39713e-17 BessellR
53626.1 3.92823e-15 5.45506e-17 BessellR
53627.1 3.84515e-15 5.49692e-17 BessellR
53628.1 3.76105e-15 5.52305e-17 BessellR
53629.1 3.67617e-15 5.53393e-17 BessellR
53630.1 3.59073e-15 5.53014e-17 BessellR
53631.1 3.50493e-15 5.51234e-17 BessellR
53632.1 3.41898e-15 5.4813e-17 BessellR
53633.1 3.33308e-15 5.43783e-17 BessellR
53634.1 3.2474e-15 5.3828e-17 BessellR
53635.1 3.16211e-15 5.3171e-17 BessellR
53636.1 3.07738e-15 5.24165e-17 BessellR
53637.1 2.99333e-15 5.15736e-17 BessellR
53638.1 2.91012e-15 5.06515e-17 BessellR
53639.1 2.82785e-15 4.96594e-17 BessellR
53640.1 2.74664e-15 4.8606e-17 BessellR
53641.1 2.66659e-15 4.75e-17 BessellR
53642.1 2.58779e-15 4.63495e-17 BessellR
53643.1 2.5103e-15 4.51624e-17 BessellR
53644.1 2.43422e-15 4.39462e-17 BessellR
53645.1 2.35958e-15 4.27078e-17 BessellR
53646.1 2.28644e-15 4.14539e-17 BessellR
53647.1 2.21484e-15 4.01906e-17 BessellR
53648.1 2.14481e-15 3.89233e-17 BessellR
53649.1 2.07639e-15 3.76574e-17 BessellR
53650.1 2.00958e-15 3.63975e-17 BessellR
53651.1 1.94441e-15 3.51478e-17 BessellR
53652.1 1.88088e-15 3.39122e-17 BessellR
53653.1 1.81898e-15 3.2694e-17 BessellR
53654.1 1.75873e-15 3.14963e-17 BessellR
53655.1 1.70011e-15 3.03217e-17 BessellR
53656.1 1.64311e-15 2.91725e-17 BessellR
53657.1 1.58772e-15 2.80505e-17 BessellR
53658.1 1.53392e-15 2.69576e-17 BessellR
53659.1 1.48169e-15 2.58949e-17 BessellR
53660.1 1.43101e-15 2.48635e-17 BessellR
53661.1 1.38186e-15 2.38644e-17 BessellR
53662.1 1.33419e-15 2.28981e-17 BessellR
53663.1 1.288e-15 2.19651e-17 BessellR
53664.1 1.24325e-15 2.10655e-17 BessellR
53665.1 1.19991e-15 2.01994e-17 BessellR
53666.1 1.15795e-15 1.93667e-17 BessellR
53667.1 1.11734e-15 1.85672e-17 BessellR
53668.1 1.07804e-15 1.78005e-17 BessellR
53669.1 1.04003e-15 1.70662e-17 BessellR
53670.1 1.00327e-15 1.63637e-17 BessellR
53671.1 9.67721e-16 1.56924e-17 BessellR
53672.1 9.33362e-16 1.50516e-17 BessellR
53673.1 9.00155e-16 1.44405e-17 BessellR
53674.1 8.68069e-16 1.38583e-17 BessellR
53675.1 8.37072e-16 1.3304e-17 BessellR
53676.1 8.07131e-16 1.27769e-17 BessellR
53677.1 7.78215e-16 1.2276e-17 BessellR
53678.1 7.50294e-16 1.18003e-17 BessellR
53679.1 7.23338e-16 1.13488e-17 BessellR
53680.1 6.97316e-16 1.09206e-17 BessellR
53681.1 6.72199e-16 1.05146e-17 BessellR
53682.1 6.4796e-16 1.01299e-17 BessellR
53683.1 6.24569e-16 9.76548e-18 BessellR
53684.1 6.02e-16 9.42032e-18 BessellR
53685.1 5.80225e-16 9.09347e-18 BessellR
53686.1 5.59219e-16 8.78396e-18 BessellR
53687.1 5.38957e-16 8.49086e-18 BessellR
53688.1 5.19414e-16 8.21325e-18 BessellR
53689.1 5.00565e-16 7.95023e-18 BessellR
53690.1 4.82388e-16 7.70093e-18 BessellR
53691.1 4.64859e-16 7.46452e-18 BessellR
53692.1 4.47957e-16 7.24019e-18 BessellR
53693.1 4.3166e-16 7.02717e-18 BessellR
53694.1 4.15948e-16 6.82471e-18 BessellR
53695.1 4.008e-16 6.63211e-18 BessellR
53696.1 3.86196e-16 6.44869e-18 BessellR
53697.1 3.72119e-16 6.27384e-18 BessellR
53698.1 3.58549e-16 6.10693e-18 BessellR
53699.1 3.45468e-16 5.94743e-18 BessellR
53700.1 3.3286e-16 5.79479e-18 BessellR
53701.1 3.20708e-16 5.64852e-18 BessellR
53702.1 3.08996e-16 5.50817e-18 BessellR
53703.1 2.97709e-16 5.3733e-18 BessellR
53704.1 2.8683e-16 5.24353e-18 BessellR
53705.1 2.76346e-16 5.11848e-18 BessellR
53706.1 2.66243e-16 4.99782e-18 BessellR
53707.1 2.56507e-16 4.88124e-18 BessellR
53708.1 2.47125e-16 4.76845e-18 BessellR
53709.1 2.38084e-16 4.6592e-18 BessellR
53710.1 2.29372e-16 4.55323e-18 BessellR
53711.1 2.20978e-16 4.45034e-18 BessellR
53712.1 2.12889e-16 4.35033e-18 BessellR
53713.1 2.05095e-16 4.25301e-18 BessellR
53714.1 1.97586e-16 4.15823e-18 BessellR
53715.1 1.9035e-16 4.06583e-18 BessellR
53716.1 1.83379e-16 3.97568e-18 BessellR
53717.1 1.76661e-16 3.88766e-18 BessellR
53718.1 1.7019e-16 3.80165e-18 BessellR
53719.1 1.63954e-16 3.71757e-18 BessellR
53720.1 1.57947e-16 3.63531e-18 BessellR
53721.1 1.52159e-16 3.5548e-18 BessellR
53722.1 1.46583e-16 3.47597e-18 BessellR
53723.1 1.4121e-16 3.39875e-18 BessellR
53724.1 1.36034e-16 3.32308e-18 BessellR
53725.1 1.31048e-16 3.24891e-18 BessellR
53726.1 1.26244e-16 3.17619e-18 BessellR
53727.1 1.21615e-16 3.10488e-18 BessellR
53728.1 1.17156e-16 3.03493e-18 BessellR
53729.1 1.12861e-16 2.96632e-18 BessellR
53730.1 1.08723e-16 2.89901e-18 BessellR
53731.1 1.04736e-16 2.83296e-18 BessellR
53732.1 1.00895e-16 2.76816e-18 BessellR
53733.1 9.7195e-17 2.70457e-18 BessellR
53734.1 9.36305e-17 2.64218e-18 BessellR
53735.1 9.01967e-17 2.58097e-18 BessellR
53736.1 8.68886e-17 2.5209e-18 BessellR
53737.1 8.37018e-17 2.46197e-18 BessellR
53738.1 8.06317e-17 2.40416e-18 BessellR
53739.1 7.76742e-17 2.34745e-18 BessellR
53740.1 7.48251e-17 2.29182e-18 BessellR
53741.1 7.20805e-17 2.23727e-18 BessellR
53742.1 6.94364e-17 2.18377e-18 BessellR
53743.1 6.68893e-17 2.13131e-18 BessellR
53744.1 6.44356e-17 2.07988e-18 BessellR
53745.1 6.20719e-17 2.02946e-18 BessellR
53746.1 5.97948e-17 1.98004e-18 BessellR
53747.1 5.76013e-17 1.93161e-18 BessellR
53748.1 5.54882e-17 1.88416e-18 BessellR
53749.1 5.34526e-17 1.83767e-18 BessellR
53750.1 5.14916e-17 1.79213e-18 BessellR
53751.1 4.96026e-17 1.74753e-18 BessellR
53752.1 4.77828e-17 1.70385e-18 BessellR
53753.1 4.60298e-17 1.66109e-18 BessellR
53754.1 4.43411e-17 1.61922e-18 BessellR
53755.1 4.27144e-17 1.57825e-18 BessellR
53756.1 4.11473e-17 1.53815e-18 BessellR
53757.1 3.96377e-17 1.49891e-18 BessellR
53758.1 3.81835e-17 1.46052e-18 BessellR
53759.1 3.67826e-17 1.42298e-18 BessellR
53760.1 3.54331e-17 1.38625e-18 BessellR
53761.1 3.41332e-17 1.35035e-18 BessellR
53762.1 3.28809e-17 1.31524e-18 BessellR
53763.1 3.16745e-17 1.28092e-18 BessellR
53764.1 3.05125e-17 1.24737e-18 BessellR
53765.1 2.9393e-17 1.21459e-18 BessellR
53766.1 2.83146e-17 1.18256e-18 BessellR
53767.1 2.72758e-17 1.15126e-18 BessellR
53768.1 2.62751e-17 1.1207e-18 BessellR
53769.1 2.53111e-17 1.09084e-18 BessellR
53770.1 2.43825e-17 1.06169e-18 BessellR
53771.1 2.3488e-17 1.03322e-18 BessellR
53772.1 2.26263e-17 1.00543e-18 BessellR
53773.1 2.17962e-17 9.783e-19 BessellR
53774.1 2.09965e-17 9.51823e-19 BessellR
53775.1 2.02262e-17 9.25986e-19 BessellR
53776.1 1.94841e-17 9.00775e-19 BessellR
53777.1 1.87693e-17 8.76179e-19 BessellR
53778.1 1.80807e-17 8.52187e-19 BessellR
53779.1 1.74174e-17 8.28785e-19 BessellR
53780.1 1.67784e-17 8.05963e-19 BessellR
53781.1 1.61629e-17 7.83709e-19 BessellR
53782.1 1.55699e-17 7.62011e-19 BessellR
53783.1 1.49987e-17 7.40859e-19 BessellR
53784.1 1.44484e-17 7.2024e-19 BessellR
53785.1 1.39184e-17 7.00143e-19 BessellR
53786.1 1.34078e-17 6.80559e-19 BessellR
53787.1 1.29159e-17 6.61475e-19 BessellR
53788.1 1.24421e-17 6.4288e-19 BessellR
53789.1 1.19856e-17 6.24766e-19 BessellR
53790.1 1.15459e-17 6.0712e-19 BessellR
53791.1 1.11224e-17 5.89933e-19 BessellR
53792.1 1.07143e-17 5.73194e-19 BessellR
53793.1 1.03213e-17 5.56893e-19 BessellR
53794.1 9.94264e-18 5.41021e-19 BessellR
53795.1 9.5779e-18 5.25568e-19 BessellR
53796.1 9.22654e-18 5.10524e-19 BessellR
53797.1 8.88807e-18 4.95879e-19 BessellR
53798.1 8.56202e-18 4.81626e-19 BessellR
53799.1 8.24793e-18 4.67753e-19 BessellR
53800.1 7.94537e-18 4.54253e-19 BessellR
53801.1 7.65391e-18 4.41116e-19 BessellR
53802.1 7.37314e-18 4.28335e-19 BessellR
53803.1 7.10267e-18 4.15899e-19 BessellR
53804.1 6.84212e-18 4.03802e-19 BessellR
53805.1 6.59114e-18 3.92035e-19 BessellR
53806.1 6.34936e-18 3.8059e-19 BessellR
53807.1 6.11645e-18 3.69458e-19 BessellR
53808.1 5.89209e-18 3.58633e-19 BessellR
53809.1 5.67595e-18 3.48107e-19 BessellR
53810.1 5.46775e-18 3.37871e-19 BessellR
53811.1 5.26719e-18 3.2792e-19 BessellR
53812.1 5.07398e-18 3.18246e-19 BessellR
53813.1 4.88786e-18 3.08841e-19 BessellR
53814.1 4.70857e-18 2.99699e-19 BessellR
53815.1 4.53586e-18 2.90814e-19 BessellR
53816.1 4.36948e-18 2.82178e-19 BessellR
53817.1 4.20921e-18 2.73785e-19 BessellR
53818.1 4.05482e-18 2.6563e-19 BessellR
53819.1 3.90609e-18 2.57705e-19 BessellR
53820.1 3.76281e-18 2.50005e-19 BessellR
53821.1 3.6248e-18 2.42524e-19 BessellR
53822.1 3.49184e-18 2.35257e-19 BessellR
53823.1 3.36377e-18 2.28196e-19 BessellR
53824.1 3.24039e-18 2.21338e-19 BessellR
53825.1 3.12154e-18 2.14677e-19 BessellR
53826.1 3.00704e-18 2.08208e-19 BessellR
53827.1 2.89675e-18 2.01924e-19 BessellR
53828.1 2.7905e-18 1.95822e-19 BessellR
53829.1 2.68816e-18 1.89897e-19 BessellR
53830.1 2.58956e-18 1.84143e-19 BessellR
53831.1 2.49458e-18 1.78557e-19 BessellR
53832.1 2.40309e-18 1.73132e-19 BessellR
53833.1 2.31495e-18 1.67866e-19 BessellR
53834.1 2.23005e-18 1.62754e-19 BessellR
53835.1 2.14826e-18 1.57792e-19 BessellR
53836.1 2.06947e-18 1.52975e-19 BessellR
53837.1 1.99357e-18 1.48299e-19 BessellR
53838.1 1.92046e-18 1.43761e-19 BessellR
53839.1 1.85002e-18 1.39356e-19 BessellR
53840.1 1.78217e-18 1.35082e-19 BessellR
53841.1 1.71681e-18 1.30934e-19 BessellR
53842.1 1.65385e-18 1.26909e-19 BessellR
53843.1 1.59319e-18 1.23003e-19 BessellR
53844.1 1.53476e-18 1.19213e-19 BessellR
53845.1 1.47848e-18 1.15536e-19 BessellR
53846.1 1.42426e-18 1.11969e-19 BessellR
53847.1 1.37202e-18 1.08508e-19 BessellR
53848.1 1.32171e-18 1.0515e-19 BessellR
53849.1 1.27324e-18 1.01893e-19 BessellR
53850.1 1.22654e-18 9.87339e-20 BessellR
53851.1 1.18156e-18 9.56694e-20 BessellR
53852.1 1.13823e-18 9.26971e-20 BessellR
53853.1 1.09649e-18 8.98143e-20 BessellR
53854.1 1.05628e-18 8.70184e-20 BessellR
53855.1 1.01754e-18 8.43069e-20 BessellR
53856.1 9.80229e-19 8.16774e-20 BessellR
53857.1 9.44283e-19 7.91275e-20 BessellR
53858.1 9.09655e-19 7.6655e-20 BessellR
53859.1 8.76297e-19 7.42574e-20 BessellR
53860.1 8.44163e-19 7.19328e-20 BessellR
53861.1 8.13207e-19 6.96789e-20 BessellR
53862.1 7.83386e-19 6.74937e-20 BessellR
53863.1 7.5466e-19 6.53751e-20 BessellR
53864.1 7.26986e-19 6.33212e-20 BessellR
53865.1 7.00328e-19 6.13302e-20 BessellR
53866.1 6.74647e-19 5.94001e-20 BessellR
53867.1 6.49909e-19 5.75292e-20 BessellR
53868.1 6.26077e-19 5.57157e-20 BessellR
53869.1 6.0312e-19 5.39579e-20 BessellR
53870.1 5.81004e-19 5.22542e-20 BessellR
53871.1 5.597e-19 5.06029e-20 BessellR
53872.1 5.39177e-19 4.90026e-20 BessellR
53873.1 5.19406e-19 4.74516e-20 BessellR
53874.1 5.00361e-19 4.59486e-20 BessellR
53875.1 4.82014e-19 4.4492e-20 BessellR
53876.1 4.6434e-19 4.30805e-20 BessellR
53877.1 4.47314e-19 4.17128e-20 BessellR
53878.1 4.30912e-19 4.03875e-20 BessellR
53879.1 4.15112e-19 3.91034e-20 BessellR
53880.1 3.99892e-19 3.78592e-20 BessellR
53881.1 3.85229e-19 3.66536e-20 BessellR
53882.1 3.71104e-19 3.54857e-20 BessellR
53883.1 3.57498e-19 3.43541e-20 BessellR
53884.1 3.4439e-19 3.32579e-20 BessellR
53885.1 3.31763e-19 3.21959e-20 BessellR
53886.1 3.19599e-19 3.11671e-20 BessellR
53887.1 3.07881e-19 3.01705e-20 BessellR
53888.1 2.96592e-19 2.92051e-20 BessellR
53889.1 2.85718e-19 2.827e-20 BessellR
53890.1 2.75242e-19 2.73642e-20 BessellR
53891.1 2.65151e-19 2.64869e-20 BessellR
53468.1 2.74e-15 4.64993e-17 BessellV
53469.1 2.76775e-15 4.64491e-17 BessellV
53470.1 2.7957e-15 4.63913e-17 BessellV
53471.1 2.82384e-15 4.63257e-17 BessellV
53472.1 2.85218e-15 4.62522e-17 BessellV
53473.1 2.88071e-15 4.61706e-17 BessellV
53474.1 2.90943e-15 4.60808e-17 BessellV
53475.1 2.93834e-15 4.59826e-17 BessellV
53476.1 2.96743e-15 4.58759e-17 BessellV
53477.1 2.9967e-15 4.57606e-17 BessellV
53478.1 3.02616e-15 4.56365e-17 BessellV
53479.1 3.05578e-15 4.55034e-17 BessellV
53480.1 3.08559e-15 4.53612e-17 BessellV
53481.1 3.11555e-15 4.52099e-17 BessellV
53482.1 3.14569e-15 4.50492e-17 BessellV
53483.1 3.17598e-15 4.4879e-17 BessellV
53484.1 3.20643e-15 4.46993e-17 BessellV
53485.1 3.23703e-15 4.45098e-17 BessellV
53486.1 3.26778e-15 4.43104e-17 BessellV
53487.1 3.29867e-15 4.41011e-17 BessellV
53488.1 3.3297e-15 4.38817e-17 BessellV
53489.1 3.36086e-15 4.36521e-17 BessellV
53490.1 3.39214e-15 4.34122e-17 BessellV
53491.1 3.42354e-15 4.31619e-17 BessellV
53492.1 3.45505e-15 4.29012e-17 BessellV
53493.1 3.48667e-15 4.26298e-17 BessellV
53494.1 3.51838e-15 4.23479e-17 BessellV
53495.1 3.55019e-15 4.20552e-17 BessellV
53496.1 3.58208e-15 4.17517e-17 BessellV
53497.1 3.61405e-15 4.14374e-17 BessellV
53498.1 3.64609e-15 4.11121e-17 BessellV
53499.1 3.67818e-15 4.0776e-17 BessellV
53500.1 3.71033e-15 4.04289e-17 BessellV
53501.1 3.74252e-15 4.00708e-17 BessellV
53502.1 3.77473e-15 3.97017e-17 BessellV
53503.1 3.80697e-15 3.93217e-17 BessellV
53504.1 3.83923e-15 3.89307e-17 BessellV
53505.1 3.87148e-15 3.85288e-17 BessellV
53506.1 3.90373e-15 3.81159e-17 BessellV
53507.1 3.93595e-15 3.76922e-17 BessellV
53508.1 3.96814e-15 3.72578e-17 BessellV
53509.1 4.00029e-15 3.68127e-17 BessellV
53510.1 4.03238e-15 3.6357e-17 BessellV
53511.1 4.0644e-15 3.58908e-17 BessellV
53512.1 4.09634e-15 3.54143e-17 BessellV
53513.1 4.12819e-15 3.49276e-17 BessellV
53514.1 4.15992e-15 3.4431e-17 BessellV
53515.1 4.19153e-15 3.39245e-17 BessellV
53516.1 4.22301e-15 3.34084e-17 BessellV
53517.1 4.25433e-15 3.28829e-17 BessellV
53518.1 4.28549e-15 3.23484e-17 BessellV
53519.1 4.31646e-15 3.18049e-17 BessellV
53520.1 4.34723e-15 3.1253e-17 BessellV
53521.1 4.37779e-15 3.06928e-17 BessellV
53522.1 4.40812e-15 3.01248e-17 BessellV
53523.1 4.4382e-15 2.95492e-17 BessellV
53524.1 4.46801e-15 2.89666e-17 BessellV
53525.1 4.49754e-15 2.83773e-17 BessellV
53526.1 4.52677e-15 2.77817e-17 BessellV
53527.1 4.55569e-15 2.71805e-17 BessellV
53528.1 4.58427e-15 2.6574e-17 BessellV
53529.1 4.61249e-15 2.59629e-17 BessellV
53530.1 4.64034e-15 2.53477e-17 BessellV
53531.1 4.6678e-15 2.47291e-17 BessellV
53532.1 4.69484e-15 2.41076e-17 BessellV
53533.1 4.72146e-15 2.3484e-17 BessellV
53534.1 4.74762e-15 2.28591e-17 BessellV
53535.1 4.77332e-15 2.22335e-17 BessellV
53536.1 4.79853e-15 2.1608e-17 BessellV
53537.1 4.82323e-15 2.09837e-17 BessellV
53538.1 4.8474e-15 2.03612e-17 BessellV
53539.1 4.87102e-15 1.97417e-17 BessellV
53540.1 4.89407e-15 1.9126e-17 BessellV
53541.1 4.91654e-15 1.85154e-17 BessellV
53542.1 4.93839e-15 1.79108e-17 BessellV
53543.1 4.95962e-15 1.73134e-17 BessellV
53544.1 4.9802e-15 1.67246e-17 BessellV
53545.1 5.00012e-15 1.61456e-17 BessellV
53546.1 5.01934e-15 1.55777e-17 BessellV
53547.1 5.03787e-15 1.50225e-17 BessellV
53548.1 5.05567e-15 1.44815e-17 BessellV
53549.1 5.07272e-15 1.39562e-17 BessellV
53550.1 5.08902e-15 1.34483e-17 BessellV
53551.1 5.10453e-15 1.29596e-17 BessellV
53552.1 5.11925e-15 1.24917e-17 BessellV
53553.1 5.13315e-15 1.20465e-17 BessellV
53554.1 5.14623e-15 1.16258e-17 BessellV
53555.1 5.15845e-15 1.12314e-17 BessellV
53556.1 5.16982e-15 1.0865e-17 BessellV
53557.1 5.1803e-15 1.05281e-17 BessellV
53558.1 5.18989e-15 1.02222e-17 BessellV
53559.1 5.19858e-15 9.94859e-18 BessellV
53560.1 5.20635e-15 9.70802e-18 BessellV
53561.1 5.21318e-15 9.50108e-18 BessellV
53562.1 5.21907e-15 9.32788e-18 BessellV
53563.1 5.224e-15 9.18809e-18 BessellV
53564.1 5.22797e-15 9.0809e-18 BessellV
53565.1 5.23096e-15 9.00506e-18 BessellV
53566.1 5.23297e-15 8.95888e-18 BessellV
53567.1 5.23399e-15 8.9403e-18 BessellV
53568.1 5.234e-15 8.94695e-18 BessellV
53569.1 5.23301e-15 8.97628e-18 BessellV
53570.1 5.23101e-15 9.02555e-18 BessellV
53571.1 5.228e-15 9.09202e-18 BessellV
53572.1 5.22397e-15 9.17294e-18 BessellV
53573.1 5.21892e-15 9.26565e-18 BessellV
53574.1 5.21284e-15 9.3676e-18 BessellV
53575.1 5.20575e-15 9.47643e-18 BessellV
53576.1 5.19763e-15 9.58995e-18 BessellV
53577.1 5.1885e-15 9.70617e-18 BessellV
53578.1 5.17835e-15 9.8233e-18 BessellV
53579.1 5.16719e-15 9.93976e-18 BessellV
53580.1 5.15502e-15 1.00542e-17 BessellV
53581.1 5.14185e-15 1.01653e-17 BessellV
53582.1 5.12768e-15 1.02722e-17 BessellV
53583.1 5.11253e-15 1.03739e-17 BessellV
53584.1 5.0964e-15 1.04699e-17 BessellV
53585.1 5.0793e-15 1.05596e-17 BessellV
53586.1 5.06125e-15 1.06426e-17 BessellV
53587.1 5.04225e-15 1.07186e-17 BessellV
53588.1 5.02231e-15 1.07875e-17 BessellV
53589.1 5.00146e-15 1.08492e-17 BessellV
53590.1 4.9797e-15 1.0904e-17 BessellV
53591.1 4.95706e-15 1.09518e-17 BessellV
53592.1 4.93354e-15 1.0993e-17 BessellV
53593.1 4.90916e-15 1.1028e-17 BessellV
53594.1 4.88394e-15 1.10571e-17 BessellV
53595.1 4.85791e-15 1.10809e-17 BessellV
53596.1 4.83107e-15 1.10998e-17 BessellV
53597.1 4.80345e-15 1.11145e-17 BessellV
53598.1 4.77506e-15 1.11257e-17 BessellV
53599.1 4.74594e-15 1.1134e-17 BessellV
53600.1 4.71609e-15 1.11401e-17 BessellV
53601.1 4.68555e-15 1.11448e-17 BessellV
53602.1 4.65433e-15 1.11488e-17 BessellV
53603.1 4.62245e-15 1.1153e-17 BessellV
53604.1 4.58995e-15 1.1158e-17 BessellV
53605.1 4.55684e-15 1.11647e-17 BessellV
53606.1 4.52314e-15 1.11737e-17 BessellV
53607.1 4.48888e-15 1.11858e-17 BessellV
53608.1 4.45409e-15 1.12017e-17 BessellV
53609.1 4.41878e-15 1.1222e-17 BessellV
53610.1 4.38298e-15 1.12473e-17 BessellV
53611.1 4.34672e-15 1.12782e-17 BessellV
53612.1 4.31003e-15 1.13151e-17 BessellV
53613.1 4.27291e-15 1.13583e-17 BessellV
53614.1 4.2354e-15 1.14084e-17 BessellV
53615.1 4.19753e-15 1.14654e-17 BessellV
53616.1 4.15931e-15 1.15297e-17 BessellV
53617.1 4.12077e-15 1.16012e-17 BessellV
53618.1 4.08194e-15 1.16801e-17 BessellV
53619.1 4.04283e-15 1.17662e-17 BessellV
53620.1 4.00348e-15 1.18596e-17 BessellV
53621.1 3.9639e-15 1.19599e-17 BessellV
53622.1 3.92411e-15 1.20671e-17 BessellV
53623.1 3.88415e-15 1.21807e-17 BessellV
53624.1 3.84402e-15 1.23004e-17 BessellV
53625.1 3.80376e-15 1.24259e-17 BessellV
53626.1 3.76338e-15 1.25568e-17 BessellV
53627.1 3.7229e-15 1.26925e-17 BessellV
53628.1 3.68235e-15 1.28327e-17 BessellV
53629.1 3.64174e-15 1.29768e-17 BessellV
53630.1 3.6011e-15 1.31243e-17 BessellV
53631.1 3.56044e-15 1.32748e-17 BessellV
53632.1 3.51979e-15 1.34277e-17 BessellV
53633.1 3.47915e-15 1.35825e-17 BessellV
53634.1 3.43855e-15 1.37387e-17 BessellV
53635.1 3.398e-15 1.38959e-17 BessellV
53636.1 3.35753e-15 1.40535e-17 BessellV
53637.1 3.31714e-15 1.42112e-17 BessellV
53638.1 3.27686e-15 1.43684e-17 BessellV
53639.1 3.23669e-15 1.45247e-17 BessellV
53640.1 3.19665e-15 1.46797e-17 BessellV
53641.1 3.15677e-15 1.48331e-17 BessellV
53642.1 3.11704e-15 1.49845e-17 BessellV
53643.1 3.07748e-15 1.51335e-17 BessellV
53644.1 3.03811e-15 1.52798e-17 BessellV
53645.1 2.99894e-15 1.54231e-17 BessellV
53646.1 2.95997e-15 1.55632e-17 BessellV
53647.1 2.92122e-15 1.56997e-17 BessellV
53648.1 2.88271e-15 1.58325e-17 BessellV
53649.1 2.84443e-15 1.59613e-17 BessellV
53650.1 2.8064e-15 1.60859e-17 BessellV
53651.1 2.76863e-15 1.62062e-17 BessellV
53652.1 2.73112e-15 1.6322e-17 BessellV
53653.1 2.69389e-15 1.64332e-17 BessellV
53654.1 2.65694e-15 1.65396e-17 BessellV
53655.1 2.62029e-15 1.66411e-17 BessellV
53656.1 2.58392e-15 1.67376e-17 BessellV
53657.1 2.54786e-15 1.68292e-17 BessellV
53658.1 2.51211e-15 1.69156e-17 BessellV
53659.1 2.47667e-15 1.69969e-17 BessellV
53660.1 2.44154e-15 1.7073e-17 BessellV
53661.1 2.40675e-15 1.71439e-17 BessellV
53662.1 2.37227e-15 1.72096e-17 BessellV
53663.1 2.33813e-15 1.727e-17 BessellV
53664.1 2.30433e-15 1.73253e-17 BessellV
53665.1 2.27086e-15 1.73754e-17 BessellV
53666.1 2.23773e-15 1.74203e-17 BessellV
53667.1 2.20495e-15 1.74601e-17 BessellV
53668.1 2.17251e-15 1.74948e-17 BessellV
53669.1 2.14042e-15 1.75244e-17 BessellV
53670.1 2.10868e-15 1.75491e-17 BessellV
53671.1 2.07729e-15 1.75689e-17 BessellV
53672.1 2.04626e-15 1.75838e-17 BessellV
53673.1 2.01557e-15 1.75939e-17 BessellV
53674.1 1.98524e-15 1.75993e-17 BessellV
53675.1 1.95527e-15 1.76001e-17 BessellV
53676.1 1.92564e-15 1.75964e-17 BessellV
53677.1 1.89638e-15 1.75882e-17 BessellV
53678.1 1.86746e-15 1.75756e-17 BessellV
53679.1 1.8389e-15 1.75587e-17 BessellV
53680.1 1.8107e-15 1.75377e-17 BessellV
53681.1 1.78284e-15 1.75126e-17 BessellV
53682.1 1.75534e-15 1.74835e-17 BessellV
53683.1 1.72818e-15 1.74505e-17 BessellV
53684.1 1.70138e-15 1.74137e-17 BessellV
53685.1 1.67492e-15 1.73733e-17 BessellV
53686.1 1.64881e-15 1.73292e-17 BessellV
53687.1 1.62304e-15 1.72817e-17 BessellV
53688.1 1.59762e-15 1.72308e-17 BessellV
53689.1 1.57254e-15 1.71766e-17 BessellV
53690.1 1.54779e-15 1.71192e-17 BessellV
53691.1 1.52338e-15 1.70587e-17 BessellV
53692.1 1.4993e-15 1.69953e-17 BessellV
53693.1 1.47556e-15 1.6929e-17 BessellV
53694.1 1.45214e-15 1.68599e-17 BessellV
53695.1 1.42905e-15 1.67881e-17 BessellV
53696.1 1.40629e-15 1.67138e-17 BessellV
53697.1 1.38384e-15 1.66369e-17 BessellV
53698.1 1.36172e-15 1.65577e-17 BessellV
53699.1 1.3399e-15 1.64761e-17 BessellV
53700.1 1.31841e-15 1.63924e-17 BessellV
53701.1 1.29722e-15 1.63065e-17 BessellV
