54842.5 1.3655e-16 1.49376e-17 BessellB
54843.5 1.38625e-16 1.49385e-17 BessellB
54844.5 1.40731e-16 1.49364e-17 BessellB
54845.5 1.42871e-16 1.49312e-17 BessellB
54846.5 1.45043e-16 1.49228e-17 BessellB
54847.5 1.47248e-16 1.49112e-17 BessellB
54848.5 1.49487e-16 1.48963e-17 BessellB
54849.5 1.51761e-16 1.4878e-17 BessellB
54850.5 1.5407e-16 1.48563e-17 BessellB
54851.5 1.56414e-16 1.4831e-17 BessellB
54852.5 1.58794e-16 1.48022e-17 BessellB
54853.5 1.6121e-16 1.47698e-17 BessellB
54854.5 1.63664e-16 1.47336e-17 BessellB
54855.5 1.66155e-16 1.46937e-17 BessellB
54856.5 1.68685e-16 1.465e-17 BessellB
54857.5 1.71253e-16 1.46024e-17 BessellB
54858.5 1.7386e-16 1.45509e-17 BessellB
54859.5 1.76508e-16 1.44955e-17 BessellB
54860.5 1.79196e-16 1.4436e-17 BessellB
54861.5 1.81924e-16 1.43725e-17 BessellB
54862.5 1.84695e-16 1.4305e-17 BessellB
54863.5 1.87507e-16 1.42333e-17 BessellB
54864.5 1.90363e-16 1.41575e-17 BessellB
54865.5 1.93261e-16 1.40777e-17 BessellB
54866.5 1.96204e-16 1.39937e-17 BessellB
54867.5 1.99191e-16 1.39056e-17 BessellB
54868.5 2.02223e-16 1.38135e-17 BessellB
54869.5 2.05301e-16 1.37173e-17 BessellB
54870.5 2.08425e-16 1.36171e-17 BessellB
54871.5 2.11596e-16 1.3513e-17 BessellB
54872.5 2.14814e-16 1.34051e-17 BessellB
54873.5 2.18079e-16 1.32934e-17 BessellB
54874.5 2.21393e-16 1.31781e-17 BessellB
54875.5 2.24755e-16 1.30593e-17 BessellB
54876.5 2.28167e-16 1.29372e-17 BessellB
54877.5 2.31628e-16 1.28119e-17 BessellB
54878.5 2.35138e-16 1.26837e-17 BessellB
54879.5 2.38699e-16 1.25528e-17 BessellB
54880.5 2.4231e-16 1.24194e-17 BessellB
54881.5 2.45972e-16 1.22838e-17 BessellB
54882.5 2.49684e-16 1.21464e-17 BessellB
54883.5 2.53447e-16 1.20074e-17 BessellB
54884.5 2.5726e-16 1.18673e-17 BessellB
54885.5 2.61124e-16 1.17265e-17 BessellB
54886.5 2.65037e-16 1.15854e-17 BessellB
54887.5 2.69e-16 1.14444e-17 BessellB
54888.5 2.73012e-16 1.1304e-17 BessellB
54889.5 2.77072e-16 1.11648e-17 BessellB
54890.5 2.81178e-16 1.10271e-17 BessellB
54891.5 2.85331e-16 1.08916e-17 BessellB
54892.5 2.89527e-16 1.07587e-17 BessellB
54893.5 2.93765e-16 1.06289e-17 BessellB
54894.5 2.98044e-16 1.05027e-17 BessellB
54895.5 3.0236e-16 1.03804e-17 BessellB
54896.5 3.0671e-16 1.02626e-17 BessellB
54897.5 3.1109e-16 1.01493e-17 BessellB
54898.5 3.15498e-16 1.0041e-17 BessellB
54899.5 3.19927e-16 9.9375e-18 BessellB
54900.5 3.24373e-16 9.83895e-18 BessellB
54901.5 3.28829e-16 9.74512e-18 BessellB
54902.5 3.33288e-16 9.65571e-18 BessellB
54903.5 3.37743e-16 9.57023e-18 BessellB
54904.5 3.42184e-16 9.48803e-18 BessellB
54905.5 3.46601e-16 9.40834e-18 BessellB
54906.5 3.50983e-16 9.33022e-18 BessellB
54907.5 3.55317e-16 9.2526e-18 BessellB
54908.5 3.59589e-16 9.17436e-18 BessellB
54909.5 3.63783e-16 9.0943e-18 BessellB
54910.5 3.67881e-16 9.01127e-18 BessellB
54911.5 3.71863e-16 8.92419e-18 BessellB
54912.5 3.75708e-16 8.83214e-18 BessellB
54913.5 3.79393e-16 8.73447e-18 BessellB
54914.5 3.8289e-16 8.63092e-18 BessellB
54915.5 3.86173e-16 8.52168e-18 BessellB
54916.5 3.8921e-16 8.40755e-18 BessellB
54917.5 3.91969e-16 8.29003e-18 BessellB
54918.5 3.94413e-16 8.17139e-18 BessellB
54919.5 3.96506e-16 8.05467e-18 BessellB
54920.5 3.98209e-16 7.94369e-18 BessellB
54921.5 3.99478e-16 7.84285e-18 BessellB
54922.5 4.00273e-16 7.75684e-18 BessellB
54923.5 4.00548e-16 7.69025e-18 BessellB
54924.5 4.00261e-16 7.64694e-18 BessellB
54925.5 3.99367e-16 7.62947e-18 BessellB
54926.5 3.97824e-16 7.63845e-18 BessellB
54927.5 3.95593e-16 7.67209e-18 BessellB
54928.5 3.92636e-16 7.72597e-18 BessellB
54929.5 3.88921e-16 7.79327e-18 BessellB
54930.5 3.84423e-16 7.86518e-18 BessellB
54931.5 3.79124e-16 7.93179e-18 BessellB
54932.5 3.73013e-16 7.98308e-18 BessellB
54933.5 3.6609e-16 8.01014e-18 BessellB
54934.5 3.58366e-16 8.00637e-18 BessellB
54935.5 3.49862e-16 7.96874e-18 BessellB
54936.5 3.40614e-16 7.89888e-18 BessellB
54937.5 3.30665e-16 7.80397e-18 BessellB
54938.5 3.20075e-16 7.69726e-18 BessellB
54939.5 3.08911e-16 7.59772e-18 BessellB
54940.5 2.97251e-16 7.52865e-18 BessellB
54941.5 2.85179e-16 7.51474e-18 BessellB
54942.5 2.72787e-16 7.57783e-18 BessellB
54943.5 2.60169e-16 7.73227e-18 BessellB
54944.5 2.47419e-16 7.9815e-18 BessellB
54945.5 2.34633e-16 8.31741e-18 BessellB
54946.5 2.219e-16 8.72239e-18 BessellB
54947.5 2.09305e-16 9.1731e-18 BessellB
54948.5 1.96927e-16 9.64435e-18 BessellB
54949.5 1.84834e-16 1.01121e-17 BessellB
54950.5 1.73088e-16 1.05553e-17 BessellB
54951.5 1.6174e-16 1.09568e-17 BessellB
54952.5 1.5083e-16 1.13038e-17 BessellB
54953.5 1.4039e-16 1.15872e-17 BessellB
54954.5 1.30444e-16 1.18019e-17 BessellB
54955.5 1.21005e-16 1.19457e-17 BessellB
54956.5 1.12082e-16 1.20189e-17 BessellB
54957.5 1.03673e-16 1.20241e-17 BessellB
54958.5 9.57737e-17 1.19653e-17 BessellB
54959.5 8.83747e-17 1.18475e-17 BessellB
54960.5 8.14619e-17 1.16766e-17 BessellB
54961.5 7.50186e-17 1.14589e-17 BessellB
54962.5 6.90256e-17 1.12006e-17 BessellB
54963.5 6.34622e-17 1.0908e-17 BessellB
54964.5 5.83066e-17 1.05871e-17 BessellB
54965.5 5.35365e-17 1.02437e-17 BessellB
54966.5 4.91292e-17 9.88299e-18 BessellB
54967.5 4.50625e-17 9.50976e-18 BessellB
54968.5 4.13141e-17 9.12833e-18 BessellB
54969.5 3.78628e-17 8.74254e-18 BessellB
54970.5 3.4688e-17 8.35574e-18 BessellB
54971.5 3.17697e-17 7.97082e-18 BessellB
54972.5 2.90894e-17 7.59026e-18 BessellB
54973.5 2.66291e-17 7.21613e-18 BessellB
54974.5 2.43721e-17 6.85014e-18 BessellB
54975.5 2.23027e-17 6.49371e-18 BessellB
54976.5 2.04061e-17 6.14793e-18 BessellB
54977.5 1.86686e-17 5.81366e-18 BessellB
54978.5 1.70773e-17 5.49151e-18 BessellB
54979.5 1.56204e-17 5.18194e-18 BessellB
54980.5 1.4287e-17 4.88519e-18 BessellB
54981.5 1.30667e-17 4.6014e-18 BessellB
54982.5 1.19503e-17 4.33056e-18 BessellB
54983.5 1.0929e-17 4.07258e-18 BessellB
54984.5 9.99498e-18 3.82726e-18 BessellB
54985.5 9.14075e-18 3.59436e-18 BessellB
54986.5 8.35961e-18 3.37357e-18 BessellB
54987.5 7.64536e-18 3.16454e-18 BessellB
54988.5 6.99232e-18 2.96688e-18 BessellB
54989.5 6.39526e-18 2.78019e-18 BessellB
54990.5 5.84941e-18 2.60404e-18 BessellB
54991.5 5.35037e-18 2.438e-18 BessellB
54992.5 4.89414e-18 2.28162e-18 BessellB
54993.5 4.47705e-18 2.13446e-18 BessellB
54994.5 4.09573e-18 1.99609e-18 BessellB
54995.5 3.74712e-18 1.86607e-18 BessellB
54996.5 3.42839e-18 1.74398e-18 BessellB
54997.5 3.13697e-18 1.62941e-18 BessellB
54998.5 2.87052e-18 1.52195e-18 BessellB
54999.5 2.62688e-18 1.42121e-18 BessellB
55000.5 2.4041e-18 1.32683e-18 BessellB
55001.5 2.20036e-18 1.23845e-18 BessellB
54842.5 7.44886e-17 4.89286e-18 BessellI
54843.5 7.94734e-17 4.92813e-18 BessellI
54844.5 8.4766e-17 4.94941e-18 BessellI
54845.5 9.03813e-17 4.95606e-18 BessellI
54846.5 9.6334e-17 4.9478e-18 BessellI
54847.5 1.02639e-16 4.92491e-18 BessellI
54848.5 1.09311e-16 4.8884e-18 BessellI
54849.5 1.16363e-16 4.84035e-18 BessellI
54850.5 1.23811e-16 4.7842e-18 BessellI
54851.5 1.31665e-16 4.72515e-18 BessellI
54852.5 1.39938e-16 4.67065e-18 BessellI
54853.5 1.48639e-16 4.6307e-18 BessellI
54854.5 1.57779e-16 4.61801e-18 BessellI
54855.5 1.67362e-16 4.64769e-18 BessellI
54856.5 1.77393e-16 4.73618e-18 BessellI
54857.5 1.87875e-16 4.89943e-18 BessellI
54858.5 1.98804e-16 5.1507e-18 BessellI
54859.5 2.10177e-16 5.49867e-18 BessellI
54860.5 2.21984e-16 5.94662e-18 BessellI
54861.5 2.34213e-16 6.49272e-18 BessellI
54862.5 2.46845e-16 7.13116e-18 BessellI
54863.5 2.59858e-16 7.85343e-18 BessellI
54864.5 2.73225e-16 8.64927e-18 BessellI
54865.5 2.86912e-16 9.50739e-18 BessellI
54866.5 3.00883e-16 1.04157e-17 BessellI
54867.5 3.15093e-16 1.13617e-17 BessellI
54868.5 3.29494e-16 1.23323e-17 BessellI
54869.5 3.44032e-16 1.33141e-17 BessellI
54870.5 3.58649e-16 1.42935e-17 BessellI
54871.5 3.73284e-16 1.52565e-17 BessellI
54872.5 3.87871e-16 1.61895e-17 BessellI
54873.5 4.02342e-16 1.7079e-17 BessellI
54874.5 4.16628e-16 1.79121e-17 BessellI
54875.5 4.30658e-16 1.86769e-17 BessellI
54876.5 4.44363e-16 1.93625e-17 BessellI
54877.5 4.57673e-16 1.99592e-17 BessellI
54878.5 4.70524e-16 2.04591e-17 BessellI
54879.5 4.82852e-16 2.0856e-17 BessellI
54880.5 4.94598e-16 2.11456e-17 BessellI
54881.5 5.0571e-16 2.13255e-17 BessellI
54882.5 5.16141e-16 2.13953e-17 BessellI
54883.5 5.2585e-16 2.13565e-17 BessellI
54884.5 5.34803e-16 2.12124e-17 BessellI
54885.5 5.42974e-16 2.09678e-17 BessellI
54886.5 5.50344e-16 2.06291e-17 BessellI
54887.5 5.569e-16 2.02037e-17 BessellI
54888.5 5.62639e-16 1.97001e-17 BessellI
54889.5 5.67561e-16 1.91274e-17 BessellI
54890.5 5.71676e-16 1.84951e-17 BessellI
54891.5 5.74997e-16 1.78129e-17 BessellI
54892.5 5.77543e-16 1.70905e-17 BessellI
54893.5 5.79337e-16 1.63375e-17 BessellI
54894.5 5.80407e-16 1.55628e-17 BessellI
54895.5 5.80785e-16 1.4775e-17 BessellI
54896.5 5.80502e-16 1.39822e-17 BessellI
54897.5 5.79593e-16 1.31916e-17 BessellI
54898.5 5.78097e-16 1.24097e-17 BessellI
54899.5 5.76049e-16 1.16423e-17 BessellI
54900.5 5.73487e-16 1.08945e-17 BessellI
54901.5 5.70448e-16 1.01705e-17 BessellI
54902.5 5.66971e-16 9.47385e-18 BessellI
54903.5 5.6309e-16 8.80753e-18 BessellI
54904.5 5.58842e-16 8.17381e-18 BessellI
54905.5 5.5426e-16 7.57442e-18 BessellI
54906.5 5.49377e-16 7.01057e-18 BessellI
54907.5 5.44224e-16 6.48302e-18 BessellI
54908.5 5.3883e-16 5.99211e-18 BessellI
54909.5 5.33224e-16 5.53782e-18 BessellI
54910.5 5.27432e-16 5.1198e-18 BessellI
54911.5 5.21477e-16 4.73742e-18 BessellI
54912.5 5.15383e-16 4.38975e-18 BessellI
54913.5 5.09171e-16 4.07562e-18 BessellI
54914.5 5.02861e-16 3.79365e-18 BessellI
54915.5 4.9647e-16 3.54219e-18 BessellI
54916.5 4.90016e-16 3.31941e-18 BessellI
54917.5 4.83514e-16 3.12329e-18 BessellI
54918.5 4.76977e-16 2.95163e-18 BessellI
54919.5 4.70419e-16 2.80214e-18 BessellI
54920.5 4.6385e-16 2.67242e-18 BessellI
54921.5 4.57282e-16 2.5601e-18 BessellI
54922.5 4.50724e-16 2.46283e-18 BessellI
54923.5 4.44185e-16 2.37838e-18 BessellI
54924.5 4.37672e-16 2.30468e-18 BessellI
54925.5 4.31191e-16 2.23982e-18 BessellI
54926.5 4.2475e-16 2.18213e-18 BessellI
54927.5 4.18354e-16 2.13016e-18 BessellI
54928.5 4.12008e-16 2.08264e-18 BessellI
54929.5 4.05715e-16 2.03856e-18 BessellI
54930.5 3.9948e-16 1.99705e-18 BessellI
54931.5 3.93306e-16 1.95744e-18 BessellI
54932.5 3.87196e-16 1.91919e-18 BessellI
54933.5 3.81152e-16 1.88189e-18 BessellI
54934.5 3.75176e-16 1.84522e-18 BessellI
54935.5 3.69271e-16 1.80899e-18 BessellI
54936.5 3.63437e-16 1.77303e-18 BessellI
54937.5 3.57676e-16 1.73726e-18 BessellI
54938.5 3.51989e-16 1.70163e-18 BessellI
54939.5 3.46376e-16 1.66614e-18 BessellI
54940.5 3.40839e-16 1.6308e-18 BessellI
54941.5 3.35377e-16 1.59566e-18 BessellI
54942.5 3.29991e-16 1.56076e-18 BessellI
54943.5 3.24681e-16 1.52618e-18 BessellI
54944.5 3.19447e-16 1.49198e-18 BessellI
54945.5 3.14288e-16 1.45824e-18 BessellI
54946.5 3.09205e-16 1.42504e-18 BessellI
54947.5 3.04197e-16 1.39246e-18 BessellI
54948.5 2.99264e-16 1.36057e-18 BessellI
54949.5 2.94404e-16 1.32944e-18 BessellI
54950.5 2.89619e-16 1.29915e-18 BessellI
54951.5 2.84906e-16 1.26975e-18 BessellI
54952.5 2.80266e-16 1.24131e-18 BessellI
54953.5 2.75698e-16 1.21387e-18 BessellI
54954.5 2.712e-16 1.1875e-18 BessellI
54955.5 2.66772e-16 1.16222e-18 BessellI
54956.5 2.62414e-16 1.13807e-18 BessellI
54957.5 2.58125e-16 1.11508e-18 BessellI
54958.5 2.53903e-16 1.09328e-18 BessellI
54959.5 2.49749e-16 1.07267e-18 BessellI
54960.5 2.4566e-16 1.05327e-18 BessellI
54961.5 2.41636e-16 1.03507e-18 BessellI
54962.5 2.37677e-16 1.01808e-18 BessellI
54963.5 2.33781e-16 1.00228e-18 BessellI
54964.5 2.29948e-16 9.87648e-19 BessellI
54965.5 2.26177e-16 9.74169e-19 BessellI
54966.5 2.22466e-16 9.61813e-19 BessellI
54967.5 2.18815e-16 9.50545e-19 BessellI
54968.5 2.15223e-16 9.40329e-19 BessellI
54969.5 2.1169e-16 9.31122e-19 BessellI
54970.5 2.08214e-16 9.22881e-19 BessellI
54971.5 2.04794e-16 9.15558e-19 BessellI
54972.5 2.0143e-16 9.09102e-19 BessellI
54973.5 1.9812e-16 9.03463e-19 BessellI
54974.5 1.94865e-16 8.98589e-19 BessellI
54975.5 1.91662e-16 8.94426e-19 BessellI
54976.5 1.88512e-16 8.90921e-19 BessellI
54977.5 1.85413e-16 8.88023e-19 BessellI
54978.5 1.82365e-16 8.8568e-19 BessellI
54979.5 1.79367e-16 8.8384e-19 BessellI
54980.5 1.76417e-16 8.82457e-19 BessellI
54981.5 1.73516e-16 8.81482e-19 BessellI
54982.5 1.70663e-16 8.80871e-19 BessellI
54983.5 1.67856e-16 8.80579e-19 BessellI
54984.5 1.65095e-16 8.80568e-19 BessellI
54985.5 1.6238e-16 8.80797e-19 BessellI
54986.5 1.59709e-16 8.81231e-19 BessellI
54987.5 1.57081e-16 8.81837e-19 BessellI
54988.5 1.54497e-16 8.82581e-19 BessellI
54989.5 1.51956e-16 8.83436e-19 BessellI
54990.5 1.49456e-16 8.84373e-19 BessellI
54991.5 1.46997e-16 8.85368e-19 BessellI
54992.5 1.44578e-16 8.86398e-19 BessellI
54993.5 1.42199e-16 8.87442e-19 BessellI
54994.5 1.3986e-16 8.8848e-19 BessellI
54995.5 1.37558e-16 8.89495e-19 BessellI
54996.5 1.35295e-16 8.90472e-19 BessellI
54997.5 1.33069e-16 8.91396e-19 BessellI
54998.5 1.30879e-16 8.92254e-19 BessellI
54999.5 1.28725e-16 8.93034e-19 BessellI
55000.5 1.26607e-16 8.93728e-19 BessellI
55001.5 1.24524e-16 8.94325e-19 BessellI
55002.5 1.22474e-16 8.94819e-19 BessellI
55003.5 1.20459e-16 8.95201e-19 BessellI
55004.5 1.18477e-16 8.95466e-19 BessellI
55005.5 1.16527e-16 8.9561e-19 BessellI
55006.5 1.14609e-16 8.95627e-19 BessellI
55007.5 1.12723e-16 8.95515e-19 BessellI
55008.5 1.10868e-16 8.95269e-19 BessellI
55009.5 1.09043e-16 8.94889e-19 BessellI
55010.5 1.07249e-16 8.94373e-19 BessellI
55011.5 1.05484e-16 8.93718e-19 BessellI
55012.5 1.03748e-16 8.92925e-19 BessellI
55013.5 1.0204e-16 8.91993e-19 BessellI
55014.5 1.00361e-16 8.90923e-19 BessellI
55015.5 9.87092e-17 8.89714e-19 BessellI
55016.5 9.70847e-17 8.88367e-19 BessellI
55017.5 9.54869e-17 8.86884e-19 BessellI
55018.5 9.39154e-17 8.85266e-19 BessellI
55019.5 9.23698e-17 8.83514e-19 BessellI
55020.5 9.08495e-17 8.8163e-19 BessellI
55021.5 8.93544e-17 8.79616e-19 BessellI
55022.5 8.78838e-17 8.77474e-19 BessellI
55023.5 8.64374e-17 8.75206e-19 BessellI
55024.5 8.50148e-17 8.72814e-19 BessellI
55025.5 8.36156e-17 8.70302e-19 BessellI
55026.5 8.22395e-17 8.6767e-19 BessellI
55027.5 8.0886e-17 8.64923e-19 BessellI
55028.5 7.95548e-17 8.62063e-19 BessellI
55029.5 7.82455e-17 8.59092e-19 BessellI
55030.5 7.69577e-17 8.56014e-19 BessellI
55031.5 7.56912e-17 8.5283e-19 BessellI
55032.5 7.44454e-17 8.49545e-19 BessellI
55033.5 7.32202e-17 8.4616e-19 BessellI
55034.5 7.20152e-17 8.4268e-19 BessellI
55035.5 7.083e-17 8.39105e-19 BessellI
55036.5 6.96642e-17 8.35441e-19 BessellI
55037.5 6.85177e-17 8.31689e-19 BessellI
55038.5 6.73901e-17 8.27852e-19 BessellI
55039.5 6.6281e-17 8.23933e-19 BessellI
55040.5 6.51901e-17 8.19935e-19 BessellI
55041.5 6.41172e-17 8.15861e-19 BessellI
55042.5 6.3062e-17 8.11714e-19 BessellI
55043.5 6.20241e-17 8.07496e-19 BessellI
55044.5 6.10034e-17 8.03211e-19 BessellI
55045.5 5.99994e-17 7.9886e-19 BessellI
55046.5 5.90119e-17 7.94447e-19 BessellI
55047.5 5.80407e-17 7.89975e-19 BessellI
55048.5 5.70855e-17 7.85445e-19 BessellI
55049.5 5.6146e-17 7.8086e-19 BessellI
55050.5 5.5222e-17 7.76224e-19 BessellI
55051.5 5.43132e-17 7.71538e-19 BessellI
55052.5 5.34193e-17 7.66805e-19 BessellI
55053.5 5.25401e-17 7.62027e-19 BessellI
55054.5 5.16755e-17 7.57207e-19 BessellI
55055.5 5.0825e-17 7.52347e-19 BessellI
55056.5 4.99886e-17 7.47448e-19 BessellI
55057.5 4.91659e-17 7.42515e-19 BessellI
55058.5 4.83567e-17 7.37548e-19 BessellI
55059.5 4.75609e-17 7.3255e-19 BessellI
55060.5 4.67782e-17 7.27522e-19 BessellI
55061.5 4.60083e-17 7.22468e-19 BessellI
55062.5 4.52511e-17 7.17388e-19 BessellI
55063.5 4.45064e-17 7.12285e-19 BessellI
55064.5 4.3774e-17 7.07161e-19 BessellI
55065.5 4.30536e-17 7.02018e-19 BessellI
55066.5 4.2345e-17 6.96857e-19 BessellI
55067.5 4.16481e-17 6.9168e-19 BessellI
55068.5 4.09627e-17 6.86489e-19 BessellI
55069.5 4.02886e-17 6.81285e-19 BessellI
55070.5 3.96255e-17 6.76071e-19 BessellI
55071.5 3.89734e-17 6.70847e-19 BessellI
55072.5 3.8332e-17 6.65616e-19 BessellI
55073.5 3.77012e-17 6.60379e-19 BessellI
55074.5 3.70807e-17 6.55137e-19 BessellI
55075.5 3.64705e-17 6.49892e-19 BessellI
55076.5 3.58703e-17 6.44645e-19 BessellI
55077.5 3.528e-17 6.39398e-19 BessellI
55078.5 3.46994e-17 6.34152e-19 BessellI
55079.5 3.41283e-17 6.28907e-19 BessellI
55080.5 3.35667e-17 6.23666e-19 BessellI
55081.5 3.30143e-17 6.1843e-19 BessellI
55082.5 3.2471e-17 6.132e-19 BessellI
55083.5 3.19366e-17 6.07976e-19 BessellI
55084.5 3.1411e-17 6.0276e-19 BessellI
55085.5 3.08941e-17 5.97554e-19 BessellI
55086.5 3.03857e-17 5.92357e-19 BessellI
55087.5 2.98856e-17 5.87172e-19 BessellI
55088.5 2.93938e-17 5.81998e-19 BessellI
55089.5 2.89101e-17 5.76838e-19 BessellI
55090.5 2.84343e-17 5.71692e-19 BessellI
55091.5 2.79664e-17 5.6656e-19 BessellI
55092.5 2.75061e-17 5.61444e-19 BessellI
55093.5 2.70535e-17 5.56344e-19 BessellI
55094.5 2.66083e-17 5.51262e-19 BessellI
55095.5 2.61704e-17 5.46197e-19 BessellI
55096.5 2.57397e-17 5.41152e-19 BessellI
55097.5 2.53161e-17 5.36126e-19 BessellI
55098.5 2.48995e-17 5.31119e-19 BessellI
54819.1 9.76557e-17 3.15911e-18 BessellR
54820.1 9.98278e-17 3.19446e-18 BessellR
54821.1 1.02048e-16 3.22983e-18 BessellR
54822.1 1.04318e-16 3.26521e-18 BessellR
54823.1 1.06638e-16 3.30057e-18 BessellR
54824.1 1.09009e-16 3.33591e-18 BessellR
54825.1 1.11433e-16 3.37119e-18 BessellR
54826.1 1.13911e-16 3.40641e-18 BessellR
54827.1 1.16443e-16 3.44154e-18 BessellR
54828.1 1.19032e-16 3.47656e-18 BessellR
54829.1 1.21678e-16 3.51146e-18 BessellR
54830.1 1.24382e-16 3.5462e-18 BessellR
54831.1 1.27147e-16 3.58077e-18 BessellR
54832.1 1.29972e-16 3.61514e-18 BessellR
54833.1 1.3286e-16 3.64928e-18 BessellR
54834.1 1.35812e-16 3.68318e-18 BessellR
54835.1 1.38829e-16 3.7168e-18 BessellR
54836.1 1.41912e-16 3.75011e-18 BessellR
54837.1 1.45064e-16 3.78309e-18 BessellR
54838.1 1.48285e-16 3.81571e-18 BessellR
54839.1 1.51576e-16 3.84793e-18 BessellR
54840.1 1.5494e-16 3.87972e-18 BessellR
54841.1 1.58378e-16 3.91106e-18 BessellR
54842.1 1.61892e-16 3.9419e-18 BessellR
54843.1 1.65482e-16 3.9722e-18 BessellR
54844.1 1.69151e-16 4.00194e-18 BessellR
54845.1 1.729e-16 4.03108e-18 BessellR
54846.1 1.76731e-16 4.05956e-18 BessellR
54847.1 1.80646e-16 4.08736e-18 BessellR
54848.1 1.84646e-16 4.11443e-18 BessellR
54849.1 1.88732e-16 4.14073e-18 BessellR
54850.1 1.92907e-16 4.16621e-18 BessellR
54851.1 1.97173e-16 4.19082e-18 BessellR
54852.1 2.0153e-16 4.21452e-18 BessellR
54853.1 2.05982e-16 4.23726e-18 BessellR
54854.1 2.10528e-16 4.25899e-18 BessellR
54855.1 2.15173e-16 4.27965e-18 BessellR
54856.1 2.19916e-16 4.29919e-18 BessellR
54857.1 2.2476e-16 4.31756e-18 BessellR
54858.1 2.29707e-16 4.3347e-18 BessellR
54859.1 2.34758e-16 4.35055e-18 BessellR
54860.1 2.39916e-16 4.36506e-18 BessellR
54861.1 2.45181e-16 4.37815e-18 BessellR
54862.1 2.50556e-16 4.38978e-18 BessellR
54863.1 2.56042e-16 4.39987e-18 BessellR
54864.1 2.6164e-16 4.40836e-18 BessellR
54865.1 2.67354e-16 4.41519e-18 BessellR
54866.1 2.73183e-16 4.42029e-18 BessellR
54867.1 2.7913e-16 4.42359e-18 BessellR
54868.1 2.85195e-16 4.42503e-18 BessellR
54869.1 2.91381e-16 4.42453e-18 BessellR
54870.1 2.97688e-16 4.42202e-18 BessellR
54871.1 3.04117e-16 4.41744e-18 BessellR
54872.1 3.10669e-16 4.41071e-18 BessellR
54873.1 3.17346e-16 4.40178e-18 BessellR
54874.1 3.24147e-16 4.39056e-18 BessellR
54875.1 3.31073e-16 4.377e-18 BessellR
54876.1 3.38124e-16 4.36103e-18 BessellR
54877.1 3.453e-16 4.34258e-18 BessellR
54878.1 3.52601e-16 4.3216e-18 BessellR
54879.1 3.60027e-16 4.29804e-18 BessellR
54880.1 3.67575e-16 4.27183e-18 BessellR
54881.1 3.75245e-16 4.24294e-18 BessellR
54882.1 3.83035e-16 4.21133e-18 BessellR
54883.1 3.90943e-16 4.17697e-18 BessellR
54884.1 3.98966e-16 4.13984e-18 BessellR
54885.1 4.07101e-16 4.09992e-18 BessellR
54886.1 4.15344e-16 4.05723e-18 BessellR
54887.1 4.2369e-16 4.01179e-18 BessellR
54888.1 4.32135e-16 3.96362e-18 BessellR
54889.1 4.40672e-16 3.91279e-18 BessellR
54890.1 4.49294e-16 3.85938e-18 BessellR
54891.1 4.57995e-16 3.80349e-18 BessellR
54892.1 4.66765e-16 3.74527e-18 BessellR
54893.1 4.75594e-16 3.68488e-18 BessellR
54894.1 4.84473e-16 3.62253e-18 BessellR
54895.1 4.93388e-16 3.55849e-18 BessellR
54896.1 5.02327e-16 3.49305e-18 BessellR
54897.1 5.11275e-16 3.42656e-18 BessellR
54898.1 5.20217e-16 3.35943e-18 BessellR
54899.1 5.29135e-16 3.29214e-18 BessellR
54900.1 5.3801e-16 3.22523e-18 BessellR
54901.1 5.46821e-16 3.15929e-18 BessellR
54902.1 5.55548e-16 3.09499e-18 BessellR
54903.1 5.64165e-16 3.03306e-18 BessellR
54904.1 5.72647e-16 2.97428e-18 BessellR
54905.1 5.80969e-16 2.91946e-18 BessellR
54906.1 5.89099e-16 2.86946e-18 BessellR
54907.1 5.97009e-16 2.82509e-18 BessellR
54908.1 6.04667e-16 2.78716e-18 BessellR
54909.1 6.12038e-16 2.75637e-18 BessellR
54910.1 6.19087e-16 2.73331e-18 BessellR
54911.1 6.25779e-16 2.71842e-18 BessellR
54912.1 6.32077e-16 2.71191e-18 BessellR
54913.1 6.37942e-16 2.71376e-18 BessellR
54914.1 6.43336e-16 2.72372e-18 BessellR
54915.1 6.4822e-16 2.74125e-18 BessellR
54916.1 6.52556e-16 2.76556e-18 BessellR
54917.1 6.56304e-16 2.79567e-18 BessellR
54918.1 6.59429e-16 2.83038e-18 BessellR
54919.1 6.61894e-16 2.86833e-18 BessellR
54920.1 6.63664e-16 2.90809e-18 BessellR
54921.1 6.64709e-16 2.94812e-18 BessellR
54922.1 6.64999e-16 2.98689e-18 BessellR
54923.1 6.6451e-16 3.0229e-18 BessellR
54924.1 6.63218e-16 3.05466e-18 BessellR
54925.1 6.61108e-16 3.08082e-18 BessellR
54926.1 6.58166e-16 3.1001e-18 BessellR
54927.1 6.54385e-16 3.11138e-18 BessellR
54928.1 6.49762e-16 3.11368e-18 BessellR
54929.1 6.44302e-16 3.10622e-18 BessellR
54930.1 6.38014e-16 3.0884e-18 BessellR
54931.1 6.30914e-16 3.05983e-18 BessellR
54932.1 6.23021e-16 3.02031e-18 BessellR
54933.1 6.14363e-16 2.96988e-18 BessellR
54934.1 6.04972e-16 2.90878e-18 BessellR
54935.1 5.94886e-16 2.83748e-18 BessellR
54936.1 5.84146e-16 2.75665e-18 BessellR
54937.1 5.72798e-16 2.66717e-18 BessellR
54938.1 5.60892e-16 2.5701e-18 BessellR
54939.1 5.4848e-16 2.46669e-18 BessellR
54940.1 5.35617e-16 2.35836e-18 BessellR
54941.1 5.2236e-16 2.24666e-18 BessellR
54942.1 5.08766e-16 2.13329e-18 BessellR
54943.1 4.94893e-16 2.02008e-18 BessellR
54944.1 4.80798e-16 1.90895e-18 BessellR
54945.1 4.66537e-16 1.80188e-18 BessellR
54946.1 4.52165e-16 1.70091e-18 BessellR
54947.1 4.37735e-16 1.60803e-18 BessellR
54948.1 4.23298e-16 1.52512e-18 BessellR
54949.1 4.089e-16 1.45385e-18 BessellR
54950.1 3.94587e-16 1.39549e-18 BessellR
54951.1 3.804e-16 1.3508e-18 BessellR
54952.1 3.66376e-16 1.31991e-18 BessellR
54953.1 3.52551e-16 1.30228e-18 BessellR
54954.1 3.38954e-16 1.29673e-18 BessellR
54955.1 3.25613e-16 1.30161e-18 BessellR
54956.1 3.12552e-16 1.31499e-18 BessellR
54957.1 2.99791e-16 1.33483e-18 BessellR
54958.1 2.87348e-16 1.35919e-18 BessellR
54959.1 2.75237e-16 1.3863e-18 BessellR
54960.1 2.63469e-16 1.41463e-18 BessellR
54961.1 2.52053e-16 1.44292e-18 BessellR
54962.1 2.40996e-16 1.47015e-18 BessellR
54963.1 2.303e-16 1.49552e-18 BessellR
54964.1 2.19969e-16 1.51844e-18 BessellR
54965.1 2.10001e-16 1.53848e-18 BessellR
54966.1 2.00396e-16 1.55536e-18 BessellR
54967.1 1.91151e-16 1.5689e-18 BessellR
54968.1 1.8226e-16 1.57902e-18 BessellR
54969.1 1.73719e-16 1.58571e-18 BessellR
54970.1 1.65521e-16 1.58903e-18 BessellR
54971.1 1.5766e-16 1.58907e-18 BessellR
54972.1 1.50126e-16 1.58595e-18 BessellR
54973.1 1.42912e-16 1.57984e-18 BessellR
54974.1 1.36009e-16 1.5709e-18 BessellR
54975.1 1.29407e-16 1.55933e-18 BessellR
54976.1 1.23097e-16 1.54531e-18 BessellR
54977.1 1.1707e-16 1.52903e-18 BessellR
54978.1 1.11315e-16 1.5107e-18 BessellR
54979.1 1.05824e-16 1.4905e-18 BessellR
54980.1 1.00586e-16 1.46862e-18 BessellR
54981.1 9.55917e-17 1.44524e-18 BessellR
54982.1 9.08316e-17 1.42054e-18 BessellR
54983.1 8.62964e-17 1.39469e-18 BessellR
54984.1 8.19769e-17 1.36784e-18 BessellR
54985.1 7.78641e-17 1.34015e-18 BessellR
54986.1 7.39493e-17 1.31174e-18 BessellR
54987.1 7.02238e-17 1.28276e-18 BessellR
54988.1 6.66795e-17 1.25333e-18 BessellR
54989.1 6.33083e-17 1.22356e-18 BessellR
54990.1 6.01024e-17 1.19355e-18 BessellR
54991.1 5.70543e-17 1.1634e-18 BessellR
54992.1 5.41569e-17 1.1332e-18 BessellR
54993.1 5.14031e-17 1.10304e-18 BessellR
54994.1 4.87862e-17 1.07297e-18 BessellR
54995.1 4.62998e-17 1.04308e-18 BessellR
54996.1 4.39378e-17 1.01342e-18 BessellR
54997.1 4.16941e-17 9.84043e-19 BessellR
54998.1 3.95631e-17 9.54999e-19 BessellR
54999.1 3.75395e-17 9.26332e-19 BessellR
55000.1 3.56178e-17 8.98078e-19 BessellR
55001.1 3.37933e-17 8.70272e-19 BessellR
55002.1 3.20611e-17 8.4294e-19 BessellR
55003.1 3.04167e-17 8.1611e-19 BessellR
55004.1 2.88558e-17 7.898e-19 BessellR
55005.1 2.73742e-17 7.6403e-19 BessellR
55006.1 2.59681e-17 7.38814e-19 BessellR
55007.1 2.46335e-17 7.14162e-19 BessellR
55008.1 2.3367e-17 6.90085e-19 BessellR
55009.1 2.21652e-17 6.66589e-19 BessellR
55010.1 2.10248e-17 6.43677e-19 BessellR
55011.1 1.99427e-17 6.21353e-19 BessellR
55012.1 1.8916e-17 5.99617e-19 BessellR
55013.1 1.79419e-17 5.78469e-19 BessellR
55014.1 1.70177e-17 5.57904e-19 BessellR
54825.3 1.80384e-16 1.2654e-17 BessellV
54826.3 1.83344e-16 1.27084e-17 BessellV
54827.3 1.86352e-16 1.27615e-17 BessellV
54828.3 1.8941e-16 1.28134e-17 BessellV
54829.3 1.92518e-16 1.28639e-17 BessellV
54830.3 1.95677e-16 1.29131e-17 BessellV
54831.3 1.98888e-16 1.29609e-17 BessellV
54832.3 2.02152e-16 1.30072e-17 BessellV
54833.3 2.05469e-16 1.30522e-17 BessellV
54834.3 2.08841e-16 1.30956e-17 BessellV
54835.3 2.12268e-16 1.31376e-17 BessellV
54836.3 2.15751e-16 1.3178e-17 BessellV
54837.3 2.19292e-16 1.32168e-17 BessellV
54838.3 2.2289e-16 1.32541e-17 BessellV
54839.3 2.26548e-16 1.32897e-17 BessellV
54840.3 2.30265e-16 1.33237e-17 BessellV
54841.3 2.34043e-16 1.33561e-17 BessellV
54842.3 2.37883e-16 1.33868e-17 BessellV
54843.3 2.41786e-16 1.34158e-17 BessellV
54844.3 2.45753e-16 1.34431e-17 BessellV
54845.3 2.49784e-16 1.34687e-17 BessellV
54846.3 2.53881e-16 1.34926e-17 BessellV
54847.3 2.58045e-16 1.35148e-17 BessellV
54848.3 2.62277e-16 1.35353e-17 BessellV
54849.3 2.66577e-16 1.35541e-17 BessellV
54850.3 2.70948e-16 1.35712e-17 BessellV
54851.3 2.7539e-16 1.35867e-17 BessellV
54852.3 2.79903e-16 1.36005e-17 BessellV
54853.3 2.8449e-16 1.36128e-17 BessellV
54854.3 2.8915e-16 1.36234e-17 BessellV
54855.3 2.93886e-16 1.36326e-17 BessellV
54856.3 2.98698e-16 1.36403e-17 BessellV
54857.3 3.03587e-16 1.36465e-17 BessellV
54858.3 3.08555e-16 1.36515e-17 BessellV
54859.3 3.13602e-16 1.36551e-17 BessellV
54860.3 3.1873e-16 1.36576e-17 BessellV
54861.3 3.23939e-16 1.36589e-17 BessellV
54862.3 3.2923e-16 1.36593e-17 BessellV
54863.3 3.34605e-16 1.36588e-17 BessellV
54864.3 3.40065e-16 1.36574e-17 BessellV
54865.3 3.45609e-16 1.36555e-17 BessellV
54866.3 3.5124e-16 1.3653e-17 BessellV
54867.3 3.56958e-16 1.36502e-17 BessellV
54868.3 3.62764e-16 1.36472e-17 BessellV
54869.3 3.68659e-16 1.36441e-17 BessellV
54870.3 3.74643e-16 1.36411e-17 BessellV
54871.3 3.80717e-16 1.36384e-17 BessellV
54872.3 3.86882e-16 1.36362e-17 BessellV
54873.3 3.93138e-16 1.36346e-17 BessellV
54874.3 3.99485e-16 1.36338e-17 BessellV
54875.3 4.05924e-16 1.36341e-17 BessellV
54876.3 4.12454e-16 1.36355e-17 BessellV
54877.3 4.19076e-16 1.36383e-17 BessellV
54878.3 4.25789e-16 1.36426e-17 BessellV
54879.3 4.32594e-16 1.36486e-17 BessellV
54880.3 4.39489e-16 1.36564e-17 BessellV
54881.3 4.46473e-16 1.36661e-17 BessellV
54882.3 4.53546e-16 1.36777e-17 BessellV
54883.3 4.60706e-16 1.36915e-17 BessellV
54884.3 4.67951e-16 1.37072e-17 BessellV
54885.3 4.75279e-16 1.3725e-17 BessellV
54886.3 4.82688e-16 1.37448e-17 BessellV
54887.3 4.90175e-16 1.37663e-17 BessellV
54888.3 4.97737e-16 1.37895e-17 BessellV
54889.3 5.05368e-16 1.3814e-17 BessellV
54890.3 5.13066e-16 1.38396e-17 BessellV
54891.3 5.20824e-16 1.38658e-17 BessellV
54892.3 5.28637e-16 1.38921e-17 BessellV
54893.3 5.36499e-16 1.39181e-17 BessellV
54894.3 5.44401e-16 1.39429e-17 BessellV
54895.3 5.52335e-16 1.3966e-17 BessellV
54896.3 5.60292e-16 1.39865e-17 BessellV
54897.3 5.68262e-16 1.40035e-17 BessellV
54898.3 5.76232e-16 1.40161e-17 BessellV
54899.3 5.84189e-16 1.40233e-17 BessellV
54900.3 5.92119e-16 1.4024e-17 BessellV
54901.3 6.00007e-16 1.40172e-17 BessellV
54902.3 6.07834e-16 1.40018e-17 BessellV
54903.3 6.15582e-16 1.39769e-17 BessellV
54904.3 6.2323e-16 1.39416e-17 BessellV
54905.3 6.30754e-16 1.38949e-17 BessellV
54906.3 6.3813e-16 1.38363e-17 BessellV
54907.3 6.4533e-16 1.37655e-17 BessellV
54908.3 6.52327e-16 1.36823e-17 BessellV
54909.3 6.59089e-16 1.3587e-17 BessellV
54910.3 6.65581e-16 1.34804e-17 BessellV
54911.3 6.71769e-16 1.33637e-17 BessellV
54912.3 6.77614e-16 1.32389e-17 BessellV
54913.3 6.83076e-16 1.31086e-17 BessellV
54914.3 6.88114e-16 1.2976e-17 BessellV
54915.3 6.92682e-16 1.28453e-17 BessellV
54916.3 6.96736e-16 1.27211e-17 BessellV
54917.3 7.00228e-16 1.2609e-17 BessellV
54918.3 7.0311e-16 1.25146e-17 BessellV
54919.3 7.05334e-16 1.24441e-17 BessellV
54920.3 7.06849e-16 1.24031e-17 BessellV
54921.3 7.07609e-16 1.23968e-17 BessellV
54922.3 7.07566e-16 1.24291e-17 BessellV
54923.3 7.06675e-16 1.25023e-17 BessellV
54924.3 7.04892e-16 1.26167e-17 BessellV
54925.3 7.02179e-16 1.27704e-17 BessellV
54926.3 6.98502e-16 1.2959e-17 BessellV
54927.3 6.9383e-16 1.31762e-17 BessellV
54928.3 6.88142e-16 1.34135e-17 BessellV
54929.3 6.81421e-16 1.36612e-17 BessellV
54930.3 6.73659e-16 1.39087e-17 BessellV
54931.3 6.64858e-16 1.41449e-17 BessellV
54932.3 6.55028e-16 1.43591e-17 BessellV
54933.3 6.44187e-16 1.4541e-17 BessellV
54934.3 6.32366e-16 1.46817e-17 BessellV
54935.3 6.19604e-16 1.47736e-17 BessellV
54936.3 6.0595e-16 1.48108e-17 BessellV
54937.3 5.91462e-16 1.47893e-17 BessellV
54938.3 5.76206e-16 1.47072e-17 BessellV
54939.3 5.60257e-16 1.45649e-17 BessellV
54940.3 5.43696e-16 1.43643e-17 BessellV
54941.3 5.26607e-16 1.41098e-17 BessellV
54942.3 5.0908e-16 1.38069e-17 BessellV
54943.3 4.91206e-16 1.34632e-17 BessellV
54944.3 4.73079e-16 1.30869e-17 BessellV
54945.3 4.54791e-16 1.26873e-17 BessellV
54946.3 4.3643e-16 1.2274e-17 BessellV
54947.3 4.18085e-16 1.18566e-17 BessellV
54948.3 3.99838e-16 1.14443e-17 BessellV
54949.3 3.81765e-16 1.10455e-17 BessellV
54950.3 3.63939e-16 1.06674e-17 BessellV
54951.3 3.46423e-16 1.03157e-17 BessellV
54952.3 3.29276e-16 9.99441e-18 BessellV
54953.3 3.12547e-16 9.70572e-18 BessellV
54954.3 2.96281e-16 9.45e-18 BessellV
54955.3 2.80512e-16 9.226e-18 BessellV
54956.3 2.65271e-16 9.03107e-18 BessellV
54957.3 2.5058e-16 8.86153e-18 BessellV
54958.3 2.36455e-16 8.71307e-18 BessellV
54959.3 2.22907e-16 8.58106e-18 BessellV
54960.3 2.09941e-16 8.46093e-18 BessellV
54961.3 1.97559e-16 8.34837e-18 BessellV
54962.3 1.85758e-16 8.23956e-18 BessellV
54963.3 1.7453e-16 8.13122e-18 BessellV
54964.3 1.63865e-16 8.02068e-18 BessellV
54965.3 1.53752e-16 7.90588e-18 BessellV
54966.3 1.44177e-16 7.78533e-18 BessellV
54967.3 1.35121e-16 7.65803e-18 BessellV
54968.3 1.26569e-16 7.52344e-18 BessellV
54969.3 1.18501e-16 7.38138e-18 BessellV
54970.3 1.10898e-16 7.23197e-18 BessellV
54971.3 1.0374e-16 7.07556e-18 BessellV
54972.3 9.70076e-17 6.91268e-18 BessellV
54973.3 9.06806e-17 6.74401e-18 BessellV
54974.3 8.47392e-17 6.57028e-18 BessellV
54975.3 7.91638e-17 6.39231e-18 BessellV
54976.3 7.39353e-17 6.21092e-18 BessellV
54977.3 6.9035e-17 6.02692e-18 BessellV
54978.3 6.44449e-17 5.84113e-18 BessellV
54979.3 6.01475e-17 5.65432e-18 BessellV
54980.3 5.6126e-17 5.46722e-18 BessellV
54981.3 5.23643e-17 5.28052e-18 BessellV
54982.3 4.8847e-17 5.09483e-18 BessellV
54983.3 4.55593e-17 4.91075e-18 BessellV
54984.3 4.24873e-17 4.72878e-18 BessellV
54985.3 3.96178e-17 4.5494e-18 BessellV
54986.3 3.6938e-17 4.373e-18 BessellV
54987.3 3.4436e-17 4.19994e-18 BessellV
54988.3 3.21007e-17 4.03053e-18 BessellV
54989.3 2.99213e-17 3.86503e-18 BessellV
54990.3 2.78878e-17 3.70365e-18 BessellV
54991.3 2.59908e-17 3.54656e-18 BessellV
54992.3 2.42214e-17 3.39391e-18 BessellV
54993.3 2.25713e-17 3.24579e-18 BessellV
54994.3 2.10326e-17 3.10228e-18 BessellV
54995.3 1.95979e-17 2.96342e-18 BessellV
54996.3 1.82604e-17 2.82923e-18 BessellV
54997.3 1.70137e-17 2.69971e-18 BessellV
54998.3 1.58515e-17 2.57483e-18 BessellV
54999.3 1.47684e-17 2.45456e-18 BessellV
55000.3 1.3759e-17 2.33883e-18 BessellV
55001.3 1.28183e-17 2.22759e-18 BessellV
