56358.7 1.35595e-15 4.3707e-18 BessellU
56359.7 1.33396e-15 3.93163e-18 BessellU
56360.7 1.31151e-15 3.51014e-18 BessellU
56361.7 1.28847e-15 3.10705e-18 BessellU
56362.7 1.26473e-15 2.72333e-18 BessellU
56363.7 1.24014e-15 2.36005e-18 BessellU
56364.7 1.21457e-15 2.01842e-18 BessellU
56365.7 1.18783e-15 1.69976e-18 BessellU
56366.7 1.15977e-15 1.40545e-18 BessellU
56367.7 1.1302e-15 1.13687e-18 BessellU
56368.7 1.09894e-15 8.95395e-19 BessellU
56369.7 1.0658e-15 6.8225e-19 BessellU
56370.7 1.03061e-15 4.98511e-19 BessellU
56371.7 9.9325e-16 3.45127e-19 BessellU
56372.7 9.53602e-16 2.23279e-19 BessellU
56373.7 9.11625e-16 1.35754e-19 BessellU
56374.7 8.67345e-16 8.95021e-20 BessellU
56375.7 8.20877e-16 8.43245e-20 BessellU
56376.7 7.72436e-16 9.44865e-20 BessellU
56377.7 7.22345e-16 1.01339e-19 BessellU
56378.7 6.71033e-16 1.01419e-19 BessellU
56379.7 6.19024e-16 9.63719e-20 BessellU
56380.7 5.66918e-16 8.88062e-20 BessellU
56381.7 5.15356e-16 8.09204e-20 BessellU
56382.7 4.64989e-16 7.41655e-20 BessellU
56383.7 4.16436e-16 6.95362e-20 BessellU
56384.7 3.70247e-16 6.80236e-20 BessellU
56385.7 3.26877e-16 7.05367e-20 BessellU
56386.7 2.86666e-16 7.72049e-20 BessellU
56387.7 2.4983e-16 8.70253e-20 BessellU
56388.7 2.16466e-16 9.83537e-20 BessellU
56389.7 1.86561e-16 1.09566e-19 BessellU
56390.7 1.60012e-16 1.194e-19 BessellU
56391.7 1.36648e-16 1.27033e-19 BessellU
56392.7 1.16246e-16 1.32045e-19 BessellU
56393.7 9.8554e-17 1.3434e-19 BessellU
56394.7 8.33049e-17 1.34059e-19 BessellU
56395.7 7.02318e-17 1.315e-19 BessellU
56396.7 5.90766e-17 1.27045e-19 BessellU
56397.7 4.95963e-17 1.21108e-19 BessellU
56398.7 4.15674e-17 1.14092e-19 BessellU
56399.7 3.47882e-17 1.06369e-19 BessellU
56400.7 2.90788e-17 9.82599e-20 BessellU
56401.7 2.42809e-17 9.00328e-20 BessellU
56402.7 2.02565e-17 8.19006e-20 BessellU
56403.7 1.68864e-17 7.40259e-20 BessellU
56404.7 1.40679e-17 6.65261e-20 BessellU
56405.7 1.17134e-17 5.94809e-20 BessellU
56406.7 9.74855e-18 5.29383e-20 BessellU
56407.7 8.11011e-18 4.69213e-20 BessellU
56408.7 6.74483e-18 4.14338e-20 BessellU
56409.7 5.60782e-18 3.64652e-20 BessellU
56410.7 4.66139e-18 3.19947e-20 BessellU
56411.7 3.87393e-18 2.79946e-20 BessellU
56412.7 3.21896e-18 2.44327e-20 BessellU
56413.7 2.67435e-18 2.12747e-20 BessellU
56414.7 2.22163e-18 1.84857e-20 BessellU
56415.7 1.84535e-18 1.60311e-20 BessellU
56416.7 1.53268e-18 1.38774e-20 BessellU
56417.7 1.2729e-18 1.19932e-20 BessellU
56418.7 1.05709e-18 1.03488e-20 BessellU
56419.7 8.77819e-19 8.91723e-21 BessellU
56420.7 7.28922e-19 7.67348e-21 BessellU
56360.7 8.57275e-16 1.66754e-17 BessellI
56361.7 8.61666e-16 1.64547e-17 BessellI
56362.7 8.6608e-16 1.62328e-17 BessellI
56363.7 8.70516e-16 1.60098e-17 BessellI
56364.7 8.74975e-16 1.57858e-17 BessellI
56365.7 8.79458e-16 1.55608e-17 BessellI
56366.7 8.83963e-16 1.53351e-17 BessellI
56367.7 8.88491e-16 1.51087e-17 BessellI
56368.7 8.93042e-16 1.48818e-17 BessellI
56369.7 8.97617e-16 1.46545e-17 BessellI
56370.7 9.02215e-16 1.4427e-17 BessellI
56371.7 9.06837e-16 1.41995e-17 BessellI
56372.7 9.11482e-16 1.39721e-17 BessellI
56373.7 9.16151e-16 1.37451e-17 BessellI
56374.7 9.20844e-16 1.35187e-17 BessellI
56375.7 9.2556e-16 1.32931e-17 BessellI
56376.7 9.30301e-16 1.30687e-17 BessellI
56377.7 9.35066e-16 1.28457e-17 BessellI
56378.7 9.39854e-16 1.26244e-17 BessellI
56379.7 9.44667e-16 1.24051e-17 BessellI
56380.7 9.49504e-16 1.21884e-17 BessellI
56381.7 9.54366e-16 1.19745e-17 BessellI
56382.7 9.59252e-16 1.17639e-17 BessellI
56383.7 9.64162e-16 1.15571e-17 BessellI
56384.7 9.69097e-16 1.13546e-17 BessellI
56385.7 9.74056e-16 1.11569e-17 BessellI
56386.7 9.79039e-16 1.09646e-17 BessellI
56387.7 9.84047e-16 1.07784e-17 BessellI
56388.7 9.89079e-16 1.05989e-17 BessellI
56389.7 9.94136e-16 1.04267e-17 BessellI
56390.7 9.99216e-16 1.02627e-17 BessellI
56391.7 1.00432e-15 1.01075e-17 BessellI
56392.7 1.00945e-15 9.96203e-18 BessellI
56393.7 1.0146e-15 9.82698e-18 BessellI
56394.7 1.01978e-15 9.7032e-18 BessellI
56395.7 1.02498e-15 9.59149e-18 BessellI
56396.7 1.0302e-15 9.49265e-18 BessellI
56397.7 1.03545e-15 9.40745e-18 BessellI
56398.7 1.04071e-15 9.33662e-18 BessellI
56399.7 1.046e-15 9.28083e-18 BessellI
56400.7 1.05131e-15 9.2407e-18 BessellI
56401.7 1.05664e-15 9.21672e-18 BessellI
56402.7 1.06199e-15 9.20931e-18 BessellI
56403.7 1.06736e-15 9.21875e-18 BessellI
56404.7 1.07275e-15 9.24521e-18 BessellI
56405.7 1.07816e-15 9.28871e-18 BessellI
56406.7 1.08358e-15 9.34914e-18 BessellI
56407.7 1.08901e-15 9.42623e-18 BessellI
56408.7 1.09446e-15 9.51958e-18 BessellI
56409.7 1.09991e-15 9.62864e-18 BessellI
56410.7 1.10538e-15 9.75272e-18 BessellI
56411.7 1.11085e-15 9.89101e-18 BessellI
56412.7 1.11632e-15 1.00426e-17 BessellI
56413.7 1.12179e-15 1.02064e-17 BessellI
56414.7 1.12726e-15 1.03814e-17 BessellI
56415.7 1.13273e-15 1.05661e-17 BessellI
56416.7 1.13818e-15 1.07594e-17 BessellI
56417.7 1.14361e-15 1.09598e-17 BessellI
56418.7 1.14902e-15 1.11658e-17 BessellI
56419.7 1.1544e-15 1.13757e-17 BessellI
56420.7 1.15974e-15 1.15879e-17 BessellI
56421.7 1.16504e-15 1.18006e-17 BessellI
56422.7 1.17028e-15 1.20119e-17 BessellI
56423.7 1.17546e-15 1.22198e-17 BessellI
56424.7 1.18057e-15 1.24223e-17 BessellI
56425.7 1.18558e-15 1.26169e-17 BessellI
56426.7 1.19049e-15 1.28016e-17 BessellI
56427.7 1.19528e-15 1.29736e-17 BessellI
56428.7 1.19994e-15 1.31305e-17 BessellI
56429.7 1.20443e-15 1.32695e-17 BessellI
56430.7 1.20874e-15 1.33876e-17 BessellI
56431.7 1.21285e-15 1.34817e-17 BessellI
56432.7 1.21672e-15 1.35488e-17 BessellI
56433.7 1.22033e-15 1.35854e-17 BessellI
56434.7 1.22364e-15 1.35881e-17 BessellI
56435.7 1.2266e-15 1.35534e-17 BessellI
56436.7 1.22919e-15 1.34778e-17 BessellI
56437.7 1.23135e-15 1.33575e-17 BessellI
56438.7 1.23302e-15 1.31893e-17 BessellI
56439.7 1.23417e-15 1.29697e-17 BessellI
56440.7 1.23471e-15 1.26957e-17 BessellI
56441.7 1.23459e-15 1.23649e-17 BessellI
56442.7 1.23374e-15 1.19752e-17 BessellI
56443.7 1.23208e-15 1.15257e-17 BessellI
56444.7 1.22952e-15 1.10168e-17 BessellI
56445.7 1.22598e-15 1.04503e-17 BessellI
56446.7 1.22136e-15 9.83074e-18 BessellI
56447.7 1.21557e-15 9.16567e-18 BessellI
56448.7 1.20851e-15 8.46713e-18 BessellI
56449.7 1.20007e-15 7.75336e-18 BessellI
56450.7 1.19016e-15 7.0512e-18 BessellI
56451.7 1.17868e-15 6.39898e-18 BessellI
56452.7 1.16552e-15 5.84858e-18 BessellI
56453.7 1.1506e-15 5.46273e-18 BessellI
56454.7 1.13384e-15 5.30095e-18 BessellI
56455.7 1.11516e-15 5.39422e-18 BessellI
56456.7 1.09453e-15 5.72627e-18 BessellI
56457.7 1.0719e-15 6.2416e-18 BessellI
56458.7 1.04726e-15 6.87015e-18 BessellI
56459.7 1.02065e-15 7.54638e-18 BessellI
56460.7 9.92091e-16 8.21615e-18 BessellI
56461.7 9.61679e-16 8.83698e-18 BessellI
56462.7 9.29523e-16 9.37638e-18 BessellI
56463.7 8.95767e-16 9.81051e-18 BessellI
56464.7 8.60589e-16 1.01233e-17 BessellI
56465.7 8.24193e-16 1.03059e-17 BessellI
56466.7 7.8681e-16 1.03567e-17 BessellI
56467.7 7.48693e-16 1.02804e-17 BessellI
56468.7 7.10105e-16 1.00885e-17 BessellI
56469.7 6.71319e-16 9.79747e-18 BessellI
56470.7 6.32608e-16 9.42873e-18 BessellI
56471.7 5.94237e-16 9.00695e-18 BessellI
56472.7 5.56459e-16 8.55871e-18 BessellI
56473.7 5.19506e-16 8.11063e-18 BessellI
56474.7 4.8359e-16 7.68741e-18 BessellI
56475.7 4.4889e-16 7.3095e-18 BessellI
56476.7 4.15561e-16 6.99113e-18 BessellI
56477.7 3.83724e-16 6.73879e-18 BessellI
56478.7 3.5347e-16 6.55097e-18 BessellI
56479.7 3.24861e-16 6.41929e-18 BessellI
56480.7 2.97932e-16 6.33078e-18 BessellI
56481.7 2.72692e-16 6.27052e-18 BessellI
56482.7 2.49131e-16 6.22402e-18 BessellI
56483.7 2.27217e-16 6.17883e-18 BessellI
56484.7 2.06904e-16 6.12527e-18 BessellI
56485.7 1.88135e-16 6.0566e-18 BessellI
56486.7 1.70842e-16 5.96877e-18 BessellI
56487.7 1.54951e-16 5.85992e-18 BessellI
56488.7 1.40383e-16 5.72996e-18 BessellI
56489.7 1.27058e-16 5.58001e-18 BessellI
56490.7 1.14892e-16 5.41209e-18 BessellI
56491.7 1.03806e-16 5.22871e-18 BessellI
56492.7 9.37201e-17 5.03267e-18 BessellI
56493.7 8.45572e-17 4.8268e-18 BessellI
56494.7 7.62441e-17 4.6139e-18 BessellI
56495.7 6.8711e-17 4.39658e-18 BessellI
56496.7 6.18919e-17 4.17725e-18 BessellI
56497.7 5.57251e-17 3.95803e-18 BessellI
56498.7 5.01532e-17 3.74079e-18 BessellI
56499.7 4.51225e-17 3.52712e-18 BessellI
56500.7 4.05838e-17 3.31834e-18 BessellI
56501.7 3.64914e-17 3.11554e-18 BessellI
56502.7 3.28034e-17 2.91957e-18 BessellI
56503.7 2.94817e-17 2.73109e-18 BessellI
56504.7 2.64911e-17 2.55056e-18 BessellI
56505.7 2.37997e-17 2.3783e-18 BessellI
56506.7 2.13784e-17 2.2145e-18 BessellI
56507.7 1.92008e-17 2.05923e-18 BessellI
56508.7 1.72429e-17 1.91244e-18 BessellI
56509.7 1.5483e-17 1.77404e-18 BessellI
56510.7 1.39014e-17 1.64385e-18 BessellI
56511.7 1.24803e-17 1.52165e-18 BessellI
56512.7 1.12037e-17 1.40717e-18 BessellI
56513.7 1.0057e-17 1.30012e-18 BessellI
56514.7 9.02721e-18 1.20019e-18 BessellI
56515.7 8.10246e-18 1.10704e-18 BessellI
56516.7 7.27214e-18 1.02035e-18 BessellI
56517.7 6.52668e-18 9.39777e-19 BessellI
56518.7 5.85746e-18 8.64975e-19 BessellI
56519.7 5.25672e-18 7.95616e-19 BessellI
56520.7 4.7175e-18 7.31372e-19 BessellI
56521.7 4.23351e-18 6.71927e-19 BessellI
56522.7 3.79912e-18 6.16974e-19 BessellI
56523.7 3.40927e-18 5.6622e-19 BessellI
56524.7 3.05939e-18 5.19383e-19 BessellI
56525.7 2.7454e-18 4.76194e-19 BessellI
56526.7 2.46363e-18 4.364e-19 BessellI
56527.7 2.21077e-18 3.99758e-19 BessellI
56528.7 1.98386e-18 3.66042e-19 BessellI
56529.7 1.78025e-18 3.35038e-19 BessellI
56530.7 1.59753e-18 3.06544e-19 BessellI
56531.7 1.43358e-18 2.80372e-19 BessellI
56532.7 1.28645e-18 2.56345e-19 BessellI
56533.7 1.15444e-18 2.343e-19 BessellI
56534.7 1.03597e-18 2.14081e-19 BessellI
56535.7 9.29671e-19 1.95548e-19 BessellI
56536.7 8.34284e-19 1.78566e-19 BessellI
56537.7 7.4869e-19 1.63013e-19 BessellI
56538.7 6.71884e-19 1.48774e-19 BessellI
56539.7 6.02963e-19 1.35743e-19 BessellI
56540.7 5.41117e-19 1.23821e-19 BessellI
56541.7 4.8562e-19 1.12919e-19 BessellI
56542.7 4.35819e-19 1.02953e-19 BessellI
56543.7 3.91129e-19 9.38444e-20 BessellI
56544.7 3.51026e-19 8.5523e-20 BessellI
56545.7 3.15039e-19 7.79229e-20 BessellI
56546.7 2.82744e-19 7.09835e-20 BessellI
56547.7 2.53762e-19 6.46492e-20 BessellI
56548.7 2.27754e-19 5.88687e-20 BessellI
56549.7 2.04414e-19 5.35951e-20 BessellI
56550.7 1.83469e-19 4.8785e-20 BessellI
56551.7 1.64671e-19 4.43988e-20 BessellI
56552.7 1.47801e-19 4.04001e-20 BessellI
56553.7 1.32661e-19 3.67554e-20 BessellI
56554.7 1.19074e-19 3.34342e-20 BessellI
56555.7 1.06879e-19 3.04083e-20 BessellI
56556.7 9.59347e-20 2.76521e-20 BessellI
56557.7 8.6112e-20 2.5142e-20 BessellI
56558.7 7.72961e-20 2.28565e-20 BessellI
56559.7 6.93836e-20 2.07759e-20 BessellI
56560.7 6.22819e-20 1.88821e-20 BessellI
56561.7 5.59078e-20 1.71587e-20 BessellI
56562.7 5.01867e-20 1.55906e-20 BessellI
56563.7 4.50517e-20 1.41641e-20 BessellI
56564.7 4.04425e-20 1.28665e-20 BessellI
56565.7 3.63054e-20 1.16864e-20 BessellI
56566.7 3.2592e-20 1.06133e-20 BessellI
56567.7 2.92587e-20 9.63772e-21 BessellI
56568.7 2.62667e-20 8.75084e-21 BessellI
56569.7 2.35809e-20 7.94472e-21 BessellI
56570.7 2.11701e-20 7.21212e-21 BessellI
56571.7 1.9006e-20 6.54642e-21 BessellI
56572.7 1.70633e-20 5.94158e-21 BessellI
56573.7 1.53194e-20 5.3921e-21 BessellI
56574.7 1.37539e-20 4.89298e-21 BessellI
56575.7 1.23485e-20 4.43966e-21 BessellI
56576.7 1.10869e-20 4.02798e-21 BessellI
56577.7 9.95432e-21 3.65416e-21 BessellI
56578.7 8.93755e-21 3.31474e-21 BessellI
56579.7 8.02474e-21 3.00661e-21 BessellI
56580.7 7.20525e-21 2.7269e-21 BessellI
56581.7 6.46953e-21 2.47301e-21 BessellI
56582.7 5.80901e-21 2.24259e-21 BessellI
56583.7 5.216e-21 2.03349e-21 BessellI
56584.7 4.68358e-21 1.84375e-21 BessellI
56585.7 4.20556e-21 1.67159e-21 BessellI
56586.7 3.77638e-21 1.5154e-21 BessellI
56587.7 3.39105e-21 1.37371e-21 BessellI
56588.7 3.04507e-21 1.24519e-21 BessellI
56589.7 2.73442e-21 1.12861e-21 BessellI
56590.7 2.4555e-21 1.02289e-21 BessellI
56591.7 2.20506e-21 9.27008e-22 BessellI
56592.7 1.98018e-21 8.40064e-22 BessellI
56593.7 1.77827e-21 7.61229e-22 BessellI
56594.7 1.59696e-21 6.89751e-22 BessellI
56595.7 1.43415e-21 6.24949e-22 BessellI
56596.7 1.28796e-21 5.66204e-22 BessellI
56597.7 1.15669e-21 5.12952e-22 BessellI
56598.7 1.03881e-21 4.64684e-22 BessellI
56599.7 9.32956e-22 4.20935e-22 BessellI
56600.7 8.37899e-22 3.81286e-22 BessellI
56601.7 7.52536e-22 3.45354e-22 BessellI
56602.7 6.75879e-22 3.12793e-22 BessellI
56603.7 6.07038e-22 2.83288e-22 BessellI
56604.7 5.45215e-22 2.56554e-22 BessellI
56605.7 4.89695e-22 2.32333e-22 BessellI
56606.7 4.39835e-22 2.10388e-22 BessellI
56607.7 3.95056e-22 1.90508e-22 BessellI
56608.7 3.5484e-22 1.72499e-22 BessellI
56609.7 3.18723e-22 1.56186e-22 BessellI
56610.7 2.86285e-22 1.41409e-22 BessellI
56611.7 2.57152e-22 1.28025e-22 BessellI
56612.7 2.30986e-22 1.15904e-22 BessellI
56613.7 2.07486e-22 1.04926e-22 BessellI
56614.7 1.86378e-22 9.49838e-23 BessellI
56615.7 1.67421e-22 8.59807e-23 BessellI
56616.7 1.50393e-22 7.78282e-23 BessellI
56617.7 1.35099e-22 7.0446e-23 BessellI
56618.7 1.21361e-22 6.37619e-23 BessellI
56619.7 1.09022e-22 5.771e-23 BessellI
56620.7 9.79391e-23 5.22307e-23 BessellI
56621.7 8.79836e-23 4.72701e-23 BessellI
56622.7 7.90411e-23 4.27792e-23 BessellI
56359.6 1.3615e-15 9.44556e-17 BessellB
56360.6 1.33644e-15 8.70752e-17 BessellB
56361.6 1.31173e-15 8.00224e-17 BessellB
56362.6 1.28735e-15 7.32928e-17 BessellB
56363.6 1.2633e-15 6.68819e-17 BessellB
56364.6 1.23958e-15 6.07852e-17 BessellB
56365.6 1.21618e-15 5.49984e-17 BessellB
56366.6 1.1931e-15 4.95174e-17 BessellB
56367.6 1.17033e-15 4.43382e-17 BessellB
56368.6 1.14787e-15 3.94572e-17 BessellB
56369.6 1.12572e-15 3.48719e-17 BessellB
56370.6 1.10387e-15 3.05806e-17 BessellB
56371.6 1.08232e-15 2.65836e-17 BessellB
56372.6 1.06106e-15 2.2884e-17 BessellB
56373.6 1.0401e-15 1.949e-17 BessellB
56374.6 1.01942e-15 1.64173e-17 BessellB
56375.6 9.99036e-16 1.36949e-17 BessellB
56376.6 9.78934e-16 1.1372e-17 BessellB
56377.6 9.59114e-16 9.52569e-18 BessellB
56378.6 9.39574e-16 8.25684e-18 BessellB
56379.6 9.20312e-16 7.64491e-18 BessellB
56380.6 9.01326e-16 7.6662e-18 BessellB
56381.6 8.82614e-16 8.17052e-18 BessellB
56382.6 8.64175e-16 8.96425e-18 BessellB
56383.6 8.46006e-16 9.89158e-18 BessellB
56384.6 8.28107e-16 1.08524e-17 BessellB
56385.6 8.10476e-16 1.17885e-17 BessellB
56386.6 7.93111e-16 1.26681e-17 BessellB
56387.6 7.76012e-16 1.34746e-17 BessellB
56388.6 7.59176e-16 1.42005e-17 BessellB
56389.6 7.42602e-16 1.48439e-17 BessellB
56390.6 7.2629e-16 1.54061e-17 BessellB
56391.6 7.10237e-16 1.58906e-17 BessellB
56392.6 6.94444e-16 1.6302e-17 BessellB
56393.6 6.78907e-16 1.6646e-17 BessellB
56394.6 6.63626e-16 1.69285e-17 BessellB
56395.6 6.486e-16 1.71557e-17 BessellB
56396.6 6.33828e-16 1.73341e-17 BessellB
56397.6 6.19307e-16 1.74698e-17 BessellB
56398.6 6.05037e-16 1.7569e-17 BessellB
56399.6 5.91015e-16 1.76378e-17 BessellB
56400.6 5.77242e-16 1.76818e-17 BessellB
56401.6 5.63714e-16 1.77063e-17 BessellB
56402.6 5.5043e-16 1.77165e-17 BessellB
56403.6 5.37388e-16 1.7717e-17 BessellB
56404.6 5.24587e-16 1.77119e-17 BessellB
56405.6 5.12025e-16 1.7705e-17 BessellB
56406.6 4.997e-16 1.76996e-17 BessellB
56407.6 4.87609e-16 1.76984e-17 BessellB
56408.6 4.75752e-16 1.7704e-17 BessellB
56409.6 4.64125e-16 1.7718e-17 BessellB
56410.6 4.52727e-16 1.77418e-17 BessellB
56411.6 4.41555e-16 1.77765e-17 BessellB
56412.6 4.30606e-16 1.78225e-17 BessellB
56413.6 4.1988e-16 1.78801e-17 BessellB
56414.6 4.09372e-16 1.7949e-17 BessellB
56415.6 3.99082e-16 1.80288e-17 BessellB
56416.6 3.89005e-16 1.81188e-17 BessellB
56417.6 3.7914e-16 1.82181e-17 BessellB
56418.6 3.69484e-16 1.83255e-17 BessellB
56419.6 3.60035e-16 1.844e-17 BessellB
56420.6 3.50789e-16 1.85603e-17 BessellB
56421.6 3.41744e-16 1.8685e-17 BessellB
56422.6 3.32897e-16 1.88128e-17 BessellB
56423.6 3.24245e-16 1.89425e-17 BessellB
56424.6 3.15786e-16 1.90727e-17 BessellB
56425.6 3.07516e-16 1.92022e-17 BessellB
56426.6 2.99434e-16 1.93299e-17 BessellB
56427.6 2.91535e-16 1.94546e-17 BessellB
56428.6 2.83817e-16 1.95753e-17 BessellB
56429.6 2.76277e-16 1.96911e-17 BessellB
56430.6 2.68913e-16 1.98012e-17 BessellB
56431.6 2.6172e-16 1.99047e-17 BessellB
56432.6 2.54697e-16 2.0001e-17 BessellB
56433.6 2.4784e-16 2.00895e-17 BessellB
56434.6 2.41147e-16 2.01696e-17 BessellB
56435.6 2.34614e-16 2.0241e-17 BessellB
56436.6 2.28239e-16 2.03033e-17 BessellB
56437.6 2.22019e-16 2.03561e-17 BessellB
56438.6 2.1595e-16 2.03992e-17 BessellB
56439.6 2.10031e-16 2.04325e-17 BessellB
56440.6 2.04257e-16 2.04558e-17 BessellB
56441.6 1.98627e-16 2.04691e-17 BessellB
56442.6 1.93137e-16 2.04723e-17 BessellB
56443.6 1.87785e-16 2.04654e-17 BessellB
56444.6 1.82568e-16 2.04486e-17 BessellB
56445.6 1.77483e-16 2.04218e-17 BessellB
56446.6 1.72527e-16 2.03853e-17 BessellB
56447.6 1.67698e-16 2.03392e-17 BessellB
56448.6 1.62992e-16 2.02836e-17 BessellB
56449.6 1.58409e-16 2.02187e-17 BessellB
56450.6 1.53944e-16 2.01449e-17 BessellB
56451.6 1.49595e-16 2.00622e-17 BessellB
56452.6 1.45359e-16 1.9971e-17 BessellB
56453.6 1.41235e-16 1.98715e-17 BessellB
56454.6 1.3722e-16 1.97641e-17 BessellB
56455.6 1.33311e-16 1.96489e-17 BessellB
56456.6 1.29505e-16 1.95263e-17 BessellB
56457.6 1.25801e-16 1.93965e-17 BessellB
56458.6 1.22196e-16 1.92599e-17 BessellB
56459.6 1.18687e-16 1.91168e-17 BessellB
56460.6 1.15273e-16 1.89675e-17 BessellB
56461.6 1.11952e-16 1.88122e-17 BessellB
56462.6 1.0872e-16 1.86514e-17 BessellB
56463.6 1.05577e-16 1.84852e-17 BessellB
56464.6 1.02519e-16 1.8314e-17 BessellB
56465.6 9.95446e-17 1.81381e-17 BessellB
56466.6 9.66521e-17 1.79578e-17 BessellB
56467.6 9.38392e-17 1.77733e-17 BessellB
56468.6 9.11041e-17 1.7585e-17 BessellB
56469.6 8.84447e-17 1.73931e-17 BessellB
56470.6 8.58591e-17 1.71979e-17 BessellB
56471.6 8.33456e-17 1.69997e-17 BessellB
56472.6 8.09023e-17 1.67988e-17 BessellB
56473.6 7.85274e-17 1.65953e-17 BessellB
56474.6 7.62191e-17 1.63896e-17 BessellB
56475.6 7.39758e-17 1.61819e-17 BessellB
56349.2 6.12154e-17 1.60332e-18 BessellR
56350.2 6.87275e-17 1.72843e-18 BessellR
56351.2 7.71269e-17 1.85909e-18 BessellR
56352.2 8.65089e-17 1.99469e-18 BessellR
56353.2 9.69767e-17 2.13438e-18 BessellR
56354.2 1.08641e-16 2.27708e-18 BessellR
56355.2 1.2162e-16 2.4214e-18 BessellR
56356.2 1.36039e-16 2.56565e-18 BessellR
56357.2 1.52029e-16 2.70777e-18 BessellR
56358.2 1.69724e-16 2.84539e-18 BessellR
56359.2 1.89262e-16 2.97573e-18 BessellR
56360.2 2.1078e-16 3.0957e-18 BessellR
56361.2 2.34411e-16 3.20192e-18 BessellR
56362.2 2.60283e-16 3.29076e-18 BessellR
56363.2 2.88507e-16 3.35852e-18 BessellR
56364.2 3.1918e-16 3.40156e-18 BessellR
56365.2 3.52373e-16 3.41654e-18 BessellR
56366.2 3.88124e-16 3.40069e-18 BessellR
56367.2 4.26436e-16 3.3522e-18 BessellR
56368.2 4.67264e-16 3.27064e-18 BessellR
56369.2 5.10512e-16 3.15739e-18 BessellR
56370.2 5.56028e-16 3.0163e-18 BessellR
56371.2 6.03598e-16 2.85417e-18 BessellR
56372.2 6.52947e-16 2.68133e-18 BessellR
56373.2 7.0374e-16 2.51194e-18 BessellR
56374.2 7.55588e-16 2.36348e-18 BessellR
56375.2 8.08053e-16 2.25468e-18 BessellR
56376.2 8.60664e-16 2.20129e-18 BessellR
56377.2 9.12926e-16 2.21061e-18 BessellR
56378.2 9.6434e-16 2.27827e-18 BessellR
56379.2 1.01442e-15 2.38996e-18 BessellR
56380.2 1.0627e-15 2.52671e-18 BessellR
56381.2 1.10876e-15 2.67005e-18 BessellR
56382.2 1.15223e-15 2.80486e-18 BessellR
56383.2 1.19282e-15 2.92035e-18 BessellR
56384.2 1.23029e-15 3.00988e-18 BessellR
56385.2 1.26447e-15 3.0705e-18 BessellR
56386.2 1.29527e-15 3.10218e-18 BessellR
56387.2 1.32267e-15 3.1072e-18 BessellR
56388.2 1.34669e-15 3.08946e-18 BessellR
56389.2 1.3674e-15 3.05388e-18 BessellR
56390.2 1.38494e-15 3.00589e-18 BessellR
56391.2 1.39946e-15 2.95094e-18 BessellR
56392.2 1.41112e-15 2.89408e-18 BessellR
56393.2 1.42013e-15 2.83969e-18 BessellR
56394.2 1.42668e-15 2.79121e-18 BessellR
56395.2 1.43099e-15 2.75105e-18 BessellR
56396.2 1.43324e-15 2.72054e-18 BessellR
56397.2 1.43365e-15 2.70007e-18 BessellR
56398.2 1.4324e-15 2.68918e-18 BessellR
56399.2 1.42966e-15 2.68685e-18 BessellR
56400.2 1.42561e-15 2.69166e-18 BessellR
56401.2 1.4204e-15 2.70204e-18 BessellR
56402.2 1.41416e-15 2.71639e-18 BessellR
56403.2 1.40703e-15 2.73323e-18 BessellR
56404.2 1.39913e-15 2.75126e-18 BessellR
56405.2 1.39056e-15 2.76937e-18 BessellR
56406.2 1.3814e-15 2.78669e-18 BessellR
56407.2 1.37176e-15 2.80256e-18 BessellR
56408.2 1.3617e-15 2.81647e-18 BessellR
56409.2 1.35128e-15 2.82809e-18 BessellR
56410.2 1.34057e-15 2.83724e-18 BessellR
56411.2 1.32962e-15 2.8438e-18 BessellR
56412.2 1.31848e-15 2.84777e-18 BessellR
56413.2 1.30718e-15 2.84918e-18 BessellR
56414.2 1.29575e-15 2.84815e-18 BessellR
56415.2 1.28424e-15 2.84478e-18 BessellR
56416.2 1.27266e-15 2.83923e-18 BessellR
56417.2 1.26105e-15 2.83165e-18 BessellR
56418.2 1.24941e-15 2.82221e-18 BessellR
56419.2 1.23777e-15 2.81108e-18 BessellR
56420.2 1.22614e-15 2.79841e-18 BessellR
56421.2 1.21454e-15 2.78436e-18 BessellR
56422.2 1.20297e-15 2.76909e-18 BessellR
56423.2 1.19145e-15 2.75273e-18 BessellR
56424.2 1.17999e-15 2.73541e-18 BessellR
56425.2 1.16858e-15 2.71726e-18 BessellR
56426.2 1.15725e-15 2.69838e-18 BessellR
56427.2 1.14599e-15 2.67888e-18 BessellR
56428.2 1.1348e-15 2.65885e-18 BessellR
56429.2 1.1237e-15 2.63838e-18 BessellR
56430.2 1.11268e-15 2.61754e-18 BessellR
56431.2 1.10175e-15 2.5964e-18 BessellR
56432.2 1.09091e-15 2.57503e-18 BessellR
56433.2 1.08016e-15 2.55347e-18 BessellR
56434.2 1.0695e-15 2.53178e-18 BessellR
56435.2 1.05894e-15 2.51e-18 BessellR
56436.2 1.04847e-15 2.48817e-18 BessellR
56437.2 1.03809e-15 2.46633e-18 BessellR
56438.2 1.02781e-15 2.4445e-18 BessellR
56439.2 1.01762e-15 2.42271e-18 BessellR
56440.2 1.00753e-15 2.40099e-18 BessellR
56441.2 9.97527e-16 2.37935e-18 BessellR
56442.2 9.87624e-16 2.35781e-18 BessellR
56443.2 9.77816e-16 2.3364e-18 BessellR
56444.2 9.68101e-16 2.31511e-18 BessellR
56445.2 9.58479e-16 2.29397e-18 BessellR
56446.2 9.48951e-16 2.27298e-18 BessellR
56447.2 9.39515e-16 2.25215e-18 BessellR
56448.2 9.30171e-16 2.2315e-18 BessellR
56449.2 9.20919e-16 2.21101e-18 BessellR
56450.2 9.11756e-16 2.19071e-18 BessellR
56451.2 9.02684e-16 2.17059e-18 BessellR
56452.2 8.93701e-16 2.15066e-18 BessellR
56453.2 8.84806e-16 2.13092e-18 BessellR
56454.2 8.75999e-16 2.11137e-18 BessellR
56455.2 8.67278e-16 2.09201e-18 BessellR
56456.2 8.58644e-16 2.07285e-18 BessellR
56457.2 8.50095e-16 2.05388e-18 BessellR
56458.2 8.41631e-16 2.0351e-18 BessellR
56459.2 8.33251e-16 2.01652e-18 BessellR
56460.2 8.24954e-16 1.99813e-18 BessellR
56461.2 8.16739e-16 1.97994e-18 BessellR
56462.2 8.08606e-16 1.96193e-18 BessellR
56463.2 8.00553e-16 1.94412e-18 BessellR
56464.2 7.9258e-16 1.9265e-18 BessellR
56465.2 7.84687e-16 1.90906e-18 BessellR
56466.2 7.76872e-16 1.89181e-18 BessellR
56467.2 7.69135e-16 1.87475e-18 BessellR
56468.2 7.61474e-16 1.85787e-18 BessellR
56469.2 7.5389e-16 1.84117e-18 BessellR
56470.2 7.46381e-16 1.82465e-18 BessellR
56471.2 7.38947e-16 1.80831e-18 BessellR
56472.2 7.31587e-16 1.79214e-18 BessellR
56473.2 7.24301e-16 1.77614e-18 BessellR
56474.2 7.17086e-16 1.76032e-18 BessellR
56475.2 7.09944e-16 1.74467e-18 BessellR
56476.2 7.02873e-16 1.72919e-18 BessellR
56477.2 6.95872e-16 1.71387e-18 BessellR
56478.2 6.8894e-16 1.69871e-18 BessellR
56479.2 6.82078e-16 1.68372e-18 BessellR
56480.2 6.75284e-16 1.66889e-18 BessellR
56481.2 6.68558e-16 1.65421e-18 BessellR
56482.2 6.61899e-16 1.6397e-18 BessellR
56483.2 6.55306e-16 1.62533e-18 BessellR
56484.2 6.48778e-16 1.61112e-18 BessellR
56485.2 6.42316e-16 1.59705e-18 BessellR
56486.2 6.35918e-16 1.58314e-18 BessellR
56487.2 6.29584e-16 1.56937e-18 BessellR
56488.2 6.23313e-16 1.55575e-18 BessellR
56489.2 6.17104e-16 1.54227e-18 BessellR
56490.2 6.10957e-16 1.52892e-18 BessellR
56491.2 6.04872e-16 1.51572e-18 BessellR
56492.2 5.98847e-16 1.50266e-18 BessellR
56493.2 5.92882e-16 1.48973e-18 BessellR
56494.2 5.86976e-16 1.47693e-18 BessellR
56495.2 5.81129e-16 1.46427e-18 BessellR
56496.2 5.75341e-16 1.45174e-18 BessellR
56497.2 5.6961e-16 1.43933e-18 BessellR
56498.2 5.63936e-16 1.42705e-18 BessellR
56499.2 5.58319e-16 1.4149e-18 BessellR
56500.2 5.52757e-16 1.40287e-18 BessellR
56359.6 1.04998e-15 1.8362e-17 BessellV
56360.6 1.04628e-15 1.78739e-17 BessellV
56361.6 1.04259e-15 1.73916e-17 BessellV
56362.6 1.03891e-15 1.69155e-17 BessellV
56363.6 1.03524e-15 1.64455e-17 BessellV
56364.6 1.03159e-15 1.5982e-17 BessellV
56365.6 1.02795e-15 1.55252e-17 BessellV
56366.6 1.02433e-15 1.50752e-17 BessellV
56367.6 1.02072e-15 1.46323e-17 BessellV
56368.6 1.01712e-15 1.41969e-17 BessellV
56369.6 1.01353e-15 1.37692e-17 BessellV
56370.6 1.00996e-15 1.33495e-17 BessellV
56371.6 1.00639e-15 1.29383e-17 BessellV
56372.6 1.00285e-15 1.2536e-17 BessellV
56373.6 9.9931e-16 1.21429e-17 BessellV
56374.6 9.95787e-16 1.17597e-17 BessellV
56375.6 9.92276e-16 1.13868e-17 BessellV
56376.6 9.88778e-16 1.1025e-17 BessellV
56377.6 9.85293e-16 1.06747e-17 BessellV
56378.6 9.81819e-16 1.03369e-17 BessellV
56379.6 9.78359e-16 1.00121e-17 BessellV
56380.6 9.7491e-16 9.70135e-18 BessellV
56381.6 9.71474e-16 9.40543e-18 BessellV
56382.6 9.6805e-16 9.12532e-18 BessellV
56383.6 9.64639e-16 8.86199e-18 BessellV
56384.6 9.61239e-16 8.61648e-18 BessellV
56385.6 9.57852e-16 8.38981e-18 BessellV
56386.6 9.54476e-16 8.18301e-18 BessellV
56387.6 9.51113e-16 7.99709e-18 BessellV
56388.6 9.47761e-16 7.83297e-18 BessellV
56389.6 9.44421e-16 7.69151e-18 BessellV
56390.6 9.41093e-16 7.5734e-18 BessellV
56391.6 9.37777e-16 7.4792e-18 BessellV
56392.6 9.34472e-16 7.40924e-18 BessellV
56393.6 9.31178e-16 7.36366e-18 BessellV
56394.6 9.27897e-16 7.34234e-18 BessellV
56395.6 9.24626e-16 7.34493e-18 BessellV
56396.6 9.21367e-16 7.37083e-18 BessellV
56397.6 9.18119e-16 7.41925e-18 BessellV
56398.6 9.14882e-16 7.48918e-18 BessellV
56399.6 9.11656e-16 7.57948e-18 BessellV
56400.6 9.08441e-16 7.68887e-18 BessellV
56401.6 9.05236e-16 7.81601e-18 BessellV
56402.6 9.02042e-16 7.95949e-18 BessellV
56403.6 8.98859e-16 8.1179e-18 BessellV
56404.6 8.95686e-16 8.28984e-18 BessellV
56405.6 8.92523e-16 8.47394e-18 BessellV
56406.6 8.89369e-16 8.66886e-18 BessellV
56407.6 8.86225e-16 8.87334e-18 BessellV
56408.6 8.83091e-16 9.08616e-18 BessellV
56409.6 8.79966e-16 9.30619e-18 BessellV
56410.6 8.76849e-16 9.53233e-18 BessellV
56411.6 8.73741e-16 9.76356e-18 BessellV
56412.6 8.7064e-16 9.99891e-18 BessellV
56413.6 8.67548e-16 1.02375e-17 BessellV
56414.6 8.64462e-16 1.04784e-17 BessellV
56415.6 8.61383e-16 1.07207e-17 BessellV
56416.6 8.58309e-16 1.09638e-17 BessellV
56417.6 8.55241e-16 1.12067e-17 BessellV
56418.6 8.52176e-16 1.14488e-17 BessellV
56419.6 8.49115e-16 1.16892e-17 BessellV
56420.6 8.46056e-16 1.19273e-17 BessellV
56421.6 8.42999e-16 1.21622e-17 BessellV
56422.6 8.3994e-16 1.23932e-17 BessellV
56423.6 8.3688e-16 1.26196e-17 BessellV
56424.6 8.33816e-16 1.28406e-17 BessellV
56425.6 8.30746e-16 1.30553e-17 BessellV
56426.6 8.27668e-16 1.32631e-17 BessellV
56427.6 8.2458e-16 1.34631e-17 BessellV
56428.6 8.21477e-16 1.36545e-17 BessellV
56429.6 8.18358e-16 1.38366e-17 BessellV
56430.6 8.15217e-16 1.40085e-17 BessellV
56431.6 8.12051e-16 1.41695e-17 BessellV
56432.6 8.08854e-16 1.43191e-17 BessellV
56433.6 8.0562e-16 1.44567e-17 BessellV
56434.6 8.02344e-16 1.45818e-17 BessellV
56435.6 7.99016e-16 1.46944e-17 BessellV
56436.6 7.95629e-16 1.47946e-17 BessellV
56437.6 7.92172e-16 1.48829e-17 BessellV
56438.6 7.88635e-16 1.49605e-17 BessellV
56439.6 7.85004e-16 1.50292e-17 BessellV
56440.6 7.81264e-16 1.50917e-17 BessellV
56441.6 7.77399e-16 1.51517e-17 BessellV
56442.6 7.7339e-16 1.52146e-17 BessellV
56443.6 7.69215e-16 1.5287e-17 BessellV
56444.6 7.64848e-16 1.53777e-17 BessellV
56445.6 7.60263e-16 1.54974e-17 BessellV
56446.6 7.55427e-16 1.56593e-17 BessellV
56447.6 7.50305e-16 1.58785e-17 BessellV
56448.6 7.44856e-16 1.61719e-17 BessellV
56449.6 7.39036e-16 1.65577e-17 BessellV
56450.6 7.32793e-16 1.70541e-17 BessellV
56451.6 7.26071e-16 1.76781e-17 BessellV
56452.6 7.18808e-16 1.84442e-17 BessellV
56453.6 7.10936e-16 1.93622e-17 BessellV
56454.6 7.02381e-16 2.04368e-17 BessellV
56455.6 6.93061e-16 2.16659e-17 BessellV
56456.6 6.82892e-16 2.30401e-17 BessellV
56457.6 6.71783e-16 2.45425e-17 BessellV
56458.6 6.59641e-16 2.6148e-17 BessellV
56459.6 6.46374e-16 2.78238e-17 BessellV
56460.6 6.3189e-16 2.95292e-17 BessellV
56461.6 6.16105e-16 3.12165e-17 BessellV
56462.6 5.98947e-16 3.28314e-17 BessellV
56463.6 5.80359e-16 3.43156e-17 BessellV
56464.6 5.60308e-16 3.56091e-17 BessellV
56465.6 5.38793e-16 3.66549e-17 BessellV
56466.6 5.15851e-16 3.74051e-17 BessellV
56467.6 4.9156e-16 3.78276e-17 BessellV
56468.6 4.66051e-16 3.79141e-17 BessellV
56469.6 4.39503e-16 3.76867e-17 BessellV
56470.6 4.12147e-16 3.72008e-17 BessellV
56471.6 3.84258e-16 3.65422e-17 BessellV
56472.6 3.56146e-16 3.58142e-17 BessellV
56473.6 3.2814e-16 3.51171e-17 BessellV
56474.6 3.00573e-16 3.45242e-17 BessellV
56475.6 2.73761e-16 3.40627e-17 BessellV
56476.6 2.4799e-16 3.37094e-17 BessellV
56477.6 2.23499e-16 3.34027e-17 BessellV
56478.6 2.00473e-16 3.30642e-17 BessellV
56479.6 1.79039e-16 3.26205e-17 BessellV
56480.6 1.5927e-16 3.20179e-17 BessellV
56481.6 1.41186e-16 3.12281e-17 BessellV
56482.6 1.24766e-16 3.02468e-17 BessellV
56483.6 1.09956e-16 2.90886e-17 BessellV
56484.6 9.66734e-17 2.77808e-17 BessellV
56485.6 8.4822e-17 2.63571e-17 BessellV
56486.6 7.42935e-17 2.48534e-17 BessellV
56487.6 6.49758e-17 2.3304e-17 BessellV
56488.6 5.67564e-17 2.17401e-17 BessellV
56489.6 4.95259e-17 2.01882e-17 BessellV
56490.6 4.31803e-17 1.86703e-17 BessellV
56491.6 3.76224e-17 1.72033e-17 BessellV
56492.6 3.27626e-17 1.57999e-17 BessellV
56493.6 2.85192e-17 1.44689e-17 BessellV
56494.6 2.48181e-17 1.3216e-17 BessellV
56495.6 2.15931e-17 1.20441e-17 BessellV
56496.6 1.8785e-17 1.09539e-17 BessellV
56497.6 1.63415e-17 9.94455e-18 BessellV
56498.6 1.42162e-17 9.01393e-18 BessellV
56499.6 1.23682e-17 8.15895e-18 BessellV
56500.6 1.07617e-17 7.37592e-18 BessellV
56501.6 9.36541e-18 6.66074e-18 BessellV
56502.6 8.15188e-18 6.00909e-18 BessellV
56503.6 7.09719e-18 5.41658e-18 BessellV
56504.6 6.1805e-18 4.87884e-18 BessellV
56505.6 5.38366e-18 4.39158e-18 BessellV
56506.6 4.69092e-18 3.9507e-18 BessellV
56507.6 4.08855e-18 3.55228e-18 BessellV
56508.6 3.56467e-18 3.19264e-18 BessellV
56509.6 3.10892e-18 2.8683e-18 BessellV
56510.6 2.71235e-18 2.57606e-18 BessellV
56511.6 2.36718e-18 2.31294e-18 BessellV
56512.6 2.06665e-18 2.07619e-18 BessellV
56513.6 1.80491e-18 1.86329e-18 BessellV
56514.6 1.57688e-18 1.67194e-18 BessellV
56515.6 1.37816e-18 1.50002e-18 BessellV
56516.6 1.20491e-18 1.34563e-18 BessellV
56517.6 1.05381e-18 1.20702e-18 BessellV
56518.6 9.22001e-19 1.08262e-18 BessellV
56519.6 8.06966e-19 9.70992e-19 BessellV
56520.6 7.06537e-19 8.7085e-19 BessellV
56521.6 6.18828e-19 7.81025e-19 BessellV
56522.6 5.42201e-19 7.00466e-19 BessellV
56523.6 4.7523e-19 6.28226e-19 BessellV
56524.6 4.16679e-19 5.63452e-19 BessellV
56525.6 3.65469e-19 5.05375e-19 BessellV
56526.6 3.20665e-19 4.53305e-19 BessellV
56527.6 2.81451e-19 4.06623e-19 BessellV
56528.6 2.47117e-19 3.64772e-19 BessellV
56529.6 2.17045e-19 3.27251e-19 BessellV
56530.6 1.90697e-19 2.93612e-19 BessellV
56531.6 1.67603e-19 2.63452e-19 BessellV
56532.6 1.47355e-19 2.36411e-19 BessellV
56533.6 1.29595e-19 2.12165e-19 BessellV
56534.6 1.14013e-19 1.90424e-19 BessellV
56535.6 1.00337e-19 1.70928e-19 BessellV
56536.6 8.83292e-20 1.53443e-19 BessellV
56537.6 7.7783e-20 1.37761e-19 BessellV
56538.6 6.85173e-20 1.23695e-19 BessellV
56539.6 6.0374e-20 1.11077e-19 BessellV
56540.6 5.32147e-20 9.97576e-20 BessellV
56541.6 4.69185e-20 8.96014e-20 BessellV
56542.6 4.13797e-20 8.04883e-20 BessellV
56543.6 3.65055e-20 7.23103e-20 BessellV
56544.6 3.22148e-20 6.49705e-20 BessellV
56545.6 2.84367e-20 5.83825e-20 BessellV
56546.6 2.51088e-20 5.24685e-20 BessellV
56547.6 2.21766e-20 4.71589e-20 BessellV
56548.6 1.95923e-20 4.23915e-20 BessellV
56549.6 1.7314e-20 3.81105e-20 BessellV
56550.6 1.53047e-20 3.42656e-20 BessellV
56551.6 1.35323e-20 3.08122e-20 BessellV
56552.6 1.19683e-20 2.77099e-20 BessellV
56553.6 1.05879e-20 2.49228e-20 BessellV
56554.6 9.36917e-21 2.24185e-20 BessellV
56555.6 8.29283e-21 2.01681e-20 BessellV
56556.6 7.34202e-21 1.81456e-20 BessellV
56557.6 6.50185e-21 1.63277e-20 BessellV
56558.6 5.75927e-21 1.46935e-20 BessellV
56559.6 5.10275e-21 1.32243e-20 BessellV
56560.6 4.52217e-21 1.19033e-20 BessellV
56561.6 4.00861e-21 1.07153e-20 BessellV
56562.6 3.55422e-21 9.6469e-21 BessellV
56563.6 3.15207e-21 8.68592e-21 BessellV
56564.6 2.79608e-21 7.82146e-21 BessellV
56565.6 2.48086e-21 7.04374e-21 BessellV
56566.6 2.20168e-21 6.34398e-21 BessellV
56567.6 1.95435e-21 5.71429e-21 BessellV
56568.6 1.73519e-21 5.1476e-21 BessellV
56569.6 1.54095e-21 4.63755e-21 BessellV
56570.6 1.36874e-21 4.17843e-21 BessellV
56571.6 1.21604e-21 3.76511e-21 BessellV
56572.6 1.08061e-21 3.39298e-21 BessellV
56573.6 9.60459e-22 3.05791e-21 BessellV
56574.6 8.53844e-22 2.75616e-21 BessellV
56575.6 7.5922e-22 2.48441e-21 BessellV
56576.6 6.75218e-22 2.23965e-21 BessellV
56577.6 6.00631e-22 2.01917e-21 BessellV
56578.6 5.34388e-22 1.82054e-21 BessellV
56579.6 4.75544e-22 1.64159e-21 BessellV
56580.6 4.23261e-22 1.48035e-21 BessellV
56581.6 3.76798e-22 1.33505e-21 BessellV
56582.6 3.35499e-22 1.2041e-21 BessellV
56583.6 2.98782e-22 1.08608e-21 BessellV
56584.6 2.66133e-22 9.79707e-22 BessellV
56585.6 2.37094e-22 8.83814e-22 BessellV
56586.6 2.11262e-22 7.97365e-22 BessellV
56587.6 1.88278e-22 7.19424e-22 BessellV
56588.6 1.67824e-22 6.49146e-22 BessellV
56589.6 1.49619e-22 5.85774e-22 BessellV
56590.6 1.33411e-22 5.28625e-22 BessellV
56591.6 1.18979e-22 4.77083e-22 BessellV
56592.6 1.06126e-22 4.30595e-22 BessellV
56593.6 9.46771e-23 3.88662e-22 BessellV
56594.6 8.44774e-23 3.50834e-22 BessellV
56595.6 7.53887e-23 3.16708e-22 BessellV
56596.6 6.72887e-23 2.85919e-22 BessellV
56597.6 6.00685e-23 2.58138e-22 BessellV
56598.6 5.36315e-23 2.33071e-22 BessellV
56599.6 4.78917e-23 2.1045e-22 BessellV
56600.6 4.27727e-23 1.90035e-22 BessellV
56601.6 3.82067e-23 1.7161e-22 BessellV
56602.6 3.41332e-23 1.5498e-22 BessellV
56603.6 3.04986e-23 1.3997e-22 BessellV
56604.6 2.7255e-23 1.26419e-22 BessellV
56605.6 2.43599e-23 1.14187e-22 BessellV
56606.6 2.17754e-23 1.03143e-22 BessellV
56607.6 1.94679e-23 9.31723e-23 BessellV
56608.6 1.74073e-23 8.41695e-23 BessellV
56609.6 1.5567e-23 7.60403e-23 BessellV
56610.6 1.39232e-23 6.86995e-23 BessellV
56611.6 1.24546e-23 6.20702e-23 BessellV
56612.6 1.11425e-23 5.60832e-23 BessellV
56613.6 9.96986e-24 5.0676e-23 BessellV
56614.6 8.92182e-24 4.57922e-23 BessellV
56615.6 7.98498e-24 4.13808e-23 BessellV
56616.6 7.14744e-24 3.7396e-23 BessellV
56617.6 6.39855e-24 3.37963e-23 BessellV
56618.6 5.72884e-24 3.05444e-23 BessellV
56619.6 5.12987e-24 2.76065e-23 BessellV
56620.6 4.59408e-24 2.49522e-23 BessellV
56621.6 4.11475e-24 2.25539e-23 BessellV
56622.6 3.68587e-24 2.0387e-23 BessellV
56358.8 5.4629e-16 1.47798e-18 i
56359.8 5.54661e-16 1.44867e-18 i
56360.8 5.6311e-16 1.41893e-18 i
56361.8 5.71633e-16 1.38881e-18 i
56362.8 5.80229e-16 1.35837e-18 i
56363.8 5.88896e-16 1.32765e-18 i
56364.8 5.97631e-16 1.29673e-18 i
56365.8 6.06431e-16 1.26567e-18 i
56366.8 6.15293e-16 1.23454e-18 i
56367.8 6.24214e-16 1.20342e-18 i
56368.8 6.3319e-16 1.1724e-18 i
56369.8 6.42219e-16 1.14156e-18 i
56370.8 6.51296e-16 1.11101e-18 i
56371.8 6.60417e-16 1.08083e-18 i
56372.8 6.69577e-16 1.05113e-18 i
56373.8 6.78774e-16 1.02202e-18 i
56374.8 6.88e-16 9.93622e-19 i
56375.8 6.97253e-16 9.66046e-19 i
56376.8 7.06526e-16 9.39412e-19 i
56377.8 7.15814e-16 9.13841e-19 i
56378.8 7.25111e-16 8.89455e-19 i
56379.8 7.34411e-16 8.6637e-19 i
56380.8 7.43708e-16 8.44699e-19 i
56381.8 7.52996e-16 8.24548e-19 i
56382.8 7.62268e-16 8.06011e-19 i
56383.8 7.71517e-16 7.89169e-19 i
56384.8 7.80735e-16 7.74084e-19 i
56385.8 7.89916e-16 7.608e-19 i
56386.8 7.99051e-16 7.4934e-19 i
56387.8 8.08132e-16 7.39699e-19 i
56388.8 8.17152e-16 7.31851e-19 i
56389.8 8.26103e-16 7.25744e-19 i
56390.8 8.34974e-16 7.21303e-19 i
56391.8 8.43759e-16 7.1843e-19 i
56392.8 8.52447e-16 7.17013e-19 i
56393.8 8.6103e-16 7.16924e-19 i
56394.8 8.69499e-16 7.18027e-19 i
56395.8 8.77843e-16 7.20179e-19 i
56396.8 8.86054e-16 7.23237e-19 i
56397.8 8.94122e-16 7.27064e-19 i
56398.8 9.02037e-16 7.31529e-19 i
56399.8 9.0979e-16 7.36509e-19 i
56400.8 9.1737e-16 7.41897e-19 i
56401.8 9.24768e-16 7.476e-19 i
56402.8 9.31974e-16 7.53544e-19 i
56403.8 9.38978e-16 7.5967e-19 i
56404.8 9.4577e-16 7.6594e-19 i
56405.8 9.52342e-16 7.72334e-19 i
56406.8 9.58682e-16 7.78853e-19 i
56407.8 9.64783e-16 7.85514e-19 i
56408.8 9.70634e-16 7.92356e-19 i
56409.8 9.76227e-16 7.99433e-19 i
56410.8 9.81553e-16 8.06814e-19 i
56411.8 9.86603e-16 8.14583e-19 i
56412.8 9.91369e-16 8.22835e-19 i
56413.8 9.95844e-16 8.31675e-19 i
56414.8 1.00002e-15 8.41213e-19 i
56415.8 1.00389e-15 8.51563e-19 i
56416.8 1.00745e-15 8.62836e-19 i
56417.8 1.01068e-15 8.75142e-19 i
56418.8 1.0136e-15 8.88582e-19 i
56419.8 1.01618e-15 9.03244e-19 i
56420.8 1.01842e-15 9.19206e-19 i
56421.8 1.02033e-15 9.36527e-19 i
56422.8 1.02189e-15 9.55248e-19 i
56423.8 1.02311e-15 9.75392e-19 i
56424.8 1.02398e-15 9.96959e-19 i
56425.8 1.02449e-15 1.01993e-18 i
56426.8 1.02465e-15 1.04427e-18 i
56427.8 1.02446e-15 1.06993e-18 i
56428.8 1.02392e-15 1.09682e-18 i
56429.8 1.02302e-15 1.12487e-18 i
56430.8 1.02177e-15 1.15397e-18 i
56431.8 1.02017e-15 1.18402e-18 i
56432.8 1.01822e-15 1.21491e-18 i
56433.8 1.01592e-15 1.24649e-18 i
56434.8 1.01328e-15 1.27867e-18 i
56435.8 1.0103e-15 1.3113e-18 i
56436.8 1.00699e-15 1.34426e-18 i
56437.8 1.00335e-15 1.37743e-18 i
56438.8 9.99381e-16 1.41069e-18 i
56439.8 9.95098e-16 1.44391e-18 i
56440.8 9.90504e-16 1.47699e-18 i
56441.8 9.85606e-16 1.50983e-18 i
56442.8 9.80412e-16 1.54232e-18 i
56443.8 9.74928e-16 1.57438e-18 i
56444.8 9.69164e-16 1.60592e-18 i
56445.8 9.63127e-16 1.63688e-18 i
56446.8 9.56827e-16 1.66717e-18 i
56447.8 9.50273e-16 1.69676e-18 i
56448.8 9.43474e-16 1.72558e-18 i
56449.8 9.36439e-16 1.7536e-18 i
56450.8 9.29179e-16 1.78079e-18 i
56451.8 9.21703e-16 1.80712e-18 i
56452.8 9.14021e-16 1.83257e-18 i
56453.8 9.06144e-16 1.85714e-18 i
56454.8 8.98081e-16 1.88083e-18 i
56455.8 8.89842e-16 1.90363e-18 i
56456.8 8.81439e-16 1.92555e-18 i
56457.8 8.72881e-16 1.94662e-18 i
56458.8 8.64179e-16 1.96684e-18 i
56459.8 8.55342e-16 1.98625e-18 i
56460.8 8.4638e-16 2.00486e-18 i
56461.8 8.37304e-16 2.02271e-18 i
56462.8 8.28123e-16 2.03984e-18 i
56463.8 8.18848e-16 2.05627e-18 i
56464.8 8.09486e-16 2.07203e-18 i
56465.8 8.00048e-16 2.08718e-18 i
56466.8 7.90543e-16 2.10174e-18 i
56467.8 7.8098e-16 2.11574e-18 i
56468.8 7.71367e-16 2.12924e-18 i
56469.8 7.61713e-16 2.14225e-18 i
56470.8 7.52025e-16 2.15481e-18 i
56471.8 7.42313e-16 2.16696e-18 i
56472.8 7.32583e-16 2.17872e-18 i
56473.8 7.22844e-16 2.19013e-18 i
56474.8 7.13102e-16 2.2012e-18 i
56475.8 7.03363e-16 2.21197e-18 i
56476.8 6.93636e-16 2.22244e-18 i
56477.8 6.83926e-16 2.23265e-18 i
56478.8 6.74239e-16 2.2426e-18 i
56479.8 6.64581e-16 2.2523e-18 i
56480.8 6.54958e-16 2.26177e-18 i
56481.8 6.45375e-16 2.27102e-18 i
56482.8 6.35837e-16 2.28004e-18 i
56483.8 6.26349e-16 2.28885e-18 i
56484.8 6.16915e-16 2.29743e-18 i
56485.8 6.07539e-16 2.3058e-18 i
56486.8 5.98226e-16 2.31395e-18 i
56487.8 5.8898e-16 2.32187e-18 i
56488.8 5.79803e-16 2.32956e-18 i
56489.8 5.707e-16 2.33701e-18 i
56490.8 5.61673e-16 2.34421e-18 i
56491.8 5.52725e-16 2.35115e-18 i
56492.8 5.43859e-16 2.35782e-18 i
56493.8 5.35077e-16 2.36421e-18 i
56494.8 5.26382e-16 2.37031e-18 i
56495.8 5.17775e-16 2.37611e-18 i
56496.8 5.09259e-16 2.38159e-18 i
56497.8 5.00835e-16 2.38675e-18 i
56498.8 4.92505e-16 2.39158e-18 i
56499.8 4.8427e-16 2.39605e-18 i
56500.8 4.76132e-16 2.40017e-18 i
56501.8 4.68091e-16 2.40391e-18 i
56502.8 4.60148e-16 2.40728e-18 i
56503.8 4.52304e-16 2.41026e-18 i
56504.8 4.44561e-16 2.41285e-18 i
56505.8 4.36917e-16 2.41503e-18 i
56506.8 4.29375e-16 2.4168e-18 i
56507.8 4.21933e-16 2.41815e-18 i
56508.8 4.14593e-16 2.41908e-18 i
56509.8 4.07354e-16 2.41958e-18 i
56510.8 4.00217e-16 2.41964e-18 i
56511.8 3.93181e-16 2.41927e-18 i
56512.8 3.86246e-16 2.41847e-18 i
56513.8 3.79412e-16 2.41722e-18 i
56514.8 3.72678e-16 2.41553e-18 i
56515.8 3.66045e-16 2.4134e-18 i
56516.8 3.59512e-16 2.41083e-18 i
56517.8 3.53078e-16 2.40783e-18 i
56518.8 3.46742e-16 2.40438e-18 i
56519.8 3.40505e-16 2.4005e-18 i
56520.8 3.34365e-16 2.39619e-18 i
56521.8 3.28322e-16 2.39145e-18 i
56522.8 3.22374e-16 2.38629e-18 i
56523.8 3.16522e-16 2.38071e-18 i
56524.8 3.10764e-16 2.37472e-18 i
56525.8 3.05099e-16 2.36832e-18 i
56526.8 2.99527e-16 2.36152e-18 i
56527.8 2.94046e-16 2.35432e-18 i
56528.8 2.88656e-16 2.34674e-18 i
56529.8 2.83356e-16 2.33878e-18 i
56530.8 2.78144e-16 2.33045e-18 i
56531.8 2.7302e-16 2.32175e-18 i
56532.8 2.67983e-16 2.3127e-18 i
56533.8 2.63031e-16 2.3033e-18 i
56534.8 2.58164e-16 2.29356e-18 i
56535.8 2.5338e-16 2.28349e-18 i
56536.8 2.48678e-16 2.2731e-18 i
56537.8 2.44058e-16 2.2624e-18 i
56538.8 2.39518e-16 2.25139e-18 i
56539.8 2.35058e-16 2.24009e-18 i
56540.8 2.30675e-16 2.22851e-18 i
56541.8 2.26369e-16 2.21665e-18 i
56542.8 2.22139e-16 2.20453e-18 i
56543.8 2.17984e-16 2.19215e-18 i
56544.8 2.13902e-16 2.17953e-18 i
56545.8 2.09894e-16 2.16667e-18 i
56546.8 2.05956e-16 2.15358e-18 i
56547.8 2.02089e-16 2.14027e-18 i
56548.8 1.98292e-16 2.12676e-18 i
56549.8 1.94563e-16 2.11304e-18 i
56550.8 1.90901e-16 2.09913e-18 i
56551.8 1.87305e-16 2.08504e-18 i
56552.8 1.83774e-16 2.07078e-18 i
56553.8 1.80308e-16 2.05635e-18 i
56554.8 1.76904e-16 2.04177e-18 i
56555.8 1.73563e-16 2.02704e-18 i
56556.8 1.70282e-16 2.01217e-18 i
56557.8 1.67062e-16 1.99717e-18 i
56558.8 1.639e-16 1.98205e-18 i
56559.8 1.60797e-16 1.96682e-18 i
56560.8 1.57751e-16 1.95148e-18 i
56561.8 1.54761e-16 1.93604e-18 i
56562.8 1.51826e-16 1.9205e-18 i
56563.8 1.48946e-16 1.90489e-18 i
56564.8 1.46118e-16 1.8892e-18 i
56565.8 1.43343e-16 1.87344e-18 i
56566.8 1.4062e-16 1.85761e-18 i
56567.8 1.37947e-16 1.84173e-18 i
56568.8 1.35324e-16 1.8258e-18 i
56569.8 1.3275e-16 1.80983e-18 i
56570.8 1.30224e-16 1.79383e-18 i
56571.8 1.27745e-16 1.77779e-18 i
56572.8 1.25313e-16 1.76173e-18 i
56573.8 1.22926e-16 1.74565e-18 i
56574.8 1.20583e-16 1.72955e-18 i
56575.8 1.18285e-16 1.71345e-18 i
56576.8 1.1603e-16 1.69735e-18 i
56577.8 1.13817e-16 1.68125e-18 i
56578.8 1.11645e-16 1.66516e-18 i
56579.8 1.09515e-16 1.64908e-18 i
56580.8 1.07424e-16 1.63302e-18 i
56581.8 1.05373e-16 1.61698e-18 i
56582.8 1.03361e-16 1.60096e-18 i
56583.8 1.01387e-16 1.58498e-18 i
56584.8 9.94498e-17 1.56904e-18 i
56585.8 9.75493e-17 1.55313e-18 i
56586.8 9.56848e-17 1.53726e-18 i
56587.8 9.38556e-17 1.52145e-18 i
56588.8 9.20609e-17 1.50568e-18 i
56589.8 9.03003e-17 1.48996e-18 i
56590.8 8.8573e-17 1.47431e-18 i
56591.8 8.68785e-17 1.45871e-18 i
56592.8 8.52162e-17 1.44318e-18 i
56593.8 8.35853e-17 1.42771e-18 i
56594.8 8.19855e-17 1.41231e-18 i
56595.8 8.0416e-17 1.39698e-18 i
56596.8 7.88764e-17 1.38173e-18 i
56597.8 7.7366e-17 1.36655e-18 i
56598.8 7.58844e-17 1.35146e-18 i
56599.8 7.44309e-17 1.33644e-18 i
56600.8 7.30051e-17 1.32151e-18 i
56601.8 7.16065e-17 1.30667e-18 i
56602.8 7.02345e-17 1.29191e-18 i
56603.8 6.88886e-17 1.27724e-18 i
56604.8 6.75684e-17 1.26267e-18 i
56605.8 6.62734e-17 1.24818e-18 i
56606.8 6.5003e-17 1.23379e-18 i
56607.8 6.37569e-17 1.2195e-18 i
56608.8 6.25346e-17 1.20531e-18 i
56609.8 6.13356e-17 1.19121e-18 i
56610.8 6.01595e-17 1.17722e-18 i
56611.8 5.90058e-17 1.16332e-18 i
56612.8 5.78742e-17 1.14953e-18 i
56613.8 5.67642e-17 1.13585e-18 i
56614.8 5.56754e-17 1.12226e-18 i
56615.8 5.46074e-17 1.10879e-18 i
56616.8 5.35599e-17 1.09541e-18 i
56617.8 5.25323e-17 1.08215e-18 i
56618.8 5.15244e-17 1.069e-18 i
56619.8 5.05358e-17 1.05595e-18 i
56620.8 4.95662e-17 1.04301e-18 i
56621.8 4.8615e-17 1.03018e-18 i
56622.8 4.76821e-17 1.01746e-18 i
56623.8 4.6767e-17 1.00486e-18 i
56624.8 4.58694e-17 9.9236e-19 i
56625.8 4.49891e-17 9.79975e-19 i
56626.8 4.41255e-17 9.677e-19 i
56627.8 4.32786e-17 9.55538e-19 i
56628.8 4.24478e-17 9.43488e-19 i
56629.8 4.1633e-17 9.31549e-19 i
56630.8 4.08337e-17 9.19723e-19 i
56631.8 4.00498e-17 9.08008e-19 i
56632.8 3.92809e-17 8.96406e-19 i
56633.8 3.85267e-17 8.84916e-19 i
56634.8 3.7787e-17 8.73538e-19 i
56635.8 3.70615e-17 8.62271e-19 i
56636.8 3.63499e-17 8.51117e-19 i
56637.8 3.56519e-17 8.40074e-19 i
56638.8 3.49673e-17 8.29142e-19 i
56639.8 3.42958e-17 8.18321e-19 i
56640.8 3.36372e-17 8.07611e-19 i
56641.8 3.29913e-17 7.97012e-19 i
56642.8 3.23577e-17 7.86523e-19 i
56643.8 3.17363e-17 7.76143e-19 i
56644.8 3.11268e-17 7.65874e-19 i
56645.8 3.05289e-17 7.55713e-19 i
56646.8 2.99426e-17 7.4566e-19 i
56647.8 2.93675e-17 7.35716e-19 i
56648.8 2.88035e-17 7.2588e-19 i
56649.8 2.82502e-17 7.1615e-19 i
56650.8 2.77076e-17 7.06528e-19 i
56651.8 2.71754e-17 6.97011e-19 i
56652.8 2.66534e-17 6.876e-19 i
56653.8 2.61415e-17 6.78294e-19 i
56654.8 2.56393e-17 6.69093e-19 i
56655.8 2.51468e-17 6.59995e-19 i
56656.8 2.46637e-17 6.51e-19 i
56657.8 2.419e-17 6.42108e-19 i
56658.8 2.37253e-17 6.33318e-19 i
56659.8 2.32695e-17 6.2463e-19 i
56660.8 2.28225e-17 6.16042e-19 i
56661.8 2.23841e-17 6.07553e-19 i
56662.8 2.19541e-17 5.99164e-19 i
56663.8 2.15323e-17 5.90874e-19 i
56664.8 2.11186e-17 5.82682e-19 i
56665.8 2.07129e-17 5.74586e-19 i
56666.8 2.0315e-17 5.66587e-19 i
56667.8 1.99247e-17 5.58684e-19 i
56668.8 1.95419e-17 5.50875e-19 i
56669.8 1.91665e-17 5.43161e-19 i
56670.8 1.87983e-17 5.3554e-19 i
56671.8 1.84371e-17 5.28012e-19 i
56672.8 1.80829e-17 5.20576e-19 i
56358.8 1.13032e-15 2.91697e-17 r
56359.8 1.12865e-15 2.81772e-17 r
56360.8 1.12693e-15 2.71992e-17 r
56361.8 1.12517e-15 2.62363e-17 r
56362.8 1.12337e-15 2.52888e-17 r
56363.8 1.12153e-15 2.43573e-17 r
56364.8 1.11966e-15 2.34422e-17 r
56365.8 1.11774e-15 2.25442e-17 r
56366.8 1.11578e-15 2.16638e-17 r
56367.8 1.11377e-15 2.08018e-17 r
56368.8 1.11173e-15 1.99588e-17 r
56369.8 1.10965e-15 1.91356e-17 r
56370.8 1.10752e-15 1.83332e-17 r
56371.8 1.10536e-15 1.75525e-17 r
56372.8 1.10315e-15 1.67947e-17 r
56373.8 1.1009e-15 1.60608e-17 r
56374.8 1.09861e-15 1.53522e-17 r
56375.8 1.09627e-15 1.46703e-17 r
56376.8 1.0939e-15 1.40168e-17 r
56377.8 1.09148e-15 1.33935e-17 r
56378.8 1.08902e-15 1.28021e-17 r
56379.8 1.08652e-15 1.22448e-17 r
56380.8 1.08398e-15 1.17237e-17 r
56381.8 1.0814e-15 1.12412e-17 r
56382.8 1.07877e-15 1.07994e-17 r
56383.8 1.0761e-15 1.04008e-17 r
56384.8 1.07339e-15 1.00475e-17 r
56385.8 1.07064e-15 9.74122e-18 r
56386.8 1.06784e-15 9.4836e-18 r
56387.8 1.06501e-15 9.27557e-18 r
56388.8 1.06213e-15 9.1174e-18 r
56389.8 1.05921e-15 9.00866e-18 r
56390.8 1.05625e-15 8.94811e-18 r
56391.8 1.05325e-15 8.93373e-18 r
56392.8 1.0502e-15 8.96286e-18 r
56393.8 1.04712e-15 9.03224e-18 r
56394.8 1.04399e-15 9.13825e-18 r
56395.8 1.04082e-15 9.27701e-18 r
56396.8 1.03762e-15 9.44459e-18 r
56397.8 1.03437e-15 9.6371e-18 r
56398.8 1.03108e-15 9.85084e-18 r
56399.8 1.02775e-15 1.00823e-17 r
56400.8 1.02438e-15 1.03283e-17 r
56401.8 1.02097e-15 1.0586e-17 r
56402.8 1.01752e-15 1.08526e-17 r
56403.8 1.01404e-15 1.1126e-17 r
56404.8 1.01051e-15 1.1404e-17 r
56405.8 1.00694e-15 1.16848e-17 r
56406.8 1.00334e-15 1.1967e-17 r
56407.8 9.99697e-16 1.22491e-17 r
56408.8 9.96016e-16 1.25299e-17 r
56409.8 9.92299e-16 1.28085e-17 r
56410.8 9.88543e-16 1.30841e-17 r
56411.8 9.84751e-16 1.33557e-17 r
56412.8 9.80923e-16 1.3623e-17 r
56413.8 9.77058e-16 1.38852e-17 r
56414.8 9.73157e-16 1.41421e-17 r
56415.8 9.69221e-16 1.43932e-17 r
56416.8 9.65249e-16 1.46382e-17 r
56417.8 9.61243e-16 1.48771e-17 r
56418.8 9.57203e-16 1.51095e-17 r
56419.8 9.53129e-16 1.53354e-17 r
56420.8 9.49021e-16 1.55547e-17 r
56421.8 9.44881e-16 1.57674e-17 r
56422.8 9.40708e-16 1.59735e-17 r
56423.8 9.36503e-16 1.61731e-17 r
56424.8 9.32266e-16 1.63662e-17 r
56425.8 9.27999e-16 1.6553e-17 r
56426.8 9.23701e-16 1.67336e-17 r
56427.8 9.19373e-16 1.69082e-17 r
56428.8 9.15015e-16 1.7077e-17 r
56429.8 9.10628e-16 1.72401e-17 r
56430.8 9.06214e-16 1.73978e-17 r
56431.8 9.01771e-16 1.75504e-17 r
56432.8 8.973e-16 1.76982e-17 r
56433.8 8.92803e-16 1.78413e-17 r
56434.8 8.8828e-16 1.79801e-17 r
56435.8 8.83732e-16 1.8115e-17 r
56436.8 8.79158e-16 1.82462e-17 r
56437.8 8.7456e-16 1.83741e-17 r
56438.8 8.69938e-16 1.8499e-17 r
56439.8 8.65293e-16 1.86213e-17 r
56440.8 8.60625e-16 1.87414e-17 r
56441.8 8.55935e-16 1.88596e-17 r
56442.8 8.51224e-16 1.89762e-17 r
56443.8 8.46493e-16 1.90918e-17 r
56444.8 8.41741e-16 1.92065e-17 r
56445.8 8.3697e-16 1.93209e-17 r
56446.8 8.3218e-16 1.94353e-17 r
56447.8 8.27372e-16 1.95501e-17 r
56448.8 8.22547e-16 1.96657e-17 r
56449.8 8.17705e-16 1.97824e-17 r
56450.8 8.12847e-16 1.99006e-17 r
56451.8 8.07973e-16 2.00206e-17 r
56452.8 8.03085e-16 2.01429e-17 r
56453.8 7.98183e-16 2.02677e-17 r
56454.8 7.93267e-16 2.03953e-17 r
56455.8 7.88339e-16 2.05261e-17 r
56456.8 7.83399e-16 2.06604e-17 r
56457.8 7.78447e-16 2.07985e-17 r
56458.8 7.73485e-16 2.09405e-17 r
56459.8 7.68513e-16 2.10868e-17 r
56460.8 7.63532e-16 2.12377e-17 r
56461.8 7.58542e-16 2.13932e-17 r
56462.8 7.53544e-16 2.15536e-17 r
56463.8 7.4854e-16 2.1719e-17 r
56464.8 7.43528e-16 2.18896e-17 r
56465.8 7.38511e-16 2.20656e-17 r
56466.8 7.33489e-16 2.2247e-17 r
56467.8 7.28463e-16 2.24338e-17 r
56468.8 7.23433e-16 2.26262e-17 r
56469.8 7.184e-16 2.28242e-17 r
56470.8 7.13364e-16 2.30278e-17 r
56471.8 7.08327e-16 2.3237e-17 r
56472.8 7.03289e-16 2.34517e-17 r
56473.8 6.9825e-16 2.36719e-17 r
56474.8 6.93212e-16 2.38976e-17 r
56475.8 6.88175e-16 2.41286e-17 r
56476.8 6.83139e-16 2.43649e-17 r
56477.8 6.78106e-16 2.46063e-17 r
56478.8 6.73076e-16 2.48526e-17 r
56479.8 6.68049e-16 2.51038e-17 r
56480.8 6.63027e-16 2.53597e-17 r
56481.8 6.5801e-16 2.562e-17 r
56482.8 6.52998e-16 2.58847e-17 r
56483.8 6.47992e-16 2.61534e-17 r
56484.8 6.42993e-16 2.64261e-17 r
56485.8 6.38001e-16 2.67024e-17 r
56486.8 6.33017e-16 2.69821e-17 r
56487.8 6.28042e-16 2.72651e-17 r
56488.8 6.23076e-16 2.7551e-17 r
56489.8 6.18119e-16 2.78396e-17 r
56490.8 6.13173e-16 2.81308e-17 r
56491.8 6.08238e-16 2.84242e-17 r
56492.8 6.03314e-16 2.87195e-17 r
56493.8 5.98402e-16 2.90166e-17 r
56494.8 5.93502e-16 2.93152e-17 r
56495.8 5.88616e-16 2.96149e-17 r
56496.8 5.83743e-16 2.99157e-17 r
56497.8 5.78884e-16 3.02172e-17 r
56498.8 5.74039e-16 3.05191e-17 r
56499.8 5.6921e-16 3.08213e-17 r
56500.8 5.64396e-16 3.11235e-17 r
56501.8 5.59598e-16 3.14253e-17 r
56502.8 5.54817e-16 3.17267e-17 r
56503.8 5.50052e-16 3.20274e-17 r
56504.8 5.45305e-16 3.23271e-17 r
56505.8 5.40575e-16 3.26256e-17 r
56506.8 5.35864e-16 3.29227e-17 r
56507.8 5.31172e-16 3.32181e-17 r
56508.8 5.26498e-16 3.35118e-17 r
56509.8 5.21844e-16 3.38034e-17 r
56510.8 5.1721e-16 3.40927e-17 r
56511.8 5.12596e-16 3.43796e-17 r
56512.8 5.08003e-16 3.46639e-17 r
56513.8 5.03431e-16 3.49454e-17 r
56514.8 4.9888e-16 3.52239e-17 r
56515.8 4.9435e-16 3.54992e-17 r
56516.8 4.89843e-16 3.57713e-17 r
56517.8 4.85357e-16 3.60398e-17 r
56518.8 4.80895e-16 3.63047e-17 r
56519.8 4.76455e-16 3.65659e-17 r
56520.8 4.72039e-16 3.68231e-17 r
56521.8 4.67646e-16 3.70763e-17 r
56522.8 4.63277e-16 3.73253e-17 r
56523.8 4.58931e-16 3.757e-17 r
56524.8 4.5461e-16 3.78103e-17 r
56525.8 4.50314e-16 3.80461e-17 r
56526.8 4.46042e-16 3.82772e-17 r
56527.8 4.41795e-16 3.85036e-17 r
56528.8 4.37574e-16 3.87252e-17 r
56529.8 4.33378e-16 3.89419e-17 r
56530.8 4.29207e-16 3.91536e-17 r
56531.8 4.25062e-16 3.93602e-17 r
56532.8 4.20943e-16 3.95617e-17 r
56533.8 4.1685e-16 3.9758e-17 r
56534.8 4.12784e-16 3.9949e-17 r
56535.8 4.08743e-16 4.01346e-17 r
56536.8 4.0473e-16 4.0315e-17 r
56537.8 4.00743e-16 4.04899e-17 r
56538.8 3.96783e-16 4.06593e-17 r
56539.8 3.9285e-16 4.08232e-17 r
56540.8 3.88944e-16 4.09816e-17 r
56541.8 3.85065e-16 4.11345e-17 r
56542.8 3.81213e-16 4.12818e-17 r
56543.8 3.77388e-16 4.14235e-17 r
56544.8 3.73591e-16 4.15595e-17 r
56545.8 3.69822e-16 4.169e-17 r
56546.8 3.6608e-16 4.18148e-17 r
56547.8 3.62366e-16 4.1934e-17 r
56548.8 3.58679e-16 4.20476e-17 r
56549.8 3.5502e-16 4.21555e-17 r
56550.8 3.51388e-16 4.22578e-17 r
56551.8 3.47785e-16 4.23545e-17 r
56552.8 3.44209e-16 4.24456e-17 r
56553.8 3.40661e-16 4.25312e-17 r
56554.8 3.3714e-16 4.26111e-17 r
56555.8 3.33648e-16 4.26856e-17 r
56556.8 3.30183e-16 4.27545e-17 r
56557.8 3.26746e-16 4.2818e-17 r
56558.8 3.23337e-16 4.2876e-17 r
56559.8 3.19956e-16 4.29286e-17 r
56560.8 3.16602e-16 4.29758e-17 r
56561.8 3.13276e-16 4.30177e-17 r
56562.8 3.09977e-16 4.30543e-17 r
56563.8 3.06706e-16 4.30856e-17 r
56564.8 3.03463e-16 4.31118e-17 r
56565.8 3.00247e-16 4.31327e-17 r
56566.8 2.97059e-16 4.31486e-17 r
56567.8 2.93898e-16 4.31593e-17 r
56568.8 2.90764e-16 4.31651e-17 r
56569.8 2.87658e-16 4.31659e-17 r
56570.8 2.84578e-16 4.31618e-17 r
56571.8 2.81526e-16 4.31528e-17 r
56572.8 2.785e-16 4.3139e-17 r
56573.8 2.75502e-16 4.31205e-17 r
56574.8 2.7253e-16 4.30974e-17 r
56575.8 2.69585e-16 4.30696e-17 r
56576.8 2.66667e-16 4.30372e-17 r
56577.8 2.63775e-16 4.30004e-17 r
56578.8 2.6091e-16 4.29591e-17 r
56579.8 2.58071e-16 4.29135e-17 r
56580.8 2.55258e-16 4.28636e-17 r
56581.8 2.52471e-16 4.28094e-17 r
56582.8 2.4971e-16 4.27511e-17 r
56583.8 2.46974e-16 4.26887e-17 r
56584.8 2.44265e-16 4.26222e-17 r
56585.8 2.41581e-16 4.25518e-17 r
56586.8 2.38922e-16 4.24774e-17 r
56587.8 2.36289e-16 4.23993e-17 r
56588.8 2.33681e-16 4.23173e-17 r
56589.8 2.31098e-16 4.22317e-17 r
56590.8 2.2854e-16 4.21424e-17 r
56591.8 2.26006e-16 4.20496e-17 r
56592.8 2.23497e-16 4.19533e-17 r
56593.8 2.21013e-16 4.18536e-17 r
56594.8 2.18553e-16 4.17506e-17 r
56595.8 2.16117e-16 4.16442e-17 r
56596.8 2.13705e-16 4.15346e-17 r
56597.8 2.11317e-16 4.14219e-17 r
56598.8 2.08953e-16 4.13061e-17 r
56599.8 2.06612e-16 4.11873e-17 r
56600.8 2.04295e-16 4.10656e-17 r
56601.8 2.02001e-16 4.0941e-17 r
56602.8 1.9973e-16 4.08135e-17 r
56603.8 1.97481e-16 4.06834e-17 r
56604.8 1.95256e-16 4.05505e-17 r
56605.8 1.93053e-16 4.04151e-17 r
56606.8 1.90873e-16 4.02771e-17 r
56607.8 1.88715e-16 4.01366e-17 r
56608.8 1.86579e-16 3.99937e-17 r
56609.8 1.84465e-16 3.98484e-17 r
56610.8 1.82373e-16 3.97009e-17 r
56611.8 1.80303e-16 3.95512e-17 r
56612.8 1.78254e-16 3.93992e-17 r
