53019.2 2.7536e-15 3.76333e-17 BessellB
53020.2 2.72173e-15 3.63675e-17 BessellB
53021.2 2.69023e-15 3.51335e-17 BessellB
53022.2 2.65909e-15 3.3931e-17 BessellB
53023.2 2.62831e-15 3.276e-17 BessellB
53024.2 2.59789e-15 3.16205e-17 BessellB
53025.2 2.56783e-15 3.05124e-17 BessellB
53026.2 2.53811e-15 2.94358e-17 BessellB
53027.2 2.50873e-15 2.83906e-17 BessellB
53028.2 2.4797e-15 2.7377e-17 BessellB
53029.2 2.451e-15 2.63952e-17 BessellB
53030.2 2.42263e-15 2.54452e-17 BessellB
53031.2 2.3946e-15 2.45275e-17 BessellB
53032.2 2.36688e-15 2.36421e-17 BessellB
53033.2 2.33949e-15 2.27896e-17 BessellB
53034.2 2.31242e-15 2.19702e-17 BessellB
53035.2 2.28566e-15 2.11844e-17 BessellB
53036.2 2.2592e-15 2.04326e-17 BessellB
53037.2 2.23306e-15 1.97155e-17 BessellB
53038.2 2.20722e-15 1.90334e-17 BessellB
53039.2 2.18167e-15 1.83871e-17 BessellB
53040.2 2.15643e-15 1.7777e-17 BessellB
53041.2 2.13147e-15 1.72038e-17 BessellB
53042.2 2.10681e-15 1.66681e-17 BessellB
53043.2 2.08243e-15 1.61702e-17 BessellB
53044.2 2.05833e-15 1.57108e-17 BessellB
53045.2 2.03451e-15 1.52901e-17 BessellB
53046.2 2.01096e-15 1.49083e-17 BessellB
53047.2 1.98769e-15 1.45656e-17 BessellB
53048.2 1.96469e-15 1.42617e-17 BessellB
53049.2 1.94195e-15 1.39964e-17 BessellB
53050.2 1.91948e-15 1.37692e-17 BessellB
53051.2 1.89727e-15 1.35791e-17 BessellB
53052.2 1.87531e-15 1.34252e-17 BessellB
53053.2 1.85361e-15 1.33062e-17 BessellB
53054.2 1.83216e-15 1.32206e-17 BessellB
53055.2 1.81095e-15 1.31667e-17 BessellB
53056.2 1.78999e-15 1.31426e-17 BessellB
53057.2 1.76927e-15 1.31464e-17 BessellB
53058.2 1.74879e-15 1.3176e-17 BessellB
53059.2 1.72855e-15 1.32293e-17 BessellB
53060.2 1.70854e-15 1.3304e-17 BessellB
53061.2 1.68876e-15 1.3398e-17 BessellB
53062.2 1.66921e-15 1.35094e-17 BessellB
53063.2 1.64988e-15 1.36359e-17 BessellB
53064.2 1.63078e-15 1.37757e-17 BessellB
53065.2 1.61189e-15 1.39268e-17 BessellB
53066.2 1.59322e-15 1.40876e-17 BessellB
53067.2 1.57476e-15 1.42564e-17 BessellB
53068.2 1.55651e-15 1.44317e-17 BessellB
53069.2 1.53847e-15 1.46119e-17 BessellB
53070.2 1.52063e-15 1.47958e-17 BessellB
53071.2 1.503e-15 1.49821e-17 BessellB
53072.2 1.48556e-15 1.51696e-17 BessellB
53073.2 1.46832e-15 1.53573e-17 BessellB
53074.2 1.45128e-15 1.55442e-17 BessellB
53075.2 1.43442e-15 1.57292e-17 BessellB
53076.2 1.41774e-15 1.59116e-17 BessellB
53077.2 1.40126e-15 1.60905e-17 BessellB
53078.2 1.38494e-15 1.62651e-17 BessellB
53079.2 1.36881e-15 1.64345e-17 BessellB
53080.2 1.35285e-15 1.65982e-17 BessellB
53081.2 1.33705e-15 1.67554e-17 BessellB
53082.2 1.32142e-15 1.69054e-17 BessellB
53083.2 1.30595e-15 1.70475e-17 BessellB
53084.2 1.29064e-15 1.7181e-17 BessellB
53085.2 1.27547e-15 1.73053e-17 BessellB
53086.2 1.26045e-15 1.74197e-17 BessellB
53087.2 1.24557e-15 1.75237e-17 BessellB
53088.2 1.23082e-15 1.76164e-17 BessellB
53089.2 1.21619e-15 1.76973e-17 BessellB
53090.2 1.20169e-15 1.77658e-17 BessellB
53091.2 1.1873e-15 1.78213e-17 BessellB
53092.2 1.173e-15 1.7863e-17 BessellB
53093.2 1.1588e-15 1.78906e-17 BessellB
53094.2 1.14469e-15 1.79035e-17 BessellB
53095.2 1.13064e-15 1.79012e-17 BessellB
53096.2 1.11665e-15 1.78836e-17 BessellB
53097.2 1.1027e-15 1.78503e-17 BessellB
53098.2 1.08878e-15 1.78014e-17 BessellB
53099.2 1.07487e-15 1.7737e-17 BessellB
53100.2 1.06094e-15 1.76577e-17 BessellB
53101.2 1.04699e-15 1.75642e-17 BessellB
53102.2 1.03298e-15 1.74578e-17 BessellB
53103.2 1.01888e-15 1.734e-17 BessellB
53104.2 1.00468e-15 1.72133e-17 BessellB
53105.2 9.90323e-16 1.70802e-17 BessellB
53106.2 9.75788e-16 1.69446e-17 BessellB
53107.2 9.61031e-16 1.68105e-17 BessellB
53108.2 9.46008e-16 1.66832e-17 BessellB
53109.2 9.30672e-16 1.65682e-17 BessellB
53110.2 9.14971e-16 1.6472e-17 BessellB
53111.2 8.98849e-16 1.64014e-17 BessellB
53112.2 8.82248e-16 1.63633e-17 BessellB
53113.2 8.65103e-16 1.63642e-17 BessellB
53114.2 8.47349e-16 1.641e-17 BessellB
53115.2 8.28919e-16 1.65053e-17 BessellB
53116.2 8.09743e-16 1.66529e-17 BessellB
53117.2 7.89754e-16 1.68537e-17 BessellB
53118.2 7.68887e-16 1.71062e-17 BessellB
53119.2 7.47084e-16 1.74069e-17 BessellB
53120.2 7.24293e-16 1.77503e-17 BessellB
53121.2 7.00479e-16 1.81301e-17 BessellB
53122.2 6.75619e-16 1.85394e-17 BessellB
53123.2 6.49713e-16 1.89716e-17 BessellB
53124.2 6.22787e-16 1.94215e-17 BessellB
53125.2 5.94893e-16 1.9885e-17 BessellB
53126.2 5.66117e-16 2.03593e-17 BessellB
53127.2 5.36578e-16 2.08422e-17 BessellB
53128.2 5.06427e-16 2.13311e-17 BessellB
53129.2 4.75851e-16 2.18212e-17 BessellB
53130.2 4.45061e-16 2.23043e-17 BessellB
53131.2 4.1429e-16 2.27678e-17 BessellB
53132.2 3.83785e-16 2.31944e-17 BessellB
53133.2 3.53798e-16 2.35631e-17 BessellB
53134.2 3.24571e-16 2.38505e-17 BessellB
53135.2 2.96334e-16 2.40336e-17 BessellB
53136.2 2.69287e-16 2.40917e-17 BessellB
53137.2 2.43603e-16 2.40091e-17 BessellB
53138.2 2.19414e-16 2.3776e-17 BessellB
53139.2 1.96815e-16 2.33899e-17 BessellB
53140.2 1.75862e-16 2.28552e-17 BessellB
53141.2 1.56574e-16 2.21823e-17 BessellB
53142.2 1.38938e-16 2.13867e-17 BessellB
53143.2 1.22912e-16 2.04875e-17 BessellB
53144.2 1.08432e-16 1.95059e-17 BessellB
53145.2 9.54167e-17 1.84636e-17 BessellB
53146.2 8.37733e-17 1.73817e-17 BessellB
53147.2 7.34016e-17 1.62802e-17 BessellB
53148.2 6.41979e-17 1.51768e-17 BessellB
53149.2 5.60585e-17 1.40868e-17 BessellB
53150.2 4.88822e-17 1.3023e-17 BessellB
53151.2 4.25721e-17 1.19956e-17 BessellB
53152.2 3.70366e-17 1.10125e-17 BessellB
53153.2 3.21909e-17 1.00794e-17 BessellB
53154.2 2.79567e-17 9.19986e-18 BessellB
53155.2 2.42627e-17 8.37607e-18 BessellB
53156.2 2.10444e-17 7.60872e-18 BessellB
53157.2 1.82441e-17 6.89744e-18 BessellB
53158.2 1.58098e-17 6.24099e-18 BessellB
53159.2 1.36957e-17 5.63748e-18 BessellB
53160.2 1.18609e-17 5.08454e-18 BessellB
53161.2 1.02698e-17 4.57949e-18 BessellB
53162.2 8.89053e-18 4.11943e-18 BessellB
53163.2 7.69556e-18 3.70139e-18 BessellB
53164.2 6.66063e-18 3.32236e-18 BessellB
53165.2 5.76458e-18 2.97937e-18 BessellB
53166.2 4.98897e-18 2.66954e-18 BessellB
53167.2 4.31774e-18 2.39012e-18 BessellB
53168.2 3.73692e-18 2.13847e-18 BessellB
53169.2 3.2344e-18 1.91212e-18 BessellB
53170.2 2.79964e-18 1.70878e-18 BessellB
53171.2 2.42353e-18 1.52628e-18 BessellB
53172.2 2.09815e-18 1.36265e-18 BessellB
53173.2 1.81667e-18 1.21606e-18 BessellB
53174.2 1.57314e-18 1.08484e-18 BessellB
53175.2 1.36244e-18 9.67452e-19 BessellB
53176.2 1.18012e-18 8.62511e-19 BessellB
53177.2 1.02236e-18 7.68747e-19 BessellB
53178.2 8.85829e-19 6.85013e-19 BessellB
53179.2 7.67656e-19 6.1027e-19 BessellB
53019.2 1.18148e-15 1.33573e-17 BessellI
53020.2 1.19035e-15 1.29925e-17 BessellI
53021.2 1.19923e-15 1.26266e-17 BessellI
53022.2 1.20813e-15 1.226e-17 BessellI
53023.2 1.21705e-15 1.1893e-17 BessellI
53024.2 1.22598e-15 1.15262e-17 BessellI
53025.2 1.23491e-15 1.116e-17 BessellI
53026.2 1.24385e-15 1.07949e-17 BessellI
53027.2 1.25279e-15 1.04316e-17 BessellI
53028.2 1.26173e-15 1.00705e-17 BessellI
53029.2 1.27066e-15 9.71242e-18 BessellI
53030.2 1.27958e-15 9.35806e-18 BessellI
53031.2 1.28848e-15 9.00821e-18 BessellI
53032.2 1.29736e-15 8.66373e-18 BessellI
53033.2 1.30622e-15 8.32557e-18 BessellI
53034.2 1.31504e-15 7.99474e-18 BessellI
53035.2 1.32382e-15 7.67235e-18 BessellI
53036.2 1.33256e-15 7.35957e-18 BessellI
53037.2 1.34124e-15 7.0577e-18 BessellI
53038.2 1.34987e-15 6.76806e-18 BessellI
53039.2 1.35843e-15 6.4921e-18 BessellI
53040.2 1.36692e-15 6.23129e-18 BessellI
53041.2 1.37533e-15 5.98713e-18 BessellI
53042.2 1.38365e-15 5.76113e-18 BessellI
53043.2 1.39187e-15 5.55472e-18 BessellI
53044.2 1.39998e-15 5.36921e-18 BessellI
53045.2 1.40798e-15 5.20572e-18 BessellI
53046.2 1.41585e-15 5.06507e-18 BessellI
53047.2 1.42358e-15 4.94772e-18 BessellI
53048.2 1.43116e-15 4.85371e-18 BessellI
53049.2 1.43859e-15 4.78258e-18 BessellI
53050.2 1.44584e-15 4.7334e-18 BessellI
53051.2 1.45291e-15 4.70474e-18 BessellI
53052.2 1.45978e-15 4.69474e-18 BessellI
53053.2 1.46645e-15 4.70121e-18 BessellI
53054.2 1.47289e-15 4.72169e-18 BessellI
53055.2 1.47909e-15 4.75357e-18 BessellI
53056.2 1.48504e-15 4.79419e-18 BessellI
53057.2 1.49073e-15 4.8409e-18 BessellI
53058.2 1.49614e-15 4.89114e-18 BessellI
53059.2 1.50124e-15 4.94249e-18 BessellI
53060.2 1.50604e-15 4.99268e-18 BessellI
53061.2 1.51051e-15 5.03964e-18 BessellI
53062.2 1.51463e-15 5.08148e-18 BessellI
53063.2 1.51839e-15 5.11653e-18 BessellI
53064.2 1.52177e-15 5.14331e-18 BessellI
53065.2 1.52475e-15 5.16052e-18 BessellI
53066.2 1.52731e-15 5.16709e-18 BessellI
53067.2 1.52945e-15 5.16212e-18 BessellI
53068.2 1.53113e-15 5.1449e-18 BessellI
53069.2 1.53235e-15 5.11493e-18 BessellI
53070.2 1.53308e-15 5.07188e-18 BessellI
53071.2 1.53332e-15 5.01564e-18 BessellI
53072.2 1.53303e-15 4.9463e-18 BessellI
53073.2 1.5322e-15 4.86416e-18 BessellI
53074.2 1.53082e-15 4.76975e-18 BessellI
53075.2 1.52888e-15 4.66384e-18 BessellI
53076.2 1.52635e-15 4.54745e-18 BessellI
53077.2 1.52322e-15 4.42188e-18 BessellI
53078.2 1.51948e-15 4.28873e-18 BessellI
53079.2 1.51512e-15 4.14993e-18 BessellI
53080.2 1.51012e-15 4.00774e-18 BessellI
53081.2 1.50447e-15 3.86479e-18 BessellI
53082.2 1.49817e-15 3.72407e-18 BessellI
53083.2 1.4912e-15 3.58895e-18 BessellI
53084.2 1.48356e-15 3.46307e-18 BessellI
53085.2 1.47524e-15 3.35029e-18 BessellI
53086.2 1.46625e-15 3.25446e-18 BessellI
53087.2 1.45657e-15 3.17922e-18 BessellI
53088.2 1.44621e-15 3.12764e-18 BessellI
53089.2 1.43516e-15 3.1019e-18 BessellI
53090.2 1.42344e-15 3.10299e-18 BessellI
53091.2 1.41105e-15 3.13058e-18 BessellI
53092.2 1.398e-15 3.18305e-18 BessellI
53093.2 1.38429e-15 3.25765e-18 BessellI
53094.2 1.36993e-15 3.35085e-18 BessellI
53095.2 1.35495e-15 3.45866e-18 BessellI
53096.2 1.33935e-15 3.57694e-18 BessellI
53097.2 1.32316e-15 3.70163e-18 BessellI
53098.2 1.30639e-15 3.8289e-18 BessellI
53099.2 1.28907e-15 3.95527e-18 BessellI
53100.2 1.27122e-15 4.07765e-18 BessellI
53101.2 1.25285e-15 4.19331e-18 BessellI
53102.2 1.23401e-15 4.29994e-18 BessellI
53103.2 1.21472e-15 4.39559e-18 BessellI
53104.2 1.195e-15 4.47865e-18 BessellI
53105.2 1.17489e-15 4.54789e-18 BessellI
53106.2 1.15441e-15 4.60237e-18 BessellI
53107.2 1.13361e-15 4.64145e-18 BessellI
53108.2 1.11252e-15 4.66482e-18 BessellI
53109.2 1.09116e-15 4.67241e-18 BessellI
53110.2 1.06958e-15 4.66444e-18 BessellI
53111.2 1.0478e-15 4.64137e-18 BessellI
53112.2 1.02586e-15 4.60392e-18 BessellI
53113.2 1.0038e-15 4.55305e-18 BessellI
53114.2 9.81649e-16 4.48993e-18 BessellI
53115.2 9.59441e-16 4.41596e-18 BessellI
53116.2 9.3721e-16 4.33276e-18 BessellI
53117.2 9.14988e-16 4.24211e-18 BessellI
53118.2 8.92806e-16 4.14603e-18 BessellI
53119.2 8.70695e-16 4.04665e-18 BessellI
53120.2 8.48684e-16 3.94629e-18 BessellI
53121.2 8.26802e-16 3.84736e-18 BessellI
53122.2 8.05076e-16 3.75233e-18 BessellI
53123.2 7.83531e-16 3.66369e-18 BessellI
53124.2 7.62192e-16 3.58388e-18 BessellI
53125.2 7.41082e-16 3.51514e-18 BessellI
53126.2 7.20221e-16 3.4595e-18 BessellI
53127.2 6.99631e-16 3.41858e-18 BessellI
53128.2 6.79328e-16 3.39356e-18 BessellI
53129.2 6.59331e-16 3.38506e-18 BessellI
53130.2 6.39654e-16 3.39316e-18 BessellI
53131.2 6.20312e-16 3.41735e-18 BessellI
53132.2 6.01316e-16 3.45665e-18 BessellI
53133.2 5.82677e-16 3.50966e-18 BessellI
53134.2 5.64406e-16 3.57468e-18 BessellI
53135.2 5.46509e-16 3.64985e-18 BessellI
53136.2 5.28995e-16 3.73323e-18 BessellI
53137.2 5.11868e-16 3.82289e-18 BessellI
53138.2 4.95134e-16 3.91697e-18 BessellI
53139.2 4.78794e-16 4.01377e-18 BessellI
53140.2 4.62852e-16 4.11171e-18 BessellI
53141.2 4.47308e-16 4.20938e-18 BessellI
53142.2 4.32162e-16 4.30557e-18 BessellI
53143.2 4.17415e-16 4.39919e-18 BessellI
53144.2 4.03063e-16 4.48933e-18 BessellI
53145.2 3.89106e-16 4.57522e-18 BessellI
53146.2 3.75539e-16 4.65624e-18 BessellI
53147.2 3.62359e-16 4.73186e-18 BessellI
53148.2 3.49563e-16 4.80167e-18 BessellI
53149.2 3.37144e-16 4.86537e-18 BessellI
53150.2 3.25098e-16 4.92273e-18 BessellI
53151.2 3.13419e-16 4.97361e-18 BessellI
53152.2 3.02101e-16 5.01791e-18 BessellI
53153.2 2.91137e-16 5.05562e-18 BessellI
53154.2 2.80522e-16 5.08675e-18 BessellI
53155.2 2.70246e-16 5.11139e-18 BessellI
53156.2 2.60305e-16 5.12962e-18 BessellI
53157.2 2.50689e-16 5.14161e-18 BessellI
53158.2 2.41393e-16 5.1475e-18 BessellI
53159.2 2.32407e-16 5.14748e-18 BessellI
53160.2 2.23725e-16 5.14177e-18 BessellI
53161.2 2.15339e-16 5.13059e-18 BessellI
53162.2 2.07241e-16 5.11416e-18 BessellI
53163.2 1.99423e-16 5.09272e-18 BessellI
53164.2 1.91878e-16 5.06653e-18 BessellI
53165.2 1.84598e-16 5.03584e-18 BessellI
53166.2 1.77575e-16 5.0009e-18 BessellI
53167.2 1.70802e-16 4.96196e-18 BessellI
53168.2 1.64272e-16 4.91927e-18 BessellI
53169.2 1.57976e-16 4.87309e-18 BessellI
53170.2 1.51909e-16 4.82366e-18 BessellI
53171.2 1.46062e-16 4.77122e-18 BessellI
53172.2 1.40429e-16 4.71601e-18 BessellI
53173.2 1.35003e-16 4.65826e-18 BessellI
53174.2 1.29777e-16 4.59818e-18 BessellI
53175.2 1.24744e-16 4.53601e-18 BessellI
53176.2 1.19899e-16 4.47193e-18 BessellI
53177.2 1.15235e-16 4.40616e-18 BessellI
53178.2 1.10745e-16 4.33889e-18 BessellI
53179.2 1.06424e-16 4.2703e-18 BessellI
53180.2 1.02266e-16 4.20056e-18 BessellI
53181.2 9.82653e-17 4.12985e-18 BessellI
53182.2 9.44163e-17 4.05832e-18 BessellI
53183.2 9.07138e-17 3.98612e-18 BessellI
53184.2 8.71525e-17 3.91341e-18 BessellI
53185.2 8.37274e-17 3.8403e-18 BessellI
53186.2 8.04336e-17 3.76694e-18 BessellI
53187.2 7.72664e-17 3.69343e-18 BessellI
53188.2 7.4221e-17 3.6199e-18 BessellI
53189.2 7.12932e-17 3.54645e-18 BessellI
53190.2 6.84785e-17 3.47318e-18 BessellI
53191.2 6.57728e-17 3.40018e-18 BessellI
53192.2 6.31721e-17 3.32753e-18 BessellI
53193.2 6.06725e-17 3.25532e-18 BessellI
53194.2 5.82701e-17 3.18361e-18 BessellI
53195.2 5.59614e-17 3.11249e-18 BessellI
53196.2 5.37428e-17 3.042e-18 BessellI
53197.2 5.16109e-17 2.9722e-18 BessellI
53198.2 4.95625e-17 2.90316e-18 BessellI
53199.2 4.75943e-17 2.83491e-18 BessellI
53200.2 4.57034e-17 2.7675e-18 BessellI
53201.2 4.38867e-17 2.70096e-18 BessellI
53202.2 4.21415e-17 2.63534e-18 BessellI
53203.2 4.04649e-17 2.57066e-18 BessellI
53204.2 3.88544e-17 2.50695e-18 BessellI
53205.2 3.73074e-17 2.44423e-18 BessellI
53206.2 3.58214e-17 2.38253e-18 BessellI
53207.2 3.43942e-17 2.32186e-18 BessellI
53208.2 3.30234e-17 2.26224e-18 BessellI
53209.2 3.17067e-17 2.20368e-18 BessellI
53210.2 3.04422e-17 2.14619e-18 BessellI
53211.2 2.92278e-17 2.08977e-18 BessellI
53212.2 2.80616e-17 2.03444e-18 BessellI
53213.2 2.69416e-17 1.98019e-18 BessellI
53214.2 2.5866e-17 1.92702e-18 BessellI
53215.2 2.48331e-17 1.87494e-18 BessellI
53216.2 2.38413e-17 1.82395e-18 BessellI
53217.2 2.28889e-17 1.77403e-18 BessellI
53218.2 2.19744e-17 1.72519e-18 BessellI
53219.2 2.10962e-17 1.67742e-18 BessellI
53220.2 2.0253e-17 1.63071e-18 BessellI
53221.2 1.94434e-17 1.58505e-18 BessellI
53222.2 1.8666e-17 1.54043e-18 BessellI
53223.2 1.79196e-17 1.49684e-18 BessellI
53224.2 1.72029e-17 1.45428e-18 BessellI
53225.2 1.65148e-17 1.41273e-18 BessellI
53226.2 1.58542e-17 1.37217e-18 BessellI
53227.2 1.52199e-17 1.33259e-18 BessellI
53228.2 1.46109e-17 1.29399e-18 BessellI
53229.2 1.40262e-17 1.25634e-18 BessellI
53230.2 1.34649e-17 1.21963e-18 BessellI
53231.2 1.2926e-17 1.18385e-18 BessellI
53232.2 1.24086e-17 1.14898e-18 BessellI
53233.2 1.19119e-17 1.115e-18 BessellI
53234.2 1.1435e-17 1.0819e-18 BessellI
53235.2 1.09772e-17 1.04966e-18 BessellI
53236.2 1.05377e-17 1.01828e-18 BessellI
53237.2 1.01158e-17 9.8772e-19 BessellI
53238.2 9.71069e-18 9.57978e-19 BessellI
53239.2 9.32183e-18 9.29035e-19 BessellI
53240.2 8.94851e-18 9.00874e-19 BessellI
53241.2 8.59014e-18 8.73479e-19 BessellI
53242.2 8.2461e-18 8.46834e-19 BessellI
53243.2 7.91582e-18 8.20923e-19 BessellI
53244.2 7.59877e-18 7.95729e-19 BessellI
53245.2 7.2944e-18 7.71238e-19 BessellI
53246.2 7.00221e-18 7.47433e-19 BessellI
53247.2 6.72172e-18 7.24298e-19 BessellI
53248.2 6.45246e-18 7.01818e-19 BessellI
53249.2 6.19398e-18 6.79977e-19 BessellI
53250.2 5.94585e-18 6.58761e-19 BessellI
53251.2 5.70766e-18 6.38155e-19 BessellI
53252.2 5.479e-18 6.18143e-19 BessellI
53253.2 5.2595e-18 5.98711e-19 BessellI
53254.2 5.0488e-18 5.79845e-19 BessellI
53255.2 4.84653e-18 5.6153e-19 BessellI
53256.2 4.65236e-18 5.43753e-19 BessellI
53257.2 4.46597e-18 5.265e-19 BessellI
53258.2 4.28705e-18 5.09757e-19 BessellI
53259.2 4.11529e-18 4.93512e-19 BessellI
53260.2 3.95042e-18 4.77751e-19 BessellI
53261.2 3.79215e-18 4.62461e-19 BessellI
53262.2 3.64022e-18 4.47631e-19 BessellI
53263.2 3.49438e-18 4.33247e-19 BessellI
53264.2 3.35438e-18 4.19299e-19 BessellI
53265.2 3.21999e-18 4.05773e-19 BessellI
53266.2 3.09099e-18 3.92658e-19 BessellI
53267.2 2.96715e-18 3.79944e-19 BessellI
53268.2 2.84828e-18 3.67619e-19 BessellI
53269.2 2.73417e-18 3.55673e-19 BessellI
53270.2 2.62463e-18 3.44094e-19 BessellI
53271.2 2.51948e-18 3.32873e-19 BessellI
53272.2 2.41854e-18 3.22e-19 BessellI
53273.2 2.32165e-18 3.11464e-19 BessellI
53274.2 2.22865e-18 3.01256e-19 BessellI
53275.2 2.13936e-18 2.91367e-19 BessellI
53276.2 2.05366e-18 2.81787e-19 BessellI
53277.2 1.97139e-18 2.72507e-19 BessellI
53278.2 1.89242e-18 2.6352e-19 BessellI
53279.2 1.81661e-18 2.54816e-19 BessellI
53280.2 1.74384e-18 2.46387e-19 BessellI
53281.2 1.67399e-18 2.38224e-19 BessellI
53282.2 1.60693e-18 2.30321e-19 BessellI
53283.2 1.54257e-18 2.2267e-19 BessellI
53284.2 1.48078e-18 2.15262e-19 BessellI
53285.2 1.42147e-18 2.08091e-19 BessellI
53286.2 1.36453e-18 2.01149e-19 BessellI
53287.2 1.30988e-18 1.9443e-19 BessellI
53288.2 1.25741e-18 1.87927e-19 BessellI
53289.2 1.20705e-18 1.81634e-19 BessellI
53290.2 1.15871e-18 1.75543e-19 BessellI
53019.2 1.65872e-15 2.30734e-17 BessellR
53020.2 1.68242e-15 2.23305e-17 BessellR
53021.2 1.70602e-15 2.15797e-17 BessellR
53022.2 1.72951e-15 2.08228e-17 BessellR
53023.2 1.75286e-15 2.00615e-17 BessellR
53024.2 1.77604e-15 1.92981e-17 BessellR
53025.2 1.79902e-15 1.85346e-17 BessellR
53026.2 1.82178e-15 1.77734e-17 BessellR
53027.2 1.8443e-15 1.70168e-17 BessellR
53028.2 1.86653e-15 1.62676e-17 BessellR
53029.2 1.88846e-15 1.55285e-17 BessellR
53030.2 1.91006e-15 1.48024e-17 BessellR
53031.2 1.93129e-15 1.40923e-17 BessellR
53032.2 1.95213e-15 1.34017e-17 BessellR
53033.2 1.97254e-15 1.27339e-17 BessellR
53034.2 1.9925e-15 1.20925e-17 BessellR
53035.2 2.01198e-15 1.14812e-17 BessellR
53036.2 2.03094e-15 1.09038e-17 BessellR
53037.2 2.04937e-15 1.03641e-17 BessellR
53038.2 2.06722e-15 9.86581e-18 BessellR
53039.2 2.08447e-15 9.41244e-18 BessellR
53040.2 2.1011e-15 9.00702e-18 BessellR
53041.2 2.11707e-15 8.65197e-18 BessellR
53042.2 2.13236e-15 8.34886e-18 BessellR
53043.2 2.14694e-15 8.09818e-18 BessellR
53044.2 2.16079e-15 7.8992e-18 BessellR
53045.2 2.17388e-15 7.74986e-18 BessellR
53046.2 2.1862e-15 7.64689e-18 BessellR
53047.2 2.19772e-15 7.5859e-18 BessellR
53048.2 2.20842e-15 7.56172e-18 BessellR
53049.2 2.21828e-15 7.56863e-18 BessellR
53050.2 2.22728e-15 7.60077e-18 BessellR
53051.2 2.23542e-15 7.65234e-18 BessellR
53052.2 2.24267e-15 7.71787e-18 BessellR
53053.2 2.24902e-15 7.79238e-18 BessellR
53054.2 2.25447e-15 7.87145e-18 BessellR
53055.2 2.25901e-15 7.95127e-18 BessellR
53056.2 2.26262e-15 8.02868e-18 BessellR
53057.2 2.26531e-15 8.10107e-18 BessellR
53058.2 2.26707e-15 8.16644e-18 BessellR
53059.2 2.2679e-15 8.22328e-18 BessellR
53060.2 2.26781e-15 8.27053e-18 BessellR
53061.2 2.26679e-15 8.30756e-18 BessellR
53062.2 2.26484e-15 8.33413e-18 BessellR
53063.2 2.26199e-15 8.35028e-18 BessellR
53064.2 2.25823e-15 8.35634e-18 BessellR
53065.2 2.25358e-15 8.3529e-18 BessellR
53066.2 2.24804e-15 8.34072e-18 BessellR
53067.2 2.24164e-15 8.32074e-18 BessellR
53068.2 2.23438e-15 8.29401e-18 BessellR
53069.2 2.22628e-15 8.2617e-18 BessellR
53070.2 2.21737e-15 8.22503e-18 BessellR
53071.2 2.20765e-15 8.18524e-18 BessellR
53072.2 2.19716e-15 8.14359e-18 BessellR
53073.2 2.18591e-15 8.1013e-18 BessellR
53074.2 2.17392e-15 8.05954e-18 BessellR
53075.2 2.16123e-15 8.01941e-18 BessellR
53076.2 2.14784e-15 7.98189e-18 BessellR
53077.2 2.1338e-15 7.94785e-18 BessellR
53078.2 2.11912e-15 7.91802e-18 BessellR
53079.2 2.10383e-15 7.89298e-18 BessellR
53080.2 2.08796e-15 7.87317e-18 BessellR
53081.2 2.07154e-15 7.85884e-18 BessellR
53082.2 2.05459e-15 7.85012e-18 BessellR
53083.2 2.03714e-15 7.84697e-18 BessellR
53084.2 2.01921e-15 7.84921e-18 BessellR
53085.2 2.00085e-15 7.85654e-18 BessellR
53086.2 1.98206e-15 7.86856e-18 BessellR
53087.2 1.96289e-15 7.88477e-18 BessellR
53088.2 1.94335e-15 7.9046e-18 BessellR
53089.2 1.92348e-15 7.92743e-18 BessellR
53090.2 1.90331e-15 7.95262e-18 BessellR
53091.2 1.88284e-15 7.97948e-18 BessellR
53092.2 1.86213e-15 8.00736e-18 BessellR
53093.2 1.84117e-15 8.03559e-18 BessellR
53094.2 1.82002e-15 8.06354e-18 BessellR
53095.2 1.79868e-15 8.09061e-18 BessellR
53096.2 1.77717e-15 8.11625e-18 BessellR
53097.2 1.75554e-15 8.13994e-18 BessellR
53098.2 1.73378e-15 8.16123e-18 BessellR
53099.2 1.71193e-15 8.1797e-18 BessellR
53100.2 1.69001e-15 8.19501e-18 BessellR
53101.2 1.66803e-15 8.20685e-18 BessellR
53102.2 1.64602e-15 8.21499e-18 BessellR
53103.2 1.62399e-15 8.21922e-18 BessellR
53104.2 1.60196e-15 8.21941e-18 BessellR
53105.2 1.57994e-15 8.21546e-18 BessellR
53106.2 1.55796e-15 8.20731e-18 BessellR
53107.2 1.53603e-15 8.19495e-18 BessellR
53108.2 1.51416e-15 8.1784e-18 BessellR
53109.2 1.49237e-15 8.15773e-18 BessellR
53110.2 1.47066e-15 8.13301e-18 BessellR
53111.2 1.44906e-15 8.10438e-18 BessellR
53112.2 1.42757e-15 8.07195e-18 BessellR
53113.2 1.40621e-15 8.0359e-18 BessellR
53114.2 1.38498e-15 7.9964e-18 BessellR
53115.2 1.36389e-15 7.95364e-18 BessellR
53116.2 1.34296e-15 7.90783e-18 BessellR
53117.2 1.32219e-15 7.85918e-18 BessellR
53118.2 1.30158e-15 7.80791e-18 BessellR
53119.2 1.28116e-15 7.75424e-18 BessellR
53120.2 1.26091e-15 7.69841e-18 BessellR
53121.2 1.24086e-15 7.64065e-18 BessellR
53122.2 1.221e-15 7.58119e-18 BessellR
53123.2 1.20134e-15 7.52024e-18 BessellR
53124.2 1.18188e-15 7.45805e-18 BessellR
53125.2 1.16264e-15 7.39481e-18 BessellR
53126.2 1.1436e-15 7.33076e-18 BessellR
53127.2 1.12478e-15 7.26609e-18 BessellR
53128.2 1.10618e-15 7.201e-18 BessellR
53129.2 1.0878e-15 7.13569e-18 BessellR
53130.2 1.06965e-15 7.07033e-18 BessellR
53131.2 1.05172e-15 7.00509e-18 BessellR
53132.2 1.03402e-15 6.94013e-18 BessellR
53133.2 1.01654e-15 6.8756e-18 BessellR
53134.2 9.993e-16 6.81165e-18 BessellR
53135.2 9.82285e-16 6.74839e-18 BessellR
53136.2 9.65502e-16 6.68594e-18 BessellR
53137.2 9.48949e-16 6.62442e-18 BessellR
53138.2 9.32627e-16 6.5639e-18 BessellR
53139.2 9.16535e-16 6.50448e-18 BessellR
53140.2 9.00674e-16 6.44623e-18 BessellR
53141.2 8.85043e-16 6.38921e-18 BessellR
53142.2 8.6964e-16 6.33346e-18 BessellR
53143.2 8.54465e-16 6.27904e-18 BessellR
53144.2 8.39517e-16 6.22596e-18 BessellR
53145.2 8.24795e-16 6.17426e-18 BessellR
53146.2 8.10297e-16 6.12395e-18 BessellR
53147.2 7.96022e-16 6.07502e-18 BessellR
53148.2 7.81967e-16 6.02749e-18 BessellR
53149.2 7.68133e-16 5.98134e-18 BessellR
53150.2 7.54516e-16 5.93654e-18 BessellR
53151.2 7.41115e-16 5.89309e-18 BessellR
53152.2 7.27927e-16 5.85096e-18 BessellR
53153.2 7.14952e-16 5.8101e-18 BessellR
53154.2 7.02186e-16 5.77048e-18 BessellR
53155.2 6.89628e-16 5.73207e-18 BessellR
53156.2 6.77275e-16 5.69482e-18 BessellR
53157.2 6.65125e-16 5.65867e-18 BessellR
53158.2 6.53176e-16 5.62358e-18 BessellR
53159.2 6.41425e-16 5.58951e-18 BessellR
53160.2 6.29871e-16 5.55638e-18 BessellR
53161.2 6.1851e-16 5.52416e-18 BessellR
53162.2 6.07341e-16 5.49279e-18 BessellR
53163.2 5.9636e-16 5.46221e-18 BessellR
53164.2 5.85566e-16 5.43236e-18 BessellR
53165.2 5.74956e-16 5.4032e-18 BessellR
53166.2 5.64527e-16 5.37467e-18 BessellR
53167.2 5.54277e-16 5.34671e-18 BessellR
53168.2 5.44203e-16 5.31928e-18 BessellR
53169.2 5.34304e-16 5.29232e-18 BessellR
53170.2 5.24576e-16 5.26579e-18 BessellR
53171.2 5.15017e-16 5.23964e-18 BessellR
53172.2 5.05624e-16 5.21381e-18 BessellR
53173.2 4.96396e-16 5.18828e-18 BessellR
53174.2 4.87329e-16 5.16299e-18 BessellR
53175.2 4.78422e-16 5.13791e-18 BessellR
53176.2 4.69671e-16 5.113e-18 BessellR
53177.2 4.61075e-16 5.08823e-18 BessellR
53178.2 4.5263e-16 5.06355e-18 BessellR
53179.2 4.44336e-16 5.03894e-18 BessellR
53180.2 4.36188e-16 5.01436e-18 BessellR
53181.2 4.28185e-16 4.9898e-18 BessellR
53182.2 4.20325e-16 4.96522e-18 BessellR
53183.2 4.12605e-16 4.9406e-18 BessellR
53184.2 4.05024e-16 4.91592e-18 BessellR
53185.2 3.97578e-16 4.89116e-18 BessellR
53186.2 3.90265e-16 4.8663e-18 BessellR
53187.2 3.83084e-16 4.84132e-18 BessellR
53188.2 3.76032e-16 4.81621e-18 BessellR
53189.2 3.69107e-16 4.79096e-18 BessellR
53190.2 3.62307e-16 4.76555e-18 BessellR
53191.2 3.55629e-16 4.73997e-18 BessellR
53192.2 3.49072e-16 4.71422e-18 BessellR
53193.2 3.42634e-16 4.68829e-18 BessellR
53194.2 3.36313e-16 4.66216e-18 BessellR
53195.2 3.30106e-16 4.63584e-18 BessellR
53196.2 3.24012e-16 4.60932e-18 BessellR
53197.2 3.18029e-16 4.5826e-18 BessellR
53198.2 3.12154e-16 4.55567e-18 BessellR
53199.2 3.06387e-16 4.52854e-18 BessellR
53200.2 3.00724e-16 4.50121e-18 BessellR
53201.2 2.95165e-16 4.47367e-18 BessellR
53202.2 2.89708e-16 4.44592e-18 BessellR
53203.2 2.8435e-16 4.41798e-18 BessellR
53204.2 2.7909e-16 4.38984e-18 BessellR
53205.2 2.73926e-16 4.3615e-18 BessellR
53206.2 2.68856e-16 4.33297e-18 BessellR
53207.2 2.6388e-16 4.30426e-18 BessellR
53208.2 2.58995e-16 4.27536e-18 BessellR
53209.2 2.54199e-16 4.24628e-18 BessellR
53210.2 2.49491e-16 4.21704e-18 BessellR
53211.2 2.4487e-16 4.18763e-18 BessellR
53212.2 2.40333e-16 4.15806e-18 BessellR
53213.2 2.3588e-16 4.12834e-18 BessellR
53214.2 2.31509e-16 4.09848e-18 BessellR
53215.2 2.27218e-16 4.06847e-18 BessellR
53216.2 2.23007e-16 4.03834e-18 BessellR
53217.2 2.18872e-16 4.00809e-18 BessellR
53218.2 2.14814e-16 3.97771e-18 BessellR
53219.2 2.10831e-16 3.94723e-18 BessellR
53220.2 2.06921e-16 3.91665e-18 BessellR
53221.2 2.03083e-16 3.88598e-18 BessellR
53222.2 1.99316e-16 3.85522e-18 BessellR
53223.2 1.95618e-16 3.82439e-18 BessellR
53224.2 1.91989e-16 3.79349e-18 BessellR
53225.2 1.88427e-16 3.76252e-18 BessellR
53226.2 1.8493e-16 3.73151e-18 BessellR
53227.2 1.81498e-16 3.70044e-18 BessellR
53228.2 1.7813e-16 3.66935e-18 BessellR
53229.2 1.74823e-16 3.63822e-18 BessellR
53230.2 1.71578e-16 3.60707e-18 BessellR
53231.2 1.68393e-16 3.5759e-18 BessellR
53232.2 1.65267e-16 3.54473e-18 BessellR
53233.2 1.62199e-16 3.51356e-18 BessellR
53234.2 1.59187e-16 3.48239e-18 BessellR
53235.2 1.56231e-16 3.45124e-18 BessellR
53236.2 1.5333e-16 3.42011e-18 BessellR
53237.2 1.50483e-16 3.38902e-18 BessellR
53238.2 1.47688e-16 3.35795e-18 BessellR
53239.2 1.44945e-16 3.32693e-18 BessellR
53240.2 1.42253e-16 3.29596e-18 BessellR
53241.2 1.39611e-16 3.26505e-18 BessellR
53242.2 1.37017e-16 3.23419e-18 BessellR
53243.2 1.34472e-16 3.20341e-18 BessellR
53244.2 1.31974e-16 3.17269e-18 BessellR
53245.2 1.29522e-16 3.14206e-18 BessellR
53246.2 1.27116e-16 3.11152e-18 BessellR
53247.2 1.24754e-16 3.08106e-18 BessellR
53248.2 1.22436e-16 3.0507e-18 BessellR
53249.2 1.20162e-16 3.02044e-18 BessellR
53250.2 1.17929e-16 2.99029e-18 BessellR
53251.2 1.15738e-16 2.96025e-18 BessellR
53252.2 1.13587e-16 2.93033e-18 BessellR
53253.2 1.11476e-16 2.90052e-18 BessellR
53254.2 1.09405e-16 2.87085e-18 BessellR
53255.2 1.07372e-16 2.8413e-18 BessellR
53256.2 1.05376e-16 2.81188e-18 BessellR
53257.2 1.03418e-16 2.78261e-18 BessellR
53258.2 1.01496e-16 2.75348e-18 BessellR
53259.2 9.96097e-17 2.72449e-18 BessellR
53260.2 9.77584e-17 2.69565e-18 BessellR
53261.2 9.59415e-17 2.66697e-18 BessellR
53262.2 9.41583e-17 2.63844e-18 BessellR
53263.2 9.24083e-17 2.61007e-18 BessellR
53264.2 9.06907e-17 2.58186e-18 BessellR
53265.2 8.9005e-17 2.55382e-18 BessellR
53266.2 8.73507e-17 2.52595e-18 BessellR
53267.2 8.57271e-17 2.49825e-18 BessellR
53268.2 8.41336e-17 2.47072e-18 BessellR
53019.2 2.27313e-15 5.44837e-17 BessellV
53020.2 2.27973e-15 5.2476e-17 BessellV
53021.2 2.28629e-15 5.04839e-17 BessellV
53022.2 2.29281e-15 4.8509e-17 BessellV
53023.2 2.29927e-15 4.65531e-17 BessellV
53024.2 2.30568e-15 4.46183e-17 BessellV
53025.2 2.31203e-15 4.27067e-17 BessellV
53026.2 2.31832e-15 4.08206e-17 BessellV
53027.2 2.32454e-15 3.89625e-17 BessellV
53028.2 2.33069e-15 3.71351e-17 BessellV
53029.2 2.33676e-15 3.53414e-17 BessellV
53030.2 2.34275e-15 3.35847e-17 BessellV
53031.2 2.34866e-15 3.18685e-17 BessellV
53032.2 2.35447e-15 3.01968e-17 BessellV
53033.2 2.36019e-15 2.85741e-17 BessellV
53034.2 2.36581e-15 2.70051e-17 BessellV
53035.2 2.37131e-15 2.54954e-17 BessellV
53036.2 2.3767e-15 2.4051e-17 BessellV
53037.2 2.38197e-15 2.26787e-17 BessellV
53038.2 2.38711e-15 2.13857e-17 BessellV
53039.2 2.39211e-15 2.01801e-17 BessellV
53040.2 2.39697e-15 1.90704e-17 BessellV
53041.2 2.40168e-15 1.80653e-17 BessellV
53042.2 2.40623e-15 1.71735e-17 BessellV
53043.2 2.41062e-15 1.64028e-17 BessellV
53044.2 2.41482e-15 1.57598e-17 BessellV
53045.2 2.41885e-15 1.52486e-17 BessellV
53046.2 2.42268e-15 1.48702e-17 BessellV
53047.2 2.42631e-15 1.4622e-17 BessellV
53048.2 2.42972e-15 1.44974e-17 BessellV
53049.2 2.43291e-15 1.44863e-17 BessellV
53050.2 2.43587e-15 1.45758e-17 BessellV
53051.2 2.43858e-15 1.47509e-17 BessellV
53052.2 2.44104e-15 1.49961e-17 BessellV
53053.2 2.44324e-15 1.52958e-17 BessellV
53054.2 2.44515e-15 1.56353e-17 BessellV
53055.2 2.44678e-15 1.60011e-17 BessellV
53056.2 2.4481e-15 1.6381e-17 BessellV
53057.2 2.4491e-15 1.67647e-17 BessellV
53058.2 2.44978e-15 1.71429e-17 BessellV
53059.2 2.45012e-15 1.75082e-17 BessellV
53060.2 2.4501e-15 1.7854e-17 BessellV
53061.2 2.44971e-15 1.81752e-17 BessellV
53062.2 2.44894e-15 1.84676e-17 BessellV
53063.2 2.44777e-15 1.87279e-17 BessellV
53064.2 2.44619e-15 1.89537e-17 BessellV
53065.2 2.44418e-15 1.91434e-17 BessellV
53066.2 2.44173e-15 1.9296e-17 BessellV
53067.2 2.43882e-15 1.94115e-17 BessellV
53068.2 2.43545e-15 1.94901e-17 BessellV
53069.2 2.43158e-15 1.9533e-17 BessellV
53070.2 2.42721e-15 1.95418e-17 BessellV
53071.2 2.42233e-15 1.95189e-17 BessellV
53072.2 2.41691e-15 1.9467e-17 BessellV
53073.2 2.41095e-15 1.93897e-17 BessellV
53074.2 2.40442e-15 1.92907e-17 BessellV
53075.2 2.39732e-15 1.91747e-17 BessellV
53076.2 2.38962e-15 1.90466e-17 BessellV
53077.2 2.38132e-15 1.89116e-17 BessellV
53078.2 2.3724e-15 1.87754e-17 BessellV
53079.2 2.36284e-15 1.86438e-17 BessellV
53080.2 2.35264e-15 1.85226e-17 BessellV
53081.2 2.34179e-15 1.84175e-17 BessellV
53082.2 2.33026e-15 1.8334e-17 BessellV
53083.2 2.31806e-15 1.82767e-17 BessellV
53084.2 2.30516e-15 1.825e-17 BessellV
53085.2 2.29157e-15 1.82569e-17 BessellV
53086.2 2.27727e-15 1.82994e-17 BessellV
53087.2 2.26226e-15 1.83784e-17 BessellV
53088.2 2.24653e-15 1.84933e-17 BessellV
53089.2 2.23008e-15 1.86423e-17 BessellV
53090.2 2.2129e-15 1.88222e-17 BessellV
53091.2 2.195e-15 1.9029e-17 BessellV
53092.2 2.17637e-15 1.92572e-17 BessellV
53093.2 2.15701e-15 1.95012e-17 BessellV
53094.2 2.13693e-15 1.97542e-17 BessellV
53095.2 2.11614e-15 2.00096e-17 BessellV
53096.2 2.09463e-15 2.02604e-17 BessellV
53097.2 2.07242e-15 2.04997e-17 BessellV
53098.2 2.04951e-15 2.07211e-17 BessellV
53099.2 2.02593e-15 2.09185e-17 BessellV
53100.2 2.00168e-15 2.10862e-17 BessellV
53101.2 1.97678e-15 2.12197e-17 BessellV
53102.2 1.95125e-15 2.1315e-17 BessellV
53103.2 1.92511e-15 2.13694e-17 BessellV
53104.2 1.89837e-15 2.13812e-17 BessellV
53105.2 1.87107e-15 2.13499e-17 BessellV
53106.2 1.84322e-15 2.12766e-17 BessellV
53107.2 1.81486e-15 2.11639e-17 BessellV
53108.2 1.78601e-15 2.10161e-17 BessellV
53109.2 1.7567e-15 2.08391e-17 BessellV
53110.2 1.72697e-15 2.0641e-17 BessellV
53111.2 1.69685e-15 2.04317e-17 BessellV
53112.2 1.66637e-15 2.02231e-17 BessellV
53113.2 1.63557e-15 2.0029e-17 BessellV
53114.2 1.60448e-15 1.98648e-17 BessellV
53115.2 1.57314e-15 1.97471e-17 BessellV
53116.2 1.5416e-15 1.96932e-17 BessellV
53117.2 1.50987e-15 1.97199e-17 BessellV
53118.2 1.47802e-15 1.9843e-17 BessellV
53119.2 1.44607e-15 2.00755e-17 BessellV
53120.2 1.41406e-15 2.04275e-17 BessellV
53121.2 1.38204e-15 2.09047e-17 BessellV
53122.2 1.35003e-15 2.15087e-17 BessellV
53123.2 1.31809e-15 2.22367e-17 BessellV
53124.2 1.28624e-15 2.30821e-17 BessellV
53125.2 1.25452e-15 2.40356e-17 BessellV
53126.2 1.22298e-15 2.50853e-17 BessellV
53127.2 1.19163e-15 2.62182e-17 BessellV
53128.2 1.16052e-15 2.74206e-17 BessellV
53129.2 1.12967e-15 2.86784e-17 BessellV
53130.2 1.09913e-15 2.99781e-17 BessellV
53131.2 1.06891e-15 3.13065e-17 BessellV
53132.2 1.03905e-15 3.26513e-17 BessellV
53133.2 1.00956e-15 3.40009e-17 BessellV
53134.2 9.80484e-16 3.53447e-17 BessellV
53135.2 9.51832e-16 3.6673e-17 BessellV
53136.2 9.23627e-16 3.79768e-17 BessellV
53137.2 8.95889e-16 3.92482e-17 BessellV
53138.2 8.68634e-16 4.04801e-17 BessellV
53139.2 8.41877e-16 4.16662e-17 BessellV
53140.2 8.15633e-16 4.2801e-17 BessellV
53141.2 7.89913e-16 4.38797e-17 BessellV
53142.2 7.64728e-16 4.48983e-17 BessellV
53143.2 7.40085e-16 4.58535e-17 BessellV
53144.2 7.15992e-16 4.67425e-17 BessellV
53145.2 6.92455e-16 4.75632e-17 BessellV
53146.2 6.69476e-16 4.8314e-17 BessellV
53147.2 6.47059e-16 4.8994e-17 BessellV
53148.2 6.25205e-16 4.96024e-17 BessellV
53149.2 6.03914e-16 5.01393e-17 BessellV
53150.2 5.83185e-16 5.06049e-17 BessellV
53151.2 5.63015e-16 5.09998e-17 BessellV
53152.2 5.434e-16 5.13251e-17 BessellV
53153.2 5.24338e-16 5.15819e-17 BessellV
53154.2 5.05821e-16 5.17719e-17 BessellV
53155.2 4.87845e-16 5.18969e-17 BessellV
53156.2 4.70402e-16 5.19587e-17 BessellV
53157.2 4.53486e-16 5.19596e-17 BessellV
53158.2 4.37087e-16 5.19017e-17 BessellV
53159.2 4.21198e-16 5.17876e-17 BessellV
53160.2 4.0581e-16 5.16197e-17 BessellV
53161.2 3.90912e-16 5.14005e-17 BessellV
53162.2 3.76496e-16 5.11327e-17 BessellV
53163.2 3.62551e-16 5.08188e-17 BessellV
53164.2 3.49066e-16 5.04616e-17 BessellV
53165.2 3.36032e-16 5.00636e-17 BessellV
53166.2 3.23438e-16 4.96275e-17 BessellV
53167.2 3.11272e-16 4.91558e-17 BessellV
53168.2 2.99524e-16 4.86512e-17 BessellV
53169.2 2.88183e-16 4.81162e-17 BessellV
53170.2 2.77237e-16 4.75531e-17 BessellV
53171.2 2.66677e-16 4.69643e-17 BessellV
53172.2 2.56491e-16 4.63523e-17 BessellV
53173.2 2.46669e-16 4.57191e-17 BessellV
53174.2 2.37199e-16 4.50669e-17 BessellV
53175.2 2.28072e-16 4.43979e-17 BessellV
53176.2 2.19276e-16 4.3714e-17 BessellV
53177.2 2.10802e-16 4.30171e-17 BessellV
53178.2 2.02639e-16 4.23091e-17 BessellV
53179.2 1.94778e-16 4.15915e-17 BessellV
