50872.7 2.82759e-15 1.0723e-15 BessellB
50873.7 3.53324e-15 1.24362e-15 BessellB
50874.7 4.41291e-15 1.43368e-15 BessellB
50875.7 5.5068e-15 1.64056e-15 BessellB
50876.7 6.86225e-15 1.85998e-15 BessellB
50877.7 8.53353e-15 2.08442e-15 BessellB
50878.7 1.05804e-14 2.3021e-15 BessellB
50879.7 1.30644e-14 2.49612e-15 BessellB
50880.7 1.60426e-14 2.64412e-15 BessellB
50881.7 1.95568e-14 2.71929e-15 BessellB
50882.7 2.36185e-14 2.69358e-15 BessellB
50883.7 2.81909e-14 2.54378e-15 BessellB
50884.7 3.31702e-14 2.26055e-15 BessellB
50885.7 3.83758e-14 1.85804e-15 BessellB
50886.7 4.3556e-14 1.38083e-15 BessellB
50887.7 4.84156e-14 9.07408e-16 BessellB
50888.7 5.26639e-14 5.64629e-16 BessellB
50889.7 5.60676e-14 5.06483e-16 BessellB
50890.7 5.84901e-14 6.22445e-16 BessellB
50891.7 5.99036e-14 7.16034e-16 BessellB
50892.7 6.03747e-14 7.42422e-16 BessellB
50893.7 6.0033e-14 7.14962e-16 BessellB
50894.7 5.90371e-14 6.57963e-16 BessellB
50895.7 5.75476e-14 5.92168e-16 BessellB
50896.7 5.57096e-14 5.30632e-16 BessellB
50897.7 5.36448e-14 4.79015e-16 BessellB
50898.7 5.14492e-14 4.37807e-16 BessellB
50899.7 4.91958e-14 4.04979e-16 BessellB
50900.7 4.69378e-14 3.78007e-16 BessellB
50901.7 4.47125e-14 3.54884e-16 BessellB
50902.7 4.25453e-14 3.34344e-16 BessellB
50903.7 4.04527e-14 3.15702e-16 BessellB
50904.7 3.84444e-14 2.98614e-16 BessellB
50905.7 3.65257e-14 2.82894e-16 BessellB
50906.7 3.46984e-14 2.68405e-16 BessellB
50907.7 3.29622e-14 2.5501e-16 BessellB
50908.7 3.13153e-14 2.42566e-16 BessellB
50909.7 2.97548e-14 2.3093e-16 BessellB
50910.7 2.82775e-14 2.19971e-16 BessellB
50911.7 2.68796e-14 2.09582e-16 BessellB
50912.7 2.55571e-14 1.9968e-16 BessellB
50913.7 2.43063e-14 1.90211e-16 BessellB
50914.7 2.31232e-14 1.81148e-16 BessellB
50915.7 2.20041e-14 1.72482e-16 BessellB
50916.7 2.09454e-14 1.64219e-16 BessellB
50917.7 1.99437e-14 1.56374e-16 BessellB
50918.7 1.89956e-14 1.48966e-16 BessellB
50919.7 1.8098e-14 1.42014e-16 BessellB
50920.7 1.72481e-14 1.35533e-16 BessellB
50921.7 1.64431e-14 1.29529e-16 BessellB
50922.7 1.56803e-14 1.24002e-16 BessellB
50923.7 1.49574e-14 1.18939e-16 BessellB
50924.7 1.42719e-14 1.14321e-16 BessellB
50925.7 1.36218e-14 1.10119e-16 BessellB
50926.7 1.30049e-14 1.06295e-16 BessellB
50927.7 1.24195e-14 1.02806e-16 BessellB
50928.7 1.18637e-14 9.96073e-17 BessellB
50929.7 1.13358e-14 9.66511e-17 BessellB
50930.7 1.08343e-14 9.38909e-17 BessellB
50931.7 1.03577e-14 9.12826e-17 BessellB
50932.7 9.90453e-15 8.87858e-17 BessellB
50933.7 9.47356e-15 8.6365e-17 BessellB
50934.7 9.06354e-15 8.39899e-17 BessellB
50935.7 8.67333e-15 8.1636e-17 BessellB
50936.7 8.30185e-15 7.92843e-17 BessellB
50937.7 7.94807e-15 7.69213e-17 BessellB
50938.7 7.61104e-15 7.45387e-17 BessellB
50939.7 7.28987e-15 7.2133e-17 BessellB
50940.7 6.98371e-15 6.9705e-17 BessellB
50941.7 6.69177e-15 6.72596e-17 BessellB
50942.7 6.41329e-15 6.48054e-17 BessellB
50943.7 6.14757e-15 6.2354e-17 BessellB
50944.7 5.89396e-15 5.99202e-17 BessellB
50945.7 5.65183e-15 5.75215e-17 BessellB
50946.7 5.42058e-15 5.51778e-17 BessellB
50947.7 5.19968e-15 5.29113e-17 BessellB
50948.7 4.98859e-15 5.07458e-17 BessellB
50949.7 4.78682e-15 4.87069e-17 BessellB
50950.7 4.59391e-15 4.68207e-17 BessellB
50951.7 4.40942e-15 4.51138e-17 BessellB
50952.7 4.23293e-15 4.36115e-17 BessellB
50953.7 4.06406e-15 4.23367e-17 BessellB
50954.7 3.90244e-15 4.13087e-17 BessellB
50955.7 3.74772e-15 4.05413e-17 BessellB
50956.7 3.59957e-15 4.00413e-17 BessellB
50957.7 3.45767e-15 3.98084e-17 BessellB
50958.7 3.32174e-15 3.98341e-17 BessellB
50959.7 3.19149e-15 4.0103e-17 BessellB
50960.7 3.06666e-15 4.0594e-17 BessellB
50961.7 2.947e-15 4.12818e-17 BessellB
50962.7 2.83227e-15 4.21385e-17 BessellB
50963.7 2.72225e-15 4.31357e-17 BessellB
50964.7 2.61673e-15 4.42457e-17 BessellB
50965.7 2.5155e-15 4.54422e-17 BessellB
50966.7 2.41837e-15 4.6701e-17 BessellB
50967.7 2.32516e-15 4.80005e-17 BessellB
50968.7 2.2357e-15 4.93216e-17 BessellB
50969.7 2.14982e-15 5.06474e-17 BessellB
50970.7 2.06737e-15 5.19638e-17 BessellB
50971.7 1.9882e-15 5.32582e-17 BessellB
50972.7 1.91216e-15 5.45204e-17 BessellB
50973.7 1.83913e-15 5.57417e-17 BessellB
50974.7 1.76897e-15 5.69149e-17 BessellB
50975.7 1.70157e-15 5.8034e-17 BessellB
50976.7 1.63681e-15 5.90943e-17 BessellB
50977.7 1.57457e-15 6.0092e-17 BessellB
50978.7 1.51476e-15 6.10241e-17 BessellB
50979.7 1.45727e-15 6.18885e-17 BessellB
50980.7 1.40201e-15 6.26838e-17 BessellB
50981.7 1.34888e-15 6.34088e-17 BessellB
50982.7 1.2978e-15 6.40633e-17 BessellB
50983.7 1.24869e-15 6.46472e-17 BessellB
50984.7 1.20146e-15 6.51607e-17 BessellB
50985.7 1.15604e-15 6.56047e-17 BessellB
50986.7 1.11236e-15 6.598e-17 BessellB
50987.7 1.07035e-15 6.62878e-17 BessellB
50883.1 1.88938e-14 1.09766e-15 BessellI
50884.1 1.87458e-14 1.01832e-15 BessellI
50885.1 1.85928e-14 9.41757e-16 BessellI
50886.1 1.84348e-14 8.68101e-16 BessellI
50887.1 1.82717e-14 7.97459e-16 BessellI
50888.1 1.81036e-14 7.29937e-16 BessellI
50889.1 1.79306e-14 6.65635e-16 BessellI
50890.1 1.77526e-14 6.04645e-16 BessellI
50891.1 1.75697e-14 5.47049e-16 BessellI
50892.1 1.73819e-14 4.92927e-16 BessellI
50893.1 1.71893e-14 4.42346e-16 BessellI
50894.1 1.6992e-14 3.95371e-16 BessellI
50895.1 1.67901e-14 3.52058e-16 BessellI
50896.1 1.65837e-14 3.12459e-16 BessellI
50897.1 1.63729e-14 2.76618e-16 BessellI
50898.1 1.61577e-14 2.44573e-16 BessellI
50899.1 1.59384e-14 2.16345e-16 BessellI
50900.1 1.57152e-14 1.91932e-16 BessellI
50901.1 1.5488e-14 1.71289e-16 BessellI
50902.1 1.52572e-14 1.54298e-16 BessellI
50903.1 1.50229e-14 1.40746e-16 BessellI
50904.1 1.47853e-14 1.30301e-16 BessellI
50905.1 1.45446e-14 1.2252e-16 BessellI
50906.1 1.4301e-14 1.1688e-16 BessellI
50907.1 1.40546e-14 1.12843e-16 BessellI
50908.1 1.38059e-14 1.09905e-16 BessellI
50909.1 1.35549e-14 1.07647e-16 BessellI
50910.1 1.33018e-14 1.0575e-16 BessellI
50911.1 1.30471e-14 1.03994e-16 BessellI
50912.1 1.27908e-14 1.02247e-16 BessellI
50913.1 1.25332e-14 1.00447e-16 BessellI
50914.1 1.22746e-14 9.85855e-17 BessellI
50915.1 1.20152e-14 9.66915e-17 BessellI
50916.1 1.17553e-14 9.48162e-17 BessellI
50917.1 1.14951e-14 9.30215e-17 BessellI
50918.1 1.12349e-14 9.13693e-17 BessellI
50919.1 1.09748e-14 8.99122e-17 BessellI
50920.1 1.07153e-14 8.86869e-17 BessellI
50921.1 1.04564e-14 8.77095e-17 BessellI
50922.1 1.01985e-14 8.69737e-17 BessellI
50923.1 9.94174e-15 8.64512e-17 BessellI
50924.1 9.68639e-15 8.60953e-17 BessellI
50925.1 9.43266e-15 8.58453e-17 BessellI
50926.1 9.18079e-15 8.5632e-17 BessellI
50927.1 8.93097e-15 8.53834e-17 BessellI
50928.1 8.68343e-15 8.50297e-17 BessellI
50929.1 8.43836e-15 8.45068e-17 BessellI
50930.1 8.19596e-15 8.37599e-17 BessellI
50931.1 7.95643e-15 8.27454e-17 BessellI
50932.1 7.71994e-15 8.14321e-17 BessellI
50933.1 7.48669e-15 7.98027e-17 BessellI
50934.1 7.25683e-15 7.78539e-17 BessellI
50935.1 7.03054e-15 7.55975e-17 BessellI
50936.1 6.80797e-15 7.30604e-17 BessellI
50937.1 6.58928e-15 7.02861e-17 BessellI
50938.1 6.37462e-15 6.73346e-17 BessellI
50939.1 6.16411e-15 6.42842e-17 BessellI
50940.1 5.9579e-15 6.12317e-17 BessellI
50941.1 5.75611e-15 5.82924e-17 BessellI
50942.1 5.55886e-15 5.55975e-17 BessellI
50943.1 5.36626e-15 5.32882e-17 BessellI
50944.1 5.17843e-15 5.15031e-17 BessellI
50945.1 4.99546e-15 5.03607e-17 BessellI
50946.1 4.81744e-15 4.99371e-17 BessellI
50947.1 4.64447e-15 5.02486e-17 BessellI
50948.1 4.47663e-15 5.12453e-17 BessellI
50949.1 4.31399e-15 5.28188e-17 BessellI
50950.1 4.15663e-15 5.48208e-17 BessellI
50951.1 4.00461e-15 5.70835e-17 BessellI
50952.1 3.85799e-15 5.94365e-17 BessellI
50953.1 3.71682e-15 6.17169e-17 BessellI
50954.1 3.58115e-15 6.37746e-17 BessellI
50955.1 3.45103e-15 6.54745e-17 BessellI
50956.1 3.32649e-15 6.66967e-17 BessellI
50957.1 3.20757e-15 6.73371e-17 BessellI
50958.1 3.09429e-15 6.73082e-17 BessellI
50959.1 2.98666e-15 6.65426e-17 BessellI
50960.1 2.88472e-15 6.4998e-17 BessellI
50961.1 2.78848e-15 6.26688e-17 BessellI
50962.1 2.69793e-15 5.96058e-17 BessellI
50963.1 2.61308e-15 5.59514e-17 BessellI
50964.1 2.53393e-15 5.20036e-17 BessellI
50965.1 2.46047e-15 4.83179e-17 BessellI
50966.1 2.39269e-15 4.58278e-17 BessellI
50967.1 2.33057e-15 4.58314e-17 BessellI
50968.1 2.2741e-15 4.95749e-17 BessellI
50969.1 2.22325e-15 5.76046e-17 BessellI
50970.1 2.17799e-15 6.96817e-17 BessellI
50971.1 2.13829e-15 8.52696e-17 BessellI
50972.1 2.1041e-15 1.03904e-16 BessellI
50973.1 2.0754e-15 1.25276e-16 BessellI
50974.1 2.05213e-15 1.49203e-16 BessellI
50975.1 2.03426e-15 1.75584e-16 BessellI
50976.1 2.02171e-15 2.04366e-16 BessellI
50977.1 2.01445e-15 2.35525e-16 BessellI
50978.1 2.01241e-15 2.69055e-16 BessellI
50979.1 2.01554e-15 3.0496e-16 BessellI
50980.1 2.02375e-15 3.4325e-16 BessellI
50981.1 2.037e-15 3.83936e-16 BessellI
50982.1 2.0552e-15 4.27031e-16 BessellI
50983.1 2.07829e-15 4.72548e-16 BessellI
50984.1 2.10619e-15 5.20497e-16 BessellI
50985.1 2.13881e-15 5.70888e-16 BessellI
50986.1 2.17608e-15 6.23728e-16 BessellI
50987.1 2.21791e-15 6.79022e-16 BessellI
50871 2.08724e-14 1.92572e-15 BessellR
50872 2.14117e-14 1.82848e-15 BessellR
50873 2.19422e-14 1.72728e-15 BessellR
50874 2.24611e-14 1.62271e-15 BessellR
50875 2.2966e-14 1.51546e-15 BessellR
50876 2.34541e-14 1.40628e-15 BessellR
50877 2.39224e-14 1.29602e-15 BessellR
50878 2.43683e-14 1.18557e-15 BessellR
50879 2.4789e-14 1.07589e-15 BessellR
50880 2.51816e-14 9.67986e-16 BessellR
50881 2.55435e-14 8.62921e-16 BessellR
50882 2.58724e-14 7.61782e-16 BessellR
50883 2.61657e-14 6.65707e-16 BessellR
50884 2.64215e-14 5.75888e-16 BessellR
50885 2.6638e-14 4.93602e-16 BessellR
50886 2.68136e-14 4.20242e-16 BessellR
50887 2.69471e-14 3.57337e-16 BessellR
50888 2.70377e-14 3.06472e-16 BessellR
50889 2.70848e-14 2.68964e-16 BessellR
50890 2.70884e-14 2.45171e-16 BessellR
50891 2.70487e-14 2.3376e-16 BessellR
50892 2.69664e-14 2.31705e-16 BessellR
50893 2.68423e-14 2.35275e-16 BessellR
50894 2.66777e-14 2.41148e-16 BessellR
50895 2.64743e-14 2.46929e-16 BessellR
50896 2.62337e-14 2.51136e-16 BessellR
50897 2.59581e-14 2.52976e-16 BessellR
50898 2.56498e-14 2.52136e-16 BessellR
50899 2.53109e-14 2.48616e-16 BessellR
50900 2.49442e-14 2.42612e-16 BessellR
50901 2.4552e-14 2.34446e-16 BessellR
50902 2.4137e-14 2.2451e-16 BessellR
50903 2.37018e-14 2.13233e-16 BessellR
50904 2.3249e-14 2.01058e-16 BessellR
50905 2.2781e-14 1.88422e-16 BessellR
50906 2.23002e-14 1.75749e-16 BessellR
50907 2.1809e-14 1.63435e-16 BessellR
50908 2.13097e-14 1.51842e-16 BessellR
50909 2.08042e-14 1.41286e-16 BessellR
50910 2.02946e-14 1.32022e-16 BessellR
50911 1.97826e-14 1.24226e-16 BessellR
50912 1.927e-14 1.17983e-16 BessellR
50913 1.87584e-14 1.13272e-16 BessellR
50914 1.8249e-14 1.09973e-16 BessellR
50915 1.77432e-14 1.07882e-16 BessellR
50916 1.72421e-14 1.06748e-16 BessellR
50917 1.67467e-14 1.06303e-16 BessellR
50918 1.6258e-14 1.06291e-16 BessellR
50919 1.57766e-14 1.06492e-16 BessellR
50920 1.53033e-14 1.06726e-16 BessellR
50921 1.48386e-14 1.06855e-16 BessellR
50922 1.4383e-14 1.06779e-16 BessellR
50923 1.39369e-14 1.06435e-16 BessellR
50924 1.35006e-14 1.05784e-16 BessellR
50925 1.30744e-14 1.0481e-16 BessellR
50926 1.26585e-14 1.03514e-16 BessellR
50927 1.22529e-14 1.01909e-16 BessellR
50928 1.18578e-14 1.00016e-16 BessellR
50929 1.14732e-14 9.78641e-17 BessellR
50930 1.10991e-14 9.54866e-17 BessellR
50931 1.07354e-14 9.29186e-17 BessellR
50932 1.03821e-14 9.01971e-17 BessellR
50933 1.0039e-14 8.73592e-17 BessellR
50934 9.70614e-15 8.4442e-17 BessellR
50935 9.38324e-15 8.14814e-17 BessellR
50936 9.07016e-15 7.85122e-17 BessellR
50937 8.76674e-15 7.55674e-17 BessellR
50938 8.47279e-15 7.26779e-17 BessellR
50939 8.18811e-15 6.98724e-17 BessellR
50940 7.91248e-15 6.71774e-17 BessellR
50941 7.64571e-15 6.46162e-17 BessellR
50942 7.38756e-15 6.22094e-17 BessellR
50943 7.13783e-15 5.9974e-17 BessellR
50944 6.89629e-15 5.79238e-17 BessellR
50945 6.66272e-15 5.60683e-17 BessellR
50946 6.43689e-15 5.44133e-17 BessellR
50947 6.21859e-15 5.29603e-17 BessellR
50948 6.00759e-15 5.17067e-17 BessellR
50949 5.80369e-15 5.06462e-17 BessellR
50950 5.60666e-15 4.97689e-17 BessellR
50951 5.4163e-15 4.9062e-17 BessellR
50952 5.23239e-15 4.85106e-17 BessellR
50953 5.05474e-15 4.80983e-17 BessellR
50954 4.88315e-15 4.78079e-17 BessellR
50955 4.71742e-15 4.76223e-17 BessellR
50956 4.55736e-15 4.7525e-17 BessellR
50957 4.40279e-15 4.75004e-17 BessellR
50958 4.25352e-15 4.75346e-17 BessellR
50959 4.10939e-15 4.76154e-17 BessellR
50960 3.97021e-15 4.77322e-17 BessellR
50961 3.83583e-15 4.78766e-17 BessellR
50962 3.70608e-15 4.8042e-17 BessellR
50963 3.5808e-15 4.82237e-17 BessellR
50964 3.45985e-15 4.84188e-17 BessellR
50965 3.34307e-15 4.8626e-17 BessellR
50966 3.23032e-15 4.88455e-17 BessellR
50967 3.12147e-15 4.9079e-17 BessellR
50968 3.01638e-15 4.93293e-17 BessellR
50969 2.91492e-15 4.96004e-17 BessellR
50970 2.81696e-15 4.98971e-17 BessellR
50971 2.72239e-15 5.02252e-17 BessellR
50972 2.63109e-15 5.05907e-17 BessellR
50973 2.54293e-15 5.10004e-17 BessellR
50974 2.45782e-15 5.14612e-17 BessellR
50975 2.37565e-15 5.19801e-17 BessellR
50976 2.29632e-15 5.25641e-17 BessellR
50977 2.21971e-15 5.32197e-17 BessellR
50978 2.14575e-15 5.39533e-17 BessellR
50979 2.07434e-15 5.47706e-17 BessellR
50980 2.00539e-15 5.56766e-17 BessellR
50981 1.93881e-15 5.66758e-17 BessellR
50982 1.87452e-15 5.77717e-17 BessellR
50983 1.81245e-15 5.89668e-17 BessellR
50984 1.7525e-15 6.02631e-17 BessellR
50985 1.69461e-15 6.16614e-17 BessellR
50986 1.63872e-15 6.3162e-17 BessellR
50987 1.58473e-15 6.47642e-17 BessellR
50988 1.5326e-15 6.64667e-17 BessellR
50872.5 2.36474e-14 3.80184e-15 BessellV
50873.5 2.48627e-14 3.69457e-15 BessellV
50874.5 2.612e-14 3.56608e-15 BessellV
50875.5 2.7415e-14 3.41557e-15 BessellV
50876.5 2.87422e-14 3.24262e-15 BessellV
50877.5 3.00941e-14 3.04732e-15 BessellV
50878.5 3.14613e-14 2.83038e-15 BessellV
50879.5 3.28322e-14 2.59331e-15 BessellV
50880.5 3.41928e-14 2.33853e-15 BessellV
50881.5 3.55272e-14 2.06949e-15 BessellV
50882.5 3.68172e-14 1.79076e-15 BessellV
50883.5 3.80428e-14 1.50813e-15 BessellV
50884.5 3.91831e-14 1.22866e-15 BessellV
50885.5 4.02166e-14 9.61057e-16 BessellV
50886.5 4.11223e-14 7.16682e-16 BessellV
50887.5 4.18812e-14 5.12783e-16 BessellV
50888.5 4.24766e-14 3.79068e-16 BessellV
50889.5 4.28958e-14 3.4798e-16 BessellV
50890.5 4.31307e-14 3.98329e-16 BessellV
50891.5 4.31783e-14 4.72484e-16 BessellV
50892.5 4.30407e-14 5.37293e-16 BessellV
50893.5 4.27252e-14 5.81207e-16 BessellV
50894.5 4.22437e-14 6.01916e-16 BessellV
50895.5 4.16114e-14 6.01042e-16 BessellV
50896.5 4.08466e-14 5.81977e-16 BessellV
50897.5 3.99686e-14 5.48827e-16 BessellV
50898.5 3.89978e-14 5.05802e-16 BessellV
50899.5 3.79539e-14 4.56841e-16 BessellV
50900.5 3.68556e-14 4.05407e-16 BessellV
50901.5 3.57203e-14 3.54392e-16 BessellV
50902.5 3.45632e-14 3.06111e-16 BessellV
50903.5 3.33976e-14 2.6234e-16 BessellV
50904.5 3.22346e-14 2.2438e-16 BessellV
50905.5 3.10835e-14 1.93088e-16 BessellV
50906.5 2.99515e-14 1.68852e-16 BessellV
50907.5 2.88444e-14 1.51502e-16 BessellV
50908.5 2.77663e-14 1.40251e-16 BessellV
50909.5 2.67202e-14 1.33807e-16 BessellV
50910.5 2.5708e-14 1.30672e-16 BessellV
50911.5 2.47309e-14 1.29481e-16 BessellV
50912.5 2.37893e-14 1.29196e-16 BessellV
50913.5 2.2883e-14 1.29127e-16 BessellV
50914.5 2.20116e-14 1.28873e-16 BessellV
50915.5 2.11742e-14 1.28233e-16 BessellV
50916.5 2.03699e-14 1.27139e-16 BessellV
50917.5 1.95975e-14 1.25594e-16 BessellV
50918.5 1.88557e-14 1.23644e-16 BessellV
50919.5 1.81432e-14 1.21351e-16 BessellV
50920.5 1.74588e-14 1.18781e-16 BessellV
50921.5 1.68012e-14 1.15996e-16 BessellV
50922.5 1.6169e-14 1.13048e-16 BessellV
50923.5 1.55612e-14 1.09983e-16 BessellV
50924.5 1.49765e-14 1.06834e-16 BessellV
50925.5 1.44139e-14 1.03628e-16 BessellV
50926.5 1.38723e-14 1.00384e-16 BessellV
50927.5 1.33507e-14 9.71146e-17 BessellV
50928.5 1.28482e-14 9.3831e-17 BessellV
50929.5 1.2364e-14 9.054e-17 BessellV
50930.5 1.18973e-14 8.72479e-17 BessellV
50931.5 1.14472e-14 8.39604e-17 BessellV
50932.5 1.10132e-14 8.06836e-17 BessellV
50933.5 1.05945e-14 7.74246e-17 BessellV
50934.5 1.01906e-14 7.41918e-17 BessellV
50935.5 9.80086e-15 7.09948e-17 BessellV
50936.5 9.42475e-15 6.7845e-17 BessellV
50937.5 9.06177e-15 6.4755e-17 BessellV
50938.5 8.71146e-15 6.17393e-17 BessellV
50939.5 8.37336e-15 5.88132e-17 BessellV
50940.5 8.04705e-15 5.59936e-17 BessellV
50941.5 7.73214e-15 5.32978e-17 BessellV
50942.5 7.42824e-15 5.0744e-17 BessellV
50943.5 7.13499e-15 4.83505e-17 BessellV
50944.5 6.85205e-15 4.61351e-17 BessellV
50945.5 6.57909e-15 4.41145e-17 BessellV
50946.5 6.31579e-15 4.23036e-17 BessellV
50947.5 6.06185e-15 4.07145e-17 BessellV
50948.5 5.81697e-15 3.93555e-17 BessellV
50949.5 5.58087e-15 3.82302e-17 BessellV
50950.5 5.35329e-15 3.73369e-17 BessellV
50951.5 5.13396e-15 3.66682e-17 BessellV
50952.5 4.92261e-15 3.62114e-17 BessellV
50953.5 4.71902e-15 3.5949e-17 BessellV
50954.5 4.52292e-15 3.58597e-17 BessellV
50955.5 4.3341e-15 3.59199e-17 BessellV
50956.5 4.15232e-15 3.61047e-17 BessellV
50957.5 3.97736e-15 3.63895e-17 BessellV
50958.5 3.80901e-15 3.67506e-17 BessellV
50959.5 3.64705e-15 3.71658e-17 BessellV
50960.5 3.49129e-15 3.76155e-17 BessellV
50961.5 3.34151e-15 3.80821e-17 BessellV
50962.5 3.19753e-15 3.85506e-17 BessellV
50963.5 3.05915e-15 3.90079e-17 BessellV
50964.5 2.92619e-15 3.94436e-17 BessellV
50965.5 2.79848e-15 3.98489e-17 BessellV
50966.5 2.67582e-15 4.02167e-17 BessellV
50967.5 2.55806e-15 4.05416e-17 BessellV
50968.5 2.44502e-15 4.08196e-17 BessellV
50969.5 2.33654e-15 4.10475e-17 BessellV
50970.5 2.23247e-15 4.12235e-17 BessellV
50971.5 2.13264e-15 4.13464e-17 BessellV
50972.5 2.03691e-15 4.14158e-17 BessellV
50973.5 1.94513e-15 4.14318e-17 BessellV
50974.5 1.85715e-15 4.13951e-17 BessellV
50975.5 1.77285e-15 4.13069e-17 BessellV
50976.5 1.69208e-15 4.11685e-17 BessellV
50977.5 1.61472e-15 4.09816e-17 BessellV
50978.5 1.54063e-15 4.07483e-17 BessellV
50979.5 1.4697e-15 4.04706e-17 BessellV
50980.5 1.40181e-15 4.01507e-17 BessellV
50981.5 1.33683e-15 3.9791e-17 BessellV
50982.5 1.27466e-15 3.93939e-17 BessellV
50983.5 1.21519e-15 3.89618e-17 BessellV
50984.5 1.15832e-15 3.84972e-17 BessellV
50985.5 1.10393e-15 3.80024e-17 BessellV
50986.5 1.05194e-15 3.74801e-17 BessellV
50987.5 1.00225e-15 3.69324e-17 BessellV
