56485.9 2.129e-14 2.62846e-15 BessellU
56486.9 2.28429e-14 2.64218e-15 BessellU
56487.9 2.44839e-14 2.63943e-15 BessellU
56488.9 2.62142e-14 2.61805e-15 BessellU
56489.9 2.80339e-14 2.57587e-15 BessellU
56490.9 2.9942e-14 2.51078e-15 BessellU
56491.9 3.19358e-14 2.42089e-15 BessellU
56492.9 3.4011e-14 2.30468e-15 BessellU
56493.9 3.61605e-14 2.1612e-15 BessellU
56494.9 3.83741e-14 1.99043e-15 BessellU
56495.9 4.06377e-14 1.79372e-15 BessellU
56496.9 4.29325e-14 1.57438e-15 BessellU
56497.9 4.52334e-14 1.33868e-15 BessellU
56498.9 4.75084e-14 1.09751e-15 BessellU
56499.9 4.97174e-14 8.69491e-16 BessellU
56500.9 5.18108e-14 6.86252e-16 BessellU
56501.9 5.37294e-14 5.91667e-16 BessellU
56502.9 5.54044e-14 6.05117e-16 BessellU
56503.9 5.67591e-14 6.83151e-16 BessellU
56504.9 5.77118e-14 7.65228e-16 BessellU
56505.9 5.81816e-14 8.13826e-16 BessellU
56506.9 5.80957e-14 8.13606e-16 BessellU
56507.9 5.73985e-14 7.65553e-16 BessellU
56508.9 5.60618e-14 6.83707e-16 BessellU
56509.9 5.40923e-14 5.91467e-16 BessellU
56510.9 5.15373e-14 5.13867e-16 BessellU
56511.9 4.84832e-14 4.64208e-16 BessellU
56512.9 4.50496e-14 4.3496e-16 BessellU
56513.9 4.13763e-14 4.07859e-16 BessellU
56514.9 3.76089e-14 3.71658e-16 BessellU
56515.9 3.38835e-14 3.28779e-16 BessellU
56516.9 3.03146e-14 2.91647e-16 BessellU
56517.9 2.69884e-14 2.73161e-16 BessellU
56518.9 2.39601e-14 2.75197e-16 BessellU
56519.9 2.12571e-14 2.87699e-16 BessellU
56520.9 1.88831e-14 2.99393e-16 BessellU
56521.9 1.68247e-14 3.0455e-16 BessellU
56522.9 1.50572e-14 3.02819e-16 BessellU
56523.9 1.35498e-14 2.96995e-16 BessellU
56524.9 1.22692e-14 2.90904e-16 BessellU
56525.9 1.11828e-14 2.87728e-16 BessellU
56526.9 1.02597e-14 2.8896e-16 BessellU
56527.9 9.47245e-15 2.94239e-16 BessellU
56528.9 8.79695e-15 3.01981e-16 BessellU
56529.9 8.21259e-15 3.10266e-16 BessellU
56530.9 7.70204e-15 3.17475e-16 BessellU
56531.9 7.25099e-15 3.22556e-16 BessellU
56532.9 6.84775e-15 3.25034e-16 BessellU
56533.9 6.48289e-15 3.24903e-16 BessellU
56534.9 6.14887e-15 3.22498e-16 BessellU
56535.9 5.83976e-15 3.1837e-16 BessellU
56536.9 5.55091e-15 3.13177e-16 BessellU
56537.9 5.27875e-15 3.07596e-16 BessellU
56538.9 5.02054e-15 3.02253e-16 BessellU
56539.9 4.77423e-15 2.97662e-16 BessellU
56540.9 4.5383e-15 2.94188e-16 BessellU
56541.9 4.31165e-15 2.92027e-16 BessellU
56542.9 4.09348e-15 2.91208e-16 BessellU
56543.9 3.88324e-15 2.91618e-16 BessellU
56544.9 3.68056e-15 2.9304e-16 BessellU
56545.9 3.48518e-15 2.95191e-16 BessellU
56546.9 3.29694e-15 2.97766e-16 BessellU
56547.9 3.11573e-15 3.00469e-16 BessellU
56548.9 2.94148e-15 3.03031e-16 BessellU
56549.9 2.77413e-15 3.05227e-16 BessellU
56550.9 2.61364e-15 3.06878e-16 BessellU
56551.9 2.45995e-15 3.07849e-16 BessellU
56552.9 2.313e-15 3.08049e-16 BessellU
56553.9 2.1727e-15 3.07424e-16 BessellU
56554.9 2.03896e-15 3.05952e-16 BessellU
56555.9 1.91167e-15 3.03636e-16 BessellU
56556.9 1.7907e-15 3.005e-16 BessellU
56557.9 1.67591e-15 2.96585e-16 BessellU
56558.9 1.56713e-15 2.91942e-16 BessellU
56559.9 1.46419e-15 2.86631e-16 BessellU
56560.9 1.36692e-15 2.80718e-16 BessellU
56561.9 1.27511e-15 2.74272e-16 BessellU
56562.9 1.18858e-15 2.67361e-16 BessellU
56563.9 1.10711e-15 2.60055e-16 BessellU
56564.9 1.03051e-15 2.52421e-16 BessellU
56565.9 9.58553e-16 2.44524e-16 BessellU
56566.9 8.91039e-16 2.36424e-16 BessellU
56567.9 8.27758e-16 2.28179e-16 BessellU
56568.9 7.68502e-16 2.19841e-16 BessellU
56569.9 7.1307e-16 2.1146e-16 BessellU
56570.9 6.61261e-16 2.0308e-16 BessellU
56571.9 6.12881e-16 1.94741e-16 BessellU
56572.9 5.67742e-16 1.86478e-16 BessellU
56573.9 5.2566e-16 1.78323e-16 BessellU
56574.9 4.86459e-16 1.70304e-16 BessellU
56575.9 4.49968e-16 1.62444e-16 BessellU
56576.9 4.16025e-16 1.54763e-16 BessellU
56577.9 3.84474e-16 1.47279e-16 BessellU
56578.9 3.55165e-16 1.40006e-16 BessellU
56579.9 3.27956e-16 1.32954e-16 BessellU
56580.9 3.02712e-16 1.26133e-16 BessellU
56581.9 2.79305e-16 1.19549e-16 BessellU
56582.9 2.57613e-16 1.13206e-16 BessellU
56583.9 2.37522e-16 1.07106e-16 BessellU
56584.9 2.18923e-16 1.01251e-16 BessellU
56585.9 2.01714e-16 9.56398e-17 BessellU
56586.9 1.85799e-16 9.02706e-17 BessellU
56587.9 1.71087e-16 8.51404e-17 BessellU
56588.9 1.57493e-16 8.02454e-17 BessellU
56589.9 1.44938e-16 7.55808e-17 BessellU
56590.9 1.33347e-16 7.11412e-17 BessellU
56591.9 1.2265e-16 6.69207e-17 BessellU
56592.9 1.12783e-16 6.29129e-17 BessellU
56593.9 1.03684e-16 5.91113e-17 BessellU
56594.9 9.52956e-17 5.55086e-17 BessellU
56595.9 8.75661e-17 5.20979e-17 BessellU
56596.9 8.04456e-17 4.88717e-17 BessellU
56597.9 7.38882e-17 4.58228e-17 BessellU
56598.9 6.78513e-17 4.29438e-17 BessellU
56599.9 6.22952e-17 4.02274e-17 BessellU
56600.9 5.7183e-17 3.76663e-17 BessellU
56601.9 5.24806e-17 3.52533e-17 BessellU
56602.9 4.81562e-17 3.29816e-17 BessellU
56603.9 4.41805e-17 3.08442e-17 BessellU
56604.9 4.05263e-17 2.88344e-17 BessellU
56605.9 3.71684e-17 2.69458e-17 BessellU
56606.9 3.40834e-17 2.51721e-17 BessellU
56607.9 3.12498e-17 2.35073e-17 BessellU
56608.9 2.86476e-17 2.19454e-17 BessellU
56609.9 2.62585e-17 2.04809e-17 BessellU
56610.9 2.40653e-17 1.91083e-17 BessellU
56611.9 2.20526e-17 1.78226e-17 BessellU
56612.9 2.02056e-17 1.66187e-17 BessellU
56613.9 1.85112e-17 1.5492e-17 BessellU
56614.9 1.69568e-17 1.44379e-17 BessellU
56615.9 1.55313e-17 1.34521e-17 BessellU
56616.9 1.42241e-17 1.25307e-17 BessellU
56617.9 1.30256e-17 1.16696e-17 BessellU
56618.9 1.19269e-17 1.08652e-17 BessellU
56619.9 1.09198e-17 1.01141e-17 BessellU
56620.9 9.9969e-18 9.41298e-18 BessellU
56621.9 9.15118e-18 8.75869e-18 BessellU
56622.9 8.3763e-18 8.14829e-18 BessellU
56623.9 7.66642e-18 7.57902e-18 BessellU
56624.9 7.01616e-18 7.04825e-18 BessellU
56625.9 6.42059e-18 6.55352e-18 BessellU
56626.9 5.87515e-18 6.0925e-18 BessellU
56627.9 5.37569e-18 5.66299e-18 BessellU
56628.9 4.91838e-18 5.26295e-18 BessellU
56485.9 1.5718e-15 3.33839e-17 BessellI
56486.9 1.77222e-15 3.52502e-17 BessellI
56487.9 1.9967e-15 3.70115e-17 BessellI
56488.9 2.24779e-15 3.86125e-17 BessellI
56489.9 2.52822e-15 3.99885e-17 BessellI
56490.9 2.84083e-15 4.10651e-17 BessellI
56491.9 3.18854e-15 4.17596e-17 BessellI
56492.9 3.57427e-15 4.19829e-17 BessellI
56493.9 4.00079e-15 4.1644e-17 BessellI
56494.9 4.47055e-15 4.06568e-17 BessellI
56495.9 4.98546e-15 3.89518e-17 BessellI
56496.9 5.54653e-15 3.64918e-17 BessellI
56497.9 6.15355e-15 3.32963e-17 BessellI
56498.9 6.80457e-15 2.94762e-17 BessellI
56499.9 7.49546e-15 2.52851e-17 BessellI
56500.9 8.21946e-15 2.11956e-17 BessellI
56501.9 8.96675e-15 1.79673e-17 BessellI
56502.9 9.7244e-15 1.64788e-17 BessellI
56503.9 1.04765e-14 1.69884e-17 BessellI
56504.9 1.1205e-14 1.86785e-17 BessellI
56505.9 1.18906e-14 2.04122e-17 BessellI
56506.9 1.25145e-14 2.14162e-17 BessellI
56507.9 1.30604e-14 2.13739e-17 BessellI
56508.9 1.35157e-14 2.03496e-17 BessellI
56509.9 1.38733e-14 1.87004e-17 BessellI
56510.9 1.41318e-14 1.69624e-17 BessellI
56511.9 1.42953e-14 1.5664e-17 BessellI
56512.9 1.43725e-14 1.50712e-17 BessellI
56513.9 1.43754e-14 1.50489e-17 BessellI
56514.9 1.43178e-14 1.52189e-17 BessellI
56515.9 1.42136e-14 1.52299e-17 BessellI
56516.9 1.40762e-14 1.48856e-17 BessellI
56517.9 1.39172e-14 1.41394e-17 BessellI
56518.9 1.37466e-14 1.30457e-17 BessellI
56519.9 1.35722e-14 1.17153e-17 BessellI
56520.9 1.33999e-14 1.02856e-17 BessellI
56521.9 1.32339e-14 8.90469e-18 BessellI
56522.9 1.30771e-14 7.72347e-18 BessellI
56523.9 1.29311e-14 6.88205e-18 BessellI
56524.9 1.27964e-14 6.47288e-18 BessellI
56525.9 1.26731e-14 6.49165e-18 BessellI
56526.9 1.25608e-14 6.83743e-18 BessellI
56527.9 1.24585e-14 7.37666e-18 BessellI
56528.9 1.23652e-14 8.00038e-18 BessellI
56529.9 1.22796e-14 8.63935e-18 BessellI
56530.9 1.22006e-14 9.25606e-18 BessellI
56531.9 1.21268e-14 9.83331e-18 BessellI
56532.9 1.20571e-14 1.03656e-17 BessellI
56533.9 1.19904e-14 1.08534e-17 BessellI
56534.9 1.19254e-14 1.13e-17 BessellI
56535.9 1.18613e-14 1.17093e-17 BessellI
56536.9 1.17972e-14 1.20849e-17 BessellI
56537.9 1.17323e-14 1.24295e-17 BessellI
56538.9 1.16659e-14 1.27446e-17 BessellI
56539.9 1.15974e-14 1.30308e-17 BessellI
56540.9 1.15263e-14 1.32879e-17 BessellI
56541.9 1.14522e-14 1.35152e-17 BessellI
56542.9 1.13747e-14 1.37115e-17 BessellI
56543.9 1.12936e-14 1.38757e-17 BessellI
56544.9 1.12086e-14 1.40066e-17 BessellI
56545.9 1.11196e-14 1.41034e-17 BessellI
56546.9 1.10265e-14 1.41655e-17 BessellI
56547.9 1.09293e-14 1.41929e-17 BessellI
56548.9 1.08279e-14 1.41859e-17 BessellI
56549.9 1.07224e-14 1.41454e-17 BessellI
56550.9 1.06129e-14 1.40729e-17 BessellI
56551.9 1.04994e-14 1.397e-17 BessellI
56552.9 1.03821e-14 1.38391e-17 BessellI
56553.9 1.02611e-14 1.3683e-17 BessellI
56554.9 1.01367e-14 1.35047e-17 BessellI
56555.9 1.00089e-14 1.33077e-17 BessellI
56556.9 9.87795e-15 1.30958e-17 BessellI
56557.9 9.74408e-15 1.2873e-17 BessellI
56558.9 9.60747e-15 1.26436e-17 BessellI
56559.9 9.46835e-15 1.2412e-17 BessellI
56560.9 9.32693e-15 1.21827e-17 BessellI
56561.9 9.18343e-15 1.19604e-17 BessellI
56562.9 9.03806e-15 1.17494e-17 BessellI
56563.9 8.89105e-15 1.15542e-17 BessellI
56564.9 8.74261e-15 1.13788e-17 BessellI
56565.9 8.59295e-15 1.12269e-17 BessellI
56566.9 8.44229e-15 1.11018e-17 BessellI
56567.9 8.29082e-15 1.10061e-17 BessellI
56568.9 8.13874e-15 1.09417e-17 BessellI
56569.9 7.98625e-15 1.09098e-17 BessellI
56570.9 7.83353e-15 1.09108e-17 BessellI
56571.9 7.68076e-15 1.09443e-17 BessellI
56572.9 7.52812e-15 1.10093e-17 BessellI
56573.9 7.37576e-15 1.11039e-17 BessellI
56574.9 7.22385e-15 1.1226e-17 BessellI
56575.9 7.07254e-15 1.13728e-17 BessellI
56576.9 6.92197e-15 1.15415e-17 BessellI
56577.9 6.77227e-15 1.17288e-17 BessellI
56578.9 6.62357e-15 1.19317e-17 BessellI
56579.9 6.47599e-15 1.21469e-17 BessellI
56580.9 6.32965e-15 1.23716e-17 BessellI
56581.9 6.18465e-15 1.26027e-17 BessellI
56582.9 6.04108e-15 1.28376e-17 BessellI
56583.9 5.89905e-15 1.30739e-17 BessellI
56584.9 5.75862e-15 1.33092e-17 BessellI
56585.9 5.61989e-15 1.35415e-17 BessellI
56586.9 5.48292e-15 1.37691e-17 BessellI
56587.9 5.34778e-15 1.39903e-17 BessellI
56588.9 5.21452e-15 1.42037e-17 BessellI
56589.9 5.0832e-15 1.44081e-17 BessellI
56590.9 4.95387e-15 1.46024e-17 BessellI
56591.9 4.82656e-15 1.47859e-17 BessellI
56592.9 4.70132e-15 1.49576e-17 BessellI
56593.9 4.57818e-15 1.51171e-17 BessellI
56594.9 4.45717e-15 1.52639e-17 BessellI
56595.9 4.3383e-15 1.53975e-17 BessellI
56596.9 4.2216e-15 1.55178e-17 BessellI
56597.9 4.10709e-15 1.56245e-17 BessellI
56598.9 3.99476e-15 1.57176e-17 BessellI
56599.9 3.88463e-15 1.5797e-17 BessellI
56600.9 3.77671e-15 1.58628e-17 BessellI
56601.9 3.67099e-15 1.59151e-17 BessellI
56602.9 3.56747e-15 1.5954e-17 BessellI
56603.9 3.46615e-15 1.59798e-17 BessellI
56604.9 3.36702e-15 1.59926e-17 BessellI
56605.9 3.27006e-15 1.59928e-17 BessellI
56606.9 3.17527e-15 1.59807e-17 BessellI
56607.9 3.08262e-15 1.59566e-17 BessellI
56608.9 2.99211e-15 1.59208e-17 BessellI
56609.9 2.90371e-15 1.58737e-17 BessellI
56610.9 2.81741e-15 1.58157e-17 BessellI
56611.9 2.73317e-15 1.57473e-17 BessellI
56612.9 2.65098e-15 1.56687e-17 BessellI
56613.9 2.57081e-15 1.55805e-17 BessellI
56614.9 2.49264e-15 1.54831e-17 BessellI
56615.9 2.41644e-15 1.53768e-17 BessellI
56616.9 2.34218e-15 1.52622e-17 BessellI
56617.9 2.26982e-15 1.51396e-17 BessellI
56618.9 2.19935e-15 1.50095e-17 BessellI
56619.9 2.13073e-15 1.48723e-17 BessellI
56620.9 2.06393e-15 1.47283e-17 BessellI
56621.9 1.99892e-15 1.45781e-17 BessellI
56622.9 1.93566e-15 1.44221e-17 BessellI
56623.9 1.87413e-15 1.42606e-17 BessellI
56624.9 1.81429e-15 1.4094e-17 BessellI
56625.9 1.75611e-15 1.39227e-17 BessellI
56626.9 1.69955e-15 1.37471e-17 BessellI
56627.9 1.64458e-15 1.35676e-17 BessellI
56628.9 1.59118e-15 1.33844e-17 BessellI
56629.9 1.5393e-15 1.31981e-17 BessellI
56630.9 1.48892e-15 1.30088e-17 BessellI
56631.9 1.43999e-15 1.28169e-17 BessellI
56632.9 1.39249e-15 1.26228e-17 BessellI
56633.9 1.34639e-15 1.24267e-17 BessellI
56634.9 1.30166e-15 1.22289e-17 BessellI
56635.9 1.25825e-15 1.20297e-17 BessellI
56636.9 1.21614e-15 1.18294e-17 BessellI
56637.9 1.17531e-15 1.16282e-17 BessellI
56638.9 1.13571e-15 1.14264e-17 BessellI
56639.9 1.09731e-15 1.12242e-17 BessellI
56640.9 1.0601e-15 1.10218e-17 BessellI
56641.9 1.02402e-15 1.08195e-17 BessellI
56642.9 9.89071e-16 1.06175e-17 BessellI
56643.9 9.55206e-16 1.04159e-17 BessellI
56644.9 9.224e-16 1.0215e-17 BessellI
56645.9 8.90626e-16 1.00149e-17 BessellI
56646.9 8.59856e-16 9.8157e-18 BessellI
56647.9 8.30063e-16 9.61768e-18 BessellI
56648.9 8.0122e-16 9.42094e-18 BessellI
56649.9 7.73301e-16 9.22562e-18 BessellI
56650.9 7.4628e-16 9.03184e-18 BessellI
56651.9 7.20133e-16 8.83973e-18 BessellI
56652.9 6.94834e-16 8.64939e-18 BessellI
56653.9 6.70361e-16 8.46094e-18 BessellI
56654.9 6.46687e-16 8.27447e-18 BessellI
56655.9 6.23792e-16 8.09006e-18 BessellI
56656.9 6.01652e-16 7.90781e-18 BessellI
56657.9 5.80245e-16 7.72778e-18 BessellI
56483.3 1.00018e-16 1.86453e-18 BessellB
56484.3 1.46368e-16 2.56483e-18 BessellB
56485.3 2.14133e-16 3.5126e-18 BessellB
56486.3 3.13157e-16 4.78603e-18 BessellB
56487.3 4.57747e-16 6.48201e-18 BessellB
56488.3 6.68642e-16 8.71607e-18 BessellB
56489.3 9.75761e-16 1.1618e-17 BessellB
56490.3 1.42197e-15 1.53186e-17 BessellB
56491.3 2.06799e-15 1.99215e-17 BessellB
56492.3 2.99846e-15 2.54491e-17 BessellB
56493.3 4.32824e-15 3.17524e-17 BessellB
56494.3 6.20673e-15 3.83779e-17 BessellB
56495.3 8.81524e-15 4.44105e-17 BessellB
56496.3 1.2348e-14 4.83759e-17 BessellB
56497.3 1.69649e-14 4.83886e-17 BessellB
56498.3 2.27075e-14 4.2813e-17 BessellB
56499.3 2.93954e-14 3.15542e-17 BessellB
56500.3 3.6559e-14 1.79e-17 BessellB
56501.3 4.34932e-14 1.2569e-17 BessellB
56502.3 4.94579e-14 1.88095e-17 BessellB
56503.3 5.39236e-14 2.29551e-17 BessellB
56504.3 5.67075e-14 2.2945e-17 BessellB
56505.3 5.79378e-14 2.1032e-17 BessellB
56506.3 5.79175e-14 1.94332e-17 BessellB
56507.3 5.69901e-14 1.87981e-17 BessellB
56508.3 5.54589e-14 1.86008e-17 BessellB
56509.3 5.35582e-14 1.82826e-17 BessellB
56510.3 5.14546e-14 1.76851e-17 BessellB
56511.3 4.926e-14 1.69244e-17 BessellB
56512.3 4.70465e-14 1.62046e-17 BessellB
56513.3 4.48593e-14 1.57022e-17 BessellB
56514.3 4.27256e-14 1.55101e-17 BessellB
56515.3 4.06609e-14 1.56301e-17 BessellB
56516.3 3.86735e-14 1.59984e-17 BessellB
56517.3 3.67672e-14 1.65249e-17 BessellB
56518.3 3.49429e-14 1.71239e-17 BessellB
56519.3 3.31998e-14 1.7729e-17 BessellB
56520.3 3.15362e-14 1.82958e-17 BessellB
56521.3 2.99496e-14 1.87987e-17 BessellB
56522.3 2.84375e-14 1.92265e-17 BessellB
56523.3 2.6997e-14 1.95781e-17 BessellB
56524.3 2.56253e-14 1.98594e-17 BessellB
56525.3 2.43196e-14 2.00806e-17 BessellB
56526.3 2.3077e-14 2.02547e-17 BessellB
56527.3 2.18949e-14 2.03958e-17 BessellB
56528.3 2.07706e-14 2.05186e-17 BessellB
56529.3 1.97016e-14 2.0637e-17 BessellB
56530.3 1.86856e-14 2.07641e-17 BessellB
56531.3 1.772e-14 2.09113e-17 BessellB
56532.3 1.68028e-14 2.10881e-17 BessellB
56533.3 1.59317e-14 2.13019e-17 BessellB
56534.3 1.51047e-14 2.15578e-17 BessellB
56535.3 1.43197e-14 2.18587e-17 BessellB
56536.3 1.3575e-14 2.22055e-17 BessellB
56537.3 1.28685e-14 2.2597e-17 BessellB
56538.3 1.21987e-14 2.30305e-17 BessellB
56539.3 1.15637e-14 2.35021e-17 BessellB
56540.3 1.09621e-14 2.40068e-17 BessellB
56541.3 1.03922e-14 2.45391e-17 BessellB
56542.3 9.85256e-15 2.50931e-17 BessellB
56543.3 9.3418e-15 2.5663e-17 BessellB
56544.3 8.85854e-15 2.62427e-17 BessellB
56545.3 8.40149e-15 2.68268e-17 BessellB
56546.3 7.96938e-15 2.74097e-17 BessellB
56547.3 7.56104e-15 2.79868e-17 BessellB
56548.3 7.17532e-15 2.85534e-17 BessellB
56549.3 6.81113e-15 2.91055e-17 BessellB
56550.3 6.46743e-15 2.96398e-17 BessellB
56551.3 6.14321e-15 3.01529e-17 BessellB
56552.3 5.83752e-15 3.06425e-17 BessellB
56553.3 5.54944e-15 3.11061e-17 BessellB
56554.3 5.27809e-15 3.15421e-17 BessellB
56555.3 5.02265e-15 3.1949e-17 BessellB
56556.3 4.7823e-15 3.23256e-17 BessellB
56557.3 4.55629e-15 3.26713e-17 BessellB
56558.3 4.34389e-15 3.29855e-17 BessellB
56559.3 4.14438e-15 3.3268e-17 BessellB
56560.3 3.95711e-15 3.35189e-17 BessellB
56561.3 3.78145e-15 3.37384e-17 BessellB
56562.3 3.61677e-15 3.39271e-17 BessellB
56563.3 3.4625e-15 3.40855e-17 BessellB
56564.3 3.31809e-15 3.42145e-17 BessellB
56565.3 3.183e-15 3.43151e-17 BessellB
56566.3 3.05673e-15 3.43883e-17 BessellB
56567.3 2.9388e-15 3.44355e-17 BessellB
56568.3 2.82875e-15 3.4458e-17 BessellB
56569.3 2.72613e-15 3.44571e-17 BessellB
56570.3 2.63055e-15 3.44346e-17 BessellB
56571.3 2.54158e-15 3.43918e-17 BessellB
56572.3 2.45886e-15 3.43306e-17 BessellB
56573.3 2.38203e-15 3.42526e-17 BessellB
56574.3 2.31074e-15 3.41596e-17 BessellB
56575.3 2.24466e-15 3.40534e-17 BessellB
56576.3 2.18349e-15 3.39358e-17 BessellB
56577.3 2.12692e-15 3.38086e-17 BessellB
56578.3 2.07467e-15 3.36737e-17 BessellB
56579.3 2.02649e-15 3.35329e-17 BessellB
56580.3 1.9821e-15 3.3388e-17 BessellB
56581.3 1.94128e-15 3.32407e-17 BessellB
56582.3 1.90379e-15 3.3093e-17 BessellB
56583.3 1.86941e-15 3.29463e-17 BessellB
56584.3 1.83793e-15 3.28025e-17 BessellB
56585.3 1.80917e-15 3.26632e-17 BessellB
56586.3 1.78293e-15 3.25297e-17 BessellB
56587.3 1.75904e-15 3.24037e-17 BessellB
56588.3 1.73733e-15 3.22865e-17 BessellB
56589.3 1.71764e-15 3.21792e-17 BessellB
56590.3 1.69982e-15 3.20832e-17 BessellB
56591.3 1.68374e-15 3.19995e-17 BessellB
56592.3 1.66925e-15 3.19289e-17 BessellB
56593.3 1.65624e-15 3.18724e-17 BessellB
56594.3 1.64458e-15 3.18305e-17 BessellB
56595.3 1.63415e-15 3.1804e-17 BessellB
56596.3 1.62486e-15 3.17932e-17 BessellB
56597.3 1.6166e-15 3.17984e-17 BessellB
56598.3 1.60928e-15 3.18198e-17 BessellB
56599.3 1.60281e-15 3.18576e-17 BessellB
56600.3 1.59711e-15 3.19115e-17 BessellB
56601.3 1.59209e-15 3.19816e-17 BessellB
56602.3 1.58768e-15 3.20675e-17 BessellB
56603.3 1.58382e-15 3.21688e-17 BessellB
56604.3 1.58044e-15 3.2285e-17 BessellB
56605.3 1.57748e-15 3.24157e-17 BessellB
56606.3 1.57488e-15 3.25602e-17 BessellB
56607.3 1.57258e-15 3.27178e-17 BessellB
56608.3 1.57055e-15 3.28877e-17 BessellB
56609.3 1.56873e-15 3.30693e-17 BessellB
56610.3 1.56708e-15 3.32615e-17 BessellB
56611.3 1.56556e-15 3.34637e-17 BessellB
56612.3 1.56413e-15 3.36749e-17 BessellB
56613.3 1.56276e-15 3.38942e-17 BessellB
56614.3 1.56142e-15 3.41207e-17 BessellB
56615.3 1.56008e-15 3.43536e-17 BessellB
56616.3 1.5587e-15 3.45918e-17 BessellB
56617.3 1.55727e-15 3.48346e-17 BessellB
56618.3 1.55577e-15 3.50811e-17 BessellB
56619.3 1.55417e-15 3.53304e-17 BessellB
56620.3 1.55245e-15 3.55818e-17 BessellB
56621.3 1.5506e-15 3.58343e-17 BessellB
56622.3 1.5486e-15 3.60872e-17 BessellB
56623.3 1.54643e-15 3.63398e-17 BessellB
56624.3 1.54409e-15 3.65914e-17 BessellB
56625.3 1.54157e-15 3.68413e-17 BessellB
56626.3 1.53885e-15 3.70888e-17 BessellB
56627.3 1.53592e-15 3.73333e-17 BessellB
56628.3 1.53278e-15 3.75742e-17 BessellB
56629.3 1.52943e-15 3.78111e-17 BessellB
56630.3 1.52585e-15 3.80433e-17 BessellB
56631.3 1.52204e-15 3.82704e-17 BessellB
56632.3 1.518e-15 3.84919e-17 BessellB
56633.3 1.51373e-15 3.87075e-17 BessellB
56634.3 1.50923e-15 3.89166e-17 BessellB
56635.3 1.50448e-15 3.91191e-17 BessellB
56636.3 1.4995e-15 3.93144e-17 BessellB
56637.3 1.49428e-15 3.95024e-17 BessellB
56638.3 1.48883e-15 3.96828e-17 BessellB
56639.3 1.48315e-15 3.98552e-17 BessellB
56640.3 1.47723e-15 4.00196e-17 BessellB
56641.3 1.47108e-15 4.01756e-17 BessellB
56642.3 1.4647e-15 4.0323e-17 BessellB
56643.3 1.4581e-15 4.04619e-17 BessellB
56644.3 1.45127e-15 4.05919e-17 BessellB
56645.3 1.44423e-15 4.07131e-17 BessellB
56646.3 1.43698e-15 4.08252e-17 BessellB
56647.3 1.42952e-15 4.09282e-17 BessellB
56648.3 1.42185e-15 4.10221e-17 BessellB
56649.3 1.41399e-15 4.11068e-17 BessellB
56650.3 1.40593e-15 4.11823e-17 BessellB
56651.3 1.39768e-15 4.12486e-17 BessellB
56652.3 1.38925e-15 4.13056e-17 BessellB
56653.3 1.38064e-15 4.13534e-17 BessellB
56654.3 1.37186e-15 4.1392e-17 BessellB
56655.3 1.36291e-15 4.14215e-17 BessellB
56656.3 1.3538e-15 4.14418e-17 BessellB
56657.3 1.34454e-15 4.14531e-17 BessellB
56658.3 1.33512e-15 4.14554e-17 BessellB
56659.3 1.32556e-15 4.14488e-17 BessellB
56660.3 1.31587e-15 4.14334e-17 BessellB
56661.3 1.30604e-15 4.14093e-17 BessellB
56662.3 1.29609e-15 4.13765e-17 BessellB
56663.3 1.28602e-15 4.13353e-17 BessellB
56664.3 1.27583e-15 4.12856e-17 BessellB
56665.3 1.26554e-15 4.12276e-17 BessellB
56666.3 1.25514e-15 4.11615e-17 BessellB
56667.3 1.24465e-15 4.10874e-17 BessellB
56668.3 1.23407e-15 4.10054e-17 BessellB
56669.3 1.22341e-15 4.09156e-17 BessellB
56670.3 1.21266e-15 4.08182e-17 BessellB
56671.3 1.20184e-15 4.07134e-17 BessellB
56672.3 1.19096e-15 4.06012e-17 BessellB
56673.3 1.18001e-15 4.04819e-17 BessellB
56674.3 1.169e-15 4.03556e-17 BessellB
56675.3 1.15794e-15 4.02224e-17 BessellB
56676.3 1.14684e-15 4.00825e-17 BessellB
56677.3 1.1357e-15 3.99361e-17 BessellB
56678.3 1.12451e-15 3.97833e-17 BessellB
56679.3 1.1133e-15 3.96243e-17 BessellB
56680.3 1.10206e-15 3.94593e-17 BessellB
56681.3 1.0908e-15 3.92884e-17 BessellB
56682.3 1.07952e-15 3.91117e-17 BessellB
56683.3 1.06822e-15 3.89296e-17 BessellB
56684.3 1.05692e-15 3.8742e-17 BessellB
56685.3 1.04561e-15 3.85492e-17 BessellB
56686.3 1.03431e-15 3.83513e-17 BessellB
56687.3 1.023e-15 3.81485e-17 BessellB
56688.3 1.01171e-15 3.7941e-17 BessellB
56689.3 1.00042e-15 3.77289e-17 BessellB
56690.3 9.89155e-16 3.75124e-17 BessellB
56691.3 9.77905e-16 3.72916e-17 BessellB
56692.3 9.66677e-16 3.70667e-17 BessellB
56693.3 9.55475e-16 3.68379e-17 BessellB
56483.3 3.3227e-18 1.3938e-18 BessellR
56484.3 5.49511e-18 2.15979e-18 BessellR
56485.3 9.09264e-18 3.33688e-18 BessellR
56486.3 1.5053e-17 5.13738e-18 BessellR
56487.3 2.49319e-17 7.87614e-18 BessellR
56488.3 4.13105e-17 1.20134e-17 BessellR
56489.3 6.84689e-17 1.82093e-17 BessellR
56490.3 1.13495e-16 2.73846e-17 BessellR
56491.3 1.88093e-16 4.07712e-17 BessellR
56492.3 3.11508e-16 5.99063e-17 BessellR
56493.3 5.15105e-16 8.64687e-17 BessellR
56494.3 8.49257e-16 1.21751e-16 BessellR
56495.3 1.39281e-15 1.6541e-16 BessellR
56496.3 2.26371e-15 2.13047e-16 BessellR
56497.3 3.62464e-15 2.52555e-16 BessellR
56498.3 5.66787e-15 2.61206e-16 BessellR
56499.3 8.55267e-15 2.1027e-16 BessellR
56500.3 1.22804e-14 9.46481e-17 BessellR
56501.3 1.65639e-14 1.39377e-16 BessellR
56502.3 2.08418e-14 3.03602e-16 BessellR
56503.3 2.4518e-14 3.95824e-16 BessellR
56504.3 2.72427e-14 3.95814e-16 BessellR
56505.3 2.89896e-14 3.34963e-16 BessellR
56506.3 2.99356e-14 2.54707e-16 BessellR
56507.3 3.03111e-14 1.83178e-16 BessellR
56508.3 3.03148e-14 1.32829e-16 BessellR
56509.3 3.00901e-14 1.05013e-16 BessellR
56510.3 2.97314e-14 9.35986e-17 BessellR
56511.3 2.92971e-14 9.01048e-17 BessellR
56512.3 2.88229e-14 8.88887e-17 BessellR
56513.3 2.83294e-14 8.76457e-17 BessellR
56514.3 2.7829e-14 8.58008e-17 BessellR
56515.3 2.73288e-14 8.33992e-17 BessellR
56516.3 2.68326e-14 8.06382e-17 BessellR
56517.3 2.63429e-14 7.77104e-17 BessellR
56518.3 2.58608e-14 7.47645e-17 BessellR
56519.3 2.5387e-14 7.19043e-17 BessellR
56520.3 2.49217e-14 6.91988e-17 BessellR
56521.3 2.44651e-14 6.66921e-17 BessellR
56522.3 2.40172e-14 6.44109e-17 BessellR
56523.3 2.35777e-14 6.237e-17 BessellR
56524.3 2.31467e-14 6.05761e-17 BessellR
56525.3 2.2724e-14 5.90298e-17 BessellR
56526.3 2.23094e-14 5.77272e-17 BessellR
56527.3 2.19028e-14 5.66605e-17 BessellR
56528.3 2.15041e-14 5.58193e-17 BessellR
56529.3 2.1113e-14 5.51906e-17 BessellR
56530.3 2.07294e-14 5.47598e-17 BessellR
56531.3 2.03532e-14 5.45106e-17 BessellR
56532.3 1.99842e-14 5.44263e-17 BessellR
56533.3 1.96222e-14 5.44897e-17 BessellR
56534.3 1.92672e-14 5.46835e-17 BessellR
56535.3 1.8919e-14 5.49912e-17 BessellR
56536.3 1.85775e-14 5.53967e-17 BessellR
56537.3 1.82425e-14 5.58852e-17 BessellR
56538.3 1.79138e-14 5.64429e-17 BessellR
56539.3 1.75915e-14 5.70569e-17 BessellR
56540.3 1.72752e-14 5.77159e-17 BessellR
56541.3 1.6965e-14 5.84095e-17 BessellR
56542.3 1.66607e-14 5.91287e-17 BessellR
56543.3 1.63621e-14 5.98652e-17 BessellR
56544.3 1.60692e-14 6.0612e-17 BessellR
56545.3 1.57819e-14 6.13629e-17 BessellR
56546.3 1.55e-14 6.21125e-17 BessellR
56547.3 1.52234e-14 6.28562e-17 BessellR
56548.3 1.4952e-14 6.359e-17 BessellR
56549.3 1.46858e-14 6.43104e-17 BessellR
56550.3 1.44246e-14 6.50147e-17 BessellR
56551.3 1.41683e-14 6.57003e-17 BessellR
56552.3 1.39168e-14 6.63652e-17 BessellR
56553.3 1.367e-14 6.70079e-17 BessellR
56554.3 1.34278e-14 6.76268e-17 BessellR
56555.3 1.31902e-14 6.8221e-17 BessellR
56556.3 1.29571e-14 6.87896e-17 BessellR
56557.3 1.27283e-14 6.93318e-17 BessellR
56558.3 1.25038e-14 6.98474e-17 BessellR
56559.3 1.22834e-14 7.03358e-17 BessellR
56560.3 1.20672e-14 7.07971e-17 BessellR
56561.3 1.1855e-14 7.1231e-17 BessellR
56562.3 1.16468e-14 7.16377e-17 BessellR
56563.3 1.14424e-14 7.20173e-17 BessellR
56564.3 1.12418e-14 7.23699e-17 BessellR
56565.3 1.10449e-14 7.2696e-17 BessellR
56566.3 1.08517e-14 7.29957e-17 BessellR
56567.3 1.06621e-14 7.32695e-17 BessellR
56568.3 1.04759e-14 7.35178e-17 BessellR
56569.3 1.02932e-14 7.37411e-17 BessellR
56570.3 1.01139e-14 7.39398e-17 BessellR
56571.3 9.93786e-15 7.41145e-17 BessellR
56572.3 9.76507e-15 7.42656e-17 BessellR
56573.3 9.59545e-15 7.43937e-17 BessellR
56574.3 9.42895e-15 7.44995e-17 BessellR
56575.3 9.2655e-15 7.45833e-17 BessellR
56576.3 9.10505e-15 7.46459e-17 BessellR
56577.3 8.94754e-15 7.46878e-17 BessellR
56578.3 8.7929e-15 7.47095e-17 BessellR
56579.3 8.64109e-15 7.47117e-17 BessellR
56580.3 8.49204e-15 7.46949e-17 BessellR
56581.3 8.34572e-15 7.46597e-17 BessellR
56582.3 8.20205e-15 7.46067e-17 BessellR
56583.3 8.061e-15 7.45365e-17 BessellR
56584.3 7.92251e-15 7.44496e-17 BessellR
56585.3 7.78653e-15 7.43466e-17 BessellR
56586.3 7.65302e-15 7.4228e-17 BessellR
56587.3 7.52193e-15 7.40944e-17 BessellR
56588.3 7.3932e-15 7.39463e-17 BessellR
56589.3 7.2668e-15 7.37842e-17 BessellR
56590.3 7.14268e-15 7.36088e-17 BessellR
56591.3 7.0208e-15 7.34204e-17 BessellR
56592.3 6.90112e-15 7.32196e-17 BessellR
56593.3 6.78358e-15 7.30069e-17 BessellR
56594.3 6.66816e-15 7.27827e-17 BessellR
56595.3 6.55481e-15 7.25476e-17 BessellR
56596.3 6.44349e-15 7.23019e-17 BessellR
56597.3 6.33417e-15 7.20463e-17 BessellR
56598.3 6.2268e-15 7.1781e-17 BessellR
56599.3 6.12135e-15 7.15066e-17 BessellR
56600.3 6.01778e-15 7.12234e-17 BessellR
56601.3 5.91606e-15 7.09319e-17 BessellR
56602.3 5.81615e-15 7.06325e-17 BessellR
56603.3 5.71801e-15 7.03255e-17 BessellR
56604.3 5.62163e-15 7.00114e-17 BessellR
56605.3 5.52695e-15 6.96906e-17 BessellR
56606.3 5.43395e-15 6.93633e-17 BessellR
56607.3 5.3426e-15 6.903e-17 BessellR
56608.3 5.25287e-15 6.8691e-17 BessellR
56609.3 5.16472e-15 6.83466e-17 BessellR
56610.3 5.07813e-15 6.79972e-17 BessellR
56611.3 4.99306e-15 6.76431e-17 BessellR
56612.3 4.9095e-15 6.72846e-17 BessellR
56613.3 4.82741e-15 6.69219e-17 BessellR
56614.3 4.74676e-15 6.65555e-17 BessellR
56615.3 4.66752e-15 6.61855e-17 BessellR
56616.3 4.58968e-15 6.58122e-17 BessellR
56617.3 4.5132e-15 6.54359e-17 BessellR
56618.3 4.43806e-15 6.50569e-17 BessellR
56619.3 4.36424e-15 6.46755e-17 BessellR
56620.3 4.2917e-15 6.42917e-17 BessellR
56621.3 4.22043e-15 6.3906e-17 BessellR
56622.3 4.1504e-15 6.35184e-17 BessellR
56623.3 4.0816e-15 6.31293e-17 BessellR
56624.3 4.01398e-15 6.27388e-17 BessellR
56625.3 3.94755e-15 6.23472e-17 BessellR
56626.3 3.88227e-15 6.19546e-17 BessellR
56627.3 3.81812e-15 6.15612e-17 BessellR
56628.3 3.75508e-15 6.11672e-17 BessellR
56629.3 3.69313e-15 6.07728e-17 BessellR
56630.3 3.63226e-15 6.03781e-17 BessellR
56631.3 3.57243e-15 5.99834e-17 BessellR
56632.3 3.51364e-15 5.95887e-17 BessellR
56633.3 3.45586e-15 5.91942e-17 BessellR
56634.3 3.39908e-15 5.88001e-17 BessellR
56635.3 3.34327e-15 5.84065e-17 BessellR
56636.3 3.28843e-15 5.80135e-17 BessellR
56637.3 3.23452e-15 5.76212e-17 BessellR
56638.3 3.18154e-15 5.72298e-17 BessellR
56639.3 3.12947e-15 5.68394e-17 BessellR
56640.3 3.07828e-15 5.64501e-17 BessellR
56641.3 3.02798e-15 5.60619e-17 BessellR
56642.3 2.97853e-15 5.56751e-17 BessellR
56643.3 2.92993e-15 5.52897e-17 BessellR
56644.3 2.88215e-15 5.49057e-17 BessellR
56645.3 2.83519e-15 5.45233e-17 BessellR
56646.3 2.78903e-15 5.41425e-17 BessellR
56647.3 2.74365e-15 5.37634e-17 BessellR
56648.3 2.69904e-15 5.33862e-17 BessellR
56649.3 2.65519e-15 5.30107e-17 BessellR
56650.3 2.61208e-15 5.26372e-17 BessellR
56651.3 2.56971e-15 5.22657e-17 BessellR
56652.3 2.52805e-15 5.18962e-17 BessellR
56653.3 2.48709e-15 5.15288e-17 BessellR
56654.3 2.44683e-15 5.11635e-17 BessellR
56655.3 2.40724e-15 5.08003e-17 BessellR
56656.3 2.36832e-15 5.04394e-17 BessellR
56657.3 2.33006e-15 5.00807e-17 BessellR
56658.3 2.29244e-15 4.97244e-17 BessellR
56483.3 1.74543e-16 2.02878e-17 BessellV
56484.3 2.32403e-16 2.55727e-17 BessellV
56485.3 3.0977e-16 3.21608e-17 BessellV
56486.3 4.13353e-16 4.03366e-17 BessellV
56487.3 5.52203e-16 5.04245e-17 BessellV
56488.3 7.38513e-16 6.27786e-17 BessellV
56489.3 9.88662e-16 7.77571e-17 BessellV
56490.3 1.32454e-15 9.56721e-17 BessellV
56491.3 1.77514e-15 1.16699e-16 BessellV
56492.3 2.37826e-15 1.40729e-16 BessellV
56493.3 3.18211e-15 1.67139e-16 BessellV
56494.3 4.24587e-15 1.94491e-16 BessellV
56495.3 5.63802e-15 2.20187e-16 BessellV
56496.3 7.43016e-15 2.40241e-16 BessellV
56497.3 9.68353e-15 2.49486e-16 BessellV
56498.3 1.24267e-14 2.42648e-16 BessellV
56499.3 1.56267e-14 2.16614e-16 BessellV
56500.3 1.91635e-14 1.73509e-16 BessellV
56501.3 2.28267e-14 1.23294e-16 BessellV
56502.3 2.63484e-14 8.44579e-17 BessellV
56503.3 2.94679e-14 7.39967e-17 BessellV
56504.3 3.19991e-14 7.97475e-17 BessellV
56505.3 3.38662e-14 8.22589e-17 BessellV
56506.3 3.50955e-14 7.85398e-17 BessellV
56507.3 3.57801e-14 7.2936e-17 BessellV
56508.3 3.60394e-14 6.96099e-17 BessellV
56509.3 3.599e-14 6.97553e-17 BessellV
56510.3 3.57301e-14 7.23501e-17 BessellV
56511.3 3.53354e-14 7.61932e-17 BessellV
56512.3 3.48607e-14 8.08067e-17 BessellV
56513.3 3.43436e-14 8.62489e-17 BessellV
56514.3 3.38089e-14 9.27009e-17 BessellV
56515.3 3.3272e-14 1.00216e-16 BessellV
56516.3 3.27422e-14 1.08666e-16 BessellV
56517.3 3.22244e-14 1.17792e-16 BessellV
56518.3 3.17206e-14 1.27289e-16 BessellV
56519.3 3.12313e-14 1.36859e-16 BessellV
56520.3 3.07558e-14 1.46249e-16 BessellV
56521.3 3.02928e-14 1.55255e-16 BessellV
56522.3 2.98409e-14 1.63724e-16 BessellV
56523.3 2.93983e-14 1.71547e-16 BessellV
56524.3 2.89636e-14 1.78652e-16 BessellV
56525.3 2.85351e-14 1.84993e-16 BessellV
56526.3 2.81116e-14 1.90551e-16 BessellV
56527.3 2.76919e-14 1.95323e-16 BessellV
56528.3 2.72748e-14 1.9932e-16 BessellV
56529.3 2.68596e-14 2.02563e-16 BessellV
56530.3 2.64455e-14 2.0508e-16 BessellV
56531.3 2.60319e-14 2.06908e-16 BessellV
56532.3 2.56184e-14 2.08085e-16 BessellV
56533.3 2.52047e-14 2.08654e-16 BessellV
56534.3 2.47904e-14 2.08658e-16 BessellV
56535.3 2.43756e-14 2.08144e-16 BessellV
56536.3 2.396e-14 2.07157e-16 BessellV
56537.3 2.35438e-14 2.05742e-16 BessellV
56538.3 2.3127e-14 2.03944e-16 BessellV
56539.3 2.27097e-14 2.01807e-16 BessellV
56540.3 2.22921e-14 1.99374e-16 BessellV
56541.3 2.18744e-14 1.96686e-16 BessellV
56542.3 2.14568e-14 1.93784e-16 BessellV
56543.3 2.10396e-14 1.90704e-16 BessellV
56544.3 2.0623e-14 1.87483e-16 BessellV
56545.3 2.02074e-14 1.84154e-16 BessellV
56546.3 1.9793e-14 1.8075e-16 BessellV
56547.3 1.938e-14 1.77299e-16 BessellV
56548.3 1.89689e-14 1.7383e-16 BessellV
56549.3 1.85599e-14 1.70366e-16 BessellV
56550.3 1.81533e-14 1.66931e-16 BessellV
56551.3 1.77494e-14 1.63545e-16 BessellV
56552.3 1.73485e-14 1.60226e-16 BessellV
56553.3 1.69508e-14 1.5699e-16 BessellV
56554.3 1.65566e-14 1.5385e-16 BessellV
56555.3 1.61661e-14 1.50817e-16 BessellV
56556.3 1.57797e-14 1.479e-16 BessellV
56557.3 1.53974e-14 1.45105e-16 BessellV
56558.3 1.50196e-14 1.42439e-16 BessellV
56559.3 1.46464e-14 1.39902e-16 BessellV
56560.3 1.4278e-14 1.37496e-16 BessellV
56561.3 1.39146e-14 1.35221e-16 BessellV
56562.3 1.35563e-14 1.33074e-16 BessellV
56563.3 1.32034e-14 1.3105e-16 BessellV
56564.3 1.28558e-14 1.29147e-16 BessellV
56565.3 1.25138e-14 1.27356e-16 BessellV
56566.3 1.21774e-14 1.25672e-16 BessellV
56567.3 1.18467e-14 1.24088e-16 BessellV
56568.3 1.15219e-14 1.22594e-16 BessellV
56569.3 1.12029e-14 1.21184e-16 BessellV
56570.3 1.08899e-14 1.19848e-16 BessellV
56571.3 1.05828e-14 1.18579e-16 BessellV
56572.3 1.02818e-14 1.17368e-16 BessellV
56573.3 9.9868e-15 1.16207e-16 BessellV
56574.3 9.69786e-15 1.15089e-16 BessellV
56575.3 9.41498e-15 1.14005e-16 BessellV
56576.3 9.13817e-15 1.12949e-16 BessellV
56577.3 8.8674e-15 1.11915e-16 BessellV
56578.3 8.60266e-15 1.10896e-16 BessellV
56579.3 8.34392e-15 1.09888e-16 BessellV
56580.3 8.09115e-15 1.08884e-16 BessellV
56581.3 7.84431e-15 1.07881e-16 BessellV
56582.3 7.60335e-15 1.06875e-16 BessellV
56583.3 7.36823e-15 1.05862e-16 BessellV
56584.3 7.13889e-15 1.0484e-16 BessellV
56585.3 6.91526e-15 1.03806e-16 BessellV
56586.3 6.69728e-15 1.02757e-16 BessellV
56587.3 6.48489e-15 1.01693e-16 BessellV
56588.3 6.278e-15 1.00612e-16 BessellV
56589.3 6.07654e-15 9.95124e-17 BessellV
56590.3 5.88044e-15 9.83944e-17 BessellV
56591.3 5.68961e-15 9.72574e-17 BessellV
56592.3 5.50396e-15 9.61013e-17 BessellV
56593.3 5.32341e-15 9.49261e-17 BessellV
56594.3 5.14787e-15 9.37323e-17 BessellV
56595.3 4.97726e-15 9.25203e-17 BessellV
56596.3 4.81147e-15 9.12908e-17 BessellV
56597.3 4.65042e-15 9.00445e-17 BessellV
56598.3 4.49402e-15 8.87824e-17 BessellV
56599.3 4.34217e-15 8.75056e-17 BessellV
56600.3 4.19477e-15 8.6215e-17 BessellV
56601.3 4.05174e-15 8.49119e-17 BessellV
56602.3 3.91298e-15 8.35975e-17 BessellV
56603.3 3.77839e-15 8.2273e-17 BessellV
56604.3 3.64787e-15 8.09397e-17 BessellV
56605.3 3.52135e-15 7.95989e-17 BessellV
56606.3 3.39871e-15 7.82519e-17 BessellV
56607.3 3.27987e-15 7.69e-17 BessellV
56608.3 3.16474e-15 7.55446e-17 BessellV
56609.3 3.05322e-15 7.41868e-17 BessellV
56610.3 2.94523e-15 7.28281e-17 BessellV
56611.3 2.84067e-15 7.14695e-17 BessellV
56612.3 2.73946e-15 7.01124e-17 BessellV
56613.3 2.64151e-15 6.8758e-17 BessellV
56614.3 2.54673e-15 6.74073e-17 BessellV
56615.3 2.45503e-15 6.60614e-17 BessellV
56616.3 2.36634e-15 6.47215e-17 BessellV
56617.3 2.28057e-15 6.33886e-17 BessellV
56618.3 2.19764e-15 6.20636e-17 BessellV
56619.3 2.11748e-15 6.07475e-17 BessellV
56620.3 2.03999e-15 5.94412e-17 BessellV
56621.3 1.96511e-15 5.81455e-17 BessellV
56622.3 1.89275e-15 5.68612e-17 BessellV
56623.3 1.82286e-15 5.55891e-17 BessellV
56624.3 1.75535e-15 5.43298e-17 BessellV
56625.3 1.69015e-15 5.30841e-17 BessellV
56626.3 1.62719e-15 5.18525e-17 BessellV
56627.3 1.56642e-15 5.06356e-17 BessellV
56628.3 1.50775e-15 4.94339e-17 BessellV
56629.3 1.45112e-15 4.8248e-17 BessellV
56630.3 1.39648e-15 4.70782e-17 BessellV
56631.3 1.34376e-15 4.59249e-17 BessellV
56632.3 1.2929e-15 4.47886e-17 BessellV
56633.3 1.24384e-15 4.36695e-17 BessellV
56634.3 1.19653e-15 4.2568e-17 BessellV
56635.3 1.1509e-15 4.14842e-17 BessellV
56636.3 1.10691e-15 4.04184e-17 BessellV
56637.3 1.0645e-15 3.93708e-17 BessellV
56638.3 1.02362e-15 3.83415e-17 BessellV
56639.3 9.84214e-16 3.73307e-17 BessellV
56640.3 9.46243e-16 3.63385e-17 BessellV
56641.3 9.09656e-16 3.53648e-17 BessellV
56642.3 8.74405e-16 3.44098e-17 BessellV
56643.3 8.40448e-16 3.34735e-17 BessellV
56644.3 8.07739e-16 3.25558e-17 BessellV
56645.3 7.76238e-16 3.16567e-17 BessellV
56646.3 7.45902e-16 3.07763e-17 BessellV
56647.3 7.16692e-16 2.99143e-17 BessellV
56648.3 6.88569e-16 2.90707e-17 BessellV
56649.3 6.61497e-16 2.82455e-17 BessellV
56650.3 6.35438e-16 2.74384e-17 BessellV
56651.3 6.10357e-16 2.66494e-17 BessellV
56652.3 5.8622e-16 2.58783e-17 BessellV
56653.3 5.62994e-16 2.51249e-17 BessellV
56654.3 5.40648e-16 2.4389e-17 BessellV
56655.3 5.19149e-16 2.36705e-17 BessellV
56656.3 4.98467e-16 2.29691e-17 BessellV
56657.3 4.78575e-16 2.22847e-17 BessellV
56658.3 4.59443e-16 2.1617e-17 BessellV
56659.3 4.41043e-16 2.09658e-17 BessellV
56660.3 4.23351e-16 2.03308e-17 BessellV
56661.3 4.0634e-16 1.97119e-17 BessellV
56662.3 3.89985e-16 1.91088e-17 BessellV
56663.3 3.74262e-16 1.85212e-17 BessellV
56664.3 3.5915e-16 1.79488e-17 BessellV
56665.3 3.44624e-16 1.73915e-17 BessellV
56666.3 3.30663e-16 1.68489e-17 BessellV
56667.3 3.17248e-16 1.63208e-17 BessellV
56668.3 3.04357e-16 1.58069e-17 BessellV
56669.3 2.9197e-16 1.5307e-17 BessellV
56670.3 2.8007e-16 1.48208e-17 BessellV
56671.3 2.68639e-16 1.43479e-17 BessellV
56672.3 2.57657e-16 1.38883e-17 BessellV
56673.3 2.4711e-16 1.34415e-17 BessellV
56674.3 2.3698e-16 1.30073e-17 BessellV
56675.3 2.27251e-16 1.25854e-17 BessellV
56676.3 2.17909e-16 1.21756e-17 BessellV
56677.3 2.08938e-16 1.17776e-17 BessellV
56678.3 2.00325e-16 1.13911e-17 BessellV
56679.3 1.92056e-16 1.1016e-17 BessellV
56680.3 1.84118e-16 1.06518e-17 BessellV
56681.3 1.76498e-16 1.02984e-17 BessellV
56682.3 1.69184e-16 9.9555e-18 BessellV
56683.3 1.62164e-16 9.62285e-18 BessellV
56684.3 1.55427e-16 9.30021e-18 BessellV
56685.3 1.48961e-16 8.98732e-18 BessellV
56686.3 1.42757e-16 8.68394e-18 BessellV
56687.3 1.36804e-16 8.38984e-18 BessellV
56688.3 1.31092e-16 8.10478e-18 BessellV
56689.3 1.25612e-16 7.82852e-18 BessellV
56690.3 1.20355e-16 7.56084e-18 BessellV
56691.3 1.15312e-16 7.30151e-18 BessellV
56692.3 1.10475e-16 7.05031e-18 BessellV
56693.3 1.05836e-16 6.80702e-18 BessellV
56694.3 1.01386e-16 6.57143e-18 BessellV
56695.3 9.71183e-17 6.34333e-18 BessellV
56696.3 9.30259e-17 6.12252e-18 BessellV
56697.3 8.91017e-17 5.90879e-18 BessellV
56698.3 8.5339e-17 5.70194e-18 BessellV
56699.3 8.17312e-17 5.50179e-18 BessellV
56700.3 7.82724e-17 5.30813e-18 BessellV
56701.3 7.49564e-17 5.1208e-18 BessellV
56702.3 7.17776e-17 4.9396e-18 BessellV
56703.3 6.87305e-17 4.76435e-18 BessellV
56704.3 6.58098e-17 4.59489e-18 BessellV
56705.3 6.30103e-17 4.43105e-18 BessellV
56706.3 6.03273e-17 4.27265e-18 BessellV
56707.3 5.7756e-17 4.11954e-18 BessellV
56708.3 5.52919e-17 3.97155e-18 BessellV
56709.3 5.29306e-17 3.82854e-18 BessellV
56710.3 5.0668e-17 3.69036e-18 BessellV
56711.3 4.85001e-17 3.55685e-18 BessellV
56712.3 4.64229e-17 3.42787e-18 BessellV
56713.3 4.44329e-17 3.30329e-18 BessellV
56714.3 4.25265e-17 3.18297e-18 BessellV
56715.3 4.07002e-17 3.06678e-18 BessellV
56716.3 3.89507e-17 2.95458e-18 BessellV
56717.3 3.72749e-17 2.84625e-18 BessellV
56718.3 3.56699e-17 2.74167e-18 BessellV
56719.3 3.41325e-17 2.64073e-18 BessellV
56720.3 3.26602e-17 2.54329e-18 BessellV
56721.3 3.12502e-17 2.44926e-18 BessellV
56722.3 2.98999e-17 2.35853e-18 BessellV
56723.3 2.86068e-17 2.27098e-18 BessellV
56724.3 2.73687e-17 2.18651e-18 BessellV
56725.3 2.61831e-17 2.10503e-18 BessellV
56726.3 2.5048e-17 2.02643e-18 BessellV
56727.3 2.39612e-17 1.95062e-18 BessellV
56728.3 2.29207e-17 1.87751e-18 BessellV
56729.3 2.19246e-17 1.80701e-18 BessellV
56730.3 2.09711e-17 1.73903e-18 BessellV
56731.3 2.00583e-17 1.67349e-18 BessellV
56732.3 1.91846e-17 1.61031e-18 BessellV
56733.3 1.83482e-17 1.5494e-18 BessellV
56734.3 1.75478e-17 1.4907e-18 BessellV
56735.3 1.67816e-17 1.43412e-18 BessellV
56736.3 1.60484e-17 1.3796e-18 BessellV
56737.3 1.53467e-17 1.32706e-18 BessellV
56738.3 1.46752e-17 1.27643e-18 BessellV
56739.3 1.40326e-17 1.22766e-18 BessellV
56740.3 1.34177e-17 1.18067e-18 BessellV
56741.3 1.28293e-17 1.13541e-18 BessellV
56742.3 1.22663e-17 1.09181e-18 BessellV
56743.3 1.17277e-17 1.04982e-18 BessellV
56744.3 1.12123e-17 1.00938e-18 BessellV
56745.3 1.07192e-17 9.70444e-19 BessellV
56746.3 1.02475e-17 9.32948e-19 BessellV
56747.3 9.79631e-18 8.96846e-19 BessellV
56748.3 9.36464e-18 8.6209e-19 BessellV
56749.3 8.95173e-18 8.2863e-19 BessellV
56750.3 8.55676e-18 7.96421e-19 BessellV
56751.3 8.17897e-18 7.6542e-19 BessellV
56752.3 7.81762e-18 7.35582e-19 BessellV
56753.3 7.47201e-18 7.06867e-19 BessellV
56754.3 7.14148e-18 6.79233e-19 BessellV
56755.3 6.82536e-18 6.52643e-19 BessellV
56756.3 6.52305e-18 6.27058e-19 BessellV
56757.3 6.23394e-18 6.02443e-19 BessellV
56758.3 5.95748e-18 5.78762e-19 BessellV
56759.3 5.69312e-18 5.55981e-19 BessellV
56760.3 5.44033e-18 5.34068e-19 BessellV
56761.3 5.19863e-18 5.12991e-19 BessellV
56762.3 4.96752e-18 4.92719e-19 BessellV
56763.3 4.74656e-18 4.73223e-19 BessellV
56764.3 4.5353e-18 4.54475e-19 BessellV
56765.3 4.33332e-18 4.36447e-19 BessellV
56766.3 4.14023e-18 4.19112e-19 BessellV
56767.3 3.95564e-18 4.02445e-19 BessellV
56768.3 3.77917e-18 3.86421e-19 BessellV
56769.3 3.61048e-18 3.71017e-19 BessellV
56770.3 3.44924e-18 3.56209e-19 BessellV
56771.3 3.2951e-18 3.41975e-19 BessellV
56772.3 3.14778e-18 3.28293e-19 BessellV
56773.3 3.00696e-18 3.15144e-19 BessellV
56774.3 2.87237e-18 3.02506e-19 BessellV
56775.3 2.74373e-18 2.90361e-19 BessellV
56776.3 2.62079e-18 2.78691e-19 BessellV
56777.3 2.5033e-18 2.67477e-19 BessellV
56778.3 2.39101e-18 2.56703e-19 BessellV
56779.3 2.2837e-18 2.4635e-19 BessellV
56780.3 2.18116e-18 2.36405e-19 BessellV
56781.3 2.08317e-18 2.2685e-19 BessellV
56782.3 1.98953e-18 2.17672e-19 BessellV
56783.3 1.90006e-18 2.08856e-19 BessellV
56784.3 1.81457e-18 2.00388e-19 BessellV
56785.3 1.73288e-18 1.92255e-19 BessellV
56786.3 1.65484e-18 1.84444e-19 BessellV
56787.3 1.58027e-18 1.76942e-19 BessellV
56788.3 1.50902e-18 1.69738e-19 BessellV
56789.3 1.44096e-18 1.6282e-19 BessellV
56790.3 1.37593e-18 1.56178e-19 BessellV
56791.3 1.31381e-18 1.498e-19 BessellV
56792.3 1.25446e-18 1.43677e-19 BessellV
56793.3 1.19777e-18 1.37798e-19 BessellV
56794.3 1.14362e-18 1.32155e-19 BessellV
56795.3 1.09189e-18 1.26737e-19 BessellV
56796.3 1.04247e-18 1.21536e-19 BessellV
56797.3 9.95276e-19 1.16545e-19 BessellV
56798.3 9.50193e-19 1.11753e-19 BessellV
56799.3 9.07134e-19 1.07155e-19 BessellV
56800.3 8.66007e-19 1.02741e-19 BessellV
56801.3 8.26727e-19 9.85056e-20 BessellV
56802.3 7.89212e-19 9.4441e-20 BessellV
56803.3 7.53384e-19 9.05406e-20 BessellV
56804.3 7.19167e-19 8.67979e-20 BessellV
56805.3 6.8649e-19 8.32068e-20 BessellV
56806.3 6.55284e-19 7.97612e-20 BessellV
56807.3 6.25485e-19 7.64555e-20 BessellV
56808.3 5.97028e-19 7.3284e-20 BessellV
56809.3 5.69854e-19 7.02415e-20 BessellV
56810.3 5.43907e-19 6.73228e-20 BessellV
56811.3 5.1913e-19 6.4523e-20 BessellV
56812.3 4.95473e-19 6.18374e-20 BessellV
56813.3 4.72884e-19 5.92615e-20 BessellV
56814.3 4.51316e-19 5.67909e-20 BessellV
56815.3 4.30724e-19 5.44213e-20 BessellV
56816.3 4.11063e-19 5.21487e-20 BessellV
56817.3 3.92292e-19 4.99693e-20 BessellV
56818.3 3.74371e-19 4.78793e-20 BessellV
56819.3 3.57262e-19 4.58752e-20 BessellV
56820.3 3.40929e-19 4.39534e-20 BessellV
56821.3 3.25336e-19 4.21107e-20 BessellV
56822.3 3.10451e-19 4.03439e-20 BessellV
56823.3 2.96241e-19 3.86499e-20 BessellV
56824.3 2.82676e-19 3.70258e-20 BessellV
56825.3 2.69728e-19 3.54688e-20 BessellV
56826.3 2.57368e-19 3.39761e-20 BessellV
56827.3 2.4557e-19 3.25452e-20 BessellV
56828.3 2.34309e-19 3.11735e-20 BessellV
56829.3 2.2356e-19 2.98587e-20 BessellV
56830.3 2.13301e-19 2.85984e-20 BessellV
56831.3 2.03508e-19 2.73905e-20 BessellV
56832.3 1.94162e-19 2.62327e-20 BessellV
56833.3 1.85242e-19 2.51231e-20 BessellV
56834.3 1.76729e-19 2.40597e-20 BessellV
56835.3 1.68604e-19 2.30405e-20 BessellV
56836.3 1.60849e-19 2.20639e-20 BessellV
56837.3 1.53449e-19 2.1128e-20 BessellV
56838.3 1.46387e-19 2.02312e-20 BessellV
56839.3 1.39648e-19 1.93719e-20 BessellV
56840.3 1.33216e-19 1.85485e-20 BessellV
56841.3 1.27079e-19 1.77596e-20 BessellV
56842.3 1.21222e-19 1.70037e-20 BessellV
56843.3 1.15634e-19 1.62795e-20 BessellV
56844.3 1.10301e-19 1.55858e-20 BessellV
56845.3 1.05212e-19 1.49211e-20 BessellV
56846.3 1.00357e-19 1.42844e-20 BessellV
56847.3 9.57242e-20 1.36744e-20 BessellV
56848.3 9.13038e-20 1.30902e-20 BessellV
56849.3 8.70862e-20 1.25305e-20 BessellV
56850.3 8.3062e-20 1.19944e-20 BessellV
56851.3 7.92226e-20 1.1481e-20 BessellV
56852.3 7.55595e-20 1.09892e-20 BessellV
56853.3 7.20646e-20 1.05182e-20 BessellV
56854.3 6.87303e-20 1.00671e-20 BessellV
56855.3 6.55493e-20 9.63505e-21 BessellV
56856.3 6.25146e-20 9.22133e-21 BessellV
56857.3 5.96195e-20 8.82513e-21 BessellV
56858.3 5.68576e-20 8.44572e-21 BessellV
56859.3 5.42228e-20 8.08242e-21 BessellV
56860.3 5.17093e-20 7.73453e-21 BessellV
56861.3 4.93117e-20 7.40143e-21 BessellV
56862.3 4.70245e-20 7.08248e-21 BessellV
56863.3 4.48427e-20 6.7771e-21 BessellV
56864.3 4.27616e-20 6.48473e-21 BessellV
56865.3 4.07764e-20 6.2048e-21 BessellV
56866.3 3.88829e-20 5.93681e-21 BessellV
56867.3 3.70767e-20 5.68025e-21 BessellV
56868.3 3.5354e-20 5.43464e-21 BessellV
56869.3 3.37108e-20 5.19952e-21 BessellV
56870.3 3.21435e-20 4.97445e-21 BessellV
56871.3 3.06487e-20 4.759e-21 BessellV
56872.3 2.9223e-20 4.55277e-21 BessellV
56873.3 2.78632e-20 4.35537e-21 BessellV
56874.3 2.65663e-20 4.16643e-21 BessellV
56875.3 2.53295e-20 3.98559e-21 BessellV
56876.3 2.41498e-20 3.8125e-21 BessellV
56877.3 2.30249e-20 3.64685e-21 BessellV
56878.3 2.1952e-20 3.48831e-21 BessellV
56879.3 2.09288e-20 3.33658e-21 BessellV
56880.3 1.99531e-20 3.19138e-21 BessellV
56881.3 1.90226e-20 3.05243e-21 BessellV
56882.3 1.81352e-20 2.91945e-21 BessellV
56883.3 1.72891e-20 2.79221e-21 BessellV
56884.3 1.64821e-20 2.67045e-21 BessellV
56885.3 1.57127e-20 2.55394e-21 BessellV
56886.3 1.4979e-20 2.44246e-21 BessellV
56887.3 1.42793e-20 2.33579e-21 BessellV
56888.3 1.36122e-20 2.23373e-21 BessellV
56889.3 1.2976e-20 2.13608e-21 BessellV
56890.3 1.23695e-20 2.04266e-21 BessellV
56891.3 1.17911e-20 1.95328e-21 BessellV
56892.3 1.12396e-20 1.86776e-21 BessellV
56893.3 1.07138e-20 1.78596e-21 BessellV
56894.3 1.02125e-20 1.7077e-21 BessellV
56895.3 9.7345e-21 1.63283e-21 BessellV
56896.3 9.27877e-21 1.56121e-21 BessellV
56897.3 8.84426e-21 1.4927e-21 BessellV
56898.3 8.43e-21 1.42717e-21 BessellV
56899.3 8.03504e-21 1.36448e-21 BessellV
56900.3 7.6585e-21 1.30452e-21 BessellV
56901.3 7.29952e-21 1.24717e-21 BessellV
56902.3 6.95728e-21 1.19232e-21 BessellV
56903.3 6.631e-21 1.13986e-21 BessellV
56904.3 6.31996e-21 1.08968e-21 BessellV
56905.3 6.02343e-21 1.04169e-21 BessellV
56485.9 1.34014e-15 8.81825e-17 i
56486.9 1.56048e-15 9.62036e-17 i
56487.9 1.81421e-15 1.04306e-16 i
56488.9 2.10532e-15 1.12298e-16 i
56489.9 2.4379e-15 1.19936e-16 i
56490.9 2.81598e-15 1.26929e-16 i
56491.9 3.2433e-15 1.32943e-16 i
56492.9 3.72307e-15 1.37608e-16 i
56493.9 4.2576e-15 1.40546e-16 i
56494.9 4.84797e-15 1.41395e-16 i
56495.9 5.49356e-15 1.39852e-16 i
56496.9 6.19172e-15 1.3572e-16 i
56497.9 6.93744e-15 1.2896e-16 i
56498.9 7.72311e-15 1.19735e-16 i
56499.9 8.5386e-15 1.08441e-16 i
56500.9 9.37148e-15 9.5723e-17 i
56501.9 1.02075e-14 8.24602e-17 i
56502.9 1.10316e-14 6.97215e-17 i
56503.9 1.18282e-14 5.86681e-17 i
56504.9 1.2583e-14 5.03336e-17 i
56505.9 1.32832e-14 4.52117e-17 i
56506.9 1.39187e-14 4.28806e-17 i
56507.9 1.4482e-14 4.2201e-17 i
56508.9 1.4969e-14 4.20023e-17 i
56509.9 1.53781e-14 4.15482e-17 i
56510.9 1.57106e-14 4.05804e-17 i
56511.9 1.59698e-14 3.91802e-17 i
56512.9 1.61606e-14 3.76146e-17 i
56513.9 1.62886e-14 3.62097e-17 i
56514.9 1.63605e-14 3.52461e-17 i
56515.9 1.63827e-14 3.48837e-17 i
56516.9 1.63617e-14 3.51316e-17 i
56517.9 1.63036e-14 3.58741e-17 i
56518.9 1.62141e-14 3.69323e-17 i
56519.9 1.60983e-14 3.81234e-17 i
56520.9 1.59607e-14 3.92966e-17 i
56521.9 1.58053e-14 4.03456e-17 i
56522.9 1.56355e-14 4.12065e-17 i
56523.9 1.54543e-14 4.18494e-17 i
56524.9 1.52643e-14 4.22699e-17 i
56525.9 1.50675e-14 4.24813e-17 i
56526.9 1.48657e-14 4.25079e-17 i
56527.9 1.46604e-14 4.23808e-17 i
56528.9 1.44529e-14 4.21344e-17 i
56529.9 1.42442e-14 4.18036e-17 i
56530.9 1.4035e-14 4.14224e-17 i
56531.9 1.38262e-14 4.10226e-17 i
56532.9 1.36183e-14 4.0633e-17 i
56533.9 1.34117e-14 4.02787e-17 i
56534.9 1.32068e-14 3.99808e-17 i
56535.9 1.30039e-14 3.97563e-17 i
56536.9 1.28032e-14 3.96178e-17 i
56537.9 1.26049e-14 3.9574e-17 i
56538.9 1.24091e-14 3.96295e-17 i
56539.9 1.2216e-14 3.97856e-17 i
56540.9 1.20256e-14 4.00405e-17 i
56541.9 1.1838e-14 4.039e-17 i
56542.9 1.16532e-14 4.08279e-17 i
56543.9 1.14712e-14 4.13468e-17 i
56544.9 1.1292e-14 4.19381e-17 i
56545.9 1.11156e-14 4.25932e-17 i
56546.9 1.09421e-14 4.33031e-17 i
56547.9 1.07714e-14 4.40593e-17 i
56548.9 1.06034e-14 4.48532e-17 i
56549.9 1.04382e-14 4.56774e-17 i
56550.9 1.02757e-14 4.65245e-17 i
56551.9 1.01159e-14 4.73881e-17 i
56552.9 9.9587e-15 4.82624e-17 i
56553.9 9.80412e-15 4.91421e-17 i
56554.9 9.65211e-15 5.00228e-17 i
56555.9 9.50263e-15 5.09003e-17 i
56556.9 9.35563e-15 5.17712e-17 i
56557.9 9.21108e-15 5.26325e-17 i
56558.9 9.06893e-15 5.34816e-17 i
56559.9 8.92915e-15 5.43162e-17 i
56560.9 8.7917e-15 5.51346e-17 i
56561.9 8.65654e-15 5.59352e-17 i
56562.9 8.52362e-15 5.67166e-17 i
56563.9 8.39292e-15 5.74779e-17 i
56564.9 8.26438e-15 5.82181e-17 i
56565.9 8.13798e-15 5.89367e-17 i
56566.9 8.01367e-15 5.96331e-17 i
56567.9 7.89143e-15 6.03069e-17 i
56568.9 7.77121e-15 6.09579e-17 i
56569.9 7.65297e-15 6.15859e-17 i
56570.9 7.53669e-15 6.2191e-17 i
56571.9 7.42233e-15 6.2773e-17 i
56572.9 7.30985e-15 6.33321e-17 i
56573.9 7.19922e-15 6.38686e-17 i
56574.9 7.09041e-15 6.43824e-17 i
56575.9 6.98339e-15 6.4874e-17 i
56576.9 6.87813e-15 6.53435e-17 i
56577.9 6.77458e-15 6.57913e-17 i
56578.9 6.67274e-15 6.62177e-17 i
56579.9 6.57256e-15 6.66231e-17 i
56580.9 6.47401e-15 6.70079e-17 i
56581.9 6.37707e-15 6.73724e-17 i
56582.9 6.2817e-15 6.77171e-17 i
56583.9 6.18789e-15 6.80423e-17 i
56584.9 6.0956e-15 6.83485e-17 i
56585.9 6.00481e-15 6.86362e-17 i
56586.9 5.91549e-15 6.89056e-17 i
56587.9 5.82761e-15 6.91574e-17 i
56588.9 5.74115e-15 6.93918e-17 i
56589.9 5.65609e-15 6.96094e-17 i
56590.9 5.5724e-15 6.98105e-17 i
56591.9 5.49005e-15 6.99957e-17 i
56592.9 5.40903e-15 7.01652e-17 i
56593.9 5.32931e-15 7.03196e-17 i
56594.9 5.25087e-15 7.04592e-17 i
56595.9 5.17368e-15 7.05845e-17 i
56596.9 5.09772e-15 7.06959e-17 i
56597.9 5.02298e-15 7.07937e-17 i
56598.9 4.94943e-15 7.08784e-17 i
56599.9 4.87705e-15 7.09504e-17 i
56600.9 4.80582e-15 7.101e-17 i
56601.9 4.73572e-15 7.10576e-17 i
56602.9 4.66673e-15 7.10935e-17 i
56603.9 4.59884e-15 7.11183e-17 i
56604.9 4.53202e-15 7.11321e-17 i
56605.9 4.46625e-15 7.11354e-17 i
56606.9 4.40152e-15 7.11284e-17 i
56607.9 4.33781e-15 7.11116e-17 i
56608.9 4.27511e-15 7.10852e-17 i
56609.9 4.21338e-15 7.10496e-17 i
56610.9 4.15263e-15 7.10051e-17 i
56611.9 4.09283e-15 7.09519e-17 i
56612.9 4.03396e-15 7.08904e-17 i
56613.9 3.97601e-15 7.08209e-17 i
56614.9 3.91896e-15 7.07437e-17 i
56615.9 3.86281e-15 7.0659e-17 i
56616.9 3.80753e-15 7.05671e-17 i
56617.9 3.7531e-15 7.04683e-17 i
56618.9 3.69952e-15 7.03627e-17 i
56619.9 3.64677e-15 7.02508e-17 i
56620.9 3.59484e-15 7.01327e-17 i
56621.9 3.54371e-15 7.00086e-17 i
56622.9 3.49336e-15 6.98789e-17 i
56623.9 3.4438e-15 6.97436e-17 i
56624.9 3.39499e-15 6.96031e-17 i
56625.9 3.34694e-15 6.94575e-17 i
56626.9 3.29962e-15 6.9307e-17 i
56627.9 3.25303e-15 6.91519e-17 i
56628.9 3.20715e-15 6.89924e-17 i
56629.9 3.16197e-15 6.88286e-17 i
56630.9 3.11748e-15 6.86607e-17 i
56631.9 3.07366e-15 6.84889e-17 i
56632.9 3.03052e-15 6.83133e-17 i
56633.9 2.98803e-15 6.81342e-17 i
56634.9 2.94618e-15 6.79517e-17 i
56635.9 2.90497e-15 6.77659e-17 i
56636.9 2.86438e-15 6.75771e-17 i
56637.9 2.82441e-15 6.73853e-17 i
56638.9 2.78503e-15 6.71906e-17 i
56639.9 2.74626e-15 6.69934e-17 i
56640.9 2.70806e-15 6.67935e-17 i
56641.9 2.67044e-15 6.65913e-17 i
56642.9 2.63338e-15 6.63868e-17 i
56643.9 2.59688e-15 6.61802e-17 i
56644.9 2.56092e-15 6.59714e-17 i
56645.9 2.52551e-15 6.57608e-17 i
56646.9 2.49062e-15 6.55483e-17 i
56647.9 2.45625e-15 6.53341e-17 i
56648.9 2.42239e-15 6.51183e-17 i
56649.9 2.38903e-15 6.49009e-17 i
56650.9 2.35617e-15 6.46822e-17 i
56651.9 2.3238e-15 6.4462e-17 i
56652.9 2.2919e-15 6.42407e-17 i
56653.9 2.26048e-15 6.40181e-17 i
56654.9 2.22952e-15 6.37945e-17 i
56655.9 2.19902e-15 6.35698e-17 i
56656.9 2.16896e-15 6.33442e-17 i
56657.9 2.13935e-15 6.31177e-17 i
56658.9 2.11017e-15 6.28904e-17 i
56659.9 2.08142e-15 6.26623e-17 i
56660.9 2.05309e-15 6.24336e-17 i
56661.9 2.02518e-15 6.22042e-17 i
56662.9 1.99767e-15 6.19743e-17 i
56663.9 1.97057e-15 6.17438e-17 i
56664.9 1.94385e-15 6.15129e-17 i
56665.9 1.91753e-15 6.12816e-17 i
56666.9 1.89159e-15 6.10499e-17 i
56667.9 1.86603e-15 6.08179e-17 i
56668.9 1.84083e-15 6.05856e-17 i
56669.9 1.816e-15 6.03531e-17 i
56670.9 1.79153e-15 6.01204e-17 i
56671.9 1.76741e-15 5.98875e-17 i
56672.9 1.74364e-15 5.96545e-17 i
56673.9 1.72021e-15 5.94214e-17 i
56674.9 1.69712e-15 5.91882e-17 i
56675.9 1.67436e-15 5.8955e-17 i
56676.9 1.65192e-15 5.87217e-17 i
56677.9 1.62981e-15 5.84885e-17 i
56678.9 1.60801e-15 5.82554e-17 i
56679.9 1.58653e-15 5.80223e-17 i
56680.9 1.56535e-15 5.77893e-17 i
56681.9 1.54447e-15 5.75564e-17 i
56682.9 1.52389e-15 5.73236e-17 i
56683.9 1.5036e-15 5.70909e-17 i
56684.9 1.48359e-15 5.68585e-17 i
56685.9 1.46388e-15 5.66262e-17 i
56686.9 1.44444e-15 5.63941e-17 i
56687.9 1.42527e-15 5.61622e-17 i
56688.9 1.40638e-15 5.59306e-17 i
56689.9 1.38775e-15 5.56991e-17 i
56690.9 1.36939e-15 5.54679e-17 i
56691.9 1.35128e-15 5.5237e-17 i
56692.9 1.33343e-15 5.50063e-17 i
56693.9 1.31583e-15 5.47759e-17 i
56694.9 1.29847e-15 5.45458e-17 i
56485.8 7.47996e-15 4.27376e-16 r
56486.8 8.04031e-15 4.32602e-16 r
56487.8 8.63609e-15 4.3607e-16 r
56488.8 9.26822e-15 4.37557e-16 r
56489.8 9.93736e-15 4.36842e-16 r
56490.8 1.06439e-14 4.33712e-16 r
56491.8 1.13877e-14 4.27976e-16 r
56492.8 1.21685e-14 4.19469e-16 r
56493.8 1.2985e-14 4.08065e-16 r
56494.8 1.38358e-14 3.93698e-16 r
56495.8 1.47184e-14 3.76369e-16 r
56496.8 1.563e-14 3.56169e-16 r
56497.8 1.65665e-14 3.33296e-16 r
56498.8 1.75232e-14 3.08079e-16 r
56499.8 1.84947e-14 2.81004e-16 r
56500.8 1.94745e-14 2.52749e-16 r
56501.8 2.04555e-14 2.24228e-16 r
56502.8 2.14296e-14 1.96655e-16 r
56503.8 2.23883e-14 1.71608e-16 r
56504.8 2.33228e-14 1.51036e-16 r
56505.8 2.42238e-14 1.36982e-16 r
56506.8 2.50821e-14 1.30793e-16 r
56507.8 2.58889e-14 1.32149e-16 r
56508.8 2.66356e-14 1.39011e-16 r
56509.8 2.73145e-14 1.48687e-16 r
56510.8 2.7919e-14 1.58839e-16 r
56511.8 2.84435e-14 1.67833e-16 r
56512.8 2.88836e-14 1.74679e-16 r
56513.8 2.92367e-14 1.78889e-16 r
56514.8 2.95012e-14 1.80349e-16 r
56515.8 2.96772e-14 1.79222e-16 r
56516.8 2.97662e-14 1.75884e-16 r
56517.8 2.97707e-14 1.70862e-16 r
56518.8 2.96944e-14 1.64785e-16 r
56519.8 2.95419e-14 1.58331e-16 r
56520.8 2.93184e-14 1.52172e-16 r
56521.8 2.90299e-14 1.46908e-16 r
56522.8 2.86825e-14 1.43e-16 r
56523.8 2.82824e-14 1.4071e-16 r
56524.8 2.78359e-14 1.40078e-16 r
56525.8 2.73494e-14 1.40939e-16 r
56526.8 2.68287e-14 1.42982e-16 r
56527.8 2.62795e-14 1.45828e-16 r
56528.8 2.57073e-14 1.49098e-16 r
56529.8 2.51168e-14 1.52453e-16 r
56530.8 2.45127e-14 1.55621e-16 r
56531.8 2.38989e-14 1.58398e-16 r
56532.8 2.32792e-14 1.60645e-16 r
56533.8 2.26568e-14 1.62275e-16 r
56534.8 2.20346e-14 1.63248e-16 r
56535.8 2.14151e-14 1.63553e-16 r
56536.8 2.08004e-14 1.63207e-16 r
56537.8 2.01924e-14 1.62245e-16 r
56538.8 1.95926e-14 1.60711e-16 r
56539.8 1.90023e-14 1.58657e-16 r
56540.8 1.84226e-14 1.56142e-16 r
56541.8 1.78544e-14 1.53222e-16 r
56542.8 1.72984e-14 1.49955e-16 r
56543.8 1.67551e-14 1.46394e-16 r
56544.8 1.62248e-14 1.42592e-16 r
56545.8 1.5708e-14 1.38597e-16 r
56546.8 1.52047e-14 1.34453e-16 r
56547.8 1.4715e-14 1.30201e-16 r
56548.8 1.4239e-14 1.25875e-16 r
56549.8 1.37766e-14 1.21508e-16 r
56550.8 1.33276e-14 1.17129e-16 r
56551.8 1.2892e-14 1.12761e-16 r
56552.8 1.24696e-14 1.08427e-16 r
56553.8 1.206e-14 1.04144e-16 r
56554.8 1.16632e-14 9.99286e-17 r
56555.8 1.12788e-14 9.5793e-17 r
56556.8 1.09065e-14 9.17483e-17 r
56557.8 1.05461e-14 8.78032e-17 r
56558.8 1.01973e-14 8.39646e-17 r
56559.8 9.85973e-15 8.02381e-17 r
56560.8 9.53313e-15 7.66276e-17 r
56561.8 9.21719e-15 7.3136e-17 r
56562.8 8.9116e-15 6.97652e-17 r
56563.8 8.61605e-15 6.65159e-17 r
56564.8 8.33026e-15 6.33884e-17 r
56565.8 8.05392e-15 6.0382e-17 r
56566.8 7.78674e-15 5.74959e-17 r
56567.8 7.52845e-15 5.47283e-17 r
56568.8 7.27875e-15 5.20775e-17 r
56569.8 7.03737e-15 4.95411e-17 r
56570.8 6.80405e-15 4.71168e-17 r
56571.8 6.57852e-15 4.48018e-17 r
56572.8 6.36053e-15 4.25934e-17 r
56573.8 6.14984e-15 4.04885e-17 r
56574.8 5.94621e-15 3.84842e-17 r
56575.8 5.74939e-15 3.65775e-17 r
56576.8 5.55917e-15 3.47652e-17 r
56577.8 5.37533e-15 3.30443e-17 r
56578.8 5.19764e-15 3.14116e-17 r
56579.8 5.02591e-15 2.98642e-17 r
56580.8 4.85994e-15 2.8399e-17 r
56581.8 4.69953e-15 2.70131e-17 r
56582.8 4.5445e-15 2.57035e-17 r
56583.8 4.39466e-15 2.44674e-17 r
56584.8 4.24983e-15 2.33019e-17 r
56585.8 4.10986e-15 2.22044e-17 r
56586.8 3.97457e-15 2.11721e-17 r
56587.8 3.84381e-15 2.02023e-17 r
56588.8 3.71742e-15 1.92926e-17 r
56589.8 3.59526e-15 1.84402e-17 r
56590.8 3.47718e-15 1.76428e-17 r
56591.8 3.36305e-15 1.68979e-17 r
56592.8 3.25272e-15 1.62031e-17 r
56593.8 3.14608e-15 1.55559e-17 r
56594.8 3.04299e-15 1.4954e-17 r
56595.8 2.94334e-15 1.4395e-17 r
56596.8 2.84701e-15 1.38767e-17 r
56597.8 2.75389e-15 1.33967e-17 r
56598.8 2.66386e-15 1.29529e-17 r
56599.8 2.57683e-15 1.25429e-17 r
56600.8 2.4927e-15 1.21646e-17 r
56601.8 2.41136e-15 1.18159e-17 r
56602.8 2.33272e-15 1.14947e-17 r
56603.8 2.25668e-15 1.11989e-17 r
56604.8 2.18317e-15 1.09266e-17 r
56605.8 2.1121e-15 1.06759e-17 r
56606.8 2.04338e-15 1.0445e-17 r
56607.8 1.97694e-15 1.0232e-17 r
56608.8 1.91269e-15 1.00355e-17 r
56609.8 1.85057e-15 9.85379e-18 r
56610.8 1.7905e-15 9.68544e-18 r
56611.8 1.73242e-15 9.5291e-18 r
56612.8 1.67625e-15 9.3835e-18 r
56613.8 1.62193e-15 9.24747e-18 r
56614.8 1.56941e-15 9.11994e-18 r
56615.8 1.51861e-15 8.9999e-18 r
56616.8 1.46949e-15 8.88647e-18 r
56617.8 1.42199e-15 8.77883e-18 r
56618.8 1.37604e-15 8.67624e-18 r
56619.8 1.33161e-15 8.57803e-18 r
56620.8 1.28863e-15 8.48361e-18 r
56621.8 1.24707e-15 8.39245e-18 r
56622.8 1.20687e-15 8.30407e-18 r
56623.8 1.16798e-15 8.21805e-18 r
56624.8 1.13037e-15 8.13403e-18 r
56625.8 1.09399e-15 8.05168e-18 r
56626.8 1.05881e-15 7.97071e-18 r
56627.8 1.02477e-15 7.89088e-18 r
56628.8 9.91845e-16 7.81197e-18 r
56629.8 9.59995e-16 7.7338e-18 r
56630.8 9.29185e-16 7.65621e-18 r
56631.8 8.9938e-16 7.57907e-18 r
56632.8 8.70547e-16 7.50227e-18 r
56633.8 8.42654e-16 7.42571e-18 r
56634.8 8.15668e-16 7.34931e-18 r
56635.8 7.89561e-16 7.27302e-18 r
56636.8 7.64303e-16 7.19678e-18 r
56637.8 7.39866e-16 7.12056e-18 r
56638.8 7.16223e-16 7.04432e-18 r
56639.8 6.93347e-16 6.96806e-18 r
56640.8 6.71214e-16 6.89175e-18 r
56641.8 6.49798e-16 6.8154e-18 r
56642.8 6.29076e-16 6.739e-18 r
56643.8 6.09026e-16 6.66255e-18 r
56644.8 5.89624e-16 6.58608e-18 r
56645.8 5.7085e-16 6.50959e-18 r
56646.8 5.52684e-16 6.43309e-18 r
56647.8 5.35104e-16 6.35661e-18 r
56648.8 5.18092e-16 6.28016e-18 r
56649.8 5.01629e-16 6.20377e-18 r
56485.9 1.08386e-13 1.81726e-15 u
56486.9 1.03884e-13 1.68345e-15 u
56487.9 9.95342e-14 1.55742e-15 u
56488.9 9.53334e-14 1.43888e-15 u
56489.9 9.12769e-14 1.32752e-15 u
56490.9 8.73608e-14 1.22307e-15 u
56491.9 8.35808e-14 1.12526e-15 u
56492.9 7.99332e-14 1.03385e-15 u
56493.9 7.6414e-14 9.48596e-16 u
56494.9 7.30194e-14 8.69281e-16 u
56495.9 6.9746e-14 7.95698e-16 u
56496.9 6.659e-14 7.27658e-16 u
56497.9 6.35481e-14 6.64986e-16 u
56498.9 6.06169e-14 6.07519e-16 u
56499.9 5.7793e-14 5.5511e-16 u
56500.9 5.50734e-14 5.07621e-16 u
56501.9 5.24548e-14 4.64918e-16 u
56502.9 4.99343e-14 4.26871e-16 u
56503.9 4.75089e-14 3.93338e-16 u
56504.9 4.51758e-14 3.6416e-16 u
56505.9 4.29321e-14 3.39146e-16 u
56506.9 4.07751e-14 3.18063e-16 u
56507.9 3.87021e-14 3.00627e-16 u
56508.9 3.67107e-14 2.86503e-16 u
56509.9 3.47982e-14 2.75308e-16 u
56510.9 3.29623e-14 2.66628e-16 u
56511.9 3.12005e-14 2.60035e-16 u
56512.9 2.95105e-14 2.55111e-16 u
56513.9 2.78901e-14 2.51462e-16 u
56514.9 2.63371e-14 2.48736e-16 u
56515.9 2.48494e-14 2.46627e-16 u
56516.9 2.34248e-14 2.44879e-16 u
56517.9 2.20614e-14 2.43282e-16 u
56518.9 2.07572e-14 2.41672e-16 u
56519.9 1.95103e-14 2.39921e-16 u
56520.9 1.83189e-14 2.37935e-16 u
56521.9 1.71811e-14 2.35645e-16 u
56522.9 1.60951e-14 2.33006e-16 u
56523.9 1.50593e-14 2.29988e-16 u
56524.9 1.40721e-14 2.26578e-16 u
56525.9 1.31317e-14 2.22773e-16 u
56526.9 1.22366e-14 2.18579e-16 u
56527.9 1.13854e-14 2.14007e-16 u
56528.9 1.05765e-14 2.09076e-16 u
56529.9 9.80846e-15 2.03807e-16 u
56530.9 9.07991e-15 1.98225e-16 u
56531.9 8.38949e-15 1.92355e-16 u
56532.9 7.73588e-15 1.86225e-16 u
56533.9 7.11779e-15 1.79864e-16 u
56534.9 6.53398e-15 1.73299e-16 u
56535.9 5.98323e-15 1.66561e-16 u
56536.9 5.46438e-15 1.59678e-16 u
56537.9 4.97628e-15 1.52677e-16 u
56538.9 4.51782e-15 1.45585e-16 u
56539.9 4.08793e-15 1.38431e-16 u
56540.9 3.68555e-15 1.31239e-16 u
56541.9 3.30968e-15 1.24035e-16 u
56542.9 2.95932e-15 1.16843e-16 u
56543.9 2.63351e-15 1.09687e-16 u
56544.9 2.33133e-15 1.02587e-16 u
56545.9 2.05187e-15 9.55676e-17 u
56546.9 1.79425e-15 8.86477e-17 u
56547.9 1.55762e-15 8.18475e-17 u
56548.9 1.34114e-15 7.51864e-17 u
56549.9 1.144e-15 6.8683e-17 u
56550.9 9.65428e-16 6.23554e-17 u
56551.9 8.04646e-16 5.62216e-17 u
56552.9 6.60913e-16 5.02995e-17 u
56553.9 5.335e-16 4.46078e-17 u
56554.9 4.21701e-16 3.91662e-17 u
56555.9 3.24823e-16 3.39968e-17 u
56556.9 2.42191e-16 2.91262e-17 u
56557.9 1.73143e-16 2.45884e-17 u
56558.9 1.17034e-16 2.04315e-17 u
56559.9 7.32281e-17 1.67279e-17 u
56560.9 4.11042e-17 1.35927e-17 u
56561.9 2.00501e-17 1.12028e-17 u
56562.9 9.4633e-18 9.77537e-18 u
56563.9 8.74974e-18 9.42274e-18 u
56564.9 1.73225e-17 9.97359e-18 u
56565.9 3.46005e-17 1.10624e-17 u
56566.9 6.00079e-17 1.23616e-17 u
56567.9 9.29724e-17 1.36635e-17 u
56568.9 1.32925e-16 1.48522e-17 u
56569.9 1.79297e-16 1.58673e-17 u
56570.9 2.31523e-16 1.66807e-17 u
56571.9 2.89035e-16 1.72847e-17 u
56572.9 3.51267e-16 1.76872e-17 u
56573.9 4.17651e-16 1.79094e-17 u
56574.9 4.87617e-16 1.79858e-17 u
56575.9 5.60593e-16 1.7965e-17 u
56576.9 6.36009e-16 1.79102e-17 u
56577.9 7.1329e-16 1.78992e-17 u
56578.9 7.91864e-16 1.80197e-17 u
56579.9 8.71158e-16 1.83617e-17 u
56580.9 9.50603e-16 1.90037e-17 u
56581.9 1.02963e-15 1.99994e-17 u
56582.9 1.10769e-15 2.13686e-17 u
56583.9 1.18423e-15 2.3097e-17 u
56584.9 1.25871e-15 2.5144e-17 u
56585.9 1.33062e-15 2.74523e-17 u
56586.9 1.39945e-15 2.99571e-17 u
56587.9 1.46473e-15 3.25917e-17 u
56588.9 1.52601e-15 3.52912e-17 u
56589.9 1.58288e-15 3.79938e-17 u
56590.9 1.63497e-15 4.06425e-17 u
56591.9 1.68193e-15 4.31847e-17 u
56592.9 1.72349e-15 4.55737e-17 u
56593.9 1.7594e-15 4.77686e-17 u
56594.9 1.78948e-15 4.97352e-17 u
56595.9 1.81359e-15 5.14463e-17 u
56596.9 1.83166e-15 5.28826e-17 u
56597.9 1.84368e-15 5.40326e-17 u
56598.9 1.84969e-15 5.48934e-17 u
56599.9 1.84978e-15 5.54702e-17 u
56600.9 1.8441e-15 5.57761e-17 u
56601.9 1.83286e-15 5.58321e-17 u
56602.9 1.81629e-15 5.56657e-17 u
56603.9 1.79469e-15 5.53099e-17 u
56604.9 1.76839e-15 5.48021e-17 u
56605.9 1.73773e-15 5.41821e-17 u
56606.9 1.7031e-15 5.34905e-17 u
56607.9 1.66489e-15 5.27664e-17 u
56608.9 1.6235e-15 5.20459e-17 u
56609.9 1.57936e-15 5.13596e-17 u
56610.9 1.53286e-15 5.07317e-17 u
56611.9 1.48441e-15 5.01788e-17 u
56612.9 1.43441e-15 4.97093e-17 u
56613.9 1.38323e-15 4.93238e-17 u
56614.9 1.33124e-15 4.90159e-17 u
56615.9 1.27875e-15 4.87735e-17 u
56616.9 1.2261e-15 4.85803e-17 u
56617.9 1.17356e-15 4.84178e-17 u
56618.9 1.12139e-15 4.82665e-17 u
56619.9 1.06983e-15 4.81072e-17 u
56620.9 1.01908e-15 4.79224e-17 u
56621.9 9.69334e-16 4.76968e-17 u
56622.9 9.20733e-16 4.74177e-17 u
56623.9 8.73413e-16 4.70752e-17 u
56624.9 8.27482e-16 4.66623e-17 u
56625.9 7.83026e-16 4.61745e-17 u
56626.9 7.40113e-16 4.56099e-17 u
56627.9 6.98793e-16 4.49686e-17 u
56628.9 6.59098e-16 4.42526e-17 u
56629.9 6.21047e-16 4.34652e-17 u
56630.9 5.84646e-16 4.26111e-17 u
56631.9 5.4989e-16 4.16957e-17 u
56632.9 5.16763e-16 4.07251e-17 u
56633.9 4.8524e-16 3.97058e-17 u
56634.9 4.55292e-16 3.86446e-17 u
56635.9 4.2688e-16 3.75482e-17 u
56636.9 3.99964e-16 3.64233e-17 u
56637.9 3.74497e-16 3.52765e-17 u
56638.9 3.50431e-16 3.41138e-17 u
56639.9 3.27715e-16 3.29414e-17 u
56640.9 3.06295e-16 3.17646e-17 u
56641.9 2.86119e-16 3.05886e-17 u
56642.9 2.67132e-16 2.9418e-17 u
56643.9 2.49281e-16 2.82572e-17 u
56644.9 2.32511e-16 2.71099e-17 u
