54510 4.25515e-17 3.2606e-17 BessellB
54511 5.35207e-17 3.80143e-17 BessellB
54512 6.73965e-17 4.41777e-17 BessellB
54513 8.49586e-17 5.11297e-17 BessellB
54514 1.0719e-16 5.88641e-17 BessellB
54515 1.35324e-16 6.73096e-17 BessellB
54516 1.70888e-16 7.62936e-17 BessellB
54517 2.15753e-16 8.5494e-17 BessellB
54518 2.72153e-16 9.43792e-17 BessellB
54519 3.42659e-16 1.02144e-16 BessellB
54520 4.30063e-16 1.07663e-16 BessellB
54521 5.37075e-16 1.09517e-16 BessellB
54522 6.65759e-16 1.06181e-16 BessellB
54523 8.16596e-16 9.6518e-17 BessellB
54524 9.87226e-16 8.06965e-17 BessellB
54525 1.17116e-15 6.15286e-17 BessellB
54526 1.35716e-15 4.57398e-17 BessellB
54527 1.53028e-15 4.10976e-17 BessellB
54528 1.67465e-15 4.48555e-17 BessellB
54529 1.77735e-15 4.8698e-17 BessellB
54530 1.83131e-15 5.06873e-17 BessellB
54531 1.83626e-15 5.27648e-17 BessellB
54532 1.79754e-15 5.60734e-17 BessellB
54533 1.72389e-15 5.97067e-17 BessellB
54534 1.62513e-15 6.22657e-17 BessellB
54535 1.5105e-15 6.31017e-17 BessellB
54536 1.38775e-15 6.2383e-17 BessellB
54537 1.26286e-15 6.07065e-17 BessellB
54538 1.14013e-15 5.87335e-17 BessellB
54539 1.02242e-15 5.69775e-17 BessellB
54540 9.11552e-16 5.5739e-17 BessellB
54541 8.08525e-16 5.51493e-17 BessellB
54542 7.13802e-16 5.52683e-17 BessellB
54543 6.27479e-16 5.61821e-17 BessellB
54544 5.49416e-16 5.80602e-17 BessellB
54545 4.7933e-16 6.11596e-17 BessellB
54546 4.16855e-16 6.57818e-17 BessellB
54547 3.61586e-16 7.22075e-17 BessellB
54548 3.13104e-16 8.06426e-17 BessellB
54549 2.70991e-16 9.11984e-17 BessellB
54550 2.34841e-16 1.03904e-16 BessellB
54551 2.04266e-16 1.18736e-16 BessellB
54552 1.789e-16 1.3564e-16 BessellB
54553 1.58395e-16 1.54554e-16 BessellB
54554 1.42428e-16 1.75413e-16 BessellB
54555 1.30695e-16 1.98155e-16 BessellB
54556 1.22912e-16 2.22722e-16 BessellB
54557 1.18816e-16 2.49062e-16 BessellB
54558 1.18158e-16 2.77123e-16 BessellB
54559 1.20708e-16 3.06856e-16 BessellB
54560 1.26251e-16 3.38212e-16 BessellB
54561 1.34583e-16 3.71146e-16 BessellB
54562 1.45518e-16 4.05609e-16 BessellB
54563 1.58878e-16 4.41555e-16 BessellB
54564 1.74498e-16 4.78937e-16 BessellB
54510 1.22547e-16 5.20319e-17 BessellU
54511 1.40927e-16 5.63131e-17 BessellU
54512 1.61864e-16 6.05926e-17 BessellU
54513 1.85652e-16 6.47607e-17 BessellU
54514 2.12603e-16 6.86771e-17 BessellU
54515 2.4303e-16 7.21665e-17 BessellU
54516 2.77244e-16 7.50163e-17 BessellU
54517 3.15527e-16 7.69756e-17 BessellU
54518 3.58109e-16 7.77604e-17 BessellU
54519 4.05128e-16 7.70653e-17 BessellU
54520 4.56574e-16 7.45889e-17 BessellU
54521 5.12224e-16 7.00759e-17 BessellU
54522 5.71553e-16 6.33838e-17 BessellU
54523 6.3363e-16 5.45726e-17 BessellU
54524 6.97019e-16 4.40151e-17 BessellU
54525 7.59693e-16 3.25161e-17 BessellU
54526 8.1901e-16 2.1483e-17 BessellU
54527 8.71785e-16 1.34367e-17 BessellU
54528 9.14494e-16 1.18882e-17 BessellU
54529 9.43604e-16 1.48477e-17 BessellU
54530 9.55985e-16 1.81624e-17 BessellU
54531 9.49336e-16 2.16334e-17 BessellU
54532 9.22526e-16 2.63396e-17 BessellU
54533 8.75794e-16 3.23639e-17 BessellU
54534 8.10775e-16 3.85786e-17 BessellU
54535 7.30367e-16 4.36477e-17 BessellU
54536 6.38486e-16 4.6829e-17 BessellU
54537 5.39749e-16 4.83259e-17 BessellU
54538 4.39144e-16 4.92269e-17 BessellU
54539 3.41714e-16 5.08613e-17 BessellU
54540 2.5229e-16 5.36768e-17 BessellU
54541 1.75273e-16 5.66532e-17 BessellU
54542 1.14486e-16 5.81218e-17 BessellU
54543 7.30781e-17 5.784e-17 BessellU
54544 5.34942e-17 6.06611e-17 BessellU
54545 5.74787e-17 7.859e-17 BessellU
54546 8.61232e-17 1.20586e-16 BessellU
54547 1.39934e-16 1.87135e-16 BessellU
54548 2.18918e-16 2.77242e-16 BessellU
54549 3.22672e-16 3.9057e-16 BessellU
54550 4.5047e-16 5.26971e-16 BessellU
54551 6.01356e-16 6.86147e-16 BessellU
54552 7.7421e-16 8.67545e-16 BessellU
54553 9.67818e-16 1.07037e-15 BessellU
54554 1.18092e-15 1.29361e-15 BessellU
54555 1.41225e-15 1.53616e-15 BessellU
54556 1.66057e-15 1.79681e-15 BessellU
54557 1.92468e-15 2.07434e-15 BessellU
54558 2.20345e-15 2.36755e-15 BessellU
54559 2.4958e-15 2.67531e-15 BessellU
54560 2.80071e-15 2.99653e-15 BessellU
54510 2.74544e-17 1.02351e-17 BessellV
54511 3.56923e-17 1.22265e-17 BessellV
54512 4.64011e-17 1.45176e-17 BessellV
54513 6.03105e-17 1.71136e-17 BessellV
54514 7.83524e-17 1.99969e-17 BessellV
54515 1.01707e-16 2.31147e-17 BessellV
54516 1.31844e-16 2.63619e-17 BessellV
54517 1.70564e-16 2.95613e-17 BessellV
54518 2.19995e-16 3.24439e-17 BessellV
54519 2.8254e-16 3.46367e-17 BessellV
54520 3.60701e-16 3.56735e-17 BessellV
54521 4.56728e-16 3.5053e-17 BessellV
54522 5.72018e-16 3.23748e-17 BessellV
54523 7.0627e-16 2.75711e-17 BessellV
54524 8.56526e-16 2.12196e-17 BessellV
54525 1.01646e-15 1.48801e-17 BessellV
54526 1.17643e-15 1.10867e-17 BessellV
54527 1.32477e-15 1.07583e-17 BessellV
54528 1.45011e-15 1.11523e-17 BessellV
54529 1.54393e-15 1.0844e-17 BessellV
54530 1.60223e-15 1.09935e-17 BessellV
54531 1.62571e-15 1.27713e-17 BessellV
54532 1.61863e-15 1.54245e-17 BessellV
54533 1.58718e-15 1.77051e-17 BessellV
54534 1.53794e-15 1.90004e-17 BessellV
54535 1.47692e-15 1.92285e-17 BessellV
54536 1.40902e-15 1.85621e-17 BessellV
54537 1.338e-15 1.72491e-17 BessellV
54538 1.26656e-15 1.55277e-17 BessellV
54539 1.19656e-15 1.36031e-17 BessellV
54540 1.12919e-15 1.16601e-17 BessellV
54541 1.0652e-15 9.89083e-18 BessellV
54542 1.00499e-15 8.52326e-18 BessellV
54543 9.48738e-16 7.79997e-18 BessellV
54544 8.96491e-16 7.84543e-18 BessellV
54545 8.48183e-16 8.5341e-18 BessellV
54546 8.03697e-16 9.58385e-18 BessellV
54547 7.62878e-16 1.07315e-17 BessellV
54548 7.25554e-16 1.17918e-17 BessellV
54549 6.91543e-16 1.26436e-17 BessellV
54550 6.60662e-16 1.32088e-17 BessellV
54551 6.32734e-16 1.34399e-17 BessellV
54552 6.07583e-16 1.33178e-17 BessellV
54553 5.85044e-16 1.28565e-17 BessellV
54554 5.64958e-16 1.21205e-17 BessellV
54555 5.47175e-16 1.12605e-17 BessellV
54556 5.31551e-16 1.05741e-17 BessellV
54557 5.17954e-16 1.05418e-17 BessellV
54558 5.06257e-16 1.16758e-17 BessellV
54559 4.96341e-16 1.41896e-17 BessellV
54560 4.88094e-16 1.79571e-17 BessellV
54561 4.81411e-16 2.27629e-17 BessellV
54562 4.76193e-16 2.84432e-17 BessellV
54563 4.72345e-16 3.48939e-17 BessellV
54564 4.69782e-16 4.20494e-17 BessellV
54565 4.6842e-16 4.98656e-17 BessellV
54566 4.68181e-16 5.83107e-17 BessellV
54567 4.68993e-16 6.7359e-17 BessellV
54568 4.70786e-16 7.69888e-17 BessellV
54569 4.73495e-16 8.71801e-17 BessellV
54570 4.77059e-16 9.79143e-17 BessellV
54571 4.8142e-16 1.09173e-16 BessellV
54572 4.86524e-16 1.2094e-16 BessellV
54573 4.92319e-16 1.33196e-16 BessellV
54574 4.98756e-16 1.45925e-16 BessellV
54575 5.05791e-16 1.59108e-16 BessellV
54576 5.13378e-16 1.7273e-16 BessellV
54577 5.21478e-16 1.86772e-16 BessellV
54511.5 6.24578e-17 6.75349e-17 SDSS_i
54512.5 7.13754e-17 7.35652e-17 SDSS_i
54513.5 8.17609e-17 8.00226e-17 SDSS_i
54514.5 9.39007e-17 8.68923e-17 SDSS_i
54515.5 1.08147e-16 9.41351e-17 SDSS_i
54516.5 1.24936e-16 1.01674e-16 SDSS_i
54517.5 1.44805e-16 1.09376e-16 SDSS_i
54518.5 1.68425e-16 1.17018e-16 SDSS_i
54519.5 1.96633e-16 1.24244e-16 SDSS_i
54520.5 2.30468e-16 1.3049e-16 SDSS_i
54521.5 2.71229e-16 1.34855e-16 SDSS_i
54522.5 3.20529e-16 1.35886e-16 SDSS_i
54523.5 3.80372e-16 1.31137e-16 SDSS_i
54524.5 4.53271e-16 1.16134e-16 SDSS_i
54525.5 5.42461e-16 8.12233e-17 SDSS_i
54526.5 6.5139e-16 9.66847e-18 SDSS_i
54527.5 7.69272e-16 1.08401e-16 SDSS_i
54528.5 8.71163e-16 1.69669e-16 SDSS_i
54529.5 9.49537e-16 1.9627e-16 SDSS_i
54530.5 1.00401e-15 2.00031e-16 SDSS_i
54531.5 1.03678e-15 1.89395e-16 SDSS_i
54532.5 1.05111e-15 1.7058e-16 SDSS_i
54533.5 1.05048e-15 1.47955e-16 SDSS_i
54534.5 1.03823e-15 1.24424e-16 SDSS_i
54535.5 1.01726e-15 1.01808e-16 SDSS_i
54536.5 9.90085e-16 8.11482e-17 SDSS_i
54537.5 9.58738e-16 6.29476e-17 SDSS_i
54538.5 9.24873e-16 4.7349e-17 SDSS_i
54539.5 8.89786e-16 3.42755e-17 SDSS_i
54540.5 8.54474e-16 2.3538e-17 SDSS_i
54541.5 8.19682e-16 1.49321e-17 SDSS_i
54542.5 7.85947e-16 8.4063e-18 SDSS_i
54543.5 7.53636e-16 4.72971e-18 SDSS_i
54544.5 7.22985e-16 5.44726e-18 SDSS_i
54545.5 6.94124e-16 7.89494e-18 SDSS_i
54546.5 6.67103e-16 1.0108e-17 SDSS_i
54547.5 6.41913e-16 1.17849e-17 SDSS_i
54548.5 6.18503e-16 1.29304e-17 SDSS_i
54549.5 5.96791e-16 1.36035e-17 SDSS_i
54550.5 5.76676e-16 1.38715e-17 SDSS_i
54551.5 5.58047e-16 1.38001e-17 SDSS_i
54552.5 5.40788e-16 1.34508e-17 SDSS_i
54553.5 5.24783e-16 1.28803e-17 SDSS_i
54554.5 5.09916e-16 1.21412e-17 SDSS_i
54555.5 4.96079e-16 1.12817e-17 SDSS_i
54556.5 4.83168e-16 1.03464e-17 SDSS_i
54557.5 4.71087e-16 9.37636e-18 SDSS_i
54558.5 4.59747e-16 8.40985e-18 SDSS_i
54559.5 4.49068e-16 7.48293e-18 SDSS_i
54560.5 4.38974e-16 6.62981e-18 SDSS_i
54561.5 4.29399e-16 5.8826e-18 SDSS_i
54562.5 4.20283e-16 5.26953e-18 SDSS_i
54563.5 4.11572e-16 4.81058e-18 SDSS_i
54564.5 4.03217e-16 4.51122e-18 SDSS_i
54565.5 3.95177e-16 4.35779e-18 SDSS_i
54566.5 3.87414e-16 4.31943e-18 SDSS_i
54567.5 3.79894e-16 4.35682e-18 SDSS_i
54568.5 3.72589e-16 4.43203e-18 SDSS_i
54569.5 3.65474e-16 4.51476e-18 SDSS_i
54570.5 3.58526e-16 4.5841e-18 SDSS_i
54571.5 3.51727e-16 4.62795e-18 SDSS_i
54572.5 3.4506e-16 4.64172e-18 SDSS_i
54573.5 3.38512e-16 4.62713e-18 SDSS_i
54574.5 3.32071e-16 4.59143e-18 SDSS_i
54575.5 3.25728e-16 4.54683e-18 SDSS_i
54576.5 3.19473e-16 4.50999e-18 SDSS_i
54577.5 3.13301e-16 4.50114e-18 SDSS_i
54578.5 3.07206e-16 4.5423e-18 SDSS_i
54579.5 3.01184e-16 4.65448e-18 SDSS_i
54580.5 2.95231e-16 4.85427e-18 SDSS_i
54581.5 2.89344e-16 5.15124e-18 SDSS_i
54582.5 2.83523e-16 5.54704e-18 SDSS_i
54583.5 2.77766e-16 6.03678e-18 SDSS_i
54584.5 2.72072e-16 6.6113e-18 SDSS_i
54585.5 2.66441e-16 7.25959e-18 SDSS_i
54586.5 2.60874e-16 7.97037e-18 SDSS_i
54587.5 2.55369e-16 8.73302e-18 SDSS_i
54588.5 2.49929e-16 9.53797e-18 SDSS_i
54589.5 2.44553e-16 1.03767e-17 SDSS_i
54590.5 2.39243e-16 1.12419e-17 SDSS_i
54591.5 2.34e-16 1.2127e-17 SDSS_i
54592.5 2.28824e-16 1.30262e-17 SDSS_i
54593.5 2.23718e-16 1.39346e-17 SDSS_i
54594.5 2.18681e-16 1.48478e-17 SDSS_i
54595.5 2.13715e-16 1.57617e-17 SDSS_i
54596.5 2.08821e-16 1.66729e-17 SDSS_i
54597.5 2.04001e-16 1.75783e-17 SDSS_i
54598.5 1.99254e-16 1.84751e-17 SDSS_i
54599.5 1.94582e-16 1.9361e-17 SDSS_i
54600.5 1.89985e-16 2.02337e-17 SDSS_i
54601.5 1.85465e-16 2.10914e-17 SDSS_i
54602.5 1.81022e-16 2.19325e-17 SDSS_i
54603.5 1.76655e-16 2.27554e-17 SDSS_i
54604.5 1.72367e-16 2.35589e-17 SDSS_i
54511.5 8.96234e-17 1.10599e-16 SDSS_r
54512.5 1.03982e-16 1.21661e-16 SDSS_r
54513.5 1.20956e-16 1.33775e-16 SDSS_r
54514.5 1.41097e-16 1.46986e-16 SDSS_r
54515.5 1.65085e-16 1.61305e-16 SDSS_r
54516.5 1.93776e-16 1.76689e-16 SDSS_r
54517.5 2.28242e-16 1.93001e-16 SDSS_r
54518.5 2.69837e-16 2.09949e-16 SDSS_r
54519.5 3.20288e-16 2.26995e-16 SDSS_r
54520.5 3.81806e-16 2.43174e-16 SDSS_r
54521.5 4.57254e-16 2.56807e-16 SDSS_r
54522.5 5.50378e-16 2.64928e-16 SDSS_r
54523.5 6.66167e-16 2.62129e-16 SDSS_r
54524.5 8.11419e-16 2.37927e-16 SDSS_r
54525.5 9.95557e-16 1.69859e-16 SDSS_r
54526.5 1.23001e-15 7.53728e-18 SDSS_r
54527.5 1.49432e-15 2.57846e-16 SDSS_r
54528.5 1.71458e-15 3.99666e-16 SDSS_r
54529.5 1.86281e-15 4.3902e-16 SDSS_r
54530.5 1.94259e-15 4.19442e-16 SDSS_r
54531.5 1.96622e-15 3.71699e-16 SDSS_r
54532.5 1.94702e-15 3.13795e-16 SDSS_r
54533.5 1.897e-15 2.55649e-16 SDSS_r
54534.5 1.82618e-15 2.02343e-16 SDSS_r
54535.5 1.74252e-15 1.5611e-16 SDSS_r
54536.5 1.65211e-15 1.17536e-16 SDSS_r
54537.5 1.55944e-15 8.62986e-17 SDSS_r
54538.5 1.4677e-15 6.16242e-17 SDSS_r
54539.5 1.37907e-15 4.25754e-17 SDSS_r
54540.5 1.29495e-15 2.82256e-17 SDSS_r
54541.5 1.21618e-15 1.77833e-17 SDSS_r
54542.5 1.14316e-15 1.07403e-17 SDSS_r
54543.5 1.07601e-15 7.07944e-18 SDSS_r
54544.5 1.01465e-15 6.61878e-18 SDSS_r
54545.5 9.58844e-16 7.61515e-18 SDSS_r
54546.5 9.08288e-16 8.66203e-18 SDSS_r
54547.5 8.6262e-16 9.38003e-18 SDSS_r
54548.5 8.21456e-16 9.74857e-18 SDSS_r
54549.5 7.84407e-16 9.82731e-18 SDSS_r
54550.5 7.51091e-16 9.68427e-18 SDSS_r
54551.5 7.21141e-16 9.37884e-18 SDSS_r
54552.5 6.94208e-16 8.95954e-18 SDSS_r
54553.5 6.69969e-16 8.46556e-18 SDSS_r
54554.5 6.48123e-16 7.92898e-18 SDSS_r
54555.5 6.28395e-16 7.3768e-18 SDSS_r
54556.5 6.10531e-16 6.8324e-18 SDSS_r
54557.5 5.94305e-16 6.31648e-18 SDSS_r
54558.5 5.79509e-16 5.84738e-18 SDSS_r
54559.5 5.65958e-16 5.44074e-18 SDSS_r
54560.5 5.53485e-16 5.10854e-18 SDSS_r
54561.5 5.41941e-16 4.85766e-18 SDSS_r
54562.5 5.31195e-16 4.68863e-18 SDSS_r
54563.5 5.21129e-16 4.59522e-18 SDSS_r
54564.5 5.11639e-16 4.56552e-18 SDSS_r
54565.5 5.02635e-16 4.5841e-18 SDSS_r
54566.5 4.94037e-16 4.63461e-18 SDSS_r
54567.5 4.85775e-16 4.70174e-18 SDSS_r
54568.5 4.77789e-16 4.77244e-18 SDSS_r
54569.5 4.70027e-16 4.83636e-18 SDSS_r
54570.5 4.62443e-16 4.88573e-18 SDSS_r
54571.5 4.55001e-16 4.91511e-18 SDSS_r
54572.5 4.47668e-16 4.92099e-18 SDSS_r
54573.5 4.40416e-16 4.90145e-18 SDSS_r
54574.5 4.33224e-16 4.85585e-18 SDSS_r
54575.5 4.26073e-16 4.78456e-18 SDSS_r
54576.5 4.1895e-16 4.68881e-18 SDSS_r
54577.5 4.11843e-16 4.5705e-18 SDSS_r
54578.5 4.04743e-16 4.43215e-18 SDSS_r
54579.5 3.97644e-16 4.27678e-18 SDSS_r
54580.5 3.90542e-16 4.10795e-18 SDSS_r
54581.5 3.83436e-16 3.92967e-18 SDSS_r
54582.5 3.76325e-16 3.7465e-18 SDSS_r
54583.5 3.69208e-16 3.56356e-18 SDSS_r
54584.5 3.62089e-16 3.38651e-18 SDSS_r
54585.5 3.5497e-16 3.22161e-18 SDSS_r
54586.5 3.47854e-16 3.07552e-18 SDSS_r
54587.5 3.40746e-16 2.95508e-18 SDSS_r
54588.5 3.3365e-16 2.86675e-18 SDSS_r
54589.5 3.26571e-16 2.81587e-18 SDSS_r
54590.5 3.19514e-16 2.80589e-18 SDSS_r
54591.5 3.12485e-16 2.83776e-18 SDSS_r
54592.5 3.05489e-16 2.90983e-18 SDSS_r
54593.5 2.98531e-16 3.01824e-18 SDSS_r
54594.5 2.91616e-16 3.15777e-18 SDSS_r
54595.5 2.84751e-16 3.32256e-18 SDSS_r
54596.5 2.77941e-16 3.50687e-18 SDSS_r
54597.5 2.71189e-16 3.70541e-18 SDSS_r
54598.5 2.64502e-16 3.91352e-18 SDSS_r
54599.5 2.57884e-16 4.12728e-18 SDSS_r
54600.5 2.51339e-16 4.34337e-18 SDSS_r
54601.5 2.44872e-16 4.55907e-18 SDSS_r
54602.5 2.38485e-16 4.77213e-18 SDSS_r
54603.5 2.32184e-16 4.98074e-18 SDSS_r
54604.5 2.25971e-16 5.1834e-18 SDSS_r
54605.5 2.1985e-16 5.3789e-18 SDSS_r
54606.5 2.13823e-16 5.56629e-18 SDSS_r
54607.5 2.07892e-16 5.74478e-18 SDSS_r
54608.5 2.02061e-16 5.91379e-18 SDSS_r
54609.5 1.96331e-16 6.07285e-18 SDSS_r
54610.5 1.90704e-16 6.22164e-18 SDSS_r
54611.5 1.85182e-16 6.35991e-18 SDSS_r
54612.5 1.79765e-16 6.48753e-18 SDSS_r
54613.5 1.74455e-16 6.60443e-18 SDSS_r
54614.5 1.69253e-16 6.71061e-18 SDSS_r
54615.5 1.64159e-16 6.80613e-18 SDSS_r
54616.5 1.59174e-16 6.89111e-18 SDSS_r
54617.5 1.54297e-16 6.96569e-18 SDSS_r
54618.5 1.4953e-16 7.03006e-18 SDSS_r
