56358.7 8.27853e-16 4.17277e-19 BessellU
56359.7 8.49229e-16 4.03201e-19 BessellU
56360.7 8.69328e-16 3.8742e-19 BessellU
56361.7 8.87912e-16 3.69971e-19 BessellU
56362.7 9.04725e-16 3.50914e-19 BessellU
56363.7 9.19495e-16 3.30339e-19 BessellU
56364.7 9.31937e-16 3.08366e-19 BessellU
56365.7 9.41755e-16 2.8515e-19 BessellU
56366.7 9.48642e-16 2.60888e-19 BessellU
56367.7 9.52285e-16 2.35821e-19 BessellU
56368.7 9.52369e-16 2.1024e-19 BessellU
56369.7 9.48581e-16 1.84503e-19 BessellU
56370.7 9.40619e-16 1.59041e-19 BessellU
56371.7 9.28196e-16 1.344e-19 BessellU
56372.7 9.11054e-16 1.11282e-19 BessellU
56373.7 8.88973e-16 9.06428e-20 BessellU
56374.7 8.61784e-16 7.37981e-20 BessellU
56375.7 8.29386e-16 6.23642e-20 BessellU
56376.7 7.91767e-16 5.74681e-20 BessellU
56377.7 7.49021e-16 5.83419e-20 BessellU
56378.7 7.0138e-16 6.24244e-20 BessellU
56379.7 6.49236e-16 6.70977e-20 BessellU
56380.7 5.93182e-16 7.06301e-20 BessellU
56381.7 5.34044e-16 7.21314e-20 BessellU
56382.7 4.72928e-16 7.13419e-20 BessellU
56383.7 4.11267e-16 6.85302e-20 BessellU
56384.7 3.50872e-16 6.44824e-20 BessellU
56385.7 2.93996e-16 6.0481e-20 BessellU
56386.7 2.43391e-16 5.80748e-20 BessellU
56387.7 2.02386e-16 5.84719e-20 BessellU
56388.7 1.74954e-16 6.20469e-20 BessellU
56389.7 1.65789e-16 6.91584e-20 BessellU
56390.7 1.80392e-16 8.25013e-20 BessellU
56391.7 2.25145e-16 1.09084e-19 BessellU
56392.7 3.07392e-16 1.58861e-19 BessellU
56393.7 4.35513e-16 2.41775e-19 BessellU
56394.7 6.18991e-16 3.67751e-19 BessellU
56395.7 8.68463e-16 5.48224e-19 BessellU
56396.7 1.19576e-15 7.97106e-19 BessellU
56397.7 1.61392e-15 1.13135e-18 BessellU
56398.7 2.13718e-15 1.57147e-18 BessellU
56399.7 2.78091e-15 2.14212e-18 BessellU
56400.7 3.56157e-15 2.87281e-18 BessellU
56401.7 4.49652e-15 3.79862e-18 BessellU
56402.7 5.60389e-15 4.96111e-18 BessellU
56403.7 6.90233e-15 6.40905e-18 BessellU
56404.7 8.41072e-15 8.19921e-18 BessellU
56405.7 1.01479e-14 1.0397e-17 BessellU
56406.7 1.21321e-14 1.30766e-17 BessellU
56407.7 1.43808e-14 1.63213e-17 BessellU
56408.7 1.69103e-14 2.02228e-17 BessellU
56409.7 1.97349e-14 2.48804e-17 BessellU
56410.7 2.28669e-14 3.03994e-17 BessellU
56411.7 2.63161e-14 3.6889e-17 BessellU
56412.7 3.00892e-14 4.446e-17 BessellU
56413.7 3.41899e-14 5.32216e-17 BessellU
56414.7 3.86186e-14 6.32779e-17 BessellU
56415.7 4.33723e-14 7.47254e-17 BessellU
56416.7 4.84445e-14 8.76487e-17 BessellU
56417.7 5.38253e-14 1.02118e-16 BessellU
56418.7 5.95022e-14 1.18188e-16 BessellU
56419.7 6.54595e-14 1.35893e-16 BessellU
56420.7 7.16793e-14 1.55249e-16 BessellU
56360.7 6.85761e-16 3.45266e-17 BessellI
56361.7 6.9662e-16 3.36316e-17 BessellI
56362.7 7.07546e-16 3.27141e-17 BessellI
56363.7 7.18535e-16 3.17753e-17 BessellI
56364.7 7.29583e-16 3.08166e-17 BessellI
56365.7 7.40686e-16 2.98392e-17 BessellI
56366.7 7.51839e-16 2.8845e-17 BessellI
56367.7 7.63038e-16 2.78356e-17 BessellI
56368.7 7.74277e-16 2.68132e-17 BessellI
56369.7 7.85551e-16 2.57801e-17 BessellI
56370.7 7.96855e-16 2.47389e-17 BessellI
56371.7 8.08183e-16 2.36925e-17 BessellI
56372.7 8.19528e-16 2.26445e-17 BessellI
56373.7 8.30886e-16 2.15986e-17 BessellI
56374.7 8.42249e-16 2.05594e-17 BessellI
56375.7 8.5361e-16 1.95319e-17 BessellI
56376.7 8.64964e-16 1.8522e-17 BessellI
56377.7 8.76302e-16 1.75367e-17 BessellI
56378.7 8.87618e-16 1.65837e-17 BessellI
56379.7 8.98904e-16 1.56724e-17 BessellI
56380.7 9.10152e-16 1.48131e-17 BessellI
56381.7 9.21354e-16 1.40179e-17 BessellI
56382.7 9.32501e-16 1.32998e-17 BessellI
56383.7 9.43586e-16 1.26729e-17 BessellI
56384.7 9.546e-16 1.21515e-17 BessellI
56385.7 9.65534e-16 1.17486e-17 BessellI
56386.7 9.76378e-16 1.14749e-17 BessellI
56387.7 9.87124e-16 1.13367e-17 BessellI
56388.7 9.97763e-16 1.13349e-17 BessellI
56389.7 1.00828e-15 1.14647e-17 BessellI
56390.7 1.01868e-15 1.17159e-17 BessellI
56391.7 1.02893e-15 1.20744e-17 BessellI
56392.7 1.03904e-15 1.25237e-17 BessellI
56393.7 1.049e-15 1.3047e-17 BessellI
56394.7 1.05878e-15 1.3628e-17 BessellI
56395.7 1.06839e-15 1.42514e-17 BessellI
56396.7 1.07781e-15 1.49038e-17 BessellI
56397.7 1.08703e-15 1.55736e-17 BessellI
56398.7 1.09605e-15 1.62506e-17 BessellI
56399.7 1.10485e-15 1.69263e-17 BessellI
56400.7 1.11342e-15 1.75933e-17 BessellI
56401.7 1.12175e-15 1.82456e-17 BessellI
56402.7 1.12984e-15 1.8878e-17 BessellI
56403.7 1.13767e-15 1.94864e-17 BessellI
56404.7 1.14523e-15 2.00672e-17 BessellI
56405.7 1.15252e-15 2.06179e-17 BessellI
56406.7 1.15952e-15 2.11363e-17 BessellI
56407.7 1.16624e-15 2.1621e-17 BessellI
56408.7 1.17265e-15 2.2071e-17 BessellI
56409.7 1.17877e-15 2.24858e-17 BessellI
56410.7 1.18457e-15 2.28654e-17 BessellI
56411.7 1.19005e-15 2.32102e-17 BessellI
56412.7 1.19521e-15 2.35208e-17 BessellI
56413.7 1.20004e-15 2.37981e-17 BessellI
56414.7 1.20455e-15 2.4043e-17 BessellI
56415.7 1.20872e-15 2.42567e-17 BessellI
56416.7 1.21256e-15 2.444e-17 BessellI
56417.7 1.21607e-15 2.45935e-17 BessellI
56418.7 1.21924e-15 2.47175e-17 BessellI
56419.7 1.22209e-15 2.48118e-17 BessellI
56420.7 1.22461e-15 2.48751e-17 BessellI
56421.7 1.22681e-15 2.49055e-17 BessellI
56422.7 1.22869e-15 2.49e-17 BessellI
56423.7 1.23027e-15 2.48544e-17 BessellI
56424.7 1.23155e-15 2.47633e-17 BessellI
56425.7 1.23254e-15 2.46201e-17 BessellI
56426.7 1.23325e-15 2.44171e-17 BessellI
56427.7 1.2337e-15 2.41453e-17 BessellI
56428.7 1.2339e-15 2.37955e-17 BessellI
56429.7 1.23387e-15 2.3358e-17 BessellI
56430.7 1.23361e-15 2.28235e-17 BessellI
56431.7 1.23315e-15 2.21841e-17 BessellI
56432.7 1.2325e-15 2.14343e-17 BessellI
56433.7 1.23167e-15 2.05726e-17 BessellI
56434.7 1.23068e-15 1.96037e-17 BessellI
56435.7 1.22953e-15 1.85411e-17 BessellI
56436.7 1.22823e-15 1.74103e-17 BessellI
56437.7 1.22678e-15 1.62541e-17 BessellI
56438.7 1.22518e-15 1.5136e-17 BessellI
56439.7 1.22341e-15 1.41439e-17 BessellI
56440.7 1.22146e-15 1.33851e-17 BessellI
56441.7 1.21929e-15 1.29674e-17 BessellI
56442.7 1.21686e-15 1.29627e-17 BessellI
56443.7 1.2141e-15 1.33696e-17 BessellI
56444.7 1.21096e-15 1.41031e-17 BessellI
56445.7 1.20732e-15 1.50201e-17 BessellI
56446.7 1.20311e-15 1.59541e-17 BessellI
56447.7 1.19817e-15 1.67413e-17 BessellI
56448.7 1.19239e-15 1.72322e-17 BessellI
56449.7 1.18561e-15 1.72976e-17 BessellI
56450.7 1.17766e-15 1.68328e-17 BessellI
56451.7 1.16837e-15 1.57635e-17 BessellI
56452.7 1.15757e-15 1.40558e-17 BessellI
56453.7 1.14509e-15 1.17389e-17 BessellI
56454.7 1.13075e-15 8.97553e-18 BessellI
56455.7 1.11442e-15 6.35197e-18 BessellI
56456.7 1.09597e-15 5.74928e-18 BessellI
56457.7 1.07528e-15 8.57646e-18 BessellI
56458.7 1.0523e-15 1.31541e-17 BessellI
56459.7 1.02699e-15 1.83421e-17 BessellI
56460.7 9.99365e-16 2.36769e-17 BessellI
56461.7 9.69488e-16 2.88691e-17 BessellI
56462.7 9.37466e-16 3.36821e-17 BessellI
56463.7 9.03457e-16 3.79079e-17 BessellI
56464.7 8.67668e-16 4.13671e-17 BessellI
56465.7 8.30349e-16 4.39153e-17 BessellI
56466.7 7.91791e-16 4.54498e-17 BessellI
56467.7 7.52318e-16 4.59167e-17 BessellI
56468.7 7.12275e-16 4.53143e-17 BessellI
56469.7 6.72021e-16 4.36935e-17 BessellI
56470.7 6.31914e-16 4.11544e-17 BessellI
56471.7 5.92301e-16 3.7839e-17 BessellI
56472.7 5.53502e-16 3.39208e-17 BessellI
56473.7 5.15808e-16 2.95923e-17 BessellI
56474.7 4.79462e-16 2.50535e-17 BessellI
56475.7 4.44664e-16 2.05036e-17 BessellI
56476.7 4.11562e-16 1.61406e-17 BessellI
56477.7 3.80257e-16 1.21796e-17 BessellI
56478.7 3.50805e-16 8.90935e-18 BessellI
56479.7 3.23222e-16 6.79805e-18 BessellI
56480.7 2.97491e-16 6.34296e-18 BessellI
56481.7 2.73567e-16 7.27558e-18 BessellI
56482.7 2.51386e-16 8.76374e-18 BessellI
56483.7 2.30869e-16 1.02839e-17 BessellI
56484.7 2.11926e-16 1.16303e-17 BessellI
56485.7 1.94464e-16 1.27367e-17 BessellI
56486.7 1.78386e-16 1.35929e-17 BessellI
56487.7 1.63598e-16 1.42118e-17 BessellI
56488.7 1.50005e-16 1.46162e-17 BessellI
56489.7 1.37518e-16 1.48322e-17 BessellI
56490.7 1.26053e-16 1.48863e-17 BessellI
56491.7 1.15528e-16 1.48039e-17 BessellI
56492.7 1.0587e-16 1.46082e-17 BessellI
56493.7 9.70078e-17 1.43203e-17 BessellI
56494.7 8.88777e-17 1.39586e-17 BessellI
56495.7 8.14198e-17 1.35392e-17 BessellI
56496.7 7.45789e-17 1.30761e-17 BessellI
56497.7 6.83045e-17 1.25812e-17 BessellI
56498.7 6.255e-17 1.20647e-17 BessellI
56499.7 5.72728e-17 1.15351e-17 BessellI
56500.7 5.24334e-17 1.09993e-17 BessellI
56501.7 4.7996e-17 1.04633e-17 BessellI
56502.7 4.39274e-17 9.93181e-18 BessellI
56503.7 4.01974e-17 9.40876e-18 BessellI
56504.7 3.67782e-17 8.89721e-18 BessellI
56505.7 3.36441e-17 8.39957e-18 BessellI
56506.7 3.07719e-17 7.91769e-18 BessellI
56507.7 2.81399e-17 7.45296e-18 BessellI
56508.7 2.57284e-17 7.00633e-18 BessellI
56509.7 2.35193e-17 6.57844e-18 BessellI
56510.7 2.14959e-17 6.16966e-18 BessellI
56511.7 1.96429e-17 5.78009e-18 BessellI
56512.7 1.79463e-17 5.40969e-18 BessellI
56513.7 1.63931e-17 5.05823e-18 BessellI
56514.7 1.49716e-17 4.72537e-18 BessellI
56515.7 1.36707e-17 4.41066e-18 BessellI
56516.7 1.24805e-17 4.11359e-18 BessellI
56517.7 1.13917e-17 3.83359e-18 BessellI
56518.7 1.0396e-17 3.57003e-18 BessellI
56519.7 9.48555e-18 3.32226e-18 BessellI
56520.7 8.65321e-18 3.08961e-18 BessellI
56521.7 7.89245e-18 2.87142e-18 BessellI
56522.7 7.19726e-18 2.66699e-18 BessellI
56523.7 6.56212e-18 2.47564e-18 BessellI
56524.7 5.98195e-18 2.29672e-18 BessellI
56525.7 5.4521e-18 2.12955e-18 BessellI
56526.7 4.96832e-18 1.97351e-18 BessellI
56527.7 4.52668e-18 1.82797e-18 BessellI
56528.7 4.12359e-18 1.69232e-18 BessellI
56529.7 3.75577e-18 1.56599e-18 BessellI
56530.7 3.42018e-18 1.44842e-18 BessellI
56531.7 3.11407e-18 1.33908e-18 BessellI
56532.7 2.8349e-18 1.23746e-18 BessellI
56533.7 2.58035e-18 1.14307e-18 BessellI
56534.7 2.34829e-18 1.05545e-18 BessellI
56535.7 2.13677e-18 9.74154e-19 BessellI
56536.7 1.94401e-18 8.98779e-19 BessellI
56537.7 1.76837e-18 8.28926e-19 BessellI
56538.7 1.60837e-18 7.64225e-19 BessellI
56539.7 1.46264e-18 7.04326e-19 BessellI
56540.7 1.32992e-18 6.48898e-19 BessellI
56541.7 1.20908e-18 5.97634e-19 BessellI
56542.7 1.09907e-18 5.5024e-19 BessellI
56543.7 9.98931e-19 5.06445e-19 BessellI
56544.7 9.078e-19 4.65992e-19 BessellI
56545.7 8.24876e-19 4.28642e-19 BessellI
56546.7 7.49432e-19 3.9417e-19 BessellI
56547.7 6.80804e-19 3.62367e-19 BessellI
56548.7 6.18385e-19 3.33038e-19 BessellI
56549.7 5.61622e-19 3.06e-19 BessellI
56550.7 5.10009e-19 2.81082e-19 BessellI
56551.7 4.63086e-19 2.58127e-19 BessellI
56552.7 4.20433e-19 2.36988e-19 BessellI
56553.7 3.81666e-19 2.17526e-19 BessellI
56554.7 3.46436e-19 1.99614e-19 BessellI
56555.7 3.14424e-19 1.83135e-19 BessellI
56556.7 2.85341e-19 1.67978e-19 BessellI
56557.7 2.58921e-19 1.54041e-19 BessellI
56558.7 2.34923e-19 1.41229e-19 BessellI
56559.7 2.13129e-19 1.29456e-19 BessellI
56560.7 1.93338e-19 1.18639e-19 BessellI
56561.7 1.75368e-19 1.08705e-19 BessellI
56562.7 1.59053e-19 9.9582e-20 BessellI
56563.7 1.44243e-19 9.12072e-20 BessellI
56564.7 1.308e-19 8.3521e-20 BessellI
56565.7 1.186e-19 7.64683e-20 BessellI
56566.7 1.07528e-19 6.99985e-20 BessellI
56567.7 9.74814e-20 6.40648e-20 BessellI
56568.7 8.83663e-20 5.86239e-20 BessellI
56569.7 8.00969e-20 5.3636e-20 BessellI
56570.7 7.25956e-20 4.90643e-20 BessellI
56571.7 6.57916e-20 4.48751e-20 BessellI
56572.7 5.96207e-20 4.1037e-20 BessellI
56573.7 5.40245e-20 3.75214e-20 BessellI
56574.7 4.895e-20 3.43017e-20 BessellI
56575.7 4.43489e-20 3.13537e-20 BessellI
56576.7 4.01774e-20 2.86549e-20 BessellI
56577.7 3.63957e-20 2.61846e-20 BessellI
56578.7 3.29677e-20 2.3924e-20 BessellI
56579.7 2.98605e-20 2.18555e-20 BessellI
56580.7 2.70444e-20 1.99632e-20 BessellI
56581.7 2.44923e-20 1.82324e-20 BessellI
56582.7 2.21796e-20 1.66495e-20 BessellI
56583.7 2.0084e-20 1.52021e-20 BessellI
56584.7 1.81853e-20 1.38788e-20 BessellI
56585.7 1.64651e-20 1.26692e-20 BessellI
56586.7 1.49067e-20 1.15637e-20 BessellI
56587.7 1.34951e-20 1.05534e-20 BessellI
56588.7 1.22164e-20 9.63029e-21 BessellI
56589.7 1.10582e-20 8.78695e-21 BessellI
56590.7 1.00094e-20 8.01659e-21 BessellI
56591.7 9.05945e-21 7.31298e-21 BessellI
56592.7 8.19926e-21 6.67044e-21 BessellI
56593.7 7.42036e-21 6.08373e-21 BessellI
56594.7 6.71511e-21 5.54807e-21 BessellI
56595.7 6.07658e-21 5.05908e-21 BessellI
56596.7 5.4985e-21 4.61274e-21 BessellI
56597.7 4.97517e-21 4.20538e-21 BessellI
56598.7 4.50143e-21 3.83365e-21 BessellI
56599.7 4.07261e-21 3.49445e-21 BessellI
56600.7 3.68448e-21 3.18499e-21 BessellI
56601.7 3.33318e-21 2.90268e-21 BessellI
56602.7 3.01525e-21 2.64516e-21 BessellI
56603.7 2.72752e-21 2.41029e-21 BessellI
56604.7 2.46714e-21 2.19609e-21 BessellI
56605.7 2.23153e-21 2.00077e-21 BessellI
56606.7 2.01833e-21 1.82268e-21 BessellI
56607.7 1.82543e-21 1.66031e-21 BessellI
56608.7 1.6509e-21 1.51229e-21 BessellI
56609.7 1.493e-21 1.37736e-21 BessellI
56610.7 1.35014e-21 1.25438e-21 BessellI
56611.7 1.22092e-21 1.1423e-21 BessellI
56612.7 1.10401e-21 1.04016e-21 BessellI
56613.7 9.9827e-22 9.47093e-22 BessellI
56614.7 9.02622e-22 8.62291e-22 BessellI
56615.7 8.1611e-22 7.8503e-22 BessellI
56616.7 7.37864e-22 7.14646e-22 BessellI
56617.7 6.67098e-22 6.5053e-22 BessellI
56618.7 6.03098e-22 5.9213e-22 BessellI
56619.7 5.45221e-22 5.3894e-22 BessellI
56620.7 4.92882e-22 4.90498e-22 BessellI
56621.7 4.45553e-22 4.46384e-22 BessellI
56622.7 4.02756e-22 4.06214e-22 BessellI
56359.6 3.65949e-16 1.12207e-16 BessellB
56360.6 3.95505e-16 1.12133e-16 BessellB
56361.6 4.26955e-16 1.1125e-16 BessellB
56362.6 4.60276e-16 1.09463e-16 BessellB
56363.6 4.95394e-16 1.06685e-16 BessellB
56364.6 5.32175e-16 1.02845e-16 BessellB
56365.6 5.70414e-16 9.79e-17 BessellB
56366.6 6.09815e-16 9.18456e-17 BessellB
56367.6 6.49988e-16 8.47271e-17 BessellB
56368.6 6.90436e-16 7.66524e-17 BessellB
56369.6 7.3055e-16 6.78014e-17 BessellB
56370.6 7.69621e-16 5.84295e-17 BessellB
56371.6 8.06853e-16 4.88644e-17 BessellB
56372.6 8.41394e-16 3.94932e-17 BessellB
56373.6 8.72377e-16 3.07419e-17 BessellB
56374.6 8.98972e-16 2.30529e-17 BessellB
56375.6 9.20442e-16 1.68613e-17 BessellB
56376.6 9.36196e-16 1.25416e-17 BessellB
56377.6 9.45834e-16 1.01959e-17 BessellB
56378.6 9.49175e-16 9.33975e-18 BessellB
56379.6 9.46261e-16 9.16436e-18 BessellB
56380.6 9.37351e-16 9.18864e-18 BessellB
56381.6 9.22891e-16 9.38416e-18 BessellB
56382.6 9.03474e-16 9.92943e-18 BessellB
56383.6 8.79794e-16 1.09487e-17 BessellB
56384.6 8.52605e-16 1.23972e-17 BessellB
56385.6 8.22674e-16 1.41188e-17 BessellB
56386.6 7.90752e-16 1.59471e-17 BessellB
56387.6 7.57539e-16 1.77569e-17 BessellB
56388.6 7.23672e-16 1.94723e-17 BessellB
56389.6 6.89708e-16 2.10563e-17 BessellB
56390.6 6.56123e-16 2.24992e-17 BessellB
56391.6 6.23307e-16 2.38072e-17 BessellB
56392.6 5.9157e-16 2.49957e-17 BessellB
56393.6 5.61151e-16 2.60839e-17 BessellB
56394.6 5.32219e-16 2.70926e-17 BessellB
56395.6 5.04891e-16 2.80421e-17 BessellB
56396.6 4.79231e-16 2.89516e-17 BessellB
56397.6 4.55267e-16 2.98382e-17 BessellB
56398.6 4.32991e-16 3.0716e-17 BessellB
56399.6 4.12372e-16 3.15957e-17 BessellB
56400.6 3.9336e-16 3.24839e-17 BessellB
56401.6 3.7589e-16 3.33828e-17 BessellB
56402.6 3.59887e-16 3.42904e-17 BessellB
56403.6 3.4527e-16 3.52008e-17 BessellB
56404.6 3.31956e-16 3.61048e-17 BessellB
56405.6 3.19856e-16 3.69908e-17 BessellB
56406.6 3.08887e-16 3.78457e-17 BessellB
56407.6 2.98965e-16 3.86555e-17 BessellB
56408.6 2.90006e-16 3.94061e-17 BessellB
56409.6 2.81934e-16 4.00843e-17 BessellB
56410.6 2.74674e-16 4.06774e-17 BessellB
56411.6 2.68155e-16 4.11746e-17 BessellB
56412.6 2.62311e-16 4.15662e-17 BessellB
56413.6 2.5708e-16 4.18444e-17 BessellB
56414.6 2.52403e-16 4.2003e-17 BessellB
56415.6 2.48227e-16 4.20375e-17 BessellB
56416.6 2.44502e-16 4.19453e-17 BessellB
56417.6 2.4118e-16 4.17249e-17 BessellB
56418.6 2.3822e-16 4.13767e-17 BessellB
56419.6 2.35582e-16 4.09022e-17 BessellB
56420.6 2.3323e-16 4.03043e-17 BessellB
56421.6 2.3113e-16 3.95873e-17 BessellB
56422.6 2.29253e-16 3.87564e-17 BessellB
56423.6 2.27571e-16 3.78181e-17 BessellB
56424.6 2.26058e-16 3.67799e-17 BessellB
56425.6 2.24692e-16 3.56505e-17 BessellB
56426.6 2.23452e-16 3.44401e-17 BessellB
56427.6 2.22319e-16 3.31598e-17 BessellB
56428.6 2.21275e-16 3.18226e-17 BessellB
56429.6 2.20306e-16 3.04432e-17 BessellB
56430.6 2.19398e-16 2.90383e-17 BessellB
56431.6 2.18538e-16 2.76276e-17 BessellB
56432.6 2.17715e-16 2.62336e-17 BessellB
56433.6 2.16919e-16 2.48828e-17 BessellB
56434.6 2.16141e-16 2.36058e-17 BessellB
56435.6 2.15374e-16 2.24379e-17 BessellB
56436.6 2.14611e-16 2.14187e-17 BessellB
56437.6 2.13845e-16 2.05906e-17 BessellB
56438.6 2.13071e-16 1.99956e-17 BessellB
56439.6 2.12285e-16 1.96714e-17 BessellB
56440.6 2.11483e-16 1.96449e-17 BessellB
56441.6 2.10661e-16 1.99286e-17 BessellB
56442.6 2.09817e-16 2.05179e-17 BessellB
56443.6 2.08948e-16 2.13935e-17 BessellB
56444.6 2.08052e-16 2.25257e-17 BessellB
56445.6 2.07127e-16 2.38795e-17 BessellB
56446.6 2.06173e-16 2.54195e-17 BessellB
56447.6 2.05189e-16 2.71124e-17 BessellB
56448.6 2.04173e-16 2.89287e-17 BessellB
56449.6 2.03127e-16 3.0843e-17 BessellB
56450.6 2.02048e-16 3.28339e-17 BessellB
56451.6 2.00939e-16 3.48835e-17 BessellB
56452.6 1.99798e-16 3.69767e-17 BessellB
56453.6 1.98626e-16 3.9101e-17 BessellB
56454.6 1.97424e-16 4.1246e-17 BessellB
56455.6 1.96193e-16 4.34026e-17 BessellB
56456.6 1.94933e-16 4.55635e-17 BessellB
56457.6 1.93644e-16 4.77221e-17 BessellB
56458.6 1.92329e-16 4.98731e-17 BessellB
56459.6 1.90988e-16 5.20116e-17 BessellB
56460.6 1.89622e-16 5.41335e-17 BessellB
56461.6 1.88232e-16 5.62353e-17 BessellB
56462.6 1.8682e-16 5.83139e-17 BessellB
56463.6 1.85385e-16 6.03665e-17 BessellB
56464.6 1.83931e-16 6.23909e-17 BessellB
56465.6 1.82457e-16 6.4385e-17 BessellB
56466.6 1.80965e-16 6.6347e-17 BessellB
56467.6 1.79456e-16 6.82753e-17 BessellB
56468.6 1.77931e-16 7.01686e-17 BessellB
56469.6 1.76392e-16 7.20258e-17 BessellB
56470.6 1.7484e-16 7.38458e-17 BessellB
56471.6 1.73276e-16 7.56278e-17 BessellB
56472.6 1.717e-16 7.73712e-17 BessellB
56473.6 1.70114e-16 7.90753e-17 BessellB
56474.6 1.6852e-16 8.07397e-17 BessellB
56475.6 1.66918e-16 8.23641e-17 BessellB
56349.2 3.22225e-23 2.74044e-23 BessellR
56350.2 6.43039e-23 5.212e-23 BessellR
56351.2 1.28471e-22 9.90973e-23 BessellR
56352.2 2.56979e-22 1.88347e-22 BessellR
56353.2 5.14707e-22 3.57812e-22 BessellR
56354.2 1.03237e-21 6.79362e-22 BessellR
56355.2 2.07383e-21 1.28895e-21 BessellR
56356.2 4.17276e-21 2.44333e-21 BessellR
56357.2 8.41089e-21 4.62642e-21 BessellR
56358.2 1.69858e-20 8.74794e-21 BessellR
56359.2 3.43727e-20 1.65124e-20 BessellR
56360.2 6.97089e-20 3.11002e-20 BessellR
56361.2 1.417e-19 5.84128e-20 BessellR
56362.2 2.88745e-19 1.09321e-19 BessellR
56363.2 5.89889e-19 2.03656e-19 BessellR
56364.2 1.20827e-18 3.77089e-19 BessellR
56365.2 2.48129e-18 6.92505e-19 BessellR
56366.2 5.10725e-18 1.25729e-18 BessellR
56367.2 1.05284e-17 2.24517e-18 BessellR
56368.2 2.16977e-17 3.90924e-18 BessellR
56369.2 4.45258e-17 6.53524e-18 BessellR
56370.2 9.02193e-17 1.0194e-17 BessellR
56371.2 1.77511e-16 1.40582e-17 BessellR
56372.2 3.29278e-16 1.54732e-17 BessellR
56373.2 5.52301e-16 1.09921e-17 BessellR
56374.2 8.06941e-16 2.76982e-18 BessellR
56375.2 1.02122e-15 9.37562e-18 BessellR
56376.2 1.15463e-15 1.48482e-17 BessellR
56377.2 1.21721e-15 1.65768e-17 BessellR
56378.2 1.23674e-15 1.57487e-17 BessellR
56379.2 1.23514e-15 1.35184e-17 BessellR
56380.2 1.22486e-15 1.07173e-17 BessellR
56381.2 1.21199e-15 7.86877e-18 BessellR
56382.2 1.19928e-15 5.3239e-18 BessellR
56383.2 1.18786e-15 3.50058e-18 BessellR
56384.2 1.17815e-15 3.10772e-18 BessellR
56385.2 1.17019e-15 4.05232e-18 BessellR
56386.2 1.16393e-15 5.38471e-18 BessellR
56387.2 1.15924e-15 6.67752e-18 BessellR
56388.2 1.15595e-15 7.81853e-18 BessellR
56389.2 1.15393e-15 8.78336e-18 BessellR
56390.2 1.15303e-15 9.57392e-18 BessellR
56391.2 1.1531e-15 1.0201e-17 BessellR
56392.2 1.15402e-15 1.06786e-17 BessellR
56393.2 1.15566e-15 1.1021e-17 BessellR
56394.2 1.15792e-15 1.12427e-17 BessellR
56395.2 1.16068e-15 1.13571e-17 BessellR
56396.2 1.16387e-15 1.1377e-17 BessellR
56397.2 1.16737e-15 1.13141e-17 BessellR
56398.2 1.17113e-15 1.11793e-17 BessellR
56399.2 1.17505e-15 1.09822e-17 BessellR
56400.2 1.17908e-15 1.07321e-17 BessellR
56401.2 1.18315e-15 1.04369e-17 BessellR
56402.2 1.1872e-15 1.0104e-17 BessellR
56403.2 1.19119e-15 9.74e-18 BessellR
56404.2 1.19507e-15 9.3509e-18 BessellR
56405.2 1.19879e-15 8.94201e-18 BessellR
56406.2 1.20232e-15 8.51809e-18 BessellR
56407.2 1.20563e-15 8.08342e-18 BessellR
56408.2 1.20868e-15 7.64186e-18 BessellR
56409.2 1.21145e-15 7.19693e-18 BessellR
56410.2 1.21392e-15 6.75185e-18 BessellR
56411.2 1.21606e-15 6.3097e-18 BessellR
56412.2 1.21787e-15 5.87347e-18 BessellR
56413.2 1.21931e-15 5.4462e-18 BessellR
56414.2 1.22039e-15 5.0312e-18 BessellR
56415.2 1.22109e-15 4.6322e-18 BessellR
56416.2 1.22141e-15 4.25362e-18 BessellR
56417.2 1.22133e-15 3.90094e-18 BessellR
56418.2 1.22086e-15 3.58094e-18 BessellR
56419.2 1.21999e-15 3.30199e-18 BessellR
56420.2 1.21872e-15 3.07395e-18 BessellR
56421.2 1.21705e-15 2.90739e-18 BessellR
56422.2 1.21499e-15 2.81181e-18 BessellR
56423.2 1.21253e-15 2.79319e-18 BessellR
56424.2 1.20967e-15 2.85186e-18 BessellR
56425.2 1.20644e-15 2.98229e-18 BessellR
56426.2 1.20282e-15 3.17488e-18 BessellR
56427.2 1.19882e-15 3.41854e-18 BessellR
56428.2 1.19446e-15 3.70275e-18 BessellR
56429.2 1.18974e-15 4.01858e-18 BessellR
56430.2 1.18466e-15 4.3589e-18 BessellR
56431.2 1.17925e-15 4.71819e-18 BessellR
56432.2 1.1735e-15 5.09226e-18 BessellR
56433.2 1.16742e-15 5.47788e-18 BessellR
56434.2 1.16103e-15 5.87258e-18 BessellR
56435.2 1.15434e-15 6.27442e-18 BessellR
56436.2 1.14735e-15 6.68186e-18 BessellR
56437.2 1.14007e-15 7.09362e-18 BessellR
56438.2 1.13253e-15 7.50866e-18 BessellR
56439.2 1.12471e-15 7.92608e-18 BessellR
56440.2 1.11665e-15 8.34506e-18 BessellR
56441.2 1.10835e-15 8.76491e-18 BessellR
56442.2 1.09981e-15 9.18496e-18 BessellR
56443.2 1.09106e-15 9.60463e-18 BessellR
56444.2 1.08209e-15 1.00233e-17 BessellR
56445.2 1.07293e-15 1.04405e-17 BessellR
56446.2 1.06358e-15 1.08557e-17 BessellR
56447.2 1.05405e-15 1.12684e-17 BessellR
56448.2 1.04436e-15 1.16781e-17 BessellR
56449.2 1.03451e-15 1.20844e-17 BessellR
56450.2 1.02451e-15 1.24867e-17 BessellR
56451.2 1.01437e-15 1.28848e-17 BessellR
56452.2 1.00411e-15 1.32781e-17 BessellR
56453.2 9.93731e-16 1.36662e-17 BessellR
56454.2 9.83242e-16 1.40489e-17 BessellR
56455.2 9.72655e-16 1.44257e-17 BessellR
56456.2 9.61978e-16 1.47962e-17 BessellR
56457.2 9.51219e-16 1.51601e-17 BessellR
56458.2 9.40388e-16 1.55172e-17 BessellR
56459.2 9.29492e-16 1.5867e-17 BessellR
56460.2 9.1854e-16 1.62094e-17 BessellR
56461.2 9.0754e-16 1.6544e-17 BessellR
56462.2 8.96499e-16 1.68706e-17 BessellR
56463.2 8.85425e-16 1.7189e-17 BessellR
56464.2 8.74325e-16 1.74989e-17 BessellR
56465.2 8.63207e-16 1.78002e-17 BessellR
56466.2 8.52076e-16 1.80927e-17 BessellR
56467.2 8.40939e-16 1.83761e-17 BessellR
56468.2 8.29804e-16 1.86504e-17 BessellR
56469.2 8.18675e-16 1.89154e-17 BessellR
56470.2 8.07559e-16 1.91711e-17 BessellR
56471.2 7.96461e-16 1.94172e-17 BessellR
56472.2 7.85387e-16 1.96537e-17 BessellR
56473.2 7.74343e-16 1.98807e-17 BessellR
56474.2 7.63332e-16 2.00979e-17 BessellR
56475.2 7.52361e-16 2.03054e-17 BessellR
56476.2 7.41433e-16 2.05031e-17 BessellR
56477.2 7.30553e-16 2.0691e-17 BessellR
56478.2 7.19726e-16 2.08692e-17 BessellR
56479.2 7.08955e-16 2.10376e-17 BessellR
56480.2 6.98244e-16 2.11962e-17 BessellR
56481.2 6.87597e-16 2.13452e-17 BessellR
56482.2 6.77017e-16 2.14845e-17 BessellR
56483.2 6.66508e-16 2.16142e-17 BessellR
56484.2 6.56073e-16 2.17344e-17 BessellR
56485.2 6.45715e-16 2.18452e-17 BessellR
56486.2 6.35436e-16 2.19465e-17 BessellR
56487.2 6.25239e-16 2.20386e-17 BessellR
56488.2 6.15126e-16 2.21216e-17 BessellR
56489.2 6.05101e-16 2.21954e-17 BessellR
56490.2 5.95165e-16 2.22603e-17 BessellR
56491.2 5.8532e-16 2.23165e-17 BessellR
56492.2 5.75569e-16 2.23639e-17 BessellR
56493.2 5.65912e-16 2.24027e-17 BessellR
56494.2 5.56351e-16 2.24332e-17 BessellR
56495.2 5.46889e-16 2.24554e-17 BessellR
56496.2 5.37526e-16 2.24695e-17 BessellR
56497.2 5.28264e-16 2.24756e-17 BessellR
56498.2 5.19103e-16 2.24739e-17 BessellR
56499.2 5.10046e-16 2.24645e-17 BessellR
56500.2 5.01092e-16 2.24477e-17 BessellR
56359.6 1.20421e-15 6.04563e-17 BessellV
56360.6 1.1926e-15 5.66762e-17 BessellV
56361.6 1.18116e-15 5.30532e-17 BessellV
56362.6 1.1699e-15 4.9585e-17 BessellV
56363.6 1.15881e-15 4.62687e-17 BessellV
56364.6 1.1479e-15 4.31019e-17 BessellV
56365.6 1.13716e-15 4.0082e-17 BessellV
56366.6 1.12659e-15 3.72067e-17 BessellV
56367.6 1.1162e-15 3.44736e-17 BessellV
56368.6 1.10598e-15 3.18805e-17 BessellV
56369.6 1.09594e-15 2.94253e-17 BessellV
56370.6 1.08607e-15 2.71063e-17 BessellV
56371.6 1.07638e-15 2.49217e-17 BessellV
56372.6 1.06686e-15 2.28703e-17 BessellV
56373.6 1.05752e-15 2.09511e-17 BessellV
56374.6 1.04835e-15 1.91636e-17 BessellV
56375.6 1.03935e-15 1.75079e-17 BessellV
56376.6 1.03054e-15 1.59845e-17 BessellV
56377.6 1.0219e-15 1.4595e-17 BessellV
56378.6 1.01343e-15 1.33414e-17 BessellV
56379.6 1.00515e-15 1.22265e-17 BessellV
56380.6 9.9704e-16 1.12533e-17 BessellV
56381.6 9.8911e-16 1.0425e-17 BessellV
56382.6 9.81359e-16 9.74357e-18 BessellV
56383.6 9.73787e-16 9.2091e-18 BessellV
56384.6 9.66396e-16 8.81859e-18 BessellV
56385.6 9.59184e-16 8.56511e-18 BessellV
56386.6 9.52155e-16 8.43773e-18 BessellV
56387.6 9.45306e-16 8.42231e-18 BessellV
56388.6 9.38641e-16 8.50286e-18 BessellV
56389.6 9.32158e-16 8.66318e-18 BessellV
56390.6 9.2586e-16 8.88814e-18 BessellV
56391.6 9.19746e-16 9.16457e-18 BessellV
56392.6 9.13817e-16 9.48157e-18 BessellV
56393.6 9.08074e-16 9.83052e-18 BessellV
56394.6 9.02518e-16 1.02048e-17 BessellV
56395.6 8.97149e-16 1.05995e-17 BessellV
56396.6 8.91967e-16 1.1011e-17 BessellV
56397.6 8.86974e-16 1.14368e-17 BessellV
56398.6 8.8217e-16 1.18749e-17 BessellV
56399.6 8.77555e-16 1.23239e-17 BessellV
56400.6 8.73129e-16 1.27829e-17 BessellV
56401.6 8.68894e-16 1.32507e-17 BessellV
56402.6 8.64849e-16 1.37267e-17 BessellV
56403.6 8.60993e-16 1.42099e-17 BessellV
56404.6 8.57328e-16 1.46993e-17 BessellV
56405.6 8.53853e-16 1.51939e-17 BessellV
56406.6 8.50567e-16 1.56924e-17 BessellV
56407.6 8.4747e-16 1.61936e-17 BessellV
56408.6 8.4456e-16 1.6696e-17 BessellV
56409.6 8.41837e-16 1.71978e-17 BessellV
56410.6 8.39299e-16 1.76975e-17 BessellV
56411.6 8.36943e-16 1.81931e-17 BessellV
56412.6 8.34769e-16 1.86827e-17 BessellV
56413.6 8.32772e-16 1.91642e-17 BessellV
56414.6 8.3095e-16 1.96354e-17 BessellV
56415.6 8.29299e-16 2.0094e-17 BessellV
56416.6 8.27813e-16 2.05378e-17 BessellV
56417.6 8.26489e-16 2.09643e-17 BessellV
56418.6 8.25319e-16 2.13709e-17 BessellV
56419.6 8.24296e-16 2.1755e-17 BessellV
56420.6 8.23414e-16 2.21137e-17 BessellV
56421.6 8.22661e-16 2.24442e-17 BessellV
56422.6 8.2203e-16 2.27433e-17 BessellV
56423.6 8.21506e-16 2.30079e-17 BessellV
56424.6 8.21079e-16 2.32347e-17 BessellV
56425.6 8.20732e-16 2.34202e-17 BessellV
56426.6 8.2045e-16 2.35608e-17 BessellV
56427.6 8.20215e-16 2.36531e-17 BessellV
56428.6 8.20007e-16 2.36934e-17 BessellV
56429.6 8.19803e-16 2.36782e-17 BessellV
56430.6 8.19579e-16 2.36046e-17 BessellV
56431.6 8.19309e-16 2.34696e-17 BessellV
56432.6 8.18962e-16 2.32712e-17 BessellV
56433.6 8.18507e-16 2.30081e-17 BessellV
56434.6 8.17909e-16 2.26803e-17 BessellV
56435.6 8.17131e-16 2.22894e-17 BessellV
56436.6 8.16133e-16 2.18391e-17 BessellV
56437.6 8.1487e-16 2.13358e-17 BessellV
56438.6 8.13297e-16 2.07895e-17 BessellV
56439.6 8.11365e-16 2.02143e-17 BessellV
56440.6 8.09023e-16 1.96295e-17 BessellV
56441.6 8.06215e-16 1.90602e-17 BessellV
56442.6 8.02888e-16 1.85382e-17 BessellV
56443.6 7.98982e-16 1.81012e-17 BessellV
56444.6 7.94439e-16 1.77914e-17 BessellV
56445.6 7.89199e-16 1.76526e-17 BessellV
56446.6 7.83205e-16 1.77244e-17 BessellV
56447.6 7.76397e-16 1.80364e-17 BessellV
56448.6 7.68721e-16 1.8603e-17 BessellV
56449.6 7.60125e-16 1.94204e-17 BessellV
56450.6 7.50561e-16 2.04681e-17 BessellV
56451.6 7.39988e-16 2.17124e-17 BessellV
56452.6 7.28373e-16 2.31113e-17 BessellV
56453.6 7.15692e-16 2.4619e-17 BessellV
56454.6 7.01931e-16 2.61888e-17 BessellV
56455.6 6.87087e-16 2.77758e-17 BessellV
56456.6 6.71172e-16 2.93381e-17 BessellV
56457.6 6.54213e-16 3.08378e-17 BessellV
56458.6 6.36249e-16 3.2242e-17 BessellV
56459.6 6.17335e-16 3.35234e-17 BessellV
56460.6 5.97544e-16 3.46609e-17 BessellV
56461.6 5.76961e-16 3.56402e-17 BessellV
56462.6 5.55685e-16 3.64539e-17 BessellV
56463.6 5.33828e-16 3.71018e-17 BessellV
56464.6 5.11511e-16 3.75901e-17 BessellV
56465.6 4.88864e-16 3.79305e-17 BessellV
56466.6 4.66021e-16 3.81396e-17 BessellV
56467.6 4.43117e-16 3.82367e-17 BessellV
56468.6 4.20288e-16 3.82422e-17 BessellV
56469.6 3.97665e-16 3.81762e-17 BessellV
56470.6 3.75372e-16 3.80562e-17 BessellV
56471.6 3.53523e-16 3.78964e-17 BessellV
56472.6 3.32221e-16 3.77067e-17 BessellV
56473.6 3.11557e-16 3.74926e-17 BessellV
56474.6 2.91609e-16 3.72553e-17 BessellV
56475.6 2.72438e-16 3.69923e-17 BessellV
56476.6 2.54093e-16 3.66991e-17 BessellV
56477.6 2.36609e-16 3.63695e-17 BessellV
56478.6 2.20007e-16 3.5997e-17 BessellV
56479.6 2.04298e-16 3.55759e-17 BessellV
56480.6 1.89481e-16 3.51014e-17 BessellV
56481.6 1.75546e-16 3.45706e-17 BessellV
56482.6 1.62477e-16 3.39822e-17 BessellV
56483.6 1.50248e-16 3.33367e-17 BessellV
56484.6 1.38832e-16 3.26365e-17 BessellV
56485.6 1.28195e-16 3.18851e-17 BessellV
56486.6 1.18302e-16 3.10872e-17 BessellV
56487.6 1.09116e-16 3.02484e-17 BessellV
56488.6 1.00599e-16 2.93747e-17 BessellV
56489.6 9.27114e-17 2.84725e-17 BessellV
56490.6 8.54151e-17 2.75481e-17 BessellV
56491.6 7.86725e-17 2.66079e-17 BessellV
56492.6 7.24469e-17 2.56577e-17 BessellV
56493.6 6.6703e-17 2.47033e-17 BessellV
56494.6 6.14069e-17 2.37498e-17 BessellV
56495.6 5.65263e-17 2.28019e-17 BessellV
56496.6 5.20308e-17 2.18638e-17 BessellV
56497.6 4.78917e-17 2.09391e-17 BessellV
56498.6 4.40819e-17 2.0031e-17 BessellV
56499.6 4.05762e-17 1.91423e-17 BessellV
56500.6 3.7351e-17 1.82751e-17 BessellV
56501.6 3.43844e-17 1.74313e-17 BessellV
56502.6 3.16559e-17 1.66124e-17 BessellV
56503.6 2.91467e-17 1.58194e-17 BessellV
56504.6 2.68393e-17 1.50532e-17 BessellV
56505.6 2.47174e-17 1.43144e-17 BessellV
56506.6 2.27661e-17 1.36031e-17 BessellV
56507.6 2.09718e-17 1.29195e-17 BessellV
56508.6 1.93216e-17 1.22635e-17 BessellV
56509.6 1.78039e-17 1.16349e-17 BessellV
56510.6 1.64079e-17 1.10332e-17 BessellV
56511.6 1.51238e-17 1.04579e-17 BessellV
56512.6 1.39424e-17 9.90857e-18 BessellV
56513.6 1.28554e-17 9.38446e-18 BessellV
56514.6 1.18551e-17 8.88489e-18 BessellV
56515.6 1.09345e-17 8.4091e-18 BessellV
56516.6 1.00871e-17 7.95631e-18 BessellV
56517.6 9.30698e-18 7.52572e-18 BessellV
56518.6 8.58865e-18 7.11652e-18 BessellV
56519.6 7.92713e-18 6.72786e-18 BessellV
56520.6 7.31781e-18 6.35895e-18 BessellV
56521.6 6.7565e-18 6.00895e-18 BessellV
56522.6 6.23931e-18 5.67706e-18 BessellV
56523.6 5.76269e-18 5.36248e-18 BessellV
56524.6 5.32339e-18 5.06444e-18 BessellV
56525.6 4.91841e-18 4.78217e-18 BessellV
56526.6 4.54501e-18 4.51495e-18 BessellV
56527.6 4.20065e-18 4.26204e-18 BessellV
56528.6 3.88303e-18 4.02277e-18 BessellV
56529.6 3.59002e-18 3.79646e-18 BessellV
56530.6 3.31966e-18 3.58247e-18 BessellV
56531.6 3.07016e-18 3.38017e-18 BessellV
56532.6 2.83987e-18 3.18898e-18 BessellV
56533.6 2.62727e-18 3.00833e-18 BessellV
56534.6 2.43097e-18 2.83766e-18 BessellV
56535.6 2.24969e-18 2.67646e-18 BessellV
56536.6 2.08225e-18 2.52423e-18 BessellV
56537.6 1.92756e-18 2.3805e-18 BessellV
56538.6 1.78464e-18 2.2448e-18 BessellV
56539.6 1.65256e-18 2.11671e-18 BessellV
56540.6 1.53049e-18 1.99583e-18 BessellV
56541.6 1.41764e-18 1.88175e-18 BessellV
56542.6 1.3133e-18 1.77411e-18 BessellV
56543.6 1.21681e-18 1.67255e-18 BessellV
56544.6 1.12758e-18 1.57675e-18 BessellV
56545.6 1.04503e-18 1.48637e-18 BessellV
56546.6 9.68664e-19 1.40114e-18 BessellV
56547.6 8.98001e-19 1.32074e-18 BessellV
56548.6 8.32605e-19 1.24493e-18 BessellV
56549.6 7.72075e-19 1.17344e-18 BessellV
56550.6 7.16041e-19 1.10603e-18 BessellV
56551.6 6.64161e-19 1.04247e-18 BessellV
56552.6 6.16119e-19 9.82546e-19 BessellV
56553.6 5.71626e-19 9.2605e-19 BessellV
56554.6 5.30414e-19 8.7279e-19 BessellV
56555.6 4.92234e-19 8.22582e-19 BessellV
56556.6 4.5686e-19 7.75254e-19 BessellV
56557.6 4.2408e-19 7.30642e-19 BessellV
56558.6 3.93699e-19 6.88592e-19 BessellV
56559.6 3.65539e-19 6.48957e-19 BessellV
56560.6 3.39433e-19 6.11601e-19 BessellV
56561.6 3.15229e-19 5.76392e-19 BessellV
56562.6 2.92785e-19 5.43209e-19 BessellV
56563.6 2.7197e-19 5.11935e-19 BessellV
56564.6 2.52663e-19 4.82461e-19 BessellV
56565.6 2.34753e-19 4.54684e-19 BessellV
56566.6 2.18138e-19 4.28507e-19 BessellV
56567.6 2.0272e-19 4.03838e-19 BessellV
56568.6 1.88413e-19 3.8059e-19 BessellV
56569.6 1.75134e-19 3.58682e-19 BessellV
56570.6 1.62808e-19 3.38036e-19 BessellV
56571.6 1.51366e-19 3.1858e-19 BessellV
56572.6 1.40743e-19 3.00246e-19 BessellV
56573.6 1.30878e-19 2.82968e-19 BessellV
56574.6 1.21718e-19 2.66687e-19 BessellV
56575.6 1.1321e-19 2.51344e-19 BessellV
56576.6 1.05307e-19 2.36886e-19 BessellV
56577.6 9.79655e-20 2.23262e-19 BessellV
56578.6 9.11448e-20 2.10423e-19 BessellV
56579.6 8.48071e-20 1.98324e-19 BessellV
56580.6 7.89177e-20 1.86922e-19 BessellV
56581.6 7.34442e-20 1.76178e-19 BessellV
56582.6 6.83568e-20 1.66053e-19 BessellV
56583.6 6.36276e-20 1.56512e-19 BessellV
56584.6 5.92311e-20 1.47521e-19 BessellV
56585.6 5.51433e-20 1.39048e-19 BessellV
56586.6 5.13423e-20 1.31063e-19 BessellV
56587.6 4.78076e-20 1.23538e-19 BessellV
56588.6 4.45201e-20 1.16446e-19 BessellV
56589.6 4.14623e-20 1.09763e-19 BessellV
56590.6 3.86178e-20 1.03465e-19 BessellV
56591.6 3.59716e-20 9.75294e-20 BessellV
56592.6 3.35095e-20 9.19356e-20 BessellV
56593.6 3.12185e-20 8.66638e-20 BessellV
56594.6 2.90866e-20 8.16954e-20 BessellV
56595.6 2.71025e-20 7.70129e-20 BessellV
56596.6 2.52558e-20 7.25998e-20 BessellV
56597.6 2.35368e-20 6.84405e-20 BessellV
56598.6 2.19366e-20 6.45204e-20 BessellV
56599.6 2.04468e-20 6.08257e-20 BessellV
56600.6 1.90596e-20 5.73434e-20 BessellV
56601.6 1.77679e-20 5.40613e-20 BessellV
56602.6 1.65651e-20 5.09678e-20 BessellV
56603.6 1.54448e-20 4.80519e-20 BessellV
56604.6 1.44014e-20 4.53036e-20 BessellV
56605.6 1.34295e-20 4.27131e-20 BessellV
56606.6 1.2524e-20 4.02713e-20 BessellV
56607.6 1.16805e-20 3.79696e-20 BessellV
56608.6 1.08946e-20 3.58e-20 BessellV
56609.6 1.01623e-20 3.3755e-20 BessellV
56610.6 9.47987e-21 3.18272e-20 BessellV
56611.6 8.8439e-21 3.00099e-20 BessellV
56612.6 8.25117e-21 2.82969e-20 BessellV
56613.6 7.6987e-21 2.6682e-20 BessellV
56614.6 7.18371e-21 2.51597e-20 BessellV
56615.6 6.70362e-21 2.37245e-20 BessellV
56616.6 6.25603e-21 2.23716e-20 BessellV
56617.6 5.83872e-21 2.10962e-20 BessellV
56618.6 5.4496e-21 1.98937e-20 BessellV
56619.6 5.08675e-21 1.87601e-20 BessellV
56620.6 4.74837e-21 1.76913e-20 BessellV
56621.6 4.43277e-21 1.66837e-20 BessellV
56622.6 4.13842e-21 1.57337e-20 BessellV
56358.8 5.51683e-16 1.44565e-18 i
56359.8 5.59701e-16 1.41653e-18 i
56360.8 5.67799e-16 1.38707e-18 i
56361.8 5.75975e-16 1.35732e-18 i
56362.8 5.84228e-16 1.32733e-18 i
56363.8 5.92555e-16 1.29716e-18 i
56364.8 6.00954e-16 1.26689e-18 i
56365.8 6.09424e-16 1.23657e-18 i
56366.8 6.17961e-16 1.20628e-18 i
56367.8 6.26564e-16 1.17612e-18 i
56368.8 6.35228e-16 1.14615e-18 i
56369.8 6.43952e-16 1.11649e-18 i
56370.8 6.52732e-16 1.08721e-18 i
56371.8 6.61565e-16 1.05843e-18 i
56372.8 6.70446e-16 1.03026e-18 i
56373.8 6.79372e-16 1.0028e-18 i
56374.8 6.88339e-16 9.7616e-19 i
56375.8 6.97342e-16 9.50462e-19 i
56376.8 7.06376e-16 9.25815e-19 i
56377.8 7.15438e-16 9.02331e-19 i
56378.8 7.2452e-16 8.80117e-19 i
56379.8 7.33619e-16 8.59273e-19 i
56380.8 7.42727e-16 8.39889e-19 i
56381.8 7.5184e-16 8.22043e-19 i
56382.8 7.60951e-16 8.05798e-19 i
56383.8 7.70053e-16 7.91199e-19 i
56384.8 7.7914e-16 7.78269e-19 i
56385.8 7.88203e-16 7.67012e-19 i
56386.8 7.97237e-16 7.57408e-19 i
56387.8 8.06233e-16 7.49413e-19 i
56388.8 8.15183e-16 7.42963e-19 i
56389.8 8.2408e-16 7.37972e-19 i
56390.8 8.32914e-16 7.34339e-19 i
56391.8 8.41677e-16 7.31949e-19 i
56392.8 8.5036e-16 7.30675e-19 i
56393.8 8.58954e-16 7.30388e-19 i
56394.8 8.6745e-16 7.30957e-19 i
56395.8 8.75837e-16 7.32254e-19 i
56396.8 8.84107e-16 7.34159e-19 i
56397.8 8.92249e-16 7.36562e-19 i
56398.8 9.00252e-16 7.3937e-19 i
56399.8 9.08108e-16 7.42505e-19 i
56400.8 9.15805e-16 7.45908e-19 i
56401.8 9.23334e-16 7.49543e-19 i
56402.8 9.30683e-16 7.53394e-19 i
56403.8 9.37842e-16 7.57467e-19 i
56404.8 9.448e-16 7.61795e-19 i
56405.8 9.51548e-16 7.66428e-19 i
56406.8 9.58075e-16 7.71441e-19 i
56407.8 9.6437e-16 7.76927e-19 i
56408.8 9.70423e-16 7.82995e-19 i
56409.8 9.76224e-16 7.89771e-19 i
56410.8 9.81763e-16 7.97388e-19 i
56411.8 9.87031e-16 8.05985e-19 i
56412.8 9.92018e-16 8.15703e-19 i
56413.8 9.96715e-16 8.26677e-19 i
56414.8 1.00111e-15 8.39034e-19 i
56415.8 1.0052e-15 8.52882e-19 i
56416.8 1.00898e-15 8.68314e-19 i
56417.8 1.01243e-15 8.85395e-19 i
56418.8 1.01555e-15 9.04166e-19 i
56419.8 1.01834e-15 9.24638e-19 i
56420.8 1.02078e-15 9.46796e-19 i
56421.8 1.02288e-15 9.70592e-19 i
56422.8 1.02462e-15 9.95956e-19 i
56423.8 1.02601e-15 1.02279e-18 i
56424.8 1.02703e-15 1.05098e-18 i
56425.8 1.02769e-15 1.08038e-18 i
56426.8 1.02798e-15 1.11085e-18 i
56427.8 1.0279e-15 1.14222e-18 i
56428.8 1.02745e-15 1.17433e-18 i
56429.8 1.02664e-15 1.20701e-18 i
56430.8 1.02545e-15 1.24009e-18 i
56431.8 1.0239e-15 1.2734e-18 i
56432.8 1.02197e-15 1.30677e-18 i
56433.8 1.01969e-15 1.34005e-18 i
56434.8 1.01704e-15 1.37309e-18 i
56435.8 1.01403e-15 1.40577e-18 i
56436.8 1.01067e-15 1.43795e-18 i
56437.8 1.00696e-15 1.46953e-18 i
56438.8 1.00291e-15 1.50042e-18 i
56439.8 9.9852e-16 1.53054e-18 i
56440.8 9.93802e-16 1.55984e-18 i
56441.8 9.88761e-16 1.58825e-18 i
56442.8 9.83406e-16 1.61576e-18 i
56443.8 9.77744e-16 1.64236e-18 i
56444.8 9.71785e-16 1.66804e-18 i
56445.8 9.65538e-16 1.69282e-18 i
56446.8 9.59012e-16 1.71675e-18 i
56447.8 9.52217e-16 1.73986e-18 i
56448.8 9.45164e-16 1.76221e-18 i
56449.8 9.37863e-16 1.78388e-18 i
56450.8 9.30324e-16 1.80493e-18 i
56451.8 9.22558e-16 1.82547e-18 i
56452.8 9.14577e-16 1.84558e-18 i
56453.8 9.06392e-16 1.86535e-18 i
56454.8 8.98013e-16 1.8849e-18 i
56455.8 8.89453e-16 1.90431e-18 i
56456.8 8.80722e-16 1.92368e-18 i
56457.8 8.71832e-16 1.94312e-18 i
56458.8 8.62794e-16 1.96271e-18 i
56459.8 8.5362e-16 1.98254e-18 i
56460.8 8.44319e-16 2.00267e-18 i
56461.8 8.34904e-16 2.02318e-18 i
56462.8 8.25384e-16 2.04411e-18 i
56463.8 8.15771e-16 2.06553e-18 i
56464.8 8.06075e-16 2.08744e-18 i
56465.8 7.96306e-16 2.10988e-18 i
56466.8 7.86474e-16 2.13286e-18 i
56467.8 7.76589e-16 2.15636e-18 i
56468.8 7.6666e-16 2.18038e-18 i
56469.8 7.56696e-16 2.20488e-18 i
56470.8 7.46706e-16 2.22983e-18 i
56471.8 7.36698e-16 2.25518e-18 i
56472.8 7.26682e-16 2.28089e-18 i
56473.8 7.16665e-16 2.30688e-18 i
56474.8 7.06654e-16 2.33309e-18 i
56475.8 6.96657e-16 2.35944e-18 i
56476.8 6.86681e-16 2.38587e-18 i
56477.8 6.76732e-16 2.41228e-18 i
56478.8 6.66817e-16 2.43861e-18 i
56479.8 6.56943e-16 2.46477e-18 i
56480.8 6.47114e-16 2.49067e-18 i
56481.8 6.37336e-16 2.51624e-18 i
56482.8 6.27615e-16 2.54141e-18 i
56483.8 6.17955e-16 2.56608e-18 i
56484.8 6.08361e-16 2.5902e-18 i
56485.8 5.98837e-16 2.61368e-18 i
56486.8 5.89387e-16 2.63647e-18 i
56487.8 5.80015e-16 2.6585e-18 i
56488.8 5.70724e-16 2.67972e-18 i
56489.8 5.61517e-16 2.70006e-18 i
56490.8 5.52398e-16 2.71949e-18 i
56491.8 5.4337e-16 2.73795e-18 i
56492.8 5.34433e-16 2.75541e-18 i
56493.8 5.25592e-16 2.77184e-18 i
56494.8 5.16848e-16 2.78719e-18 i
56495.8 5.08202e-16 2.80145e-18 i
56496.8 4.99657e-16 2.8146e-18 i
56497.8 4.91214e-16 2.82661e-18 i
56498.8 4.82874e-16 2.83747e-18 i
56499.8 4.74638e-16 2.84718e-18 i
56500.8 4.66508e-16 2.85572e-18 i
56501.8 4.58484e-16 2.86309e-18 i
56502.8 4.50566e-16 2.8693e-18 i
56503.8 4.42755e-16 2.87435e-18 i
56504.8 4.35052e-16 2.87825e-18 i
56505.8 4.27457e-16 2.881e-18 i
56506.8 4.1997e-16 2.88262e-18 i
56507.8 4.1259e-16 2.88312e-18 i
56508.8 4.05319e-16 2.88252e-18 i
56509.8 3.98155e-16 2.88084e-18 i
56510.8 3.91098e-16 2.87809e-18 i
56511.8 3.84148e-16 2.8743e-18 i
56512.8 3.77305e-16 2.8695e-18 i
56513.8 3.70568e-16 2.86371e-18 i
56514.8 3.63936e-16 2.85695e-18 i
56515.8 3.57408e-16 2.84925e-18 i
56516.8 3.50985e-16 2.84064e-18 i
56517.8 3.44665e-16 2.83115e-18 i
56518.8 3.38447e-16 2.82081e-18 i
56519.8 3.32331e-16 2.80964e-18 i
56520.8 3.26315e-16 2.79769e-18 i
56521.8 3.20399e-16 2.78497e-18 i
56522.8 3.14582e-16 2.77152e-18 i
56523.8 3.08862e-16 2.75737e-18 i
56524.8 3.03238e-16 2.74255e-18 i
56525.8 2.9771e-16 2.7271e-18 i
56526.8 2.92276e-16 2.71104e-18 i
56527.8 2.86936e-16 2.6944e-18 i
56528.8 2.81687e-16 2.67722e-18 i
56529.8 2.7653e-16 2.65952e-18 i
56530.8 2.71462e-16 2.64134e-18 i
56531.8 2.66482e-16 2.6227e-18 i
56532.8 2.6159e-16 2.60364e-18 i
56533.8 2.56784e-16 2.58418e-18 i
56534.8 2.52062e-16 2.56435e-18 i
56535.8 2.47425e-16 2.54417e-18 i
56536.8 2.4287e-16 2.52368e-18 i
56537.8 2.38396e-16 2.5029e-18 i
56538.8 2.34002e-16 2.48186e-18 i
56539.8 2.29687e-16 2.46058e-18 i
56540.8 2.2545e-16 2.43909e-18 i
56541.8 2.21289e-16 2.41741e-18 i
56542.8 2.17203e-16 2.39556e-18 i
56543.8 2.13191e-16 2.37357e-18 i
56544.8 2.09252e-16 2.35145e-18 i
56545.8 2.05385e-16 2.32924e-18 i
56546.8 2.01588e-16 2.30694e-18 i
56547.8 1.97861e-16 2.28459e-18 i
56548.8 1.94202e-16 2.26219e-18 i
56549.8 1.9061e-16 2.23977e-18 i
56550.8 1.87084e-16 2.21735e-18 i
56551.8 1.83622e-16 2.19493e-18 i
56552.8 1.80224e-16 2.17255e-18 i
56553.8 1.76889e-16 2.15021e-18 i
56554.8 1.73616e-16 2.12793e-18 i
56555.8 1.70403e-16 2.10572e-18 i
56556.8 1.67249e-16 2.0836e-18 i
56557.8 1.64154e-16 2.06157e-18 i
56558.8 1.61116e-16 2.03966e-18 i
56559.8 1.58134e-16 2.01788e-18 i
56560.8 1.55208e-16 1.99623e-18 i
56561.8 1.52336e-16 1.97472e-18 i
56562.8 1.49517e-16 1.95337e-18 i
56563.8 1.46751e-16 1.93218e-18 i
56564.8 1.44036e-16 1.91117e-18 i
56565.8 1.41372e-16 1.89034e-18 i
56566.8 1.38757e-16 1.8697e-18 i
56567.8 1.36191e-16 1.84926e-18 i
56568.8 1.33673e-16 1.82902e-18 i
56569.8 1.31202e-16 1.80898e-18 i
56570.8 1.28777e-16 1.78917e-18 i
56571.8 1.26397e-16 1.76957e-18 i
56572.8 1.24062e-16 1.7502e-18 i
56573.8 1.2177e-16 1.73105e-18 i
56574.8 1.19522e-16 1.71214e-18 i
56575.8 1.17315e-16 1.69346e-18 i
56576.8 1.15149e-16 1.67502e-18 i
56577.8 1.13024e-16 1.65682e-18 i
56578.8 1.10938e-16 1.63886e-18 i
56579.8 1.08892e-16 1.62115e-18 i
56580.8 1.06883e-16 1.60368e-18 i
56581.8 1.04913e-16 1.58646e-18 i
56582.8 1.02979e-16 1.56948e-18 i
56583.8 1.01081e-16 1.55275e-18 i
56584.8 9.92184e-17 1.53627e-18 i
56585.8 9.73908e-17 1.52003e-18 i
56586.8 9.55974e-17 1.50404e-18 i
56587.8 9.38375e-17 1.48829e-18 i
56588.8 9.21104e-17 1.47279e-18 i
56589.8 9.04156e-17 1.45753e-18 i
56590.8 8.87524e-17 1.44251e-18 i
56591.8 8.71203e-17 1.42772e-18 i
56592.8 8.55187e-17 1.41318e-18 i
56593.8 8.39469e-17 1.39886e-18 i
56594.8 8.24044e-17 1.38478e-18 i
56595.8 8.08908e-17 1.37092e-18 i
56596.8 7.94053e-17 1.35729e-18 i
56597.8 7.79476e-17 1.34389e-18 i
56598.8 7.6517e-17 1.3307e-18 i
56599.8 7.51131e-17 1.31773e-18 i
56600.8 7.37353e-17 1.30497e-18 i
56601.8 7.23832e-17 1.29242e-18 i
56602.8 7.10563e-17 1.28007e-18 i
56603.8 6.9754e-17 1.26793e-18 i
56604.8 6.8476e-17 1.25598e-18 i
56605.8 6.72218e-17 1.24423e-18 i
56606.8 6.59909e-17 1.23267e-18 i
56607.8 6.47829e-17 1.22129e-18 i
56608.8 6.35973e-17 1.2101e-18 i
56609.8 6.24338e-17 1.19908e-18 i
56610.8 6.12919e-17 1.18824e-18 i
56611.8 6.01711e-17 1.17757e-18 i
56612.8 5.90712e-17 1.16706e-18 i
56613.8 5.79917e-17 1.15672e-18 i
56614.8 5.69322e-17 1.14653e-18 i
56615.8 5.58923e-17 1.1365e-18 i
56616.8 5.48718e-17 1.12662e-18 i
56617.8 5.38701e-17 1.11688e-18 i
56618.8 5.2887e-17 1.10729e-18 i
56619.8 5.19221e-17 1.09783e-18 i
56620.8 5.0975e-17 1.08851e-18 i
56621.8 5.00455e-17 1.07932e-18 i
56622.8 4.91331e-17 1.07026e-18 i
56623.8 4.82377e-17 1.06132e-18 i
56624.8 4.73587e-17 1.0525e-18 i
56625.8 4.64961e-17 1.04379e-18 i
56626.8 4.56493e-17 1.0352e-18 i
56627.8 4.48182e-17 1.02672e-18 i
56628.8 4.40024e-17 1.01834e-18 i
56629.8 4.32017e-17 1.01006e-18 i
56630.8 4.24157e-17 1.00189e-18 i
56631.8 4.16442e-17 9.93808e-19 i
56632.8 4.0887e-17 9.85821e-19 i
56633.8 4.01437e-17 9.77924e-19 i
56634.8 3.9414e-17 9.70114e-19 i
56635.8 3.86978e-17 9.62389e-19 i
56636.8 3.79948e-17 9.54745e-19 i
56637.8 3.73047e-17 9.47181e-19 i
56638.8 3.66273e-17 9.39693e-19 i
56639.8 3.59624e-17 9.32278e-19 i
56640.8 3.53097e-17 9.24936e-19 i
56641.8 3.46689e-17 9.17662e-19 i
56642.8 3.404e-17 9.10455e-19 i
56643.8 3.34225e-17 9.03313e-19 i
56644.8 3.28164e-17 8.96234e-19 i
56645.8 3.22214e-17 8.89216e-19 i
56646.8 3.16374e-17 8.82256e-19 i
56647.8 3.1064e-17 8.75353e-19 i
56648.8 3.05011e-17 8.68505e-19 i
56649.8 2.99486e-17 8.6171e-19 i
56650.8 2.94062e-17 8.54967e-19 i
56651.8 2.88737e-17 8.48274e-19 i
56652.8 2.83509e-17 8.4163e-19 i
56653.8 2.78377e-17 8.35033e-19 i
56654.8 2.73339e-17 8.28482e-19 i
56655.8 2.68393e-17 8.21975e-19 i
56656.8 2.63537e-17 8.15511e-19 i
56657.8 2.5877e-17 8.0909e-19 i
56658.8 2.5409e-17 8.02709e-19 i
56659.8 2.49496e-17 7.96368e-19 i
56660.8 2.44985e-17 7.90066e-19 i
56661.8 2.40557e-17 7.83802e-19 i
56662.8 2.3621e-17 7.77575e-19 i
56663.8 2.31941e-17 7.71383e-19 i
56664.8 2.27751e-17 7.65227e-19 i
56665.8 2.23637e-17 7.59106e-19 i
56666.8 2.19598e-17 7.53018e-19 i
56667.8 2.15632e-17 7.46963e-19 i
56668.8 2.11739e-17 7.40941e-19 i
56669.8 2.07917e-17 7.3495e-19 i
56670.8 2.04164e-17 7.28991e-19 i
56671.8 2.00479e-17 7.23062e-19 i
56672.8 1.96861e-17 7.17164e-19 i
56358.8 4.36223e-16 2.62971e-16 r
56359.8 4.60323e-16 2.55579e-16 r
56360.8 4.85948e-16 2.47629e-16 r
56361.8 5.13122e-16 2.3907e-16 r
56362.8 5.41853e-16 2.29851e-16 r
56363.8 5.72121e-16 2.19925e-16 r
56364.8 6.03876e-16 2.09259e-16 r
56365.8 6.37031e-16 1.97831e-16 r
56366.8 6.71452e-16 1.85641e-16 r
56367.8 7.06954e-16 1.72714e-16 r
56368.8 7.4329e-16 1.59109e-16 r
56369.8 7.80154e-16 1.44922e-16 r
56370.8 8.17173e-16 1.30291e-16 r
56371.8 8.53913e-16 1.15397e-16 r
56372.8 8.89886e-16 1.00464e-16 r
56373.8 9.24567e-16 8.5746e-17 r
56374.8 9.57412e-16 7.15233e-17 r
56375.8 9.87887e-16 5.80868e-17 r
56376.8 1.01549e-15 4.57297e-17 r
56377.8 1.03981e-15 3.47485e-17 r
56378.8 1.06049e-15 2.54724e-17 r
56379.8 1.07732e-15 1.8342e-17 r
56380.8 1.09022e-15 1.39751e-17 r
56381.8 1.09921e-15 1.26968e-17 r
56382.8 1.10447e-15 1.35718e-17 r
56383.8 1.10626e-15 1.51443e-17 r
56384.8 1.10494e-15 1.65913e-17 r
56385.8 1.10091e-15 1.76424e-17 r
56386.8 1.09462e-15 1.82782e-17 r
56387.8 1.08652e-15 1.85778e-17 r
56388.8 1.07708e-15 1.86524e-17 r
56389.8 1.06669e-15 1.86139e-17 r
56390.8 1.05576e-15 1.85571e-17 r
56391.8 1.04461e-15 1.85496e-17 r
56392.8 1.03354e-15 1.86273e-17 r
56393.8 1.02279e-15 1.87961e-17 r
56394.8 1.01255e-15 1.90386e-17 r
56395.8 1.00297e-15 1.9323e-17 r
56396.8 9.94162e-16 1.9613e-17 r
56397.8 9.86189e-16 1.98747e-17 r
56398.8 9.79096e-16 2.00813e-17 r
56399.8 9.72895e-16 2.02155e-17 r
56400.8 9.6758e-16 2.02701e-17 r
56401.8 9.63126e-16 2.02478e-17 r
56402.8 9.59494e-16 2.016e-17 r
56403.8 9.56636e-16 2.00254e-17 r
56404.8 9.54495e-16 1.98689e-17 r
56405.8 9.53011e-16 1.97191e-17 r
56406.8 9.52119e-16 1.96066e-17 r
56407.8 9.51752e-16 1.95615e-17 r
56408.8 9.51845e-16 1.96103e-17 r
56409.8 9.52333e-16 1.97742e-17 r
56410.8 9.53152e-16 2.00664e-17 r
56411.8 9.54241e-16 2.04916e-17 r
56412.8 9.55542e-16 2.10461e-17 r
56413.8 9.56999e-16 2.17188e-17 r
56414.8 9.58561e-16 2.2493e-17 r
56415.8 9.60179e-16 2.33488e-17 r
56416.8 9.61808e-16 2.42648e-17 r
56417.8 9.63406e-16 2.52194e-17 r
56418.8 9.64936e-16 2.6192e-17 r
56419.8 9.66364e-16 2.71637e-17 r
56420.8 9.67656e-16 2.81177e-17 r
56421.8 9.68787e-16 2.90391e-17 r
56422.8 9.69729e-16 2.99153e-17 r
56423.8 9.70461e-16 3.07356e-17 r
56424.8 9.70963e-16 3.14913e-17 r
56425.8 9.71218e-16 3.21751e-17 r
56426.8 9.71211e-16 3.27817e-17 r
56427.8 9.7093e-16 3.33069e-17 r
56428.8 9.70365e-16 3.37479e-17 r
56429.8 9.69507e-16 3.41031e-17 r
56430.8 9.68349e-16 3.43718e-17 r
56431.8 9.66887e-16 3.45545e-17 r
56432.8 9.65118e-16 3.46522e-17 r
56433.8 9.63039e-16 3.46669e-17 r
56434.8 9.60651e-16 3.46013e-17 r
56435.8 9.57953e-16 3.44586e-17 r
56436.8 9.54948e-16 3.42429e-17 r
56437.8 9.51638e-16 3.39586e-17 r
56438.8 9.48026e-16 3.36106e-17 r
56439.8 9.44119e-16 3.32045e-17 r
56440.8 9.3992e-16 3.27463e-17 r
56441.8 9.35436e-16 3.22424e-17 r
56442.8 9.30673e-16 3.16997e-17 r
56443.8 9.25637e-16 3.11257e-17 r
56444.8 9.20338e-16 3.05282e-17 r
56445.8 9.14781e-16 2.99153e-17 r
56446.8 9.08977e-16 2.9296e-17 r
56447.8 9.02932e-16 2.86791e-17 r
56448.8 8.96656e-16 2.80743e-17 r
56449.8 8.90157e-16 2.74912e-17 r
56450.8 8.83445e-16 2.69399e-17 r
56451.8 8.76528e-16 2.64303e-17 r
56452.8 8.69417e-16 2.59723e-17 r
56453.8 8.62119e-16 2.55755e-17 r
56454.8 8.54645e-16 2.52487e-17 r
56455.8 8.47004e-16 2.5e-17 r
56456.8 8.39205e-16 2.48361e-17 r
56457.8 8.31257e-16 2.47623e-17 r
56458.8 8.23169e-16 2.47821e-17 r
56459.8 8.1495e-16 2.48972e-17 r
56460.8 8.0661e-16 2.51075e-17 r
56461.8 7.98156e-16 2.54108e-17 r
56462.8 7.89598e-16 2.58037e-17 r
56463.8 7.80944e-16 2.62811e-17 r
56464.8 7.72202e-16 2.68369e-17 r
56465.8 7.63381e-16 2.74644e-17 r
56466.8 7.54488e-16 2.81563e-17 r
56467.8 7.45531e-16 2.89052e-17 r
56468.8 7.36519e-16 2.97036e-17 r
56469.8 7.27457e-16 3.05444e-17 r
56470.8 7.18354e-16 3.14205e-17 r
56471.8 7.09216e-16 3.23254e-17 r
56472.8 7.0005e-16 3.32531e-17 r
56473.8 6.90863e-16 3.4198e-17 r
56474.8 6.81661e-16 3.51547e-17 r
56475.8 6.7245e-16 3.61187e-17 r
56476.8 6.63236e-16 3.70855e-17 r
56477.8 6.54025e-16 3.80514e-17 r
56478.8 6.44823e-16 3.90129e-17 r
56479.8 6.35634e-16 3.99667e-17 r
56480.8 6.26464e-16 4.091e-17 r
56481.8 6.17317e-16 4.18403e-17 r
56482.8 6.08199e-16 4.27554e-17 r
56483.8 5.99114e-16 4.36533e-17 r
56484.8 5.90066e-16 4.45321e-17 r
56485.8 5.81059e-16 4.53903e-17 r
56486.8 5.72098e-16 4.62266e-17 r
56487.8 5.63185e-16 4.70397e-17 r
56488.8 5.54325e-16 4.78286e-17 r
56489.8 5.45521e-16 4.85923e-17 r
56490.8 5.36775e-16 4.93302e-17 r
56491.8 5.28092e-16 5.00416e-17 r
56492.8 5.19474e-16 5.0726e-17 r
56493.8 5.10923e-16 5.13829e-17 r
56494.8 5.02442e-16 5.2012e-17 r
56495.8 4.94034e-16 5.26131e-17 r
56496.8 4.85701e-16 5.31859e-17 r
56497.8 4.77444e-16 5.37305e-17 r
56498.8 4.69266e-16 5.42468e-17 r
56499.8 4.61169e-16 5.47348e-17 r
56500.8 4.53154e-16 5.51946e-17 r
56501.8 4.45222e-16 5.56264e-17 r
56502.8 4.37376e-16 5.60303e-17 r
56503.8 4.29616e-16 5.64066e-17 r
56504.8 4.21944e-16 5.67556e-17 r
56505.8 4.1436e-16 5.70776e-17 r
56506.8 4.06866e-16 5.7373e-17 r
56507.8 3.99463e-16 5.7642e-17 r
56508.8 3.92151e-16 5.78851e-17 r
56509.8 3.8493e-16 5.81027e-17 r
56510.8 3.77802e-16 5.82953e-17 r
56511.8 3.70767e-16 5.84633e-17 r
56512.8 3.63825e-16 5.86073e-17 r
56513.8 3.56977e-16 5.87276e-17 r
56514.8 3.50222e-16 5.88249e-17 r
56515.8 3.43562e-16 5.88995e-17 r
56516.8 3.36995e-16 5.89522e-17 r
56517.8 3.30522e-16 5.89833e-17 r
56518.8 3.24143e-16 5.89935e-17 r
56519.8 3.17858e-16 5.89832e-17 r
56520.8 3.11666e-16 5.8953e-17 r
56521.8 3.05568e-16 5.89036e-17 r
56522.8 2.99562e-16 5.88353e-17 r
56523.8 2.9365e-16 5.87489e-17 r
56524.8 2.87829e-16 5.86448e-17 r
56525.8 2.821e-16 5.85235e-17 r
56526.8 2.76462e-16 5.83857e-17 r
56527.8 2.70916e-16 5.82319e-17 r
56528.8 2.65459e-16 5.80626e-17 r
56529.8 2.60091e-16 5.78784e-17 r
56530.8 2.54813e-16 5.76798e-17 r
56531.8 2.49623e-16 5.74672e-17 r
56532.8 2.4452e-16 5.72414e-17 r
56533.8 2.39504e-16 5.70026e-17 r
56534.8 2.34574e-16 5.67516e-17 r
56535.8 2.29729e-16 5.64886e-17 r
56536.8 2.24969e-16 5.62144e-17 r
56537.8 2.20291e-16 5.59292e-17 r
56538.8 2.15697e-16 5.56337e-17 r
56539.8 2.11184e-16 5.53282e-17 r
56540.8 2.06753e-16 5.50133e-17 r
56541.8 2.02401e-16 5.46894e-17 r
56542.8 1.98128e-16 5.43568e-17 r
56543.8 1.93934e-16 5.40162e-17 r
56544.8 1.89816e-16 5.36677e-17 r
56545.8 1.85775e-16 5.3312e-17 r
56546.8 1.81809e-16 5.29494e-17 r
56547.8 1.77917e-16 5.25803e-17 r
56548.8 1.74099e-16 5.2205e-17 r
56549.8 1.70353e-16 5.1824e-17 r
56550.8 1.66679e-16 5.14375e-17 r
56551.8 1.63074e-16 5.10461e-17 r
56552.8 1.5954e-16 5.06499e-17 r
56553.8 1.56073e-16 5.02494e-17 r
56554.8 1.52674e-16 4.98449e-17 r
56555.8 1.49342e-16 4.94367e-17 r
56556.8 1.46075e-16 4.9025e-17 r
56557.8 1.42872e-16 4.86103e-17 r
56558.8 1.39733e-16 4.81928e-17 r
56559.8 1.36656e-16 4.77727e-17 r
56560.8 1.33641e-16 4.73504e-17 r
56561.8 1.30686e-16 4.69262e-17 r
56562.8 1.27791e-16 4.65001e-17 r
56563.8 1.24954e-16 4.60727e-17 r
56564.8 1.22176e-16 4.5644e-17 r
56565.8 1.19453e-16 4.52142e-17 r
56566.8 1.16787e-16 4.47837e-17 r
56567.8 1.14175e-16 4.43527e-17 r
56568.8 1.11618e-16 4.39212e-17 r
56569.8 1.09113e-16 4.34897e-17 r
56570.8 1.0666e-16 4.30581e-17 r
56571.8 1.04259e-16 4.26268e-17 r
56572.8 1.01907e-16 4.21959e-17 r
56573.8 9.96054e-17 4.17656e-17 r
56574.8 9.73519e-17 4.1336e-17 r
56575.8 9.51461e-17 4.09073e-17 r
56576.8 9.29869e-17 4.04797e-17 r
56577.8 9.08737e-17 4.00533e-17 r
56578.8 8.88055e-17 3.96282e-17 r
56579.8 8.67815e-17 3.92045e-17 r
56580.8 8.4801e-17 3.87825e-17 r
56581.8 8.2863e-17 3.83622e-17 r
56582.8 8.09668e-17 3.79438e-17 r
56583.8 7.91116e-17 3.75272e-17 r
56584.8 7.72966e-17 3.71128e-17 r
56585.8 7.55211e-17 3.67005e-17 r
56586.8 7.37843e-17 3.62904e-17 r
56587.8 7.20854e-17 3.58827e-17 r
56588.8 7.04237e-17 3.54774e-17 r
56589.8 6.87984e-17 3.50746e-17 r
56590.8 6.7209e-17 3.46744e-17 r
56591.8 6.56545e-17 3.42768e-17 r
56592.8 6.41345e-17 3.3882e-17 r
56593.8 6.26481e-17 3.349e-17 r
56594.8 6.11947e-17 3.31008e-17 r
56595.8 5.97737e-17 3.27145e-17 r
56596.8 5.83843e-17 3.23311e-17 r
56597.8 5.70259e-17 3.19508e-17 r
56598.8 5.5698e-17 3.15735e-17 r
56599.8 5.43999e-17 3.11993e-17 r
56600.8 5.31309e-17 3.08282e-17 r
56601.8 5.18905e-17 3.04603e-17 r
56602.8 5.06781e-17 3.00956e-17 r
56603.8 4.9493e-17 2.97341e-17 r
56604.8 4.83348e-17 2.93759e-17 r
56605.8 4.72029e-17 2.90209e-17 r
56606.8 4.60967e-17 2.86692e-17 r
56607.8 4.50156e-17 2.83209e-17 r
56608.8 4.39592e-17 2.79758e-17 r
56609.8 4.29269e-17 2.76342e-17 r
56610.8 4.19183e-17 2.72958e-17 r
56611.8 4.09327e-17 2.69609e-17 r
56612.8 3.99697e-17 2.66293e-17 r
