54403.1 7.02363e-15 1.42406e-16 BessellU
54404.1 6.82134e-15 1.26064e-16 BessellU
54405.1 6.61989e-15 1.10864e-16 BessellU
54406.1 6.41936e-15 9.67781e-17 BessellU
54407.1 6.21987e-15 8.37771e-17 BessellU
54408.1 6.02154e-15 7.18311e-17 BessellU
54409.1 5.82448e-15 6.0909e-17 BessellU
54410.1 5.62879e-15 5.0979e-17 BessellU
54411.1 5.43459e-15 4.20092e-17 BessellU
54412.1 5.24201e-15 3.39675e-17 BessellU
54413.1 5.05116e-15 2.68236e-17 BessellU
54414.1 4.86215e-15 2.05507e-17 BessellU
54415.1 4.6751e-15 1.51313e-17 BessellU
54416.1 4.49014e-15 1.05723e-17 BessellU
54417.1 4.30738e-15 6.9505e-18 BessellU
54418.1 4.12695e-15 4.54678e-18 BessellU
54419.1 3.94895e-15 3.8748e-18 BessellU
54420.1 3.77352e-15 4.58303e-18 BessellU
54421.1 3.60078e-15 5.59807e-18 BessellU
54422.1 3.43083e-15 6.42355e-18 BessellU
54423.1 3.2638e-15 6.93715e-18 BessellU
54424.1 3.09981e-15 7.13885e-18 BessellU
54425.1 2.93898e-15 7.07981e-18 BessellU
54426.1 2.78141e-15 6.84884e-18 BessellU
54427.1 2.62723e-15 6.57686e-18 BessellU
54428.1 2.47655e-15 6.44009e-18 BessellU
54429.1 2.32948e-15 6.63255e-18 BessellU
54430.1 2.18612e-15 7.28972e-18 BessellU
54431.1 2.04659e-15 8.42612e-18 BessellU
54432.1 1.911e-15 9.96235e-18 BessellU
54433.1 1.77944e-15 1.17926e-17 BessellU
54434.1 1.65201e-15 1.38224e-17 BessellU
54435.1 1.52882e-15 1.59759e-17 BessellU
54436.1 1.40996e-15 1.81924e-17 BessellU
54437.1 1.29552e-15 2.04217e-17 BessellU
54438.1 1.1856e-15 2.26214e-17 BessellU
54439.1 1.08027e-15 2.47546e-17 BessellU
54440.1 9.79624e-16 2.6789e-17 BessellU
54441.1 8.83738e-16 2.86967e-17 BessellU
54442.1 7.92687e-16 3.04537e-17 BessellU
54443.1 7.06545e-16 3.20413e-17 BessellU
54444.1 6.2538e-16 3.34459e-17 BessellU
54445.1 5.49255e-16 3.46609e-17 BessellU
54446.1 4.78232e-16 3.56881e-17 BessellU
54447.1 4.12366e-16 3.65402e-17 BessellU
54448.1 3.5171e-16 3.72437e-17 BessellU
54449.1 2.96312e-16 3.78423e-17 BessellU
54450.1 2.46215e-16 3.84011e-17 BessellU
54451.1 2.01458e-16 3.90109e-17 BessellU
54452.1 1.62077e-16 3.97898e-17 BessellU
54453.1 1.28101e-16 4.08835e-17 BessellU
54454.1 9.95571e-17 4.24582e-17 BessellU
54455.1 7.64659e-17 4.46884e-17 BessellU
54456.1 5.88447e-17 4.77393e-17 BessellU
54457.1 4.67059e-17 5.17502e-17 BessellU
54458.1 4.00575e-17 5.68246e-17 BessellU
54459.1 3.8903e-17 6.30294e-17 BessellU
54460.1 4.32414e-17 7.0402e-17 BessellU
54461.1 5.30673e-17 7.89601e-17 BessellU
54462.1 6.83708e-17 8.87109e-17 BessellU
54463.1 8.91378e-17 9.96579e-17 BessellU
54464.1 1.1535e-16 1.11805e-16 BessellU
54465.1 1.46984e-16 1.25158e-16 BessellU
54466.1 1.84013e-16 1.39727e-16 BessellU
54467.1 2.26407e-16 1.55524e-16 BessellU
54468.1 2.74129e-16 1.72565e-16 BessellU
54469.1 3.27141e-16 1.90867e-16 BessellU
54470.1 3.85399e-16 2.1045e-16 BessellU
54471.1 4.48858e-16 2.31334e-16 BessellU
54400.9 4.52669e-16 2.34721e-17 BessellI
54401.9 4.52404e-16 2.22843e-17 BessellI
54402.9 4.52114e-16 2.11328e-17 BessellI
54403.9 4.51798e-16 2.00191e-17 BessellI
54404.9 4.51454e-16 1.89448e-17 BessellI
54405.9 4.51083e-16 1.79119e-17 BessellI
54406.9 4.50682e-16 1.6922e-17 BessellI
54407.9 4.5025e-16 1.59771e-17 BessellI
54408.9 4.49786e-16 1.50791e-17 BessellI
54409.9 4.4929e-16 1.42301e-17 BessellI
54410.9 4.4876e-16 1.34318e-17 BessellI
54411.9 4.48194e-16 1.26863e-17 BessellI
54412.9 4.47593e-16 1.19953e-17 BessellI
54413.9 4.46953e-16 1.13604e-17 BessellI
54414.9 4.46275e-16 1.07828e-17 BessellI
54415.9 4.45558e-16 1.02632e-17 BessellI
54416.9 4.448e-16 9.80176e-18 BessellI
54417.9 4.44e-16 9.39789e-18 BessellI
54418.9 4.43157e-16 9.05009e-18 BessellI
54419.9 4.4227e-16 8.75591e-18 BessellI
54420.9 4.41338e-16 8.51197e-18 BessellI
54421.9 4.4036e-16 8.31402e-18 BessellI
54422.9 4.39335e-16 8.15709e-18 BessellI
54423.9 4.38262e-16 8.03567e-18 BessellI
54424.9 4.37141e-16 7.94398e-18 BessellI
54425.9 4.3597e-16 7.87617e-18 BessellI
54426.9 4.34748e-16 7.82654e-18 BessellI
54427.9 4.33475e-16 7.7897e-18 BessellI
54428.9 4.3215e-16 7.76071e-18 BessellI
54429.9 4.30773e-16 7.73513e-18 BessellI
54430.9 4.29341e-16 7.70907e-18 BessellI
54431.9 4.27856e-16 7.67918e-18 BessellI
54432.9 4.26316e-16 7.64265e-18 BessellI
54433.9 4.2472e-16 7.59714e-18 BessellI
54434.9 4.23069e-16 7.54081e-18 BessellI
54435.9 4.21361e-16 7.4722e-18 BessellI
54436.9 4.19597e-16 7.39024e-18 BessellI
54437.9 4.17775e-16 7.2942e-18 BessellI
54438.9 4.15896e-16 7.18364e-18 BessellI
54439.9 4.1396e-16 7.05838e-18 BessellI
54440.9 4.11965e-16 6.91849e-18 BessellI
54441.9 4.09913e-16 6.76423e-18 BessellI
54442.9 4.07802e-16 6.59606e-18 BessellI
54443.9 4.05633e-16 6.41461e-18 BessellI
54444.9 4.03406e-16 6.22064e-18 BessellI
54445.9 4.01121e-16 6.01507e-18 BessellI
54446.9 3.98777e-16 5.79894e-18 BessellI
54447.9 3.96376e-16 5.57341e-18 BessellI
54448.9 3.93917e-16 5.33973e-18 BessellI
54449.9 3.91401e-16 5.09928e-18 BessellI
54450.9 3.88827e-16 4.85356e-18 BessellI
54451.9 3.86197e-16 4.60415e-18 BessellI
54452.9 3.83511e-16 4.35276e-18 BessellI
54453.9 3.8077e-16 4.10124e-18 BessellI
54454.9 3.77973e-16 3.85156e-18 BessellI
54455.9 3.75122e-16 3.60586e-18 BessellI
54456.9 3.72217e-16 3.36646e-18 BessellI
54457.9 3.6926e-16 3.13587e-18 BessellI
54458.9 3.6625e-16 2.91682e-18 BessellI
54459.9 3.63189e-16 2.71224e-18 BessellI
54460.9 3.60078e-16 2.52522e-18 BessellI
54461.9 3.56918e-16 2.35889e-18 BessellI
54462.9 3.5371e-16 2.21624e-18 BessellI
54463.9 3.50455e-16 2.09977e-18 BessellI
54464.9 3.47154e-16 2.01109e-18 BessellI
54465.9 3.43808e-16 1.95053e-18 BessellI
54466.9 3.4042e-16 1.91685e-18 BessellI
54467.9 3.36989e-16 1.90732e-18 BessellI
54468.9 3.33518e-16 1.91796e-18 BessellI
54469.9 3.30008e-16 1.94414e-18 BessellI
54470.9 3.26461e-16 1.98103e-18 BessellI
54471.9 3.22878e-16 2.02408e-18 BessellI
54472.9 3.19261e-16 2.06923e-18 BessellI
54473.9 3.15611e-16 2.11306e-18 BessellI
54474.9 3.1193e-16 2.15282e-18 BessellI
54475.9 3.08221e-16 2.1864e-18 BessellI
54476.9 3.04484e-16 2.21226e-18 BessellI
54477.9 3.00722e-16 2.22946e-18 BessellI
54478.9 2.96937e-16 2.23758e-18 BessellI
54479.9 2.9313e-16 2.23677e-18 BessellI
54480.9 2.89304e-16 2.22773e-18 BessellI
54481.9 2.8546e-16 2.21177e-18 BessellI
54482.9 2.81601e-16 2.19085e-18 BessellI
54483.9 2.77729e-16 2.16769e-18 BessellI
54484.9 2.73846e-16 2.14577e-18 BessellI
54485.9 2.69953e-16 2.12933e-18 BessellI
54486.9 2.66054e-16 2.12336e-18 BessellI
54487.9 2.62149e-16 2.13327e-18 BessellI
54488.9 2.58242e-16 2.16459e-18 BessellI
54489.9 2.54334e-16 2.22234e-18 BessellI
54490.9 2.50428e-16 2.31052e-18 BessellI
54491.9 2.46526e-16 2.43167e-18 BessellI
54492.9 2.42629e-16 2.58673e-18 BessellI
54493.9 2.3874e-16 2.77522e-18 BessellI
54494.9 2.34862e-16 2.99555e-18 BessellI
54495.9 2.30995e-16 3.24545e-18 BessellI
54496.9 2.27143e-16 3.52233e-18 BessellI
54497.9 2.23307e-16 3.8235e-18 BessellI
54498.9 2.19489e-16 4.14633e-18 BessellI
54499.9 2.15691e-16 4.48831e-18 BessellI
54500.9 2.11915e-16 4.84713e-18 BessellI
54501.9 2.08163e-16 5.22059e-18 BessellI
54502.9 2.04436e-16 5.60669e-18 BessellI
54503.9 2.00737e-16 6.00353e-18 BessellI
54504.9 1.97067e-16 6.40935e-18 BessellI
54505.9 1.93427e-16 6.82248e-18 BessellI
54506.9 1.8982e-16 7.24136e-18 BessellI
54507.9 1.86246e-16 7.6645e-18 BessellI
54508.9 1.82708e-16 8.09049e-18 BessellI
54509.9 1.79206e-16 8.51799e-18 BessellI
54510.9 1.75742e-16 8.94573e-18 BessellI
54511.9 1.72316e-16 9.37251e-18 BessellI
54512.9 1.68931e-16 9.79719e-18 BessellI
54400.3 1.28331e-15 3.44467e-16 BessellB
54401.3 1.34433e-15 3.356e-16 BessellB
54402.3 1.40651e-15 3.25065e-16 BessellB
54403.3 1.46955e-15 3.12825e-16 BessellB
54404.3 1.5331e-15 2.98876e-16 BessellB
54405.3 1.59673e-15 2.83254e-16 BessellB
54406.3 1.65998e-15 2.66035e-16 BessellB
54407.3 1.72233e-15 2.47349e-16 BessellB
54408.3 1.78319e-15 2.27381e-16 BessellB
54409.3 1.84194e-15 2.06372e-16 BessellB
54410.3 1.89792e-15 1.84621e-16 BessellB
54411.3 1.95048e-15 1.62477e-16 BessellB
54412.3 1.99893e-15 1.4033e-16 BessellB
54413.3 2.04262e-15 1.18594e-16 BessellB
54414.3 2.08095e-15 9.76932e-17 BessellB
54415.3 2.11337e-15 7.80395e-17 BessellB
54416.3 2.13943e-15 6.00197e-17 BessellB
54417.3 2.15879e-15 4.39957e-17 BessellB
54418.3 2.1712e-15 3.03481e-17 BessellB
54419.3 2.17657e-15 1.96497e-17 BessellB
54420.3 2.17489e-15 1.31355e-17 BessellB
54421.3 2.16633e-15 1.21701e-17 BessellB
54422.3 2.15111e-15 1.45861e-17 BessellB
54423.3 2.12959e-15 1.72863e-17 BessellB
54424.3 2.10219e-15 1.91606e-17 BessellB
54425.3 2.0694e-15 2.00178e-17 BessellB
54426.3 2.03176e-15 1.9945e-17 BessellB
54427.3 1.9898e-15 1.91162e-17 BessellB
54428.3 1.94412e-15 1.77294e-17 BessellB
54429.3 1.89527e-15 1.59812e-17 BessellB
54430.3 1.8438e-15 1.40566e-17 BessellB
54431.3 1.79024e-15 1.21266e-17 BessellB
54432.3 1.73509e-15 1.0348e-17 BessellB
54433.3 1.67881e-15 8.86214e-18 BessellB
54434.3 1.62183e-15 7.78142e-18 BessellB
54435.3 1.56454e-15 7.15588e-18 BessellB
54436.3 1.50729e-15 6.94001e-18 BessellB
54437.3 1.45037e-15 7.00809e-18 BessellB
54438.3 1.39406e-15 7.21675e-18 BessellB
54439.3 1.3386e-15 7.45555e-18 BessellB
54440.3 1.28418e-15 7.65966e-18 BessellB
54441.3 1.23097e-15 7.80195e-18 BessellB
54442.3 1.17912e-15 7.88129e-18 BessellB
54443.3 1.12873e-15 7.913e-18 BessellB
54444.3 1.0799e-15 7.92168e-18 BessellB
54445.3 1.0327e-15 7.93558e-18 BessellB
54446.3 9.87183e-16 7.98161e-18 BessellB
54447.3 9.43375e-16 8.08107e-18 BessellB
54448.3 9.01302e-16 8.24655e-18 BessellB
54449.3 8.60971e-16 8.48061e-18 BessellB
54450.3 8.22379e-16 8.77655e-18 BessellB
54451.3 7.85514e-16 9.1207e-18 BessellB
54452.3 7.50355e-16 9.49535e-18 BessellB
54453.3 7.16878e-16 9.88139e-18 BessellB
54454.3 6.85048e-16 1.02603e-17 BessellB
54455.3 6.54831e-16 1.06154e-17 BessellB
54456.3 6.26186e-16 1.09324e-17 BessellB
54457.3 5.9907e-16 1.11997e-17 BessellB
54458.3 5.73438e-16 1.1408e-17 BessellB
54459.3 5.49244e-16 1.1551e-17 BessellB
54460.3 5.26439e-16 1.16245e-17 BessellB
54461.3 5.04976e-16 1.16266e-17 BessellB
54462.3 4.84806e-16 1.1558e-17 BessellB
54463.3 4.65879e-16 1.14215e-17 BessellB
54464.3 4.48147e-16 1.12228e-17 BessellB
54465.3 4.31563e-16 1.09704e-17 BessellB
54466.3 4.16078e-16 1.06765e-17 BessellB
54467.3 4.01648e-16 1.03576e-17 BessellB
54468.3 3.88224e-16 1.00355e-17 BessellB
54469.3 3.75764e-16 9.73812e-18 BessellB
54470.3 3.64224e-16 9.49978e-18 BessellB
54471.3 3.53561e-16 9.36032e-18 BessellB
54472.3 3.43735e-16 9.36204e-18 BessellB
54473.3 3.34705e-16 9.54425e-18 BessellB
54474.3 3.26433e-16 9.9367e-18 BessellB
54475.3 3.18882e-16 1.05548e-17 BessellB
54476.3 3.12015e-16 1.13991e-17 BessellB
54477.3 3.05798e-16 1.24585e-17 BessellB
54478.3 3.00197e-16 1.37158e-17 BessellB
54479.3 2.9518e-16 1.51515e-17 BessellB
54480.3 2.90716e-16 1.67471e-17 BessellB
54481.3 2.86775e-16 1.84862e-17 BessellB
54482.3 2.83328e-16 2.03548e-17 BessellB
54483.3 2.80347e-16 2.23411e-17 BessellB
54484.3 2.77807e-16 2.44352e-17 BessellB
54485.3 2.75681e-16 2.66289e-17 BessellB
54486.3 2.73946e-16 2.89149e-17 BessellB
54487.3 2.72577e-16 3.12873e-17 BessellB
54488.3 2.71553e-16 3.37406e-17 BessellB
54489.3 2.70853e-16 3.627e-17 BessellB
54490.3 2.70454e-16 3.88711e-17 BessellB
54491.3 2.70339e-16 4.15401e-17 BessellB
54492.3 2.70488e-16 4.42731e-17 BessellB
54493.3 2.70883e-16 4.70667e-17 BessellB
54494.3 2.71507e-16 4.99176e-17 BessellB
54495.3 2.72344e-16 5.28226e-17 BessellB
54496.3 2.73378e-16 5.57787e-17 BessellB
54497.3 2.74594e-16 5.87829e-17 BessellB
54498.3 2.75978e-16 6.18324e-17 BessellB
54499.3 2.77516e-16 6.49244e-17 BessellB
54500.3 2.79196e-16 6.80561e-17 BessellB
54501.3 2.81006e-16 7.1225e-17 BessellB
54502.3 2.82932e-16 7.44282e-17 BessellB
54503.3 2.84965e-16 7.76634e-17 BessellB
54504.3 2.87094e-16 8.0928e-17 BessellB
54505.3 2.89308e-16 8.42195e-17 BessellB
54506.3 2.91598e-16 8.75354e-17 BessellB
54507.3 2.93955e-16 9.08733e-17 BessellB
54508.3 2.9637e-16 9.42309e-17 BessellB
54509.3 2.98835e-16 9.76059e-17 BessellB
54510.3 3.01342e-16 1.00996e-16 BessellB
54399.8 2.07277e-20 4.16673e-20 BessellR
54400.8 3.87372e-20 6.97183e-20 BessellR
54401.8 7.28659e-20 1.17376e-19 BessellR
54402.8 1.37971e-19 1.98705e-19 BessellR
54403.8 2.63002e-19 3.37956e-19 BessellR
54404.8 5.04749e-19 5.76803e-19 BessellR
54405.8 9.75326e-19 9.86359e-19 BessellR
54406.8 1.89738e-18 1.68635e-18 BessellR
54407.8 3.71512e-18 2.87351e-18 BessellR
54408.8 7.31669e-18 4.85694e-18 BessellR
54409.8 1.44724e-17 8.08126e-18 BessellR
54410.8 2.86627e-17 1.30657e-17 BessellR
54411.8 5.64839e-17 2.00616e-17 BessellR
54412.8 1.09399e-16 2.80661e-17 BessellR
54413.8 2.03562e-16 3.32974e-17 BessellR
54414.8 3.50866e-16 3.08753e-17 BessellR
54415.8 5.37011e-16 2.71191e-17 BessellR
54416.8 7.14422e-16 3.06322e-17 BessellR
54417.8 8.41338e-16 2.8788e-17 BessellR
54418.8 9.12502e-16 2.12428e-17 BessellR
54419.8 9.44039e-16 1.43571e-17 BessellR
54420.8 9.52736e-16 1.11765e-17 BessellR
54421.8 9.49579e-16 1.06927e-17 BessellR
54422.8 9.40616e-16 1.08432e-17 BessellR
54423.8 9.28931e-16 1.07998e-17 BessellR
54424.8 9.16047e-16 1.04742e-17 BessellR
54425.8 9.02707e-16 9.95163e-18 BessellR
54426.8 8.89268e-16 9.31995e-18 BessellR
54427.8 8.75903e-16 8.64001e-18 BessellR
54428.8 8.62696e-16 7.94905e-18 BessellR
54429.8 8.49683e-16 7.26859e-18 BessellR
54430.8 8.36882e-16 6.61073e-18 BessellR
54431.8 8.24299e-16 5.9822e-18 BessellR
54432.8 8.11935e-16 5.38684e-18 BessellR
54433.8 7.99789e-16 4.82711e-18 BessellR
54434.8 7.87857e-16 4.30501e-18 BessellR
54435.8 7.76136e-16 3.8227e-18 BessellR
54436.8 7.64623e-16 3.38297e-18 BessellR
54437.8 7.53313e-16 2.98973e-18 BessellR
54438.8 7.42203e-16 2.64827e-18 BessellR
54439.8 7.3129e-16 2.36539e-18 BessellR
54440.8 7.20569e-16 2.14865e-18 BessellR
54441.8 7.10036e-16 2.00453e-18 BessellR
54442.8 6.99689e-16 1.93532e-18 BessellR
54443.8 6.89524e-16 1.93663e-18 BessellR
54444.8 6.79537e-16 1.99764e-18 BessellR
54445.8 6.69724e-16 2.10417e-18 BessellR
54446.8 6.60084e-16 2.2423e-18 BessellR
54447.8 6.50611e-16 2.40046e-18 BessellR
54448.8 6.41303e-16 2.56995e-18 BessellR
54449.8 6.32158e-16 2.7446e-18 BessellR
54450.8 6.23171e-16 2.92016e-18 BessellR
54451.8 6.1434e-16 3.0938e-18 BessellR
54452.8 6.05662e-16 3.26365e-18 BessellR
54453.8 5.97134e-16 3.42856e-18 BessellR
54454.8 5.88753e-16 3.58783e-18 BessellR
54455.8 5.80517e-16 3.74112e-18 BessellR
54456.8 5.72422e-16 3.88831e-18 BessellR
54457.8 5.64466e-16 4.02947e-18 BessellR
54458.8 5.56646e-16 4.16478e-18 BessellR
54459.8 5.4896e-16 4.29451e-18 BessellR
54460.8 5.41405e-16 4.41898e-18 BessellR
54461.8 5.33979e-16 4.53858e-18 BessellR
54462.8 5.26679e-16 4.65369e-18 BessellR
54463.8 5.19503e-16 4.76476e-18 BessellR
54464.8 5.12448e-16 4.8722e-18 BessellR
54465.8 5.05513e-16 4.97646e-18 BessellR
54466.8 4.98695e-16 5.07797e-18 BessellR
54467.8 4.91992e-16 5.17716e-18 BessellR
54468.8 4.85401e-16 5.27445e-18 BessellR
54469.8 4.78921e-16 5.37025e-18 BessellR
54470.8 4.72549e-16 5.46497e-18 BessellR
54471.8 4.66284e-16 5.55897e-18 BessellR
54472.8 4.60123e-16 5.65262e-18 BessellR
54473.8 4.54065e-16 5.74626e-18 BessellR
54474.8 4.48107e-16 5.84022e-18 BessellR
54475.8 4.42248e-16 5.93478e-18 BessellR
54476.8 4.36485e-16 6.03024e-18 BessellR
54477.8 4.30818e-16 6.12685e-18 BessellR
54478.8 4.25244e-16 6.22483e-18 BessellR
54479.8 4.19761e-16 6.3244e-18 BessellR
54480.8 4.14368e-16 6.42574e-18 BessellR
54481.8 4.09063e-16 6.52902e-18 BessellR
54482.8 4.03844e-16 6.63437e-18 BessellR
54483.8 3.98711e-16 6.74191e-18 BessellR
54484.8 3.9366e-16 6.85174e-18 BessellR
54485.8 3.88692e-16 6.96395e-18 BessellR
54486.8 3.83803e-16 7.07859e-18 BessellR
54487.8 3.78993e-16 7.19569e-18 BessellR
54488.8 3.74261e-16 7.31529e-18 BessellR
54489.8 3.69604e-16 7.43739e-18 BessellR
54490.8 3.65022e-16 7.56199e-18 BessellR
54491.8 3.60512e-16 7.68906e-18 BessellR
54492.8 3.56075e-16 7.81858e-18 BessellR
54493.8 3.51707e-16 7.95051e-18 BessellR
54494.8 3.47409e-16 8.08478e-18 BessellR
54495.8 3.43179e-16 8.22135e-18 BessellR
54496.8 3.39015e-16 8.36014e-18 BessellR
54497.8 3.34916e-16 8.50108e-18 BessellR
54498.8 3.30881e-16 8.64408e-18 BessellR
54499.8 3.2691e-16 8.78907e-18 BessellR
54500.8 3.23e-16 8.93595e-18 BessellR
54501.8 3.19151e-16 9.08464e-18 BessellR
54502.8 3.15361e-16 9.23503e-18 BessellR
54503.8 3.1163e-16 9.38703e-18 BessellR
54504.8 3.07956e-16 9.54054e-18 BessellR
54505.8 3.04338e-16 9.69547e-18 BessellR
54506.8 3.00776e-16 9.85171e-18 BessellR
54507.8 2.97268e-16 1.00092e-17 BessellR
54508.8 2.93813e-16 1.01678e-17 BessellR
54509.8 2.90411e-16 1.03274e-17 BessellR
54510.8 2.8706e-16 1.04879e-17 BessellR
54511.8 2.8376e-16 1.06492e-17 BessellR
54512.8 2.80509e-16 1.08113e-17 BessellR
54513.8 2.77307e-16 1.09741e-17 BessellR
54400.3 5.90988e-16 8.52226e-17 BessellV
54401.3 6.26041e-16 8.34249e-17 BessellV
54402.3 6.62219e-16 8.1143e-17 BessellV
54403.3 6.99391e-16 7.83693e-17 BessellV
54404.3 7.37397e-16 7.51056e-17 BessellV
54405.3 7.76047e-16 7.13654e-17 BessellV
54406.3 8.15119e-16 6.71749e-17 BessellV
54407.3 8.54359e-16 6.25744e-17 BessellV
54408.3 8.93487e-16 5.76185e-17 BessellV
54409.3 9.32198e-16 5.23759e-17 BessellV
54410.3 9.70167e-16 4.69287e-17 BessellV
54411.3 1.00706e-15 4.13708e-17 BessellV
54412.3 1.04252e-15 3.58055e-17 BessellV
54413.3 1.07622e-15 3.03434e-17 BessellV
54414.3 1.10782e-15 2.51001e-17 BessellV
54415.3 1.13702e-15 2.0197e-17 BessellV
54416.3 1.16355e-15 1.57664e-17 BessellV
54417.3 1.18716e-15 1.19671e-17 BessellV
54418.3 1.20765e-15 9.01477e-18 BessellV
54419.3 1.2249e-15 7.18711e-18 BessellV
54420.3 1.23881e-15 6.62063e-18 BessellV
54421.3 1.24934e-15 6.97504e-18 BessellV
54422.3 1.25652e-15 7.67313e-18 BessellV
54423.3 1.2604e-15 8.32955e-18 BessellV
54424.3 1.2611e-15 8.77741e-18 BessellV
54425.3 1.25877e-15 8.96889e-18 BessellV
54426.3 1.25359e-15 8.91273e-18 BessellV
54427.3 1.24575e-15 8.64461e-18 BessellV
54428.3 1.23549e-15 8.21271e-18 BessellV
54429.3 1.22304e-15 7.67031e-18 BessellV
54430.3 1.20862e-15 7.07147e-18 BessellV
54431.3 1.19249e-15 6.46841e-18 BessellV
54432.3 1.17488e-15 5.90906e-18 BessellV
54433.3 1.156e-15 5.43412e-18 BessellV
54434.3 1.13607e-15 5.07267e-18 BessellV
54435.3 1.1153e-15 4.83752e-18 BessellV
54436.3 1.09386e-15 4.72291e-18 BessellV
54437.3 1.07193e-15 4.70754e-18 BessellV
54438.3 1.04965e-15 4.76227e-18 BessellV
54439.3 1.02718e-15 4.85815e-18 BessellV
54440.3 1.00464e-15 4.97166e-18 BessellV
54441.3 9.82126e-16 5.08651e-18 BessellV
54442.3 9.59741e-16 5.1932e-18 BessellV
54443.3 9.37567e-16 5.28772e-18 BessellV
54444.3 9.15676e-16 5.37003e-18 BessellV
54445.3 8.94127e-16 5.44275e-18 BessellV
54446.3 8.72971e-16 5.50994e-18 BessellV
54447.3 8.52249e-16 5.57623e-18 BessellV
54448.3 8.31995e-16 5.64604e-18 BessellV
54449.3 8.12236e-16 5.72303e-18 BessellV
54450.3 7.92992e-16 5.8097e-18 BessellV
54451.3 7.74278e-16 5.90724e-18 BessellV
54452.3 7.56105e-16 6.01546e-18 BessellV
54453.3 7.38479e-16 6.13294e-18 BessellV
54454.3 7.21402e-16 6.25723e-18 BessellV
54455.3 7.04874e-16 6.38511e-18 BessellV
54456.3 6.88892e-16 6.51287e-18 BessellV
54457.3 6.7345e-16 6.63656e-18 BessellV
54458.3 6.58542e-16 6.75223e-18 BessellV
54459.3 6.44159e-16 6.85603e-18 BessellV
54460.3 6.30291e-16 6.94443e-18 BessellV
54461.3 6.16927e-16 7.01422e-18 BessellV
54462.3 6.04055e-16 7.06261e-18 BessellV
54463.3 5.91663e-16 7.08731e-18 BessellV
54464.3 5.79738e-16 7.08649e-18 BessellV
54465.3 5.68267e-16 7.05885e-18 BessellV
54466.3 5.57237e-16 7.00368e-18 BessellV
54467.3 5.46633e-16 6.92086e-18 BessellV
54468.3 5.36442e-16 6.81096e-18 BessellV
54469.3 5.26651e-16 6.67533e-18 BessellV
54470.3 5.17246e-16 6.51625e-18 BessellV
54471.3 5.08213e-16 6.33708e-18 BessellV
54472.3 4.9954e-16 6.14254e-18 BessellV
54473.3 4.91214e-16 5.93902e-18 BessellV
54474.3 4.83222e-16 5.73492e-18 BessellV
54475.3 4.75551e-16 5.54106e-18 BessellV
54476.3 4.68189e-16 5.37091e-18 BessellV
54477.3 4.61124e-16 5.2406e-18 BessellV
54478.3 4.54345e-16 5.16817e-18 BessellV
54479.3 4.47841e-16 5.17205e-18 BessellV
54480.3 4.416e-16 5.26858e-18 BessellV
54481.3 4.35611e-16 5.4695e-18 BessellV
54482.3 4.29866e-16 5.78024e-18 BessellV
54483.3 4.24353e-16 6.19996e-18 BessellV
54484.3 4.19063e-16 6.72307e-18 BessellV
54485.3 4.13987e-16 7.3413e-18 BessellV
54486.3 4.09115e-16 8.0455e-18 BessellV
54487.3 4.0444e-16 8.82686e-18 BessellV
54488.3 3.99951e-16 9.67743e-18 BessellV
54489.3 3.95642e-16 1.05904e-17 BessellV
54490.3 3.91505e-16 1.15598e-17 BessellV
54491.3 3.87531e-16 1.25808e-17 BessellV
54492.3 3.83714e-16 1.36492e-17 BessellV
54493.3 3.80046e-16 1.47613e-17 BessellV
54494.3 3.76522e-16 1.59142e-17 BessellV
54495.3 3.73134e-16 1.7105e-17 BessellV
54496.3 3.69876e-16 1.83312e-17 BessellV
54497.3 3.66742e-16 1.95908e-17 BessellV
54498.3 3.63726e-16 2.08817e-17 BessellV
54499.3 3.60823e-16 2.2202e-17 BessellV
54500.3 3.58027e-16 2.355e-17 BessellV
54501.3 3.55333e-16 2.4924e-17 BessellV
54502.3 3.52737e-16 2.63226e-17 BessellV
54503.3 3.50234e-16 2.77443e-17 BessellV
54504.3 3.47818e-16 2.91876e-17 BessellV
54505.3 3.45486e-16 3.06512e-17 BessellV
54506.3 3.43233e-16 3.21339e-17 BessellV
54507.3 3.41056e-16 3.36342e-17 BessellV
54508.3 3.3895e-16 3.5151e-17 BessellV
54509.3 3.36912e-16 3.66832e-17 BessellV
54510.3 3.34938e-16 3.82294e-17 BessellV
54511.3 3.33025e-16 3.97887e-17 BessellV
54512.3 3.3117e-16 4.13599e-17 BessellV
54513.3 3.29369e-16 4.29419e-17 BessellV
54400.3 2.31214e-17 5.07676e-18 SDSS_i
54401.3 2.82033e-17 5.73485e-18 SDSS_i
54402.3 3.43812e-17 6.44082e-18 SDSS_i
54403.3 4.18772e-17 7.1847e-18 SDSS_i
54404.3 5.09495e-17 7.9506e-18 SDSS_i
54405.3 6.18944e-17 8.7153e-18 SDSS_i
54406.3 7.50444e-17 9.44698e-18 SDSS_i
54407.3 9.07624e-17 1.01045e-17 SDSS_i
54408.3 1.09429e-16 1.06376e-17 SDSS_i
54409.3 1.31419e-16 1.09898e-17 SDSS_i
54410.3 1.57072e-16 1.11028e-17 SDSS_i
54411.3 1.86641e-16 1.09267e-17 SDSS_i
54412.3 2.20236e-16 1.04331e-17 SDSS_i
54413.3 2.57757e-16 9.63297e-18 SDSS_i
54414.3 2.98837e-16 8.59638e-18 SDSS_i
54415.3 3.42793e-16 7.46711e-18 SDSS_i
54416.3 3.88624e-16 6.45648e-18 SDSS_i
54417.3 4.35059e-16 5.77764e-18 SDSS_i
54418.3 4.8066e-16 5.50141e-18 SDSS_i
54419.3 5.23962e-16 5.47749e-18 SDSS_i
54420.3 5.63639e-16 5.46953e-18 SDSS_i
54421.3 5.98634e-16 5.32815e-18 SDSS_i
54422.3 6.28249e-16 5.04116e-18 SDSS_i
54423.3 6.5217e-16 4.70316e-18 SDSS_i
54424.3 6.70433e-16 4.45431e-18 SDSS_i
54425.3 6.83354e-16 4.39916e-18 SDSS_i
54426.3 6.91439e-16 4.54219e-18 SDSS_i
54427.3 6.95304e-16 4.8015e-18 SDSS_i
54428.3 6.95599e-16 5.0773e-18 SDSS_i
54429.3 6.92955e-16 5.29826e-18 SDSS_i
54430.3 6.87957e-16 5.42969e-18 SDSS_i
54431.3 6.8112e-16 5.46489e-18 SDSS_i
54432.3 6.72885e-16 5.41463e-18 SDSS_i
54433.3 6.63621e-16 5.2988e-18 SDSS_i
54434.3 6.5363e-16 5.14068e-18 SDSS_i
54435.3 6.43157e-16 4.96314e-18 SDSS_i
54436.3 6.32394e-16 4.7863e-18 SDSS_i
54437.3 6.21494e-16 4.62597e-18 SDSS_i
54438.3 6.10574e-16 4.49286e-18 SDSS_i
54439.3 5.99724e-16 4.39247e-18 SDSS_i
54440.3 5.89013e-16 4.32554e-18 SDSS_i
54441.3 5.78492e-16 4.28911e-18 SDSS_i
54442.3 5.68196e-16 4.27783e-18 SDSS_i
54443.3 5.58153e-16 4.28527e-18 SDSS_i
54444.3 5.48379e-16 4.30501e-18 SDSS_i
54445.3 5.38887e-16 4.33134e-18 SDSS_i
54446.3 5.29683e-16 4.35962e-18 SDSS_i
54447.3 5.20769e-16 4.38639e-18 SDSS_i
54448.3 5.12145e-16 4.40933e-18 SDSS_i
54449.3 5.03809e-16 4.4271e-18 SDSS_i
54450.3 4.95755e-16 4.43915e-18 SDSS_i
54451.3 4.8798e-16 4.44558e-18 SDSS_i
54452.3 4.80476e-16 4.44694e-18 SDSS_i
54453.3 4.73237e-16 4.44412e-18 SDSS_i
54454.3 4.66256e-16 4.43821e-18 SDSS_i
54455.3 4.59525e-16 4.43042e-18 SDSS_i
54456.3 4.53037e-16 4.42199e-18 SDSS_i
54457.3 4.46783e-16 4.41416e-18 SDSS_i
54458.3 4.40758e-16 4.40808e-18 SDSS_i
54459.3 4.34952e-16 4.40483e-18 SDSS_i
54460.3 4.29359e-16 4.40538e-18 SDSS_i
54461.3 4.23971e-16 4.41059e-18 SDSS_i
54462.3 4.18781e-16 4.4212e-18 SDSS_i
54463.3 4.13783e-16 4.43789e-18 SDSS_i
54464.3 4.08968e-16 4.46124e-18 SDSS_i
54465.3 4.04332e-16 4.49178e-18 SDSS_i
54466.3 3.99867e-16 4.53002e-18 SDSS_i
54467.3 3.95566e-16 4.57647e-18 SDSS_i
54468.3 3.91425e-16 4.63167e-18 SDSS_i
54469.3 3.87437e-16 4.69618e-18 SDSS_i
54470.3 3.83597e-16 4.77065e-18 SDSS_i
54471.3 3.79898e-16 4.85575e-18 SDSS_i
54472.3 3.76337e-16 4.95226e-18 SDSS_i
54473.3 3.72906e-16 5.06101e-18 SDSS_i
54474.3 3.69603e-16 5.18288e-18 SDSS_i
54475.3 3.66421e-16 5.3188e-18 SDSS_i
54476.3 3.63356e-16 5.4697e-18 SDSS_i
54477.3 3.60403e-16 5.63655e-18 SDSS_i
54478.3 3.57559e-16 5.82026e-18 SDSS_i
54479.3 3.54819e-16 6.02172e-18 SDSS_i
54480.3 3.52179e-16 6.24176e-18 SDSS_i
54481.3 3.49634e-16 6.48111e-18 SDSS_i
54482.3 3.47182e-16 6.74043e-18 SDSS_i
54483.3 3.44819e-16 7.02027e-18 SDSS_i
54484.3 3.4254e-16 7.32106e-18 SDSS_i
54485.3 3.40343e-16 7.64315e-18 SDSS_i
54486.3 3.38224e-16 7.98678e-18 SDSS_i
54487.3 3.3618e-16 8.35206e-18 SDSS_i
54488.3 3.34208e-16 8.73906e-18 SDSS_i
54489.3 3.32305e-16 9.14771e-18 SDSS_i
54490.3 3.30468e-16 9.5779e-18 SDSS_i
54491.3 3.28694e-16 1.00295e-17 SDSS_i
54492.3 3.26981e-16 1.05021e-17 SDSS_i
54493.3 3.25326e-16 1.09956e-17 SDSS_i
54494.3 3.23726e-16 1.15095e-17 SDSS_i
54495.3 3.22179e-16 1.20435e-17 SDSS_i
54496.3 3.20683e-16 1.25971e-17 SDSS_i
54497.3 3.19236e-16 1.317e-17 SDSS_i
54498.3 3.17835e-16 1.37617e-17 SDSS_i
54499.3 3.16478e-16 1.43717e-17 SDSS_i
54500.3 3.15164e-16 1.49994e-17 SDSS_i
54501.3 3.1389e-16 1.56445e-17 SDSS_i
54502.3 3.12654e-16 1.63064e-17 SDSS_i
54503.3 3.11454e-16 1.69845e-17 SDSS_i
54504.3 3.1029e-16 1.76783e-17 SDSS_i
54505.3 3.09159e-16 1.83874e-17 SDSS_i
54506.3 3.08059e-16 1.91112e-17 SDSS_i
54507.3 3.0699e-16 1.98491e-17 SDSS_i
54508.3 3.05948e-16 2.06006e-17 SDSS_i
54509.3 3.04934e-16 2.13652e-17 SDSS_i
54510.3 3.03946e-16 2.21424e-17 SDSS_i
54400.3 5.52157e-17 2.77644e-17 SDSS_r
54401.3 6.60532e-17 3.08076e-17 SDSS_r
54402.3 7.9057e-17 3.4e-17 SDSS_r
54403.3 9.46462e-17 3.72779e-17 SDSS_r
54404.3 1.13306e-16 4.05462e-17 SDSS_r
54405.3 1.35589e-16 4.3671e-17 SDSS_r
54406.3 1.62107e-16 4.64724e-17 SDSS_r
54407.3 1.93516e-16 4.87207e-17 SDSS_r
54408.3 2.3048e-16 5.01378e-17 SDSS_r
54409.3 2.73617e-16 5.04118e-17 SDSS_r
54410.3 3.23411e-16 4.92287e-17 SDSS_r
54411.3 3.80103e-16 4.63312e-17 SDSS_r
54412.3 4.43546e-16 4.16078e-17 SDSS_r
54413.3 5.13076e-16 3.52144e-17 SDSS_r
54414.3 5.87401e-16 2.77385e-17 SDSS_r
54415.3 6.64587e-16 2.04712e-17 SDSS_r
54416.3 7.42161e-16 1.5825e-17 SDSS_r
54417.3 8.1735e-16 1.60495e-17 SDSS_r
54418.3 8.87417e-16 1.93105e-17 SDSS_r
54419.3 9.49998e-16 2.2477e-17 SDSS_r
54420.3 1.00337e-15 2.41727e-17 SDSS_r
54421.3 1.04656e-15 2.41671e-17 SDSS_r
54422.3 1.07936e-15 2.27459e-17 SDSS_r
54423.3 1.10219e-15 2.03925e-17 SDSS_r
54424.3 1.11592e-15 1.76079e-17 SDSS_r
54425.3 1.12169e-15 1.48092e-17 SDSS_r
54426.3 1.12074e-15 1.22865e-17 SDSS_r
54427.3 1.11433e-15 1.01998e-17 SDSS_r
54428.3 1.10362e-15 8.60223e-18 SDSS_r
54429.3 1.08962e-15 7.47864e-18 SDSS_r
54430.3 1.07324e-15 6.7866e-18 SDSS_r
54431.3 1.05518e-15 6.4807e-18 SDSS_r
54432.3 1.03605e-15 6.51199e-18 SDSS_r
54433.3 1.01631e-15 6.81707e-18 SDSS_r
54434.3 9.96334e-16 7.31799e-18 SDSS_r
54435.3 9.76392e-16 7.93433e-18 SDSS_r
54436.3 9.56692e-16 8.59494e-18 SDSS_r
54437.3 9.37384e-16 9.24327e-18 SDSS_r
54438.3 9.18572e-16 9.83765e-18 SDSS_r
54439.3 9.00328e-16 1.03495e-17 SDSS_r
54440.3 8.82695e-16 1.07607e-17 SDSS_r
54441.3 8.65696e-16 1.10617e-17 SDSS_r
54442.3 8.49339e-16 1.12493e-17 SDSS_r
54443.3 8.33621e-16 1.13252e-17 SDSS_r
54444.3 8.1853e-16 1.12948e-17 SDSS_r
54445.3 8.04048e-16 1.11659e-17 SDSS_r
54446.3 7.90154e-16 1.09485e-17 SDSS_r
54447.3 7.76825e-16 1.06534e-17 SDSS_r
54448.3 7.64033e-16 1.02924e-17 SDSS_r
54449.3 7.51753e-16 9.87764e-18 SDSS_r
54450.3 7.39958e-16 9.42141e-18 SDSS_r
54451.3 7.28621e-16 8.93595e-18 SDSS_r
54452.3 7.17716e-16 8.43335e-18 SDSS_r
54453.3 7.07218e-16 7.92543e-18 SDSS_r
54454.3 6.97104e-16 7.42371e-18 SDSS_r
54455.3 6.87348e-16 6.93927e-18 SDSS_r
54456.3 6.7793e-16 6.48259e-18 SDSS_r
54457.3 6.68828e-16 6.06331e-18 SDSS_r
54458.3 6.60022e-16 5.68982e-18 SDSS_r
54459.3 6.51493e-16 5.36873e-18 SDSS_r
54460.3 6.43223e-16 5.10421e-18 SDSS_r
54461.3 6.35196e-16 4.8974e-18 SDSS_r
54462.3 6.27396e-16 4.74615e-18 SDSS_r
54463.3 6.19808e-16 4.6451e-18 SDSS_r
54464.3 6.12418e-16 4.58641e-18 SDSS_r
54465.3 6.05213e-16 4.56077e-18 SDSS_r
54466.3 5.98181e-16 4.55846e-18 SDSS_r
54467.3 5.9131e-16 4.5704e-18 SDSS_r
54468.3 5.84591e-16 4.58875e-18 SDSS_r
54469.3 5.78014e-16 4.60738e-18 SDSS_r
54470.3 5.71568e-16 4.62203e-18 SDSS_r
54471.3 5.65247e-16 4.63036e-18 SDSS_r
54472.3 5.59041e-16 4.63199e-18 SDSS_r
54473.3 5.52944e-16 4.62846e-18 SDSS_r
54474.3 5.46949e-16 4.62319e-18 SDSS_r
54475.3 5.41049e-16 4.62145e-18 SDSS_r
54476.3 5.35239e-16 4.63026e-18 SDSS_r
54477.3 5.29513e-16 4.65812e-18 SDSS_r
54478.3 5.23866e-16 4.71458e-18 SDSS_r
54479.3 5.18295e-16 4.80957e-18 SDSS_r
54480.3 5.12794e-16 4.95253e-18 SDSS_r
54481.3 5.0736e-16 5.15152e-18 SDSS_r
54482.3 5.01989e-16 5.41246e-18 SDSS_r
54483.3 4.96678e-16 5.73879e-18 SDSS_r
54484.3 4.91424e-16 6.13147e-18 SDSS_r
54485.3 4.86225e-16 6.58941e-18 SDSS_r
54486.3 4.81077e-16 7.11001e-18 SDSS_r
54487.3 4.75979e-16 7.68974e-18 SDSS_r
54488.3 4.70929e-16 8.32458e-18 SDSS_r
54489.3 4.65924e-16 9.0104e-18 SDSS_r
54490.3 4.60963e-16 9.74312e-18 SDSS_r
54491.3 4.56045e-16 1.05189e-17 SDSS_r
54492.3 4.51168e-16 1.1334e-17 SDSS_r
54493.3 4.46331e-16 1.21851e-17 SDSS_r
54494.3 4.41533e-16 1.3069e-17 SDSS_r
54495.3 4.36773e-16 1.39829e-17 SDSS_r
54496.3 4.3205e-16 1.4924e-17 SDSS_r
54497.3 4.27363e-16 1.58898e-17 SDSS_r
54498.3 4.22711e-16 1.68778e-17 SDSS_r
54499.3 4.18095e-16 1.7886e-17 SDSS_r
54500.3 4.13513e-16 1.89122e-17 SDSS_r
54501.3 4.08966e-16 1.99544e-17 SDSS_r
54502.3 4.04452e-16 2.10107e-17 SDSS_r
54503.3 3.99972e-16 2.20794e-17 SDSS_r
54504.3 3.95524e-16 2.31588e-17 SDSS_r
54505.3 3.9111e-16 2.42472e-17 SDSS_r
54506.3 3.86729e-16 2.53431e-17 SDSS_r
54507.3 3.8238e-16 2.64451e-17 SDSS_r
54508.3 3.78064e-16 2.75517e-17 SDSS_r
54509.3 3.7378e-16 2.86617e-17 SDSS_r
54510.3 3.69529e-16 2.97737e-17 SDSS_r
