53019.2 2.48967e-15 1.87141e-16 BessellB
53020.2 2.47929e-15 1.74386e-16 BessellB
53021.2 2.4685e-15 1.62001e-16 BessellB
53022.2 2.45728e-15 1.49991e-16 BessellB
53023.2 2.44563e-15 1.38363e-16 BessellB
53024.2 2.43354e-15 1.27125e-16 BessellB
53025.2 2.42101e-15 1.16285e-16 BessellB
53026.2 2.40804e-15 1.0585e-16 BessellB
53027.2 2.39461e-15 9.58315e-17 BessellB
53028.2 2.38073e-15 8.62404e-17 BessellB
53029.2 2.36639e-15 7.70903e-17 BessellB
53030.2 2.35159e-15 6.83985e-17 BessellB
53031.2 2.33633e-15 6.0187e-17 BessellB
53032.2 2.3206e-15 5.24856e-17 BessellB
53033.2 2.30441e-15 4.53359e-17 BessellB
53034.2 2.28774e-15 3.87978e-17 BessellB
53035.2 2.27062e-15 3.29592e-17 BessellB
53036.2 2.25302e-15 2.79491e-17 BessellB
53037.2 2.23496e-15 2.39458e-17 BessellB
53038.2 2.21644e-15 2.11569e-17 BessellB
53039.2 2.19747e-15 1.97318e-17 BessellB
53040.2 2.17804e-15 1.96263e-17 BessellB
53041.2 2.15816e-15 2.05625e-17 BessellB
53042.2 2.13784e-15 2.21579e-17 BessellB
53043.2 2.11708e-15 2.40734e-17 BessellB
53044.2 2.09591e-15 2.60671e-17 BessellB
53045.2 2.07431e-15 2.79824e-17 BessellB
53046.2 2.05232e-15 2.9722e-17 BessellB
53047.2 2.02993e-15 3.12261e-17 BessellB
53048.2 2.00717e-15 3.24592e-17 BessellB
53049.2 1.98404e-15 3.34015e-17 BessellB
53050.2 1.96058e-15 3.40441e-17 BessellB
53051.2 1.93678e-15 3.43859e-17 BessellB
53052.2 1.91269e-15 3.44321e-17 BessellB
53053.2 1.88831e-15 3.41935e-17 BessellB
53054.2 1.86368e-15 3.36862e-17 BessellB
53055.2 1.83882e-15 3.29313e-17 BessellB
53056.2 1.81375e-15 3.19563e-17 BessellB
53057.2 1.78851e-15 3.07951e-17 BessellB
53058.2 1.76313e-15 2.94902e-17 BessellB
53059.2 1.73765e-15 2.80938e-17 BessellB
53060.2 1.71211e-15 2.66699e-17 BessellB
53061.2 1.68653e-15 2.52962e-17 BessellB
53062.2 1.66097e-15 2.40642e-17 BessellB
53063.2 1.63547e-15 2.30755e-17 BessellB
53064.2 1.61008e-15 2.24329e-17 BessellB
53065.2 1.58484e-15 2.22229e-17 BessellB
53066.2 1.55981e-15 2.2496e-17 BessellB
53067.2 1.53505e-15 2.32529e-17 BessellB
53068.2 1.51061e-15 2.44449e-17 BessellB
53069.2 1.48654e-15 2.5988e-17 BessellB
53070.2 1.46293e-15 2.7781e-17 BessellB
53071.2 1.43981e-15 2.97205e-17 BessellB
53072.2 1.41727e-15 3.17084e-17 BessellB
53073.2 1.39537e-15 3.36556e-17 BessellB
53074.2 1.37418e-15 3.5482e-17 BessellB
53075.2 1.35376e-15 3.71163e-17 BessellB
53076.2 1.33418e-15 3.84949e-17 BessellB
53077.2 1.3155e-15 3.95623e-17 BessellB
53078.2 1.2978e-15 4.02709e-17 BessellB
53079.2 1.28112e-15 4.05824e-17 BessellB
53080.2 1.26553e-15 4.04697e-17 BessellB
53081.2 1.25107e-15 3.99191e-17 BessellB
53082.2 1.23778e-15 3.89347e-17 BessellB
53083.2 1.22569e-15 3.75435e-17 BessellB
53084.2 1.21481e-15 3.58037e-17 BessellB
53085.2 1.20515e-15 3.38147e-17 BessellB
53086.2 1.19668e-15 3.17318e-17 BessellB
53087.2 1.18938e-15 2.97799e-17 BessellB
53088.2 1.18319e-15 2.82578e-17 BessellB
53089.2 1.17803e-15 2.75072e-17 BessellB
53090.2 1.17381e-15 2.78225e-17 BessellB
53091.2 1.1704e-15 2.93305e-17 BessellB
53092.2 1.16764e-15 3.19353e-17 BessellB
53093.2 1.16539e-15 3.53791e-17 BessellB
53094.2 1.16344e-15 3.93464e-17 BessellB
53095.2 1.1616e-15 4.3534e-17 BessellB
53096.2 1.15966e-15 4.76774e-17 BessellB
53097.2 1.15738e-15 5.15539e-17 BessellB
53098.2 1.15455e-15 5.49794e-17 BessellB
53099.2 1.15095e-15 5.78049e-17 BessellB
53100.2 1.14637e-15 5.99151e-17 BessellB
53101.2 1.14061e-15 6.12275e-17 BessellB
53102.2 1.13351e-15 6.16924e-17 BessellB
53103.2 1.1249e-15 6.12933e-17 BessellB
53104.2 1.11468e-15 6.00463e-17 BessellB
53105.2 1.10275e-15 5.80004e-17 BessellB
53106.2 1.08904e-15 5.52367e-17 BessellB
53107.2 1.07354e-15 5.18683e-17 BessellB
53108.2 1.05623e-15 4.80406e-17 BessellB
53109.2 1.03716e-15 4.39328e-17 BessellB
53110.2 1.01637e-15 3.97598e-17 BessellB
53111.2 9.93938e-16 3.57747e-17 BessellB
53112.2 9.69962e-16 3.22629e-17 BessellB
53113.2 9.44554e-16 2.95173e-17 BessellB
53114.2 9.17836e-16 2.77736e-17 BessellB
53115.2 8.89944e-16 2.71175e-17 BessellB
53116.2 8.61017e-16 2.7426e-17 BessellB
53117.2 8.31203e-16 2.84102e-17 BessellB
53118.2 8.0065e-16 2.9726e-17 BessellB
53119.2 7.69509e-16 3.10652e-17 BessellB
53120.2 7.37932e-16 3.21947e-17 BessellB
53121.2 7.0607e-16 3.29601e-17 BessellB
53122.2 6.74072e-16 3.3278e-17 BessellB
53123.2 6.42089e-16 3.3129e-17 BessellB
53124.2 6.10265e-16 3.25538e-17 BessellB
53125.2 5.78746e-16 3.16537e-17 BessellB
53126.2 5.4767e-16 3.05903e-17 BessellB
53127.2 5.17173e-16 2.95785e-17 BessellB
53128.2 4.87386e-16 2.88624e-17 BessellB
53129.2 4.58429e-16 2.86644e-17 BessellB
53130.2 4.30412e-16 2.91176e-17 BessellB
53131.2 4.03433e-16 3.02194e-17 BessellB
53132.2 3.77572e-16 3.18401e-17 BessellB
53133.2 3.52891e-16 3.37789e-17 BessellB
53134.2 3.29431e-16 3.58264e-17 BessellB
53135.2 3.07214e-16 3.78048e-17 BessellB
53136.2 2.86246e-16 3.9583e-17 BessellB
53137.2 2.66514e-16 4.10762e-17 BessellB
53138.2 2.4799e-16 4.22383e-17 BessellB
53139.2 2.3064e-16 4.30528e-17 BessellB
53140.2 2.14416e-16 4.35246e-17 BessellB
53141.2 1.99269e-16 4.36728e-17 BessellB
53142.2 1.85144e-16 4.35252e-17 BessellB
53143.2 1.71984e-16 4.31144e-17 BessellB
53144.2 1.59733e-16 4.24748e-17 BessellB
53145.2 1.48335e-16 4.16409e-17 BessellB
53146.2 1.37735e-16 4.06453e-17 BessellB
53147.2 1.27881e-16 3.95188e-17 BessellB
53148.2 1.18722e-16 3.8289e-17 BessellB
53149.2 1.10212e-16 3.6981e-17 BessellB
53150.2 1.02305e-16 3.56167e-17 BessellB
53151.2 9.49593e-17 3.42153e-17 BessellB
53152.2 8.81358e-17 3.27934e-17 BessellB
53153.2 8.17974e-17 3.13649e-17 BessellB
53154.2 7.59101e-17 2.99418e-17 BessellB
53155.2 7.04418e-17 2.85338e-17 BessellB
53156.2 6.53629e-17 2.71492e-17 BessellB
53157.2 6.06458e-17 2.57945e-17 BessellB
53158.2 5.62648e-17 2.44749e-17 BessellB
53159.2 5.21961e-17 2.31945e-17 BessellB
53160.2 4.84176e-17 2.19564e-17 BessellB
53161.2 4.49088e-17 2.07627e-17 BessellB
53162.2 4.16505e-17 1.9615e-17 BessellB
53163.2 3.86251e-17 1.85141e-17 BessellB
53164.2 3.5816e-17 1.74605e-17 BessellB
53165.2 3.3208e-17 1.6454e-17 BessellB
53166.2 3.07868e-17 1.54942e-17 BessellB
53167.2 2.85393e-17 1.45804e-17 BessellB
53168.2 2.64531e-17 1.37117e-17 BessellB
53169.2 2.45169e-17 1.28869e-17 BessellB
53170.2 2.272e-17 1.21049e-17 BessellB
53171.2 2.10525e-17 1.13642e-17 BessellB
53172.2 1.95053e-17 1.06633e-17 BessellB
53173.2 1.80699e-17 1.00009e-17 BessellB
53174.2 1.67383e-17 9.37526e-18 BessellB
53175.2 1.55032e-17 8.78493e-18 BessellB
53176.2 1.43576e-17 8.22835e-18 BessellB
53177.2 1.32953e-17 7.70396e-18 BessellB
53178.2 1.23102e-17 7.21025e-18 BessellB
53179.2 1.13969e-17 6.74572e-18 BessellB
53019.2 1.13419e-15 8.73188e-18 BessellI
53020.2 1.14518e-15 8.61797e-18 BessellI
53021.2 1.15616e-15 8.50175e-18 BessellI
53022.2 1.16712e-15 8.38331e-18 BessellI
53023.2 1.17805e-15 8.26273e-18 BessellI
53024.2 1.18896e-15 8.14011e-18 BessellI
53025.2 1.19983e-15 8.01554e-18 BessellI
53026.2 1.21067e-15 7.88914e-18 BessellI
53027.2 1.22146e-15 7.76103e-18 BessellI
53028.2 1.2322e-15 7.63135e-18 BessellI
53029.2 1.2429e-15 7.50022e-18 BessellI
53030.2 1.25353e-15 7.36782e-18 BessellI
53031.2 1.2641e-15 7.23429e-18 BessellI
53032.2 1.2746e-15 7.09983e-18 BessellI
53033.2 1.28503e-15 6.96461e-18 BessellI
53034.2 1.29537e-15 6.82885e-18 BessellI
53035.2 1.30563e-15 6.69275e-18 BessellI
53036.2 1.31579e-15 6.55656e-18 BessellI
53037.2 1.32584e-15 6.42052e-18 BessellI
53038.2 1.33579e-15 6.28489e-18 BessellI
53039.2 1.34562e-15 6.14996e-18 BessellI
53040.2 1.35533e-15 6.01601e-18 BessellI
53041.2 1.36491e-15 5.88336e-18 BessellI
53042.2 1.37435e-15 5.75233e-18 BessellI
53043.2 1.38364e-15 5.62326e-18 BessellI
53044.2 1.39277e-15 5.49649e-18 BessellI
53045.2 1.40174e-15 5.37238e-18 BessellI
53046.2 1.41053e-15 5.2513e-18 BessellI
53047.2 1.41914e-15 5.13363e-18 BessellI
53048.2 1.42756e-15 5.01972e-18 BessellI
53049.2 1.43578e-15 4.90994e-18 BessellI
53050.2 1.44378e-15 4.80465e-18 BessellI
53051.2 1.45155e-15 4.70417e-18 BessellI
53052.2 1.4591e-15 4.60882e-18 BessellI
53053.2 1.46639e-15 4.51886e-18 BessellI
53054.2 1.47343e-15 4.43453e-18 BessellI
53055.2 1.4802e-15 4.356e-18 BessellI
53056.2 1.48668e-15 4.28338e-18 BessellI
53057.2 1.49287e-15 4.21673e-18 BessellI
53058.2 1.49875e-15 4.15602e-18 BessellI
53059.2 1.50431e-15 4.10114e-18 BessellI
53060.2 1.50953e-15 4.05189e-18 BessellI
53061.2 1.5144e-15 4.00799e-18 BessellI
53062.2 1.51891e-15 3.9691e-18 BessellI
53063.2 1.52304e-15 3.93477e-18 BessellI
53064.2 1.52677e-15 3.90449e-18 BessellI
53065.2 1.53009e-15 3.87771e-18 BessellI
53066.2 1.53298e-15 3.85379e-18 BessellI
53067.2 1.53543e-15 3.83208e-18 BessellI
53068.2 1.53742e-15 3.81192e-18 BessellI
53069.2 1.53893e-15 3.79261e-18 BessellI
53070.2 1.53994e-15 3.77349e-18 BessellI
53071.2 1.54044e-15 3.7539e-18 BessellI
53072.2 1.54041e-15 3.73324e-18 BessellI
53073.2 1.53984e-15 3.71096e-18 BessellI
53074.2 1.53869e-15 3.68657e-18 BessellI
53075.2 1.53696e-15 3.65968e-18 BessellI
53076.2 1.53463e-15 3.63001e-18 BessellI
53077.2 1.53168e-15 3.59739e-18 BessellI
53078.2 1.52809e-15 3.56178e-18 BessellI
53079.2 1.52385e-15 3.52331e-18 BessellI
53080.2 1.51893e-15 3.48224e-18 BessellI
53081.2 1.51333e-15 3.43905e-18 BessellI
53082.2 1.50703e-15 3.39436e-18 BessellI
53083.2 1.50001e-15 3.349e-18 BessellI
53084.2 1.49227e-15 3.30399e-18 BessellI
53085.2 1.48378e-15 3.26053e-18 BessellI
53086.2 1.47455e-15 3.21996e-18 BessellI
53087.2 1.46455e-15 3.18374e-18 BessellI
53088.2 1.45379e-15 3.15341e-18 BessellI
53089.2 1.44226e-15 3.13047e-18 BessellI
53090.2 1.42995e-15 3.11637e-18 BessellI
53091.2 1.41688e-15 3.11235e-18 BessellI
53092.2 1.40303e-15 3.11937e-18 BessellI
53093.2 1.38842e-15 3.13803e-18 BessellI
53094.2 1.37305e-15 3.16852e-18 BessellI
53095.2 1.35694e-15 3.21056e-18 BessellI
53096.2 1.34009e-15 3.26346e-18 BessellI
53097.2 1.32254e-15 3.3261e-18 BessellI
53098.2 1.30429e-15 3.39706e-18 BessellI
53099.2 1.28538e-15 3.47467e-18 BessellI
53100.2 1.26584e-15 3.5571e-18 BessellI
53101.2 1.24569e-15 3.64245e-18 BessellI
53102.2 1.22497e-15 3.72886e-18 BessellI
53103.2 1.20373e-15 3.81454e-18 BessellI
53104.2 1.18199e-15 3.89784e-18 BessellI
53105.2 1.15982e-15 3.97727e-18 BessellI
53106.2 1.13725e-15 4.05158e-18 BessellI
53107.2 1.11434e-15 4.11971e-18 BessellI
53108.2 1.09113e-15 4.18086e-18 BessellI
53109.2 1.06769e-15 4.23445e-18 BessellI
53110.2 1.04407e-15 4.28012e-18 BessellI
53111.2 1.02031e-15 4.31772e-18 BessellI
53112.2 9.96488e-16 4.34728e-18 BessellI
53113.2 9.72648e-16 4.36899e-18 BessellI
53114.2 9.48848e-16 4.38316e-18 BessellI
53115.2 9.25141e-16 4.39019e-18 BessellI
53116.2 9.01582e-16 4.39053e-18 BessellI
53117.2 8.78219e-16 4.38467e-18 BessellI
53118.2 8.55102e-16 4.37309e-18 BessellI
53119.2 8.32277e-16 4.35623e-18 BessellI
53120.2 8.09786e-16 4.3345e-18 BessellI
53121.2 7.87669e-16 4.30822e-18 BessellI
53122.2 7.65961e-16 4.27768e-18 BessellI
53123.2 7.44696e-16 4.24309e-18 BessellI
53124.2 7.23901e-16 4.20462e-18 BessellI
53125.2 7.03603e-16 4.16241e-18 BessellI
53126.2 6.83821e-16 4.11657e-18 BessellI
53127.2 6.64574e-16 4.06726e-18 BessellI
53128.2 6.45874e-16 4.01463e-18 BessellI
53129.2 6.27733e-16 3.95891e-18 BessellI
53130.2 6.10156e-16 3.9004e-18 BessellI
53131.2 5.93147e-16 3.83952e-18 BessellI
53132.2 5.76707e-16 3.77677e-18 BessellI
53133.2 5.60833e-16 3.71277e-18 BessellI
53134.2 5.45521e-16 3.64828e-18 BessellI
53135.2 5.30763e-16 3.58415e-18 BessellI
53136.2 5.16549e-16 3.52136e-18 BessellI
53137.2 5.0287e-16 3.46096e-18 BessellI
53138.2 4.89711e-16 3.40407e-18 BessellI
53139.2 4.77059e-16 3.35183e-18 BessellI
53140.2 4.64898e-16 3.3054e-18 BessellI
53141.2 4.53213e-16 3.26586e-18 BessellI
53142.2 4.41987e-16 3.23421e-18 BessellI
53143.2 4.31202e-16 3.21129e-18 BessellI
53144.2 4.20841e-16 3.19779e-18 BessellI
53145.2 4.10886e-16 3.19415e-18 BessellI
53146.2 4.01318e-16 3.20058e-18 BessellI
53147.2 3.9212e-16 3.21704e-18 BessellI
53148.2 3.83275e-16 3.24326e-18 BessellI
53149.2 3.74765e-16 3.27875e-18 BessellI
53150.2 3.66573e-16 3.32282e-18 BessellI
53151.2 3.58682e-16 3.37468e-18 BessellI
53152.2 3.51076e-16 3.43339e-18 BessellI
53153.2 3.4374e-16 3.49799e-18 BessellI
53154.2 3.36658e-16 3.56748e-18 BessellI
53155.2 3.29817e-16 3.64087e-18 BessellI
53156.2 3.23202e-16 3.7172e-18 BessellI
53157.2 3.16801e-16 3.79557e-18 BessellI
53158.2 3.10601e-16 3.87515e-18 BessellI
53159.2 3.0459e-16 3.95516e-18 BessellI
53160.2 2.98756e-16 4.03491e-18 BessellI
53161.2 2.9309e-16 4.11379e-18 BessellI
53162.2 2.87582e-16 4.19126e-18 BessellI
53163.2 2.82221e-16 4.26685e-18 BessellI
53164.2 2.76999e-16 4.34014e-18 BessellI
53165.2 2.71909e-16 4.4108e-18 BessellI
53166.2 2.66942e-16 4.47855e-18 BessellI
53167.2 2.62091e-16 4.54314e-18 BessellI
53168.2 2.5735e-16 4.6044e-18 BessellI
53169.2 2.52711e-16 4.66217e-18 BessellI
53170.2 2.48171e-16 4.71636e-18 BessellI
53171.2 2.43723e-16 4.76689e-18 BessellI
53172.2 2.39362e-16 4.81372e-18 BessellI
53173.2 2.35085e-16 4.85682e-18 BessellI
53174.2 2.30886e-16 4.89621e-18 BessellI
53175.2 2.26762e-16 4.93191e-18 BessellI
53176.2 2.22709e-16 4.96396e-18 BessellI
53177.2 2.18725e-16 4.99241e-18 BessellI
53178.2 2.14806e-16 5.01734e-18 BessellI
53179.2 2.1095e-16 5.03882e-18 BessellI
53180.2 2.07154e-16 5.05693e-18 BessellI
53181.2 2.03416e-16 5.07178e-18 BessellI
53182.2 1.99734e-16 5.08345e-18 BessellI
53183.2 1.96106e-16 5.09204e-18 BessellI
53184.2 1.92531e-16 5.09767e-18 BessellI
53185.2 1.89006e-16 5.10044e-18 BessellI
53186.2 1.85532e-16 5.10045e-18 BessellI
53187.2 1.82106e-16 5.09782e-18 BessellI
53188.2 1.78727e-16 5.09264e-18 BessellI
53189.2 1.75394e-16 5.08502e-18 BessellI
53190.2 1.72107e-16 5.07508e-18 BessellI
53191.2 1.68865e-16 5.0629e-18 BessellI
53192.2 1.65667e-16 5.0486e-18 BessellI
53193.2 1.62512e-16 5.03226e-18 BessellI
53194.2 1.594e-16 5.01399e-18 BessellI
53195.2 1.5633e-16 4.99387e-18 BessellI
53196.2 1.53302e-16 4.972e-18 BessellI
53197.2 1.50316e-16 4.94847e-18 BessellI
53198.2 1.4737e-16 4.92335e-18 BessellI
53199.2 1.44466e-16 4.89673e-18 BessellI
53200.2 1.41601e-16 4.86869e-18 BessellI
53201.2 1.38777e-16 4.83929e-18 BessellI
53202.2 1.35993e-16 4.80863e-18 BessellI
53203.2 1.33248e-16 4.77675e-18 BessellI
53204.2 1.30543e-16 4.74374e-18 BessellI
53205.2 1.27877e-16 4.70965e-18 BessellI
53206.2 1.2525e-16 4.67454e-18 BessellI
53207.2 1.22662e-16 4.63848e-18 BessellI
53208.2 1.20112e-16 4.60152e-18 BessellI
53209.2 1.17601e-16 4.56372e-18 BessellI
53210.2 1.15128e-16 4.52512e-18 BessellI
53211.2 1.12693e-16 4.48578e-18 BessellI
53212.2 1.10296e-16 4.44574e-18 BessellI
53213.2 1.07936e-16 4.40506e-18 BessellI
53214.2 1.05615e-16 4.36377e-18 BessellI
53215.2 1.0333e-16 4.32192e-18 BessellI
53216.2 1.01082e-16 4.27954e-18 BessellI
53217.2 9.88714e-17 4.23669e-18 BessellI
53218.2 9.66972e-17 4.19338e-18 BessellI
53219.2 9.45594e-17 4.14967e-18 BessellI
53220.2 9.24578e-17 4.10559e-18 BessellI
53221.2 9.0392e-17 4.06116e-18 BessellI
53222.2 8.83619e-17 4.01643e-18 BessellI
53223.2 8.63672e-17 3.97142e-18 BessellI
53224.2 8.44076e-17 3.92617e-18 BessellI
53225.2 8.24829e-17 3.88069e-18 BessellI
53226.2 8.05927e-17 3.83503e-18 BessellI
53227.2 7.87367e-17 3.78921e-18 BessellI
53228.2 7.69147e-17 3.74325e-18 BessellI
53229.2 7.51264e-17 3.69718e-18 BessellI
53230.2 7.33713e-17 3.65103e-18 BessellI
53231.2 7.16493e-17 3.60482e-18 BessellI
53232.2 6.99599e-17 3.55856e-18 BessellI
53233.2 6.83029e-17 3.5123e-18 BessellI
53234.2 6.66778e-17 3.46603e-18 BessellI
53235.2 6.50844e-17 3.4198e-18 BessellI
53236.2 6.35223e-17 3.37361e-18 BessellI
53237.2 6.1991e-17 3.32749e-18 BessellI
53238.2 6.04903e-17 3.28146e-18 BessellI
53239.2 5.90198e-17 3.23553e-18 BessellI
53240.2 5.75791e-17 3.18972e-18 BessellI
53241.2 5.61678e-17 3.14405e-18 BessellI
53242.2 5.47855e-17 3.09854e-18 BessellI
53243.2 5.34318e-17 3.05321e-18 BessellI
53244.2 5.21064e-17 3.00805e-18 BessellI
53245.2 5.08089e-17 2.96311e-18 BessellI
53246.2 4.95388e-17 2.91838e-18 BessellI
53247.2 4.82958e-17 2.87388e-18 BessellI
53248.2 4.70795e-17 2.82963e-18 BessellI
53249.2 4.58894e-17 2.78563e-18 BessellI
53250.2 4.47252e-17 2.74191e-18 BessellI
53251.2 4.35865e-17 2.69846e-18 BessellI
53252.2 4.24729e-17 2.65532e-18 BessellI
53253.2 4.13839e-17 2.61247e-18 BessellI
53254.2 4.03192e-17 2.56995e-18 BessellI
53255.2 3.92783e-17 2.52774e-18 BessellI
53256.2 3.8261e-17 2.48587e-18 BessellI
53257.2 3.72667e-17 2.44435e-18 BessellI
53258.2 3.62951e-17 2.40318e-18 BessellI
53259.2 3.53457e-17 2.36237e-18 BessellI
53260.2 3.44183e-17 2.32193e-18 BessellI
53261.2 3.35124e-17 2.28187e-18 BessellI
53262.2 3.26275e-17 2.24218e-18 BessellI
53263.2 3.17635e-17 2.20289e-18 BessellI
53264.2 3.09197e-17 2.164e-18 BessellI
53265.2 3.00959e-17 2.1255e-18 BessellI
53266.2 2.92918e-17 2.08741e-18 BessellI
53267.2 2.85068e-17 2.04974e-18 BessellI
53268.2 2.77407e-17 2.01248e-18 BessellI
53269.2 2.69931e-17 1.97564e-18 BessellI
53270.2 2.62636e-17 1.93923e-18 BessellI
53271.2 2.55518e-17 1.90324e-18 BessellI
53272.2 2.48575e-17 1.86769e-18 BessellI
53273.2 2.41802e-17 1.83256e-18 BessellI
53274.2 2.35196e-17 1.79788e-18 BessellI
53275.2 2.28754e-17 1.76363e-18 BessellI
53276.2 2.22472e-17 1.72982e-18 BessellI
53277.2 2.16347e-17 1.69646e-18 BessellI
53278.2 2.10376e-17 1.66354e-18 BessellI
53279.2 2.04555e-17 1.63106e-18 BessellI
53280.2 1.98881e-17 1.59903e-18 BessellI
53281.2 1.93351e-17 1.56744e-18 BessellI
53282.2 1.87962e-17 1.53629e-18 BessellI
53283.2 1.82711e-17 1.50559e-18 BessellI
53284.2 1.77594e-17 1.47534e-18 BessellI
53285.2 1.7261e-17 1.44553e-18 BessellI
53286.2 1.67754e-17 1.41616e-18 BessellI
53287.2 1.63024e-17 1.38723e-18 BessellI
53288.2 1.58417e-17 1.35874e-18 BessellI
53289.2 1.53931e-17 1.3307e-18 BessellI
53290.2 1.49562e-17 1.30309e-18 BessellI
53019.2 1.82269e-15 1.49945e-17 BessellR
53020.2 1.83675e-15 1.46897e-17 BessellR
53021.2 1.85073e-15 1.43816e-17 BessellR
53022.2 1.86463e-15 1.40707e-17 BessellR
53023.2 1.87845e-15 1.37572e-17 BessellR
53024.2 1.89217e-15 1.34414e-17 BessellR
53025.2 1.90579e-15 1.31239e-17 BessellR
53026.2 1.9193e-15 1.28051e-17 BessellR
53027.2 1.93269e-15 1.24853e-17 BessellR
53028.2 1.94596e-15 1.21653e-17 BessellR
53029.2 1.95909e-15 1.18455e-17 BessellR
53030.2 1.97207e-15 1.15265e-17 BessellR
53031.2 1.98491e-15 1.12091e-17 BessellR
53032.2 1.99758e-15 1.08939e-17 BessellR
53033.2 2.01007e-15 1.05818e-17 BessellR
53034.2 2.02239e-15 1.02735e-17 BessellR
53035.2 2.03451e-15 9.97006e-18 BessellR
53036.2 2.04642e-15 9.67239e-18 BessellR
53037.2 2.05812e-15 9.38155e-18 BessellR
53038.2 2.06959e-15 9.09865e-18 BessellR
53039.2 2.08083e-15 8.82486e-18 BessellR
53040.2 2.09181e-15 8.56142e-18 BessellR
53041.2 2.10253e-15 8.30961e-18 BessellR
53042.2 2.11297e-15 8.07074e-18 BessellR
53043.2 2.12312e-15 7.84614e-18 BessellR
53044.2 2.13296e-15 7.63712e-18 BessellR
53045.2 2.14249e-15 7.44496e-18 BessellR
53046.2 2.15168e-15 7.27085e-18 BessellR
53047.2 2.16052e-15 7.11586e-18 BessellR
53048.2 2.169e-15 6.98088e-18 BessellR
53049.2 2.1771e-15 6.86659e-18 BessellR
53050.2 2.18481e-15 6.77342e-18 BessellR
53051.2 2.1921e-15 6.70151e-18 BessellR
53052.2 2.19896e-15 6.65067e-18 BessellR
53053.2 2.20538e-15 6.62041e-18 BessellR
53054.2 2.21133e-15 6.60993e-18 BessellR
53055.2 2.2168e-15 6.61812e-18 BessellR
53056.2 2.22178e-15 6.64363e-18 BessellR
53057.2 2.22623e-15 6.68492e-18 BessellR
53058.2 2.23015e-15 6.74029e-18 BessellR
53059.2 2.23352e-15 6.80793e-18 BessellR
53060.2 2.23631e-15 6.88599e-18 BessellR
53061.2 2.23851e-15 6.97264e-18 BessellR
53062.2 2.2401e-15 7.06605e-18 BessellR
53063.2 2.24106e-15 7.1645e-18 BessellR
53064.2 2.24137e-15 7.26633e-18 BessellR
53065.2 2.24102e-15 7.37001e-18 BessellR
53066.2 2.23998e-15 7.47415e-18 BessellR
53067.2 2.23824e-15 7.57745e-18 BessellR
53068.2 2.23579e-15 7.6788e-18 BessellR
53069.2 2.23259e-15 7.77719e-18 BessellR
53070.2 2.22865e-15 7.87176e-18 BessellR
53071.2 2.22393e-15 7.96178e-18 BessellR
53072.2 2.21844e-15 8.04668e-18 BessellR
53073.2 2.21215e-15 8.12597e-18 BessellR
53074.2 2.20505e-15 8.19932e-18 BessellR
53075.2 2.19714e-15 8.2665e-18 BessellR
53076.2 2.18839e-15 8.32738e-18 BessellR
53077.2 2.17881e-15 8.38195e-18 BessellR
53078.2 2.16839e-15 8.43029e-18 BessellR
53079.2 2.15711e-15 8.47255e-18 BessellR
53080.2 2.14498e-15 8.50898e-18 BessellR
53081.2 2.132e-15 8.53989e-18 BessellR
53082.2 2.11816e-15 8.56565e-18 BessellR
53083.2 2.10348e-15 8.5867e-18 BessellR
53084.2 2.08794e-15 8.60352e-18 BessellR
53085.2 2.07157e-15 8.6166e-18 BessellR
53086.2 2.05437e-15 8.62652e-18 BessellR
53087.2 2.03636e-15 8.63384e-18 BessellR
53088.2 2.01754e-15 8.63917e-18 BessellR
53089.2 1.99794e-15 8.64312e-18 BessellR
53090.2 1.97758e-15 8.64632e-18 BessellR
53091.2 1.95647e-15 8.6494e-18 BessellR
53092.2 1.93465e-15 8.65303e-18 BessellR
53093.2 1.91214e-15 8.65784e-18 BessellR
53094.2 1.88897e-15 8.66448e-18 BessellR
53095.2 1.86517e-15 8.6736e-18 BessellR
53096.2 1.84079e-15 8.68582e-18 BessellR
53097.2 1.81584e-15 8.70177e-18 BessellR
53098.2 1.79039e-15 8.72201e-18 BessellR
53099.2 1.76445e-15 8.7471e-18 BessellR
53100.2 1.73808e-15 8.77753e-18 BessellR
53101.2 1.71132e-15 8.81371e-18 BessellR
53102.2 1.68422e-15 8.856e-18 BessellR
53103.2 1.65681e-15 8.90462e-18 BessellR
53104.2 1.62915e-15 8.95972e-18 BessellR
53105.2 1.60128e-15 9.02129e-18 BessellR
53106.2 1.57325e-15 9.08919e-18 BessellR
53107.2 1.5451e-15 9.16315e-18 BessellR
53108.2 1.51688e-15 9.24272e-18 BessellR
53109.2 1.48864e-15 9.32733e-18 BessellR
53110.2 1.46043e-15 9.41624e-18 BessellR
53111.2 1.43227e-15 9.50859e-18 BessellR
53112.2 1.40423e-15 9.60341e-18 BessellR
53113.2 1.37634e-15 9.69959e-18 BessellR
53114.2 1.34863e-15 9.79598e-18 BessellR
53115.2 1.32115e-15 9.89133e-18 BessellR
53116.2 1.29393e-15 9.98439e-18 BessellR
53117.2 1.26701e-15 1.00739e-17 BessellR
53118.2 1.24041e-15 1.01585e-17 BessellR
53119.2 1.21417e-15 1.02371e-17 BessellR
53120.2 1.18832e-15 1.03083e-17 BessellR
53121.2 1.16287e-15 1.03712e-17 BessellR
53122.2 1.13785e-15 1.04247e-17 BessellR
53123.2 1.11328e-15 1.04679e-17 BessellR
53124.2 1.08917e-15 1.04999e-17 BessellR
53125.2 1.06555e-15 1.05201e-17 BessellR
53126.2 1.04242e-15 1.0528e-17 BessellR
53127.2 1.0198e-15 1.0523e-17 BessellR
53128.2 9.97686e-16 1.05048e-17 BessellR
53129.2 9.76094e-16 1.04734e-17 BessellR
53130.2 9.55024e-16 1.04287e-17 BessellR
53131.2 9.34481e-16 1.03706e-17 BessellR
53132.2 9.14464e-16 1.02995e-17 BessellR
53133.2 8.94972e-16 1.02157e-17 BessellR
53134.2 8.76003e-16 1.01195e-17 BessellR
53135.2 8.57553e-16 1.00114e-17 BessellR
53136.2 8.39616e-16 9.89204e-18 BessellR
53137.2 8.22187e-16 9.7621e-18 BessellR
53138.2 8.05258e-16 9.6223e-18 BessellR
53139.2 7.8882e-16 9.47341e-18 BessellR
53140.2 7.72864e-16 9.31628e-18 BessellR
53141.2 7.57381e-16 9.15179e-18 BessellR
53142.2 7.42359e-16 8.98085e-18 BessellR
53143.2 7.27787e-16 8.80439e-18 BessellR
53144.2 7.13654e-16 8.62337e-18 BessellR
53145.2 6.99948e-16 8.43873e-18 BessellR
53146.2 6.86657e-16 8.25144e-18 BessellR
53147.2 6.73768e-16 8.06245e-18 BessellR
53148.2 6.61268e-16 7.8727e-18 BessellR
53149.2 6.49146e-16 7.6831e-18 BessellR
53150.2 6.37388e-16 7.49455e-18 BessellR
53151.2 6.25981e-16 7.30792e-18 BessellR
53152.2 6.14914e-16 7.12404e-18 BessellR
53153.2 6.04173e-16 6.94369e-18 BessellR
53154.2 5.93747e-16 6.76763e-18 BessellR
53155.2 5.83623e-16 6.59653e-18 BessellR
53156.2 5.73789e-16 6.43104e-18 BessellR
53157.2 5.64235e-16 6.27173e-18 BessellR
53158.2 5.54948e-16 6.11912e-18 BessellR
53159.2 5.45918e-16 5.97364e-18 BessellR
53160.2 5.37134e-16 5.83566e-18 BessellR
53161.2 5.28586e-16 5.70547e-18 BessellR
53162.2 5.20263e-16 5.58328e-18 BessellR
53163.2 5.12156e-16 5.46922e-18 BessellR
53164.2 5.04255e-16 5.36334e-18 BessellR
53165.2 4.96551e-16 5.26562e-18 BessellR
53166.2 4.89036e-16 5.17594e-18 BessellR
53167.2 4.81701e-16 5.09413e-18 BessellR
53168.2 4.74539e-16 5.01993e-18 BessellR
53169.2 4.6754e-16 4.95305e-18 BessellR
53170.2 4.60699e-16 4.89313e-18 BessellR
53171.2 4.54008e-16 4.83974e-18 BessellR
53172.2 4.4746e-16 4.79247e-18 BessellR
53173.2 4.4105e-16 4.75082e-18 BessellR
53174.2 4.34769e-16 4.71433e-18 BessellR
53175.2 4.28614e-16 4.6825e-18 BessellR
53176.2 4.22579e-16 4.65483e-18 BessellR
53177.2 4.16657e-16 4.63084e-18 BessellR
53178.2 4.10845e-16 4.61005e-18 BessellR
53179.2 4.05137e-16 4.59201e-18 BessellR
53180.2 3.99528e-16 4.57628e-18 BessellR
53181.2 3.94016e-16 4.56246e-18 BessellR
53182.2 3.88596e-16 4.55018e-18 BessellR
53183.2 3.83263e-16 4.53907e-18 BessellR
53184.2 3.78014e-16 4.52883e-18 BessellR
53185.2 3.72847e-16 4.51916e-18 BessellR
53186.2 3.67758e-16 4.50981e-18 BessellR
53187.2 3.62743e-16 4.50055e-18 BessellR
53188.2 3.578e-16 4.49118e-18 BessellR
53189.2 3.52927e-16 4.48154e-18 BessellR
53190.2 3.48121e-16 4.47146e-18 BessellR
53191.2 3.43379e-16 4.46083e-18 BessellR
53192.2 3.387e-16 4.44955e-18 BessellR
53193.2 3.34081e-16 4.43754e-18 BessellR
53194.2 3.2952e-16 4.42473e-18 BessellR
53195.2 3.25017e-16 4.41108e-18 BessellR
53196.2 3.20568e-16 4.39656e-18 BessellR
53197.2 3.16173e-16 4.38115e-18 BessellR
53198.2 3.11829e-16 4.36485e-18 BessellR
53199.2 3.07537e-16 4.34766e-18 BessellR
53200.2 3.03294e-16 4.3296e-18 BessellR
53201.2 2.99099e-16 4.3107e-18 BessellR
53202.2 2.94951e-16 4.29099e-18 BessellR
53203.2 2.90849e-16 4.2705e-18 BessellR
53204.2 2.86793e-16 4.24928e-18 BessellR
53205.2 2.82781e-16 4.22738e-18 BessellR
53206.2 2.78812e-16 4.20483e-18 BessellR
53207.2 2.74886e-16 4.18171e-18 BessellR
53208.2 2.71002e-16 4.15805e-18 BessellR
53209.2 2.6716e-16 4.13392e-18 BessellR
53210.2 2.63358e-16 4.10938e-18 BessellR
53211.2 2.59596e-16 4.08447e-18 BessellR
53212.2 2.55875e-16 4.05926e-18 BessellR
53213.2 2.52192e-16 4.0338e-18 BessellR
53214.2 2.48548e-16 4.00815e-18 BessellR
53215.2 2.44943e-16 3.98235e-18 BessellR
53216.2 2.41376e-16 3.95646e-18 BessellR
53217.2 2.37846e-16 3.93053e-18 BessellR
53218.2 2.34353e-16 3.9046e-18 BessellR
53219.2 2.30898e-16 3.87872e-18 BessellR
53220.2 2.27479e-16 3.85293e-18 BessellR
53221.2 2.24097e-16 3.82726e-18 BessellR
53222.2 2.20751e-16 3.80176e-18 BessellR
53223.2 2.17441e-16 3.77645e-18 BessellR
53224.2 2.14166e-16 3.75138e-18 BessellR
53225.2 2.10927e-16 3.72655e-18 BessellR
53226.2 2.07724e-16 3.702e-18 BessellR
53227.2 2.04555e-16 3.67775e-18 BessellR
53228.2 2.01422e-16 3.65381e-18 BessellR
53229.2 1.98323e-16 3.63021e-18 BessellR
53230.2 1.95259e-16 3.60695e-18 BessellR
53231.2 1.92229e-16 3.58404e-18 BessellR
53232.2 1.89233e-16 3.5615e-18 BessellR
53233.2 1.86272e-16 3.53931e-18 BessellR
53234.2 1.83345e-16 3.5175e-18 BessellR
53235.2 1.80451e-16 3.49605e-18 BessellR
53236.2 1.77591e-16 3.47497e-18 BessellR
53237.2 1.74764e-16 3.45425e-18 BessellR
53238.2 1.71971e-16 3.43389e-18 BessellR
53239.2 1.69211e-16 3.41387e-18 BessellR
53240.2 1.66484e-16 3.39418e-18 BessellR
53241.2 1.6379e-16 3.37483e-18 BessellR
53242.2 1.61129e-16 3.35579e-18 BessellR
53243.2 1.585e-16 3.33705e-18 BessellR
53244.2 1.55904e-16 3.3186e-18 BessellR
53245.2 1.5334e-16 3.30042e-18 BessellR
53246.2 1.50808e-16 3.28249e-18 BessellR
53247.2 1.48308e-16 3.26481e-18 BessellR
53248.2 1.4584e-16 3.24735e-18 BessellR
53249.2 1.43403e-16 3.2301e-18 BessellR
53250.2 1.40998e-16 3.21303e-18 BessellR
53251.2 1.38624e-16 3.19614e-18 BessellR
53252.2 1.36281e-16 3.1794e-18 BessellR
53253.2 1.33969e-16 3.1628e-18 BessellR
53254.2 1.31688e-16 3.14631e-18 BessellR
53255.2 1.29437e-16 3.12993e-18 BessellR
53256.2 1.27217e-16 3.11363e-18 BessellR
53257.2 1.25026e-16 3.0974e-18 BessellR
53258.2 1.22866e-16 3.08123e-18 BessellR
53259.2 1.20735e-16 3.06509e-18 BessellR
53260.2 1.18634e-16 3.04897e-18 BessellR
53261.2 1.16561e-16 3.03287e-18 BessellR
53262.2 1.14518e-16 3.01676e-18 BessellR
53263.2 1.12504e-16 3.00062e-18 BessellR
53264.2 1.10519e-16 2.98446e-18 BessellR
53265.2 1.08561e-16 2.96826e-18 BessellR
53266.2 1.06632e-16 2.952e-18 BessellR
53267.2 1.04731e-16 2.93568e-18 BessellR
53268.2 1.02858e-16 2.91928e-18 BessellR
53019.2 2.29228e-15 5.47255e-17 BessellV
53020.2 2.29756e-15 5.26568e-17 BessellV
53021.2 2.30284e-15 5.06095e-17 BessellV
53022.2 2.30812e-15 4.8585e-17 BessellV
53023.2 2.31338e-15 4.6585e-17 BessellV
53024.2 2.31864e-15 4.46112e-17 BessellV
53025.2 2.32388e-15 4.26654e-17 BessellV
53026.2 2.3291e-15 4.07499e-17 BessellV
53027.2 2.33429e-15 3.88668e-17 BessellV
53028.2 2.33946e-15 3.70187e-17 BessellV
53029.2 2.3446e-15 3.52083e-17 BessellV
53030.2 2.34969e-15 3.34386e-17 BessellV
53031.2 2.35475e-15 3.17129e-17 BessellV
53032.2 2.35976e-15 3.00352e-17 BessellV
53033.2 2.36471e-15 2.84094e-17 BessellV
53034.2 2.36961e-15 2.68404e-17 BessellV
53035.2 2.37444e-15 2.53333e-17 BessellV
53036.2 2.3792e-15 2.3894e-17 BessellV
53037.2 2.38389e-15 2.25288e-17 BessellV
53038.2 2.38848e-15 2.1245e-17 BessellV
53039.2 2.39299e-15 2.00503e-17 BessellV
53040.2 2.39739e-15 1.89527e-17 BessellV
53041.2 2.40169e-15 1.79608e-17 BessellV
53042.2 2.40586e-15 1.70827e-17 BessellV
53043.2 2.40992e-15 1.63258e-17 BessellV
53044.2 2.41383e-15 1.56962e-17 BessellV
53045.2 2.41761e-15 1.51973e-17 BessellV
53046.2 2.42123e-15 1.48297e-17 BessellV
53047.2 2.42468e-15 1.45903e-17 BessellV
53048.2 2.42796e-15 1.44724e-17 BessellV
53049.2 2.43105e-15 1.44656e-17 BessellV
53050.2 2.43395e-15 1.45571e-17 BessellV
53051.2 2.43663e-15 1.47322e-17 BessellV
53052.2 2.4391e-15 1.49756e-17 BessellV
53053.2 2.44133e-15 1.52722e-17 BessellV
53054.2 2.44331e-15 1.56075e-17 BessellV
53055.2 2.44502e-15 1.59686e-17 BessellV
53056.2 2.44647e-15 1.63436e-17 BessellV
53057.2 2.44762e-15 1.67224e-17 BessellV
53058.2 2.44847e-15 1.70963e-17 BessellV
53059.2 2.449e-15 1.74578e-17 BessellV
53060.2 2.44919e-15 1.7801e-17 BessellV
53061.2 2.44903e-15 1.81208e-17 BessellV
53062.2 2.44851e-15 1.84132e-17 BessellV
53063.2 2.4476e-15 1.86752e-17 BessellV
53064.2 2.44629e-15 1.89046e-17 BessellV
53065.2 2.44456e-15 1.91e-17 BessellV
53066.2 2.4424e-15 1.92608e-17 BessellV
53067.2 2.43979e-15 1.9387e-17 BessellV
53068.2 2.43671e-15 1.94791e-17 BessellV
53069.2 2.43314e-15 1.95385e-17 BessellV
53070.2 2.42907e-15 1.95672e-17 BessellV
53071.2 2.42447e-15 1.95675e-17 BessellV
53072.2 2.41934e-15 1.95426e-17 BessellV
53073.2 2.41365e-15 1.9496e-17 BessellV
53074.2 2.40738e-15 1.94318e-17 BessellV
53075.2 2.40052e-15 1.93545e-17 BessellV
53076.2 2.39306e-15 1.92691e-17 BessellV
53077.2 2.38497e-15 1.91806e-17 BessellV
53078.2 2.37625e-15 1.90945e-17 BessellV
53079.2 2.36687e-15 1.90161e-17 BessellV
53080.2 2.35682e-15 1.89507e-17 BessellV
53081.2 2.34609e-15 1.89034e-17 BessellV
53082.2 2.33466e-15 1.88786e-17 BessellV
53083.2 2.32253e-15 1.88801e-17 BessellV
53084.2 2.30967e-15 1.8911e-17 BessellV
53085.2 2.2961e-15 1.89732e-17 BessellV
53086.2 2.28178e-15 1.90676e-17 BessellV
53087.2 2.26673e-15 1.91938e-17 BessellV
53088.2 2.25092e-15 1.93502e-17 BessellV
53089.2 2.23437e-15 1.95343e-17 BessellV
53090.2 2.21706e-15 1.97422e-17 BessellV
53091.2 2.19899e-15 1.99694e-17 BessellV
53092.2 2.18017e-15 2.02103e-17 BessellV
53093.2 2.1606e-15 2.04592e-17 BessellV
53094.2 2.14028e-15 2.07097e-17 BessellV
53095.2 2.11923e-15 2.09554e-17 BessellV
53096.2 2.09744e-15 2.119e-17 BessellV
53097.2 2.07493e-15 2.14072e-17 BessellV
53098.2 2.05171e-15 2.16013e-17 BessellV
53099.2 2.0278e-15 2.17672e-17 BessellV
53100.2 2.00322e-15 2.19002e-17 BessellV
53101.2 1.97798e-15 2.19967e-17 BessellV
53102.2 1.95211e-15 2.20539e-17 BessellV
53103.2 1.92562e-15 2.20701e-17 BessellV
53104.2 1.89855e-15 2.20448e-17 BessellV
53105.2 1.87092e-15 2.19787e-17 BessellV
53106.2 1.84275e-15 2.18739e-17 BessellV
53107.2 1.81409e-15 2.17343e-17 BessellV
53108.2 1.78496e-15 2.1565e-17 BessellV
53109.2 1.75539e-15 2.13729e-17 BessellV
53110.2 1.72543e-15 2.11669e-17 BessellV
53111.2 1.6951e-15 2.09572e-17 BessellV
53112.2 1.66444e-15 2.07559e-17 BessellV
53113.2 1.63349e-15 2.05764e-17 BessellV
53114.2 1.6023e-15 2.04334e-17 BessellV
53115.2 1.57089e-15 2.03421e-17 BessellV
53116.2 1.53932e-15 2.03177e-17 BessellV
53117.2 1.50761e-15 2.03745e-17 BessellV
53118.2 1.47581e-15 2.05254e-17 BessellV
53119.2 1.44395e-15 2.07806e-17 BessellV
53120.2 1.41209e-15 2.1147e-17 BessellV
53121.2 1.38025e-15 2.16282e-17 BessellV
53122.2 1.34847e-15 2.22237e-17 BessellV
53123.2 1.31679e-15 2.29297e-17 BessellV
53124.2 1.28525e-15 2.37396e-17 BessellV
53125.2 1.25389e-15 2.46439e-17 BessellV
53126.2 1.22273e-15 2.5632e-17 BessellV
53127.2 1.19181e-15 2.66918e-17 BessellV
53128.2 1.16115e-15 2.78111e-17 BessellV
53129.2 1.1308e-15 2.89775e-17 BessellV
53130.2 1.10078e-15 3.01789e-17 BessellV
53131.2 1.07111e-15 3.14037e-17 BessellV
53132.2 1.04181e-15 3.26412e-17 BessellV
53133.2 1.01292e-15 3.38811e-17 BessellV
53134.2 9.84454e-16 3.51143e-17 BessellV
53135.2 9.56427e-16 3.63323e-17 BessellV
53136.2 9.28861e-16 3.75273e-17 BessellV
53137.2 9.01769e-16 3.86927e-17 BessellV
53138.2 8.75168e-16 3.98222e-17 BessellV
53139.2 8.49068e-16 4.09106e-17 BessellV
53140.2 8.23481e-16 4.19532e-17 BessellV
53141.2 7.98416e-16 4.29459e-17 BessellV
53142.2 7.7388e-16 4.38855e-17 BessellV
53143.2 7.4988e-16 4.4769e-17 BessellV
53144.2 7.2642e-16 4.55944e-17 BessellV
53145.2 7.03503e-16 4.63598e-17 BessellV
53146.2 6.81132e-16 4.7064e-17 BessellV
53147.2 6.59307e-16 4.77061e-17 BessellV
53148.2 6.38027e-16 4.82857e-17 BessellV
53149.2 6.1729e-16 4.88027e-17 BessellV
53150.2 5.97095e-16 4.92575e-17 BessellV
53151.2 5.77438e-16 4.96506e-17 BessellV
53152.2 5.58314e-16 4.99827e-17 BessellV
53153.2 5.39718e-16 5.02551e-17 BessellV
53154.2 5.21644e-16 5.04689e-17 BessellV
53155.2 5.04086e-16 5.06257e-17 BessellV
53156.2 4.87036e-16 5.0727e-17 BessellV
53157.2 4.70486e-16 5.07746e-17 BessellV
53158.2 4.54429e-16 5.07705e-17 BessellV
53159.2 4.38855e-16 5.07165e-17 BessellV
53160.2 4.23756e-16 5.06147e-17 BessellV
53161.2 4.09122e-16 5.04673e-17 BessellV
53162.2 3.94944e-16 5.02762e-17 BessellV
53163.2 3.81212e-16 5.00439e-17 BessellV
53164.2 3.67916e-16 4.97722e-17 BessellV
53165.2 3.55047e-16 4.94636e-17 BessellV
53166.2 3.42593e-16 4.912e-17 BessellV
53167.2 3.30544e-16 4.87437e-17 BessellV
53168.2 3.18891e-16 4.83368e-17 BessellV
53169.2 3.07623e-16 4.79013e-17 BessellV
53170.2 2.9673e-16 4.74393e-17 BessellV
53171.2 2.86201e-16 4.69528e-17 BessellV
53172.2 2.76028e-16 4.64436e-17 BessellV
53173.2 2.66198e-16 4.59136e-17 BessellV
53174.2 2.56703e-16 4.53647e-17 BessellV
53175.2 2.47534e-16 4.47986e-17 BessellV
53176.2 2.38679e-16 4.4217e-17 BessellV
53177.2 2.3013e-16 4.36215e-17 BessellV
53178.2 2.21877e-16 4.30137e-17 BessellV
53179.2 2.13912e-16 4.23949e-17 BessellV
