4959.01 9.9701e-17
4961.66 2.5525e-17
4964.30 1.1515e-16
4966.95 7.9748e-17
4969.60 5.8054e-17
4972.24 1.3272e-16
4974.89 9.8255e-17
4977.54 1.0251e-16
4980.18 1.7873e-16
4982.83 1.0175e-16
4985.47 1.3233e-16
4988.12 1.473e-16
4990.77 3.7732e-17
4993.41 7.914e-17
4996.06 1.1795e-16
4998.71 7.5085e-17
5001.35 3.5253e-17
5004.00 1.0754e-16
5006.65 9.1512e-17
5009.29 6.3259e-17
5011.94 7.8694e-17
5014.59 9.1169e-17
5017.23 8.5301e-17
5019.88 6.29e-17
5022.53 6.5887e-17
5025.17 9.8112e-17
5027.82 1.1511e-16
5030.47 1.2494e-16
5033.11 1.3824e-16
5035.76 1.328e-16
5038.41 1.243e-16
5041.05 1.0267e-16
5043.70 1.1299e-16
5046.35 1.1706e-16
5048.99 1.0897e-16
5051.64 1.101e-16
5054.29 1.1983e-16
5056.93 1.2784e-16
5059.58 1.2228e-16
5062.23 1.1916e-16
5064.87 1.1688e-16
5067.52 1.2002e-16
5070.17 1.1773e-16
5072.81 1.1731e-16
5075.46 1.1655e-16
5078.11 1.1625e-16
5080.75 1.137e-16
5083.40 1.0867e-16
5086.05 1.0277e-16
5088.69 9.4152e-17
5091.34 8.3854e-17
5093.99 8.4896e-17
5096.63 8.9516e-17
5099.28 8.6335e-17
5101.92 9.4755e-17
5104.57 9.7718e-17
5107.22 9.894e-17
5109.86 9.9255e-17
5112.51 1.0336e-16
5115.16 1.056e-16
5117.80 1.1319e-16
5120.45 1.1217e-16
5123.10 1.1096e-16
5125.74 1.1705e-16
5128.39 1.1847e-16
5131.04 1.1102e-16
5133.68 1.078e-16
5136.33 1.0645e-16
5138.98 1.0103e-16
5141.62 9.5561e-17
5144.27 9.6051e-17
5146.92 9.2657e-17
5149.56 8.6812e-17
5152.21 8.5977e-17
5154.86 8.112e-17
5157.50 7.1811e-17
5160.15 6.3136e-17
5162.80 6.1132e-17
5165.44 6.4158e-17
5168.09 5.9449e-17
5170.74 5.6072e-17
5173.38 5.4561e-17
5176.03 6.1415e-17
5178.68 6.2352e-17
5181.32 6.8744e-17
5183.97 7.0945e-17
5186.62 7.5642e-17
5189.26 8.1907e-17
5191.91 8.4025e-17
5194.56 9.3286e-17
5197.20 1.0106e-16
5199.85 9.8982e-17
5202.50 1.0508e-16
5205.14 1.1035e-16
5207.79 1.1194e-16
5210.43 1.119e-16
5213.08 1.0737e-16
5215.73 1.0284e-16
5218.37 1.0421e-16
5221.02 1.084e-16
5223.67 1.0726e-16
5226.31 1.014e-16
5228.96 9.484e-17
5231.61 9.3105e-17
5234.25 9.2978e-17
5236.90 8.6821e-17
5239.55 8.1592e-17
5242.19 7.5234e-17
5244.84 7.5174e-17
5247.49 7.4856e-17
5250.13 7.2147e-17
5252.78 7.0637e-17
5255.43 6.8236e-17
5258.07 6.4927e-17
5260.72 6.959e-17
5263.37 7.203e-17
5266.01 7.2454e-17
5268.66 7.2899e-17
5271.31 7.459e-17
5273.95 7.7888e-17
5276.60 8.661e-17
5279.25 9.7706e-17
5281.89 1.0603e-16
5284.54 1.1283e-16
5287.19 1.1802e-16
5289.83 1.2478e-16
5292.48 1.2985e-16
5295.13 1.3127e-16
5297.77 1.2704e-16
5300.42 1.2304e-16
5303.07 1.1931e-16
5305.71 1.1047e-16
5308.36 1.0032e-16
5311.01 9.4295e-17
5313.65 9.1462e-17
5316.30 8.6818e-17
5318.95 8.3519e-17
5321.59 8.1627e-17
5324.24 8.1119e-17
5326.88 8.0239e-17
5329.53 8.3946e-17
5332.18 8.5923e-17
5334.82 9.0129e-17
5337.47 9.7083e-17
5340.12 1.0507e-16
5342.76 1.085e-16
5345.41 1.0706e-16
5348.06 1.068e-16
5350.70 1.0552e-16
5353.35 1.0716e-16
5356.00 1.1044e-16
5358.64 1.1494e-16
5361.29 1.1089e-16
5363.94 1.0597e-16
5366.58 1.032e-16
5369.23 1.012e-16
5371.88 9.8653e-17
5374.52 9.8264e-17
5377.17 9.481e-17
5379.82 9.1193e-17
5382.46 9.4208e-17
5385.11 9.677e-17
5387.76 9.9105e-17
5390.40 1.0039e-16
5393.05 9.9614e-17
5395.70 9.723e-17
5398.34 1.0266e-16
5400.99 1.0384e-16
5403.64 9.4424e-17
5406.28 9.1735e-17
5408.93 9.4126e-17
5411.58 9.6405e-17
5414.22 9.5714e-17
5416.87 9.4463e-17
5419.52 9.2983e-17
5422.16 9.2552e-17
5424.81 9.474e-17
5427.46 9.5399e-17
5430.10 9.5575e-17
5432.75 9.6658e-17
5435.39 9.6838e-17
5438.04 9.8202e-17
5440.69 1.0195e-16
5443.33 1.0553e-16
5445.98 1.0707e-16
5448.63 1.1311e-16
5451.27 1.163e-16
5453.92 1.2027e-16
5456.57 1.2679e-16
5459.21 1.3066e-16
5461.86 1.351e-16
5464.51 1.4124e-16
5467.15 1.5043e-16
5469.80 1.5833e-16
5472.45 1.678e-16
5475.09 1.759e-16
5477.74 1.7954e-16
5480.39 1.7996e-16
5483.03 1.7672e-16
5485.68 1.7368e-16
5488.33 1.7186e-16
5490.97 1.709e-16
5493.62 1.7035e-16
5496.27 1.6546e-16
5498.91 1.6337e-16
5501.56 1.623e-16
5504.21 1.6124e-16
5506.85 1.6371e-16
5509.50 1.6358e-16
5512.15 1.6322e-16
5514.79 1.6351e-16
5517.44 1.6389e-16
5520.09 1.64e-16
5522.73 1.621e-16
5525.38 1.6181e-16
5528.03 1.6325e-16
5530.67 1.6226e-16
5533.32 1.5906e-16
5535.97 1.5985e-16
5538.61 1.5928e-16
5541.26 1.576e-16
5543.91 1.6083e-16
5546.55 1.6881e-16
5549.20 1.763e-16
5551.84 1.7867e-16
5554.49 1.7822e-16
5557.14 1.8205e-16
5559.78 1.8332e-16
5562.43 1.8377e-16
5565.08 1.8323e-16
5567.72 1.8523e-16
5570.37 1.8917e-16
5573.02 1.8685e-16
5575.66 1.8808e-16
5578.31 1.8878e-16
5580.96 1.8405e-16
5583.60 1.8329e-16
5586.25 1.8376e-16
5588.90 1.8492e-16
5591.54 1.841e-16
5594.19 1.8271e-16
5596.84 1.8098e-16
5599.48 1.7998e-16
5602.13 1.7746e-16
5604.78 1.7721e-16
5607.42 1.8235e-16
5610.07 1.8235e-16
5612.72 1.8075e-16
5615.36 1.8188e-16
5618.01 1.8137e-16
5620.66 1.823e-16
5623.30 1.8185e-16
5625.95 1.8427e-16
5628.60 1.8295e-16
5631.24 1.8361e-16
5633.89 1.8105e-16
5636.54 1.7535e-16
5639.18 1.7542e-16
5641.83 1.7552e-16
5644.48 1.7187e-16
5647.12 1.6947e-16
5649.77 1.6762e-16
5652.42 1.6169e-16
5655.06 1.5958e-16
5657.71 1.5554e-16
5660.36 1.5416e-16
5663.00 1.5116e-16
5665.65 1.45e-16
5668.29 1.4528e-16
5670.94 1.4791e-16
5673.59 1.4628e-16
5676.23 1.451e-16
5678.88 1.4543e-16
5681.53 1.4781e-16
5684.17 1.5138e-16
5686.82 1.5556e-16
5689.47 1.5752e-16
5692.11 1.5916e-16
5694.76 1.5794e-16
5697.41 1.59e-16
5700.05 1.5929e-16
5702.70 1.568e-16
5705.35 1.5983e-16
5707.99 1.5851e-16
5710.64 1.5908e-16
5713.29 1.5943e-16
5715.93 1.5771e-16
5718.58 1.6003e-16
5721.23 1.5949e-16
5723.87 1.6043e-16
5726.52 1.6461e-16
5729.17 1.6594e-16
5731.81 1.703e-16
5734.46 1.7056e-16
5737.11 1.7032e-16
5739.75 1.7003e-16
5742.40 1.6861e-16
5745.05 1.6952e-16
5747.69 1.7297e-16
5750.34 1.7156e-16
5752.99 1.706e-16
5755.63 1.7432e-16
5758.28 1.7292e-16
5760.93 1.7316e-16
5763.57 1.7518e-16
5766.22 1.7303e-16
5768.87 1.68e-16
5771.51 1.6787e-16
5774.16 1.6999e-16
5776.80 1.6668e-16
5779.45 1.668e-16
5782.10 1.6482e-16
5784.74 1.5774e-16
5787.39 1.5052e-16
5790.04 1.3898e-16
5792.68 1.2536e-16
5795.33 1.0964e-16
5797.98 9.5347e-17
5800.62 8.5526e-17
5803.27 7.8922e-17
5805.92 7.2649e-17
5808.56 6.7573e-17
5811.21 6.1292e-17
5813.86 5.4994e-17
5816.50 5.3719e-17
5819.15 5.0515e-17
5821.80 4.6309e-17
5824.44 4.5318e-17
5827.09 4.4443e-17
5829.74 4.322e-17
5832.38 4.1664e-17
5835.03 3.9207e-17
5837.68 3.7747e-17
5840.32 3.7668e-17
5842.97 3.8006e-17
5845.62 3.9794e-17
5848.26 4.0617e-17
5850.91 4.073e-17
5853.56 4.1799e-17
5856.20 4.3506e-17
5858.85 4.5956e-17
5861.50 4.5456e-17
5864.14 4.7479e-17
5866.79 5.1292e-17
5869.44 5.4451e-17
5872.08 5.673e-17
5874.73 5.9368e-17
5877.38 6.4154e-17
5880.02 6.8116e-17
5882.67 7.0397e-17
5885.32 7.4181e-17
5887.96 8.0844e-17
5890.61 8.9872e-17
5893.25 9.4786e-17
5895.90 1.0221e-16
5898.55 1.1502e-16
5901.19 1.2657e-16
5903.84 1.4189e-16
5906.49 1.6592e-16
5909.13 1.9071e-16
5911.78 2.1067e-16
5914.43 2.2959e-16
5917.07 2.4671e-16
5919.72 2.6078e-16
5922.37 2.6864e-16
5925.01 2.7286e-16
5927.66 2.7948e-16
5930.31 2.8353e-16
5932.95 2.8793e-16
5935.60 2.9058e-16
5938.25 2.9071e-16
5940.89 2.9062e-16
5943.54 2.889e-16
5946.19 2.8915e-16
5948.83 2.8222e-16
5951.48 2.7483e-16
5954.13 2.7346e-16
5956.77 2.7279e-16
5959.42 2.6678e-16
5962.07 2.5774e-16
5964.71 2.5159e-16
5967.36 2.4611e-16
5970.01 2.3832e-16
5972.65 2.3894e-16
5975.30 2.3836e-16
5977.95 2.3564e-16
5980.59 2.3362e-16
5983.24 2.2922e-16
5985.89 2.2826e-16
5988.53 2.2567e-16
5991.18 2.2219e-16
5993.83 2.1828e-16
5996.47 2.1645e-16
5999.12 2.1686e-16
6001.76 2.1201e-16
6004.41 2.1111e-16
6007.06 2.1296e-16
6009.70 2.0945e-16
6012.35 2.0553e-16
6015.00 2.0611e-16
6017.64 2.0603e-16
6020.29 2.0344e-16
6022.94 2.0026e-16
6025.58 1.9969e-16
6028.23 1.9762e-16
6030.88 1.9637e-16
6033.52 1.9846e-16
6036.17 1.9821e-16
6038.82 1.9335e-16
6041.46 1.8769e-16
6044.11 1.8775e-16
6046.76 1.8958e-16
6049.40 1.872e-16
6052.05 1.8279e-16
6054.70 1.8306e-16
6057.34 1.8473e-16
6059.99 1.7972e-16
6062.64 1.7655e-16
6065.28 1.7667e-16
6067.93 1.7728e-16
6070.58 1.7661e-16
6073.22 1.727e-16
6075.87 1.7185e-16
6078.52 1.7361e-16
6081.16 1.7439e-16
6083.81 1.7807e-16
6086.46 1.7912e-16
6089.10 1.732e-16
6091.75 1.7588e-16
6094.40 1.7478e-16
6097.04 1.7176e-16
6099.69 1.7155e-16
6102.34 1.6959e-16
6104.98 1.6635e-16
6107.63 1.6388e-16
6110.28 1.6101e-16
6112.92 1.5728e-16
6115.57 1.5139e-16
6118.21 1.4525e-16
6120.86 1.3828e-16
6123.51 1.2973e-16
6126.15 1.2173e-16
6128.80 1.103e-16
6131.45 9.8647e-17
6134.09 8.7749e-17
6136.74 7.9531e-17
6139.39 7.6906e-17
6142.03 7.5087e-17
6144.68 7.5717e-17
6147.33 7.9673e-17
6149.97 8.4796e-17
6152.62 9.5646e-17
6155.27 1.0946e-16
6157.91 1.2218e-16
6160.56 1.3212e-16
6163.21 1.4405e-16
6165.85 1.5602e-16
6168.50 1.6757e-16
6171.15 1.7655e-16
6173.79 1.8286e-16
6176.44 1.8899e-16
6179.09 1.9664e-16
6181.73 2.0217e-16
6184.38 2.0507e-16
6187.03 2.0701e-16
6189.67 2.0846e-16
6192.32 2.1046e-16
6194.97 2.1562e-16
6197.61 2.1587e-16
6200.26 2.1307e-16
6202.91 2.091e-16
6205.55 2.0504e-16
6208.20 2.0405e-16
6210.85 2.0511e-16
6213.49 2.0364e-16
6216.14 2.0156e-16
6218.79 2.0071e-16
6221.43 1.9765e-16
6224.08 1.9629e-16
6226.73 1.9223e-16
6229.37 1.9001e-16
6232.02 1.9018e-16
6234.66 1.8683e-16
6237.31 1.8163e-16
6239.96 1.8077e-16
6242.60 1.795e-16
6245.25 1.7606e-16
6247.90 1.7397e-16
6250.54 1.7068e-16
6253.19 1.6953e-16
6255.84 1.6885e-16
6258.48 1.6428e-16
6261.13 1.6175e-16
6263.78 1.6206e-16
6266.42 1.6551e-16
6269.07 1.6817e-16
6271.72 1.6963e-16
6274.36 1.71e-16
6277.01 1.7012e-16
6279.66 1.6754e-16
6282.30 1.6981e-16
6284.95 1.7709e-16
6287.60 1.7714e-16
6290.24 1.771e-16
6292.89 1.7938e-16
6295.54 1.8033e-16
6298.18 1.8275e-16
6300.83 1.8342e-16
6303.48 1.8567e-16
6306.12 1.9068e-16
6308.77 1.9006e-16
6311.42 1.8987e-16
6314.06 1.8864e-16
6316.71 1.9025e-16
6319.36 1.9268e-16
6322.00 1.944e-16
6324.65 1.9395e-16
6327.30 1.9434e-16
6329.94 1.9434e-16
6332.59 1.9481e-16
6335.24 1.9791e-16
6337.88 1.9887e-16
6340.53 1.9458e-16
6343.17 1.9256e-16
6345.82 1.9392e-16
6348.47 1.9343e-16
6351.11 1.9435e-16
6353.76 1.9456e-16
6356.41 1.9425e-16
6359.05 1.9464e-16
6361.70 1.9263e-16
6364.35 1.9146e-16
6366.99 1.9076e-16
6369.64 1.9463e-16
6372.29 1.9711e-16
6374.93 1.9599e-16
6377.58 1.9929e-16
6380.23 2.0033e-16
6382.87 2.0029e-16
6385.52 2.0144e-16
6388.17 2.0384e-16
6390.81 2.0428e-16
6393.46 2.0566e-16
6396.11 2.078e-16
6398.75 2.0663e-16
6401.40 2.0814e-16
6404.05 2.0537e-16
6406.69 2.0292e-16
6409.34 2.0175e-16
6411.99 1.9885e-16
6414.63 2.0001e-16
6417.28 2.0216e-16
6419.93 1.9776e-16
6422.57 1.9483e-16
6425.22 1.9292e-16
6427.87 1.9139e-16
6430.51 1.8975e-16
6433.16 1.8688e-16
6435.81 1.8456e-16
6438.45 1.8432e-16
6441.10 1.8575e-16
6443.75 1.8562e-16
6446.39 1.8521e-16
6449.04 1.8657e-16
6451.69 1.8653e-16
6454.33 1.8545e-16
6456.98 1.8503e-16
6459.62 1.8366e-16
6462.27 1.7832e-16
6464.92 1.7166e-16
6467.56 1.6511e-16
6470.21 1.5707e-16
6472.86 1.5241e-16
6475.50 1.4979e-16
6478.15 1.4525e-16
6480.80 1.3787e-16
6483.44 1.2842e-16
6486.09 1.2152e-16
6488.74 1.1525e-16
6491.38 1.0371e-16
6494.03 9.2201e-17
6496.68 8.5778e-17
6499.32 8.2291e-17
6501.97 8.1787e-17
6504.62 8.5445e-17
6507.26 9.1152e-17
6509.91 9.9761e-17
6512.56 1.1226e-16
6515.20 1.2923e-16
6517.85 1.4579e-16
6520.50 1.5876e-16
6523.14 1.6963e-16
6525.79 1.8253e-16
6528.44 1.9118e-16
6531.08 1.9809e-16
6533.73 2.1133e-16
6536.38 2.211e-16
6539.02 2.2496e-16
6541.67 2.2902e-16
6544.32 2.3249e-16
6546.96 2.3005e-16
6549.61 2.2847e-16
6552.26 2.282e-16
6554.90 2.2766e-16
6557.55 2.293e-16
6560.20 2.3089e-16
6562.84 2.3262e-16
6565.49 2.415e-16
6568.13 2.5713e-16
6570.78 2.7445e-16
6573.43 2.9624e-16
6576.07 3.28e-16
6578.72 3.664e-16
6581.37 3.9862e-16
6584.01 4.224e-16
6586.66 4.4127e-16
6589.31 4.5167e-16
6591.95 4.5548e-16
6594.60 4.6993e-16
6597.25 4.9672e-16
6599.89 5.154e-16
6602.54 5.1666e-16
6605.19 4.9034e-16
6607.83 4.4417e-16
6610.48 4.0542e-16
6613.13 3.8142e-16
6615.77 3.6659e-16
6618.42 3.566e-16
6621.07 3.477e-16
6623.71 3.3502e-16
6626.36 3.1454e-16
6629.01 2.9715e-16
6631.65 2.8839e-16
6634.30 2.7831e-16
6636.95 2.6395e-16
6639.59 2.5574e-16
6642.24 2.4739e-16
6644.89 2.3902e-16
6647.53 2.3543e-16
6650.18 2.2926e-16
6652.83 2.2348e-16
6655.47 2.1842e-16
6658.12 2.1201e-16
6660.77 2.0978e-16
6663.41 2.0843e-16
6666.06 2.0394e-16
6668.71 2.0227e-16
6671.35 2.0029e-16
6674.00 1.9343e-16
6676.65 1.9041e-16
6679.29 1.8961e-16
6681.94 1.8825e-16
6684.58 1.8969e-16
6687.23 1.8591e-16
6689.88 1.8462e-16
6692.52 1.8568e-16
6695.17 1.8378e-16
6697.82 1.8317e-16
6700.46 1.8848e-16
6703.11 1.8933e-16
6705.76 1.8629e-16
6708.40 1.8822e-16
6711.05 1.8863e-16
6713.70 1.8953e-16
6716.34 1.9338e-16
6718.99 1.9387e-16
6721.64 1.9105e-16
6724.28 1.8669e-16
6726.93 1.8319e-16
6729.58 1.8296e-16
6732.22 1.8414e-16
6734.87 1.8504e-16
6737.52 1.8325e-16
6740.16 1.8109e-16
6742.81 1.8008e-16
6745.46 1.8076e-16
6748.10 1.8037e-16
6750.75 1.8022e-16
6753.40 1.823e-16
6756.04 1.8595e-16
6758.69 1.8796e-16
6761.34 1.8175e-16
6763.98 1.7489e-16
6766.63 1.7581e-16
6769.28 1.7869e-16
6771.92 1.8195e-16
6774.57 1.8199e-16
6777.22 1.7835e-16
6779.86 1.7565e-16
6782.51 1.745e-16
6785.16 1.743e-16
6787.80 1.7327e-16
6790.45 1.7112e-16
6793.10 1.722e-16
6795.74 1.7535e-16
6798.39 1.73e-16
6801.03 1.7174e-16
6803.68 1.742e-16
6806.33 1.7596e-16
6808.97 1.7741e-16
6811.62 1.7799e-16
6814.27 1.7853e-16
6816.91 1.7862e-16
6819.56 1.7774e-16
6822.21 1.7877e-16
6824.85 1.7826e-16
6827.50 1.8081e-16
6830.15 1.7957e-16
6832.79 1.7743e-16
6835.44 1.7978e-16
6838.09 1.7983e-16
6840.73 1.7558e-16
6843.38 1.7422e-16
6846.03 1.7737e-16
6848.67 1.7834e-16
6851.32 1.7692e-16
6853.97 1.7775e-16
6856.61 1.8067e-16
6859.26 1.8205e-16
6861.91 1.814e-16
6864.55 1.8016e-16
6867.20 1.7718e-16
6869.85 1.7136e-16
6872.49 1.6609e-16
6875.14 1.6553e-16
6877.79 1.6902e-16
6880.43 1.7175e-16
6883.08 1.7474e-16
6885.73 1.7554e-16
6888.37 1.7487e-16
6891.02 1.7482e-16
6893.67 1.7382e-16
6896.31 1.7409e-16
6898.96 1.7553e-16
6901.61 1.7443e-16
6904.25 1.7397e-16
6906.90 1.7341e-16
6909.54 1.7429e-16
6912.19 1.7428e-16
6914.84 1.7439e-16
6917.48 1.6987e-16
6920.13 1.7033e-16
6922.78 1.7346e-16
6925.42 1.7014e-16
6928.07 1.6958e-16
6930.72 1.7102e-16
6933.36 1.6966e-16
6936.01 1.7081e-16
6938.66 1.7092e-16
6941.30 1.6774e-16
6943.95 1.6724e-16
6946.60 1.6825e-16
6949.24 1.6554e-16
6951.89 1.6489e-16
6954.54 1.6592e-16
6957.18 1.6798e-16
6959.83 1.7012e-16
6962.48 1.7432e-16
6965.12 1.7475e-16
6967.77 1.7099e-16
6970.42 1.7034e-16
6973.06 1.7335e-16
6975.71 1.7535e-16
6978.36 1.7288e-16
6981.00 1.7405e-16
6983.65 1.7556e-16
6986.30 1.7166e-16
6988.94 1.7095e-16
6991.59 1.7289e-16
6994.24 1.7683e-16
6996.88 1.7741e-16
6999.53 1.7844e-16
7002.18 1.765e-16
7004.82 1.7305e-16
7007.47 1.7205e-16
7010.12 1.7258e-16
7012.76 1.7203e-16
7015.41 1.688e-16
7018.06 1.6752e-16
7020.70 1.6825e-16
7023.35 1.7006e-16
7025.99 1.7429e-16
7028.64 1.7442e-16
7031.29 1.6965e-16
7033.93 1.675e-16
7036.58 1.7274e-16
7039.23 1.7753e-16
7041.87 1.7659e-16
7044.52 1.7814e-16
7047.17 1.7713e-16
7049.81 1.7523e-16
7052.46 1.7659e-16
7055.11 1.7584e-16
7057.75 1.7697e-16
7060.40 1.7958e-16
7063.05 1.801e-16
7065.69 1.7917e-16
7068.34 1.7845e-16
7070.99 1.7893e-16
7073.63 1.8081e-16
7076.28 1.803e-16
7078.93 1.7923e-16
7081.57 1.7903e-16
7084.22 1.7939e-16
7086.87 1.8211e-16
7089.51 1.8842e-16
7092.16 1.9216e-16
7094.81 1.908e-16
7097.45 1.8889e-16
7100.10 1.8931e-16
7102.75 1.8963e-16
7105.39 1.9002e-16
7108.04 1.9085e-16
7110.69 1.9149e-16
7113.33 1.9306e-16
7115.98 1.9082e-16
7118.63 1.9183e-16
7121.27 1.9226e-16
7123.92 1.9102e-16
7126.57 1.9115e-16
7129.21 1.9149e-16
7131.86 1.905e-16
7134.50 1.8779e-16
7137.15 1.8525e-16
7139.80 1.8209e-16
7142.44 1.7889e-16
7145.09 1.7631e-16
7147.74 1.7686e-16
7150.38 1.7801e-16
7153.03 1.7847e-16
7155.68 1.7942e-16
7158.32 1.8223e-16
7160.97 1.8109e-16
7163.62 1.7871e-16
7166.26 1.7768e-16
7168.91 1.8082e-16
7171.56 1.8423e-16
7174.20 1.8768e-16
7176.85 1.9279e-16
7179.50 1.9392e-16
7182.14 1.9538e-16
7184.79 1.9497e-16
7187.44 1.9497e-16
7190.08 1.9306e-16
7192.73 1.9066e-16
7195.38 1.9085e-16
7198.02 1.9359e-16
7200.67 1.8978e-16
7203.32 1.8936e-16
7205.96 1.9136e-16
7208.61 1.9359e-16
7211.26 1.9378e-16
7213.90 1.8923e-16
7216.55 1.8801e-16
7219.20 1.8959e-16
7221.84 1.8621e-16
7224.49 1.8293e-16
7227.14 1.8073e-16
7229.78 1.7881e-16
7232.43 1.8127e-16
7235.08 1.8213e-16
7237.72 1.8275e-16
7240.37 1.8493e-16
7243.02 1.845e-16
7245.66 1.8294e-16
7248.31 1.8558e-16
7250.95 1.897e-16
7253.60 1.8871e-16
7256.25 1.8653e-16
7258.89 1.8856e-16
7261.54 1.8842e-16
7264.19 1.8679e-16
7266.83 1.84e-16
7269.48 1.824e-16
7272.13 1.8426e-16
7274.77 1.8334e-16
7277.42 1.8017e-16
7280.07 1.8162e-16
7282.71 1.7898e-16
7285.36 1.7828e-16
7288.01 1.8254e-16
7290.65 1.8161e-16
7293.30 1.8055e-16
7295.95 1.8241e-16
7298.59 1.8232e-16
7301.24 1.8377e-16
7303.89 1.8476e-16
7306.53 1.8802e-16
7309.18 1.9634e-16
7311.83 1.9989e-16
7314.47 2.0378e-16
7317.12 2.1199e-16
7319.77 2.1508e-16
7322.41 2.1463e-16
7325.06 2.1317e-16
7327.71 2.156e-16
7330.35 2.1775e-16
7333.00 2.156e-16
7335.65 2.1838e-16
7338.29 2.2375e-16
7340.94 2.3005e-16
7343.59 2.3518e-16
7346.23 2.3623e-16
7348.88 2.396e-16
7351.53 2.4393e-16
7354.17 2.4426e-16
7356.82 2.4176e-16
7359.47 2.4009e-16
7362.11 2.3944e-16
7364.76 2.3686e-16
7367.40 2.3125e-16
7370.05 2.2632e-16
7372.70 2.2431e-16
7375.34 2.205e-16
7377.99 2.1682e-16
7380.64 2.1469e-16
7383.28 2.1396e-16
7385.93 2.1231e-16
7388.58 2.1081e-16
7391.22 2.0865e-16
7393.87 2.0418e-16
7396.52 2.0105e-16
7399.16 1.9744e-16
7401.81 1.9372e-16
7404.46 1.9213e-16
7407.10 1.9132e-16
7409.75 1.9258e-16
7412.40 1.9384e-16
7415.04 1.9406e-16
7417.69 1.9593e-16
7420.34 1.9478e-16
7422.98 1.9193e-16
7425.63 1.9013e-16
7428.28 1.8807e-16
7430.92 1.88e-16
7433.57 1.8557e-16
7436.22 1.8361e-16
7438.86 1.832e-16
7441.51 1.7974e-16
7444.16 1.7962e-16
7446.80 1.8102e-16
7449.45 1.812e-16
7452.10 1.8073e-16
7454.74 1.8224e-16
7457.39 1.8234e-16
7460.04 1.7824e-16
7462.68 1.7822e-16
7465.33 1.7999e-16
7467.98 1.8313e-16
7470.62 1.8474e-16
7473.27 1.8535e-16
7475.91 1.8532e-16
7478.56 1.8366e-16
7481.21 1.8339e-16
7483.85 1.8684e-16
7486.50 1.8662e-16
7489.15 1.8457e-16
7491.79 1.8599e-16
7494.44 1.8753e-16
7497.09 1.8713e-16
7499.73 1.8411e-16
7502.38 1.8385e-16
7505.03 1.8408e-16
7507.67 1.8606e-16
7510.32 1.9208e-16
7512.97 1.92e-16
7515.61 1.9089e-16
7518.26 1.9051e-16
7520.91 1.8582e-16
7523.55 1.8664e-16
7526.20 1.9074e-16
7528.85 1.8865e-16
7531.49 1.8746e-16
7534.14 1.864e-16
7536.79 1.8554e-16
7539.43 1.8616e-16
7542.08 1.8547e-16
7544.73 1.8622e-16
7547.37 1.8702e-16
7550.02 1.8826e-16
7552.67 1.8927e-16
7555.31 1.8696e-16
7557.96 1.8444e-16
7560.61 1.8547e-16
7563.25 1.8924e-16
7565.90 1.9136e-16
7568.55 1.8931e-16
7571.19 1.8573e-16
7573.84 1.8365e-16
7576.49 1.8521e-16
7579.13 1.8727e-16
7581.78 1.8507e-16
7584.43 1.8408e-16
7587.07 1.8214e-16
7589.72 1.824e-16
7592.36 1.8755e-16
7595.01 1.9237e-16
7597.66 1.8548e-16
7600.30 1.6867e-16
7602.95 1.5509e-16
7605.60 1.4325e-16
7608.24 1.3319e-16
7610.89 1.3321e-16
7613.54 1.396e-16
7616.18 1.4604e-16
7618.83 1.5636e-16
7621.48 1.7187e-16
7624.12 1.7531e-16
7626.77 1.6988e-16
7629.42 1.5964e-16
7632.06 1.5447e-16
7634.71 1.5571e-16
7637.36 1.6151e-16
7640.00 1.6778e-16
7642.65 1.6598e-16
7645.30 1.6357e-16
7647.94 1.6068e-16
7650.59 1.6216e-16
7653.24 1.6788e-16
7655.88 1.6797e-16
7658.53 1.6971e-16
7661.18 1.6974e-16
7663.82 1.6875e-16
7666.47 1.689e-16
7669.12 1.6523e-16
7671.76 1.6233e-16
7674.41 1.628e-16
7677.06 1.6527e-16
7679.70 1.6518e-16
7682.35 1.64e-16
7685.00 1.6593e-16
7687.64 1.7011e-16
7690.29 1.7489e-16
7692.94 1.819e-16
7695.58 1.8849e-16
7698.23 1.9149e-16
7700.87 1.9328e-16
7703.52 1.9238e-16
7706.17 1.9211e-16
7708.81 1.9137e-16
7711.46 1.8966e-16
7714.11 1.9328e-16
7716.75 1.9883e-16
7719.40 1.9477e-16
7722.05 1.9545e-16
7724.69 1.9828e-16
7727.34 1.9397e-16
7729.99 1.9612e-16
7732.63 1.9943e-16
7735.28 2.0117e-16
7737.93 2.0445e-16
7740.57 2.0501e-16
7743.22 2.0232e-16
7745.87 1.991e-16
7748.51 2.0219e-16
7751.16 2.0606e-16
7753.81 2.0354e-16
7756.45 2.0543e-16
7759.10 2.034e-16
7761.75 1.972e-16
7764.39 1.9316e-16
7767.04 1.9415e-16
7769.69 1.9639e-16
7772.33 1.9697e-16
7774.98 1.9761e-16
7777.63 1.9525e-16
7780.27 1.8952e-16
7782.92 1.825e-16
7785.57 1.7807e-16
7788.21 1.753e-16
7790.86 1.7618e-16
7793.51 1.7952e-16
7796.15 1.8264e-16
7798.80 1.8237e-16
7801.45 1.7862e-16
7804.09 1.7783e-16
7806.74 1.8206e-16
7809.39 1.8622e-16
7812.03 1.8736e-16
7814.68 1.8435e-16
7817.32 1.8276e-16
7819.97 1.8527e-16
7822.62 1.8225e-16
7825.26 1.8219e-16
7827.91 1.8315e-16
7830.56 1.8497e-16
7833.20 1.8997e-16
7835.85 1.9096e-16
7838.50 1.8799e-16
7841.14 1.8244e-16
7843.79 1.7857e-16
7846.44 1.8075e-16
7849.08 1.8009e-16
7851.73 1.7796e-16
7854.38 1.7172e-16
7857.02 1.6574e-16
7859.67 1.665e-16
7862.32 1.7041e-16
7864.96 1.7776e-16
7867.61 1.7959e-16
7870.26 1.7449e-16
7872.90 1.7159e-16
7875.55 1.6995e-16
7878.20 1.6694e-16
7880.84 1.6694e-16
7883.49 1.7215e-16
7886.14 1.732e-16
7888.78 1.7138e-16
7891.43 1.6913e-16
7894.08 1.6428e-16
7896.72 1.6613e-16
7899.37 1.73e-16
7902.02 1.7486e-16
7904.66 1.7042e-16
7907.31 1.6785e-16
7909.96 1.702e-16
7912.60 1.703e-16
7915.25 1.6838e-16
7917.90 1.6792e-16
7920.54 1.7044e-16
7923.19 1.7307e-16
7925.84 1.6873e-16
7928.48 1.6502e-16
7931.13 1.6896e-16
7933.77 1.7148e-16
7936.42 1.7329e-16
7939.07 1.7563e-16
7941.71 1.7192e-16
7944.36 1.6862e-16
7947.01 1.6839e-16
7949.65 1.6955e-16
7952.30 1.7217e-16
7954.95 1.7458e-16
7957.59 1.7436e-16
7960.24 1.7147e-16
7962.89 1.673e-16
7965.53 1.6706e-16
7968.18 1.7359e-16
7970.83 1.7628e-16
7973.47 1.7865e-16
7976.12 1.7953e-16
7978.77 1.7538e-16
7981.41 1.7266e-16
7984.06 1.7263e-16
7986.71 1.7568e-16
7989.35 1.7921e-16
7992.00 1.8421e-16
7994.65 1.8572e-16
7997.29 1.7684e-16
7999.94 1.6809e-16
8002.59 1.6562e-16
8005.23 1.6911e-16
8007.88 1.7654e-16
8010.53 1.7977e-16
8013.17 1.762e-16
8015.82 1.7093e-16
8018.47 1.6914e-16
8021.11 1.7033e-16
8023.76 1.7293e-16
8026.41 1.7839e-16
8029.05 1.8516e-16
8031.70 1.812e-16
8034.35 1.729e-16
8036.99 1.6821e-16
8039.64 1.6909e-16
8042.28 1.7199e-16
8044.93 1.7596e-16
8047.58 1.8009e-16
8050.22 1.7983e-16
8052.87 1.7845e-16
8055.52 1.7901e-16
8058.16 1.7518e-16
8060.81 1.721e-16
8063.46 1.7821e-16
8066.10 1.8593e-16
8068.75 1.8571e-16
8071.40 1.8017e-16
8074.04 1.7517e-16
8076.69 1.6881e-16
8079.34 1.676e-16
8081.98 1.746e-16
8084.63 1.8202e-16
8087.28 1.867e-16
8089.92 1.8487e-16
8092.57 1.7749e-16
8095.22 1.7287e-16
8097.86 1.7269e-16
8100.51 1.7605e-16
8103.16 1.8165e-16
8105.80 1.8788e-16
8108.45 1.9134e-16
8111.10 1.8475e-16
8113.74 1.7426e-16
8116.39 1.716e-16
8119.04 1.7705e-16
8121.68 1.8427e-16
8124.33 1.8531e-16
8126.98 1.8252e-16
8129.62 1.7848e-16
8132.27 1.7107e-16
8134.92 1.6642e-16
8137.56 1.6793e-16
8140.21 1.7399e-16
8142.86 1.7811e-16
8145.50 1.8467e-16
8148.15 1.8492e-16
8150.80 1.7772e-16
8153.44 1.6818e-16
8156.09 1.6248e-16
8158.73 1.6818e-16
8161.38 1.7827e-16
8164.03 1.8115e-16
8166.67 1.7446e-16
8169.32 1.6577e-16
8171.97 1.6118e-16
8174.61 1.6093e-16
8177.26 1.6601e-16
8179.91 1.7115e-16
8182.55 1.7141e-16
8185.20 1.7011e-16
8187.85 1.6426e-16
8190.49 1.5703e-16
8193.14 1.5302e-16
8195.79 1.5137e-16
8198.43 1.5394e-16
8201.08 1.5404e-16
8203.73 1.509e-16
8206.37 1.4728e-16
8209.02 1.4208e-16
8211.67 1.3839e-16
8214.31 1.3919e-16
8216.96 1.3785e-16
8219.61 1.414e-16
8222.25 1.506e-16
8224.90 1.6162e-16
8227.55 1.6719e-16
8230.19 1.6323e-16
8232.84 1.5795e-16
8235.49 1.5546e-16
8238.13 1.5837e-16
8240.78 1.6602e-16
8243.43 1.7479e-16
8246.07 1.8133e-16
8248.72 1.8498e-16
8251.37 1.8303e-16
8254.01 1.7745e-16
8256.66 1.7135e-16
8259.31 1.6857e-16
8261.95 1.7533e-16
8264.60 1.8467e-16
8267.24 1.8964e-16
8269.89 1.893e-16
8272.54 1.8321e-16
8275.18 1.7328e-16
8277.83 1.6678e-16
8280.48 1.6649e-16
8283.12 1.6484e-16
8285.77 1.7005e-16
8288.42 1.7699e-16
8291.06 1.7483e-16
8293.71 1.6991e-16
8296.36 1.6012e-16
8299.00 1.5306e-16
8301.65 1.5351e-16
8304.30 1.541e-16
8306.94 1.5473e-16
8309.59 1.5864e-16
8312.24 1.6213e-16
8314.88 1.6404e-16
8317.53 1.5803e-16
8320.18 1.4868e-16
8322.82 1.455e-16
8325.47 1.4863e-16
8328.12 1.5332e-16
8330.76 1.5706e-16
8333.41 1.606e-16
8336.06 1.5875e-16
8338.70 1.5038e-16
8341.35 1.42e-16
8344.00 1.388e-16
8346.64 1.38e-16
8349.29 1.4223e-16
8351.94 1.5518e-16
8354.58 1.627e-16
8357.23 1.6348e-16
8359.88 1.6084e-16
8362.52 1.5719e-16
8365.17 1.5404e-16
8367.82 1.5511e-16
8370.46 1.5937e-16
8373.11 1.6452e-16
8375.76 1.6977e-16
8378.40 1.7458e-16
8381.05 1.698e-16
8383.69 1.5994e-16
8386.34 1.5464e-16
8388.99 1.5115e-16
8391.63 1.5022e-16
8394.28 1.532e-16
8396.93 1.6029e-16
8399.57 1.702e-16
8402.22 1.7444e-16
8404.87 1.6445e-16
8407.51 1.4711e-16
8410.16 1.3808e-16
8412.81 1.3853e-16
8415.45 1.4308e-16
8418.10 1.5054e-16
8420.75 1.5474e-16
8423.39 1.5173e-16
8426.04 1.3565e-16
8428.69 1.1699e-16
8431.33 1.106e-16
8433.98 1.0711e-16
8436.63 9.871e-17
8439.27 8.9356e-17
8441.92 7.5367e-17
8444.57 6.0395e-17
8447.21 4.6909e-17
8449.86 3.3493e-17
8452.51 2.4801e-17
8455.15 2.3723e-17
8457.80 2.2098e-17
8460.45 2.0865e-17
8463.09 2.188e-17
8465.74 1.6213e-17
8468.39 8.5921e-18
8471.03 9.2352e-18
8473.68 1.4755e-17
8476.33 1.8911e-17
8478.97 2.143e-17
8481.62 2.2822e-17
8484.27 2.3127e-17
8486.91 2.2411e-17
8489.56 2.1294e-17
8492.21 2.0443e-17
8494.85 2.1177e-17
8497.50 2.3763e-17
8500.14 2.8574e-17
8502.79 3.4233e-17
8505.44 3.9349e-17
8508.08 3.8115e-17
8510.73 3.5294e-17
8513.38 3.9253e-17
8516.02 4.6918e-17
8518.67 5.5641e-17
8521.32 6.1565e-17
8523.96 6.3771e-17
8526.61 6.7695e-17
8529.26 6.9989e-17
8531.90 7.1748e-17
8534.55 7.8737e-17
8537.20 9.0844e-17
8539.84 1.0591e-16
8542.49 1.1681e-16
8545.14 1.189e-16
8547.78 1.1663e-16
8550.43 1.1637e-16
8553.08 1.1744e-16
8555.72 1.2318e-16
8558.37 1.382e-16
8561.02 1.5607e-16
8563.66 1.7732e-16
8566.31 2.0211e-16
8568.96 2.2018e-16
8571.60 2.2612e-16
8574.25 2.2658e-16
8576.90 2.1475e-16
8579.54 1.9946e-16
8582.19 1.9385e-16
8584.84 1.9289e-16
8587.48 1.9593e-16
8590.13 1.9859e-16
8592.78 1.9417e-16
8595.42 1.7591e-16
8598.07 1.4697e-16
8600.72 1.2043e-16
8603.36 1.0345e-16
8606.01 9.5225e-17
8608.65 9.2614e-17
8611.30 9.4732e-17
8613.95 9.7677e-17
8616.59 9.6686e-17
8619.24 8.722e-17
8621.89 7.7532e-17
8624.53 7.6502e-17
8627.18 8.2077e-17
8629.83 8.8818e-17
8632.47 9.7015e-17
8635.12 1.089e-16
8637.77 1.1063e-16
8640.41 1.0459e-16
8643.06 9.961e-17
8645.71 9.313e-17
8648.35 9.0129e-17
8651.00 9.1842e-17
8653.65 1.0113e-16
8656.29 1.21e-16
8658.94 1.3801e-16
8661.59 1.4497e-16
8664.23 1.4337e-16
8666.88 1.3176e-16
8669.53 1.1907e-16
8672.17 1.1722e-16
8674.82 1.2949e-16
8677.47 1.524e-16
8680.11 1.7929e-16
8682.76 2.083e-16
8685.41 2.357e-16
8688.05 2.4694e-16
8690.70 2.4357e-16
8693.35 2.3142e-16
8695.99 2.2276e-16
8698.64 2.2443e-16
8701.29 2.3269e-16
8703.93 2.525e-16
8706.58 2.7897e-16
8709.23 3.0499e-16
8711.87 3.2544e-16
8714.52 3.3861e-16
8717.17 3.337e-16
8719.81 3.08e-16
8722.46 2.8215e-16
8725.10 2.7638e-16
8727.75 2.9545e-16
8730.40 3.3108e-16
8733.04 3.671e-16
8735.69 3.8465e-16
8738.34 3.8223e-16
8740.98 3.628e-16
8743.63 3.3249e-16
8746.28 3.0136e-16
8748.92 2.8403e-16
8751.57 2.8758e-16
8754.22 3.1059e-16
8756.86 3.4424e-16
8759.51 3.6523e-16
8762.16 3.5283e-16
8764.80 3.0912e-16
8767.45 2.6772e-16
8770.10 2.5107e-16
8772.74 2.54e-16
8775.39 2.7074e-16
8778.04 2.9317e-16
8780.68 3.123e-16
8783.33 3.1827e-16
8785.98 3.035e-16
8788.62 2.7634e-16
8791.27 2.4754e-16
8793.92 2.2258e-16
8796.56 2.1495e-16
8799.21 2.3105e-16
8801.86 2.5364e-16
8804.50 2.6797e-16
8807.15 2.6318e-16
8809.80 2.3757e-16
8812.44 2.0384e-16
8815.09 1.7926e-16
8817.74 1.7532e-16
8820.38 1.8156e-16
8823.03 1.907e-16
8825.68 2.1095e-16
8828.32 2.2812e-16
8830.97 2.2647e-16
8833.61 2.1282e-16
8836.26 1.9142e-16
8838.91 1.6797e-16
8841.55 1.6248e-16
8844.20 1.7776e-16
8846.85 2.0462e-16
8849.49 2.3399e-16
8852.14 2.4251e-16
8854.79 2.2774e-16
8857.43 2.0172e-16
8860.08 1.8195e-16
8862.73 1.778e-16
8865.37 1.8063e-16
8868.02 1.9788e-16
8870.67 2.2409e-16
8873.31 2.4719e-16
8875.96 2.5579e-16
8878.61 2.4198e-16
8881.25 2.1328e-16
8883.90 1.8217e-16
8886.55 1.6191e-16
8889.19 1.5555e-16
8891.84 1.6641e-16
8894.49 1.911e-16
8897.13 2.1351e-16
8899.78 2.2242e-16
8902.43 2.2302e-16
8905.07 2.252e-16
8907.72 2.1606e-16
8910.37 1.8795e-16
8913.01 1.6496e-16
8915.66 1.5309e-16
8918.31 1.4899e-16
8920.95 1.5531e-16
8923.60 1.7218e-16
8926.25 1.8919e-16
8928.89 1.8793e-16
8931.54 1.7061e-16
8934.19 1.5276e-16
8936.83 1.4255e-16
8939.48 1.4051e-16
8942.13 1.4812e-16
8944.77 1.6054e-16
8947.42 1.7189e-16
8950.06 1.7969e-16
8952.71 1.7796e-16
8955.36 1.6583e-16
8958.00 1.4851e-16
8960.65 1.4178e-16
8963.30 1.447e-16
8965.94 1.4124e-16
8968.59 1.4385e-16
8971.24 1.4899e-16
8973.88 1.4744e-16
8976.53 1.5429e-16
8979.18 1.7071e-16
8981.82 1.8137e-16
8984.47 1.7892e-16
8987.12 1.7279e-16
8989.76 1.6298e-16
8992.41 1.4739e-16
8995.06 1.432e-16
8997.70 1.5553e-16
9000.35 1.724e-16
9003.00 1.8261e-16
9005.64 1.7853e-16
9008.29 1.6204e-16
9010.94 1.4888e-16
9013.58 1.4462e-16
9016.23 1.4387e-16
9018.88 1.4712e-16
9021.52 1.5257e-16
9024.17 1.5538e-16
9026.82 1.5814e-16
9029.46 1.6839e-16
9032.11 1.7631e-16
9034.76 1.7602e-16
9037.40 1.7438e-16
9040.05 1.6612e-16
9042.70 1.5574e-16
9045.34 1.5242e-16
9047.99 1.5125e-16
9050.64 1.5356e-16
9053.28 1.6434e-16
9055.93 1.8267e-16
9058.58 2.0087e-16
9061.22 2.0463e-16
9063.87 1.949e-16
9066.51 1.822e-16
9069.16 1.6985e-16
9071.81 1.6614e-16
9074.45 1.7215e-16
9077.10 1.8559e-16
9079.75 2.0109e-16
9082.39 2.0666e-16
9085.04 2.0578e-16
9087.69 1.9725e-16
9090.33 1.7987e-16
9092.98 1.6739e-16
9095.63 1.6695e-16
9098.27 1.7747e-16
9100.92 1.9367e-16
9103.57 2.0252e-16
9106.21 2.0769e-16
9108.86 2.0684e-16
9111.51 1.8958e-16
9114.15 1.7446e-16
9116.80 1.6951e-16
9119.45 1.6896e-16
9122.09 1.7676e-16
9124.74 1.8547e-16
9127.39 1.9255e-16
9130.03 2.0142e-16
9132.68 2.0898e-16
9135.33 2.1438e-16
9137.97 2.1533e-16
9140.62 2.0365e-16
9143.27 1.9534e-16
9145.91 1.9397e-16
9148.56 1.8824e-16
9151.21 1.9015e-16
9153.85 1.9809e-16
9156.50 2.0822e-16
9159.15 2.2215e-16
9161.79 2.359e-16
9164.44 2.3631e-16
9167.09 2.1533e-16
9169.73 1.9616e-16
9172.38 1.8764e-16
9175.02 1.8512e-16
9177.67 1.9356e-16
9180.32 2.0628e-16
9182.96 2.2012e-16
9185.61 2.2897e-16
9188.26 2.2454e-16
9190.90 2.0905e-16
9193.55 1.9468e-16
9196.20 1.845e-16
9198.84 1.8003e-16
9201.49 1.8273e-16
9204.14 1.8898e-16
9206.78 1.935e-16
9209.43 1.9819e-16
9212.08 2.0947e-16
9214.72 2.1618e-16
9217.37 2.0787e-16
9220.02 1.9522e-16
9222.66 1.9135e-16
9225.31 1.8609e-16
9227.96 1.7439e-16
9230.60 1.6776e-16
9233.25 1.7035e-16
9235.90 1.7891e-16
9238.54 1.9318e-16
9241.19 2.0536e-16
9243.84 2.004e-16
9246.48 1.8705e-16
9249.13 1.725e-16
9251.78 1.6555e-16
9254.42 1.6715e-16
9257.07 1.7204e-16
9259.72 1.8264e-16
9262.36 1.9991e-16
