4800.00 2.3944e-16
4804.59 1.6356e-16
4809.18 -1.1031e-17
4813.78 1.4027e-16
4818.37 2.1143e-16
4822.96 1.731e-16
4827.55 5.2408e-17
4832.15 5.2313e-17
4836.74 8.289e-17
4841.33 5.705e-17
4845.92 2.6016e-17
4850.52 6.5932e-17
4855.11 6.639e-17
4859.70 8.7532e-17
4864.29 1.1092e-16
4868.88 1.4338e-16
4873.48 9.74e-17
4878.07 4.6912e-17
4882.66 8.5675e-17
4887.25 1.3166e-16
4891.85 1.7924e-16
4896.44 1.7165e-16
4901.03 1.2169e-16
4905.62 9.9662e-17
4910.22 1.0186e-16
4914.81 7.7883e-17
4919.40 6.7268e-17
4923.99 7.73e-17
4928.58 6.4775e-17
4933.18 3.5554e-17
4937.77 4.0034e-17
4942.36 5.0283e-17
4946.95 6.4776e-17
4951.55 9.1198e-17
4956.14 8.1309e-17
4960.73 6.8024e-17
4965.32 6.5241e-17
4969.92 6.875e-17
4974.51 7.1209e-17
4979.10 6.8716e-17
4983.69 6.599e-17
4988.28 7.4417e-17
4992.88 7.4163e-17
4997.47 6.1871e-17
5002.06 5.1002e-17
5006.65 4.1056e-17
5011.25 4.292e-17
5015.84 4.9851e-17
5020.43 5.0086e-17
5025.02 4.5284e-17
5029.62 5.181e-17
5034.21 7.9873e-17
5038.80 9.0451e-17
5043.39 7.7415e-17
5047.98 5.8132e-17
5052.58 5.8543e-17
5057.17 6.0233e-17
5061.76 5.6446e-17
5066.35 5.8559e-17
5070.95 6.2794e-17
5075.54 6.6555e-17
5080.13 6.005e-17
5084.72 5.3109e-17
5089.32 5.4102e-17
5093.91 5.407e-17
5098.50 5.1235e-17
5103.09 4.59e-17
5107.69 3.8569e-17
5112.28 4.0014e-17
5116.87 4.6264e-17
5121.46 4.9266e-17
5126.05 6.0552e-17
5130.65 6.6275e-17
5135.24 6.1866e-17
5139.83 6.3895e-17
5144.42 6.0461e-17
5149.02 5.512e-17
5153.61 5.4991e-17
5158.20 4.7737e-17
5162.79 3.8522e-17
5167.39 3.3197e-17
5171.98 3.3475e-17
5176.57 3.7046e-17
5181.16 4.1823e-17
5185.75 4.0749e-17
5190.35 4.5194e-17
5194.94 4.9272e-17
5199.53 4.8734e-17
5204.12 5.3553e-17
5208.72 5.2484e-17
5213.31 4.7268e-17
5217.90 4.886e-17
5222.49 5.5987e-17
5227.09 6.0792e-17
5231.68 5.5593e-17
5236.27 5.6388e-17
5240.86 5.8878e-17
5245.45 5.3002e-17
5250.05 4.9695e-17
5254.64 4.7032e-17
5259.23 4.6356e-17
5263.82 4.514e-17
5268.42 4.2237e-17
5273.01 4.5552e-17
5277.60 4.7625e-17
5282.19 5.1541e-17
5286.79 5.2114e-17
5291.38 6.6665e-17
5295.97 7.7924e-17
5300.56 8.119e-17
5305.15 7.823e-17
5309.75 7.2605e-17
5314.34 6.223e-17
5318.93 4.9334e-17
5323.52 4.4062e-17
5328.12 4.3696e-17
5332.71 4.218e-17
5337.30 4.7351e-17
5341.89 5.6055e-17
5346.49 5.9421e-17
5351.08 5.9383e-17
5355.67 6.2272e-17
5360.26 6.3083e-17
5364.85 5.7067e-17
5369.45 5.2537e-17
5374.04 5.1349e-17
5378.63 5.2103e-17
5383.22 5.6268e-17
5387.82 5.5165e-17
5392.41 5.3252e-17
5397.00 4.8804e-17
5401.59 4.977e-17
5406.19 5.1369e-17
5410.78 4.6179e-17
5415.37 4.7934e-17
5419.96 5.7931e-17
5424.55 5.4933e-17
5429.15 5.2096e-17
5433.74 5.2315e-17
5438.33 4.7862e-17
5442.92 4.7602e-17
5447.52 5.1466e-17
5452.11 5.8028e-17
5456.70 6.1455e-17
5461.29 6.2147e-17
5465.89 5.9104e-17
5470.48 6.8516e-17
5475.07 7.905e-17
5479.66 8.3105e-17
5484.25 8.5636e-17
5488.85 8.4651e-17
5493.44 7.7118e-17
5498.03 7.1083e-17
5502.62 7.2432e-17
5507.22 7.2927e-17
5511.81 6.9447e-17
5516.40 7.2886e-17
5520.99 7.6233e-17
5525.59 7.819e-17
5530.18 8.1543e-17
5534.77 8.3735e-17
5539.36 8.6735e-17
5543.95 8.6324e-17
5548.55 8.8146e-17
5553.14 9.1215e-17
5557.73 8.9922e-17
5562.32 8.9001e-17
5566.92 9.2725e-17
5571.51 9.1262e-17
5576.10 8.3882e-17
5580.69 8.7148e-17
5585.29 8.9512e-17
5589.88 9.7651e-17
5594.47 1.0697e-16
5599.06 1.0334e-16
5603.66 9.9224e-17
5608.25 1.0165e-16
5612.84 1.0006e-16
5617.43 9.6663e-17
5622.02 9.9923e-17
5626.62 9.9696e-17
5631.21 9.3174e-17
5635.80 9.6348e-17
5640.39 9.6661e-17
5644.99 9.1499e-17
5649.58 8.41e-17
5654.17 8.4007e-17
5658.76 8.2549e-17
5663.36 8.1378e-17
5667.95 8.5553e-17
5672.54 8.3906e-17
5677.13 8.3833e-17
5681.72 8.6099e-17
5686.32 8.1575e-17
5690.91 8.2882e-17
5695.50 7.8506e-17
5700.09 7.0619e-17
5704.69 7.1048e-17
5709.28 7.1487e-17
5713.87 6.9498e-17
5718.46 6.852e-17
5723.06 7.4003e-17
5727.65 8.1681e-17
5732.24 8.8997e-17
5736.83 8.4838e-17
5741.42 8.2367e-17
5746.02 8.4521e-17
5750.61 8.6522e-17
5755.20 8.5705e-17
5759.79 8.0896e-17
5764.39 7.6699e-17
5768.98 8.4294e-17
5773.57 8.9251e-17
5778.16 7.8015e-17
5782.76 7.0996e-17
5787.35 5.5945e-17
5791.94 4.0741e-17
5796.53 3.5881e-17
5801.12 3.3159e-17
5805.72 2.3876e-17
5810.31 1.8807e-17
5814.90 1.4446e-17
5819.49 1.1559e-17
5824.09 1.29e-17
5828.68 1.5368e-17
5833.27 1.6491e-17
5837.86 1.9343e-17
5842.46 1.9536e-17
5847.05 2.1209e-17
5851.64 2.9137e-17
5856.23 3.4114e-17
5860.82 2.6172e-17
5865.42 2.6328e-17
5870.01 3.0882e-17
5874.60 3.616e-17
5879.19 4.5325e-17
5883.79 4.643e-17
5888.38 4.6726e-17
5892.97 5.5119e-17
5897.56 5.7396e-17
5902.16 7.4925e-17
5906.75 1.056e-16
5911.34 1.2509e-16
5915.93 1.3342e-16
5920.52 1.4071e-16
5925.12 1.4815e-16
5929.71 1.4839e-16
5934.30 1.3942e-16
5938.89 1.4248e-16
5943.49 1.5029e-16
5948.08 1.5469e-16
5952.67 1.4988e-16
5957.26 1.3602e-16
5961.86 1.2519e-16
5966.45 1.2629e-16
5971.04 1.2448e-16
5975.63 1.2444e-16
5980.22 1.1649e-16
5984.82 1.1956e-16
5989.41 1.2206e-16
5994.00 1.1133e-16
5998.59 1.1049e-16
6003.19 1.1447e-16
6007.78 1.1173e-16
6012.37 1.1072e-16
6016.96 1.0635e-16
6021.56 1.0452e-16
6026.15 1.0746e-16
6030.74 1.1438e-16
6035.33 1.1232e-16
6039.92 1.0428e-16
6044.52 9.9079e-17
6049.11 1.0402e-16
6053.70 1.0081e-16
6058.29 8.8899e-17
6062.89 8.4713e-17
6067.48 8.6132e-17
6072.07 9.1524e-17
6076.66 8.6607e-17
6081.26 8.6204e-17
6085.85 8.7926e-17
6090.44 8.4966e-17
6095.03 8.1936e-17
6099.63 8.4031e-17
6104.22 8.7089e-17
6108.81 8.3154e-17
6113.40 8.2423e-17
6117.99 8.9307e-17
6122.59 8.3561e-17
6127.18 7.165e-17
6131.77 6.2054e-17
6136.36 6.3737e-17
6140.96 6.4912e-17
6145.55 5.7981e-17
6150.14 5.5565e-17
6154.73 6.0391e-17
6159.33 7.1251e-17
6163.92 7.8564e-17
6168.51 8.1578e-17
6173.10 9.1221e-17
6177.69 9.9283e-17
6182.29 1.0117e-16
6186.88 1.0593e-16
6191.47 1.0691e-16
6196.06 9.097e-17
6200.66 9.4279e-17
6205.25 1.0598e-16
6209.84 1.0312e-16
6214.43 1.0437e-16
6219.03 1.0668e-16
6223.62 1.0633e-16
6228.21 1.0069e-16
6232.80 9.6916e-17
6237.39 9.5122e-17
6241.99 9.5095e-17
6246.58 9.2123e-17
6251.17 8.8915e-17
6255.76 8.8532e-17
6260.36 8.0849e-17
6264.95 8.4539e-17
6269.54 8.7617e-17
6274.13 8.6913e-17
6278.73 8.9321e-17
6283.32 9.0086e-17
6287.91 9.3256e-17
6292.50 9.7297e-17
6297.09 1.032e-16
6301.69 1.082e-16
6306.28 1.0281e-16
6310.87 1.0432e-16
6315.46 1.1375e-16
6320.06 1.1832e-16
6324.65 1.1764e-16
6329.24 1.233e-16
6333.83 1.2389e-16
6338.43 1.2267e-16
6343.02 1.2481e-16
6347.61 1.1948e-16
6352.20 1.1578e-16
6356.79 1.1607e-16
6361.39 1.123e-16
6365.98 1.1065e-16
6370.57 1.11e-16
6375.16 1.1614e-16
6379.76 1.2502e-16
6384.35 1.2934e-16
6388.94 1.3602e-16
6393.53 1.4305e-16
6398.13 1.3854e-16
6402.72 1.2924e-16
6407.31 1.2393e-16
6411.90 1.2845e-16
6416.49 1.3274e-16
6421.09 1.2408e-16
6425.68 1.1384e-16
6430.27 1.0811e-16
6434.86 1.0219e-16
6439.46 9.5824e-17
6444.05 9.4051e-17
6448.64 1.0325e-16
6453.23 1.056e-16
6457.83 1.0598e-16
6462.42 1.0144e-16
6467.01 9.9484e-17
6471.60 9.5538e-17
6476.19 9.1525e-17
6480.79 8.8788e-17
6485.38 8.6759e-17
6489.97 7.9247e-17
6494.56 7.0366e-17
6499.16 6.588e-17
6503.75 6.263e-17
6508.34 6.5471e-17
6512.93 6.9458e-17
6517.53 6.9102e-17
6522.12 7.1164e-17
6526.71 7.9075e-17
6531.30 8.7133e-17
6535.89 8.5972e-17
6540.49 9.3197e-17
6545.08 1.0089e-16
6549.67 1.038e-16
6554.26 1.1488e-16
6558.86 1.2315e-16
6563.45 1.3994e-16
6568.04 1.8079e-16
6572.63 2.4221e-16
6577.23 3.2319e-16
6581.82 4.0366e-16
6586.41 4.4725e-16
6591.00 4.6336e-16
6595.60 5.1308e-16
6600.19 5.6456e-16
6604.78 5.2024e-16
6609.37 4.2331e-16
6613.96 3.5318e-16
6618.56 3.2839e-16
6623.15 3.0789e-16
6627.74 2.7526e-16
6632.33 2.3174e-16
6636.93 1.9825e-16
6641.52 1.7863e-16
6646.11 1.5808e-16
6650.70 1.4582e-16
6655.30 1.3496e-16
6659.89 1.324e-16
6664.48 1.3191e-16
6669.07 1.2432e-16
6673.66 1.1548e-16
6678.26 1.076e-16
6682.85 1.0516e-16
6687.44 1.0233e-16
6692.03 1.0324e-16
6696.63 1.0389e-16
6701.22 1.0366e-16
6705.81 1.027e-16
6710.40 9.9708e-17
6715.00 9.9956e-17
6719.59 1.0268e-16
6724.18 9.9404e-17
6728.77 9.5942e-17
6733.36 9.5536e-17
6737.96 9.707e-17
6742.55 9.0912e-17
6747.14 9.4211e-17
6751.73 1.0689e-16
6756.33 1.1185e-16
6760.92 1.0754e-16
6765.51 1.0753e-16
6770.10 1.1484e-16
6774.70 1.1312e-16
6779.29 9.438e-17
6783.88 8.7267e-17
6788.47 9.14e-17
6793.06 9.4819e-17
6797.66 9.0803e-17
6802.25 9.0284e-17
6806.84 9.7181e-17
6811.43 9.8374e-17
6816.03 9.4937e-17
6820.62 9.2249e-17
6825.21 9.6226e-17
6829.80 9.3706e-17
6834.40 8.6104e-17
6838.99 8.778e-17
6843.58 9.293e-17
6848.17 9.0446e-17
6852.76 8.8949e-17
6857.36 9.3926e-17
6861.95 9.5619e-17
6866.54 9.3503e-17
6871.13 9.3992e-17
6875.73 9.7117e-17
6880.32 9.884e-17
6884.91 1.013e-16
6889.50 9.8417e-17
6894.10 8.854e-17
6898.69 7.9321e-17
6903.28 8.8187e-17
6907.87 9.4393e-17
6912.46 9.7874e-17
6917.06 9.4681e-17
6921.65 8.6034e-17
6926.24 8.368e-17
6930.83 8.8235e-17
6935.43 9.1066e-17
6940.02 9.0544e-17
6944.61 8.4549e-17
6949.20 8.3336e-17
6953.80 8.3478e-17
6958.39 8.4946e-17
6962.98 9.0599e-17
6967.57 9.1476e-17
6972.16 8.8236e-17
6976.76 9.1598e-17
6981.35 8.9289e-17
6985.94 9.1949e-17
6990.53 9.4844e-17
6995.13 9.161e-17
6999.72 9.018e-17
7004.31 9.4231e-17
7008.90 9.2834e-17
7013.50 9.1225e-17
7018.09 9.1225e-17
7022.68 9.2567e-17
7027.27 9.0616e-17
7031.86 9.4777e-17
7036.46 9.8719e-17
7041.05 9.7328e-17
7045.64 9.665e-17
7050.23 9.6468e-17
7054.83 9.7296e-17
7059.42 9.6896e-17
7064.01 9.6061e-17
7068.60 9.5953e-17
7073.20 9.7632e-17
7077.79 1.0006e-16
7082.38 1.0723e-16
7086.97 1.1686e-16
7091.57 1.1736e-16
7096.16 1.1276e-16
7100.75 1.0657e-16
7105.34 1.0396e-16
7109.93 1.1369e-16
7114.53 1.1838e-16
7119.12 1.121e-16
7123.71 1.1001e-16
7128.30 1.0607e-16
7132.90 1.0264e-16
7137.49 1.0619e-16
7142.08 1.0357e-16
7146.67 1.002e-16
7151.27 1.0379e-16
7155.86 1.0524e-16
7160.45 1.0487e-16
7165.04 9.7694e-17
7169.63 1.0089e-16
7174.23 1.0886e-16
7178.82 1.1581e-16
7183.41 1.1339e-16
7188.00 1.0852e-16
7192.60 1.1166e-16
7197.19 1.0956e-16
7201.78 1.0938e-16
7206.37 1.1027e-16
7210.97 1.128e-16
7215.56 1.1718e-16
7220.15 1.1258e-16
7224.74 1.0254e-16
7229.33 9.4114e-17
7233.93 9.2105e-17
7238.52 9.439e-17
7243.11 9.707e-17
7247.70 1.0336e-16
7252.30 1.0622e-16
7256.89 1.0392e-16
7261.48 9.8468e-17
7266.07 9.2937e-17
7270.67 9.0917e-17
7275.26 9.1448e-17
7279.85 9.6632e-17
7284.44 9.6275e-17
7289.03 9.2621e-17
7293.63 9.2952e-17
7298.22 9.6379e-17
7302.81 1.0272e-16
7307.40 1.2306e-16
7312.00 1.447e-16
7316.59 1.4983e-16
7321.18 1.5535e-16
7325.77 1.524e-16
7330.37 1.4267e-16
7334.96 1.4602e-16
7339.55 1.5846e-16
7344.14 1.7143e-16
7348.73 1.7652e-16
7353.33 1.8695e-16
7357.92 1.844e-16
7362.51 1.7479e-16
7367.10 1.6174e-16
7371.70 1.5491e-16
7376.29 1.5152e-16
7380.88 1.5044e-16
7385.47 1.4095e-16
7390.07 1.3308e-16
7394.66 1.3177e-16
7399.25 1.2053e-16
7403.84 1.1732e-16
7408.43 1.1764e-16
7413.03 1.1513e-16
7417.62 1.1165e-16
7422.21 1.0219e-16
7426.80 1.0157e-16
7431.40 1.0121e-16
7435.99 9.7624e-17
7440.58 1.0153e-16
7445.17 1.0194e-16
7449.77 1.0446e-16
7454.36 1.049e-16
7458.95 9.0711e-17
7463.54 8.9107e-17
7468.13 1.0346e-16
7472.73 1.0352e-16
7477.32 1.0213e-16
7481.91 1.027e-16
7486.50 9.9252e-17
7491.10 1.0071e-16
7495.69 9.9426e-17
7500.28 9.843e-17
7504.87 1.0047e-16
7509.47 1.0297e-16
7514.06 1.0497e-16
7518.65 1.025e-16
7523.24 9.9073e-17
7527.83 9.9047e-17
7532.43 1.0866e-16
7537.02 1.1066e-16
7541.61 9.906e-17
7546.20 9.6442e-17
7550.80 1.0188e-16
7555.39 1.0077e-16
7559.98 9.5205e-17
7564.57 9.5659e-17
7569.17 9.9798e-17
7573.76 9.8067e-17
7578.35 9.4654e-17
7582.94 9.5829e-17
7587.54 1.0171e-16
7592.13 1.0325e-16
7596.72 1.0417e-16
7601.31 9.6619e-17
7605.90 9.6145e-17
7610.50 9.7105e-17
7615.09 9.1416e-17
7619.68 8.9794e-17
7624.27 7.4916e-17
7628.87 7.1921e-17
7633.46 8.0835e-17
7638.05 8.4714e-17
7642.64 9.1112e-17
7647.24 8.8421e-17
7651.83 8.4309e-17
7656.42 7.7164e-17
7661.01 7.4766e-17
7665.60 7.008e-17
7670.20 6.686e-17
7674.79 6.7379e-17
7679.38 6.9706e-17
7683.97 7.46e-17
7688.57 8.3828e-17
7693.16 9.2368e-17
7697.75 9.7089e-17
7702.34 1.0342e-16
7706.94 9.5632e-17
7711.53 9.7529e-17
7716.12 1.129e-16
7720.71 1.1272e-16
7725.30 1.1904e-16
7729.90 1.2399e-16
7734.49 1.2549e-16
7739.08 1.2708e-16
7743.67 1.298e-16
7748.27 1.2979e-16
7752.86 1.3383e-16
7757.45 1.3625e-16
7762.04 1.2941e-16
7766.64 1.2703e-16
7771.23 1.2482e-16
7775.82 1.2015e-16
7780.41 1.1428e-16
7785.00 1.0612e-16
7789.60 9.829e-17
7794.19 1.0619e-16
7798.78 1.0862e-16
7803.37 1.039e-16
7807.97 1.0456e-16
7812.56 1.1261e-16
7817.15 1.0755e-16
7821.74 9.4857e-17
7826.34 8.9916e-17
7830.93 9.9386e-17
7835.52 1.0196e-16
7840.11 9.9401e-17
7844.70 9.6502e-17
7849.30 9.3865e-17
7853.89 9.098e-17
7858.48 9.7509e-17
7863.07 9.9285e-17
7867.67 9.1425e-17
7872.26 8.6935e-17
7876.85 8.7297e-17
7881.44 8.5747e-17
7886.04 8.6712e-17
7890.63 8.7874e-17
7895.22 8.6279e-17
7899.81 8.7886e-17
7904.40 8.3073e-17
7909.00 7.9835e-17
7913.59 8.7388e-17
7918.18 8.6633e-17
7922.77 8.2317e-17
7927.37 8.3995e-17
7931.96 8.7481e-17
7936.55 9.1562e-17
7941.14 9.1788e-17
7945.74 9.5211e-17
7950.33 1.0376e-16
7954.92 1.0641e-16
7959.51 1.0677e-16
7964.10 9.6402e-17
7968.70 9.7402e-17
7973.29 1.0071e-16
7977.88 1.0033e-16
7982.47 9.5564e-17
7987.07 9.0942e-17
7991.66 9.4681e-17
7996.25 9.1351e-17
8000.84 8.5136e-17
8005.44 8.6141e-17
8010.03 8.6075e-17
8014.62 8.4688e-17
8019.21 8.5975e-17
8023.80 8.8572e-17
8028.40 9.8289e-17
8032.99 9.8705e-17
8037.58 9.1311e-17
8042.17 9.2954e-17
8046.77 9.6229e-17
8051.36 9.4226e-17
8055.95 1.0087e-16
8060.54 1.0273e-16
8065.14 9.9884e-17
8069.73 1.0752e-16
8074.32 1.1907e-16
8078.91 1.1326e-16
8083.51 1.023e-16
8088.10 1.0659e-16
8092.69 1.1187e-16
8097.28 1.1075e-16
8101.87 1.1143e-16
8106.47 1.1243e-16
8111.06 1.1074e-16
8115.65 1.085e-16
8120.24 1.0667e-16
8124.84 1.034e-16
8129.43 9.8799e-17
8134.02 9.3946e-17
8138.61 9.2151e-17
8143.21 9.3559e-17
8147.80 9.0228e-17
8152.39 8.8431e-17
8156.98 9.2101e-17
8161.57 9.4434e-17
8166.17 9.5145e-17
8170.76 9.0977e-17
8175.35 8.7802e-17
8179.94 8.2725e-17
8184.54 8.7435e-17
8189.13 8.2904e-17
8193.72 7.6575e-17
8198.31 7.6862e-17
8202.91 7.0349e-17
8207.50 6.7328e-17
8212.09 6.728e-17
8216.68 7.1142e-17
8221.27 7.6963e-17
8225.87 8.0649e-17
8230.46 8.2286e-17
8235.05 9.9643e-17
8239.64 1.0224e-16
8244.24 1.0935e-16
8248.83 1.1452e-16
8253.42 1.0674e-16
8258.01 1.1079e-16
8262.61 1.1292e-16
8267.20 1.144e-16
8271.79 1.0729e-16
8276.38 9.8378e-17
8280.97 1.1532e-16
8285.57 1.2788e-16
8290.16 1.2368e-16
8294.75 1.0347e-16
8299.34 9.6004e-17
8303.94 9.5575e-17
8308.53 9.1091e-17
8313.12 8.5615e-17
8317.71 7.8168e-17
8322.31 7.4091e-17
8326.90 7.7996e-17
8331.49 7.8475e-17
8336.08 7.829e-17
8340.67 7.8046e-17
8345.27 8.3386e-17
8349.86 8.0703e-17
8354.45 7.9458e-17
8359.04 9.3735e-17
8363.64 9.737e-17
8368.23 9.5199e-17
8372.82 9.205e-17
8377.41 8.8503e-17
8382.01 8.9746e-17
8386.60 9.1969e-17
8391.19 9.7228e-17
8395.78 9.5393e-17
8400.37 8.6298e-17
8404.97 9.0724e-17
8409.56 9.8094e-17
8414.15 1.0306e-16
8418.74 1.0121e-16
8423.34 1.0166e-16
8427.93 9.8711e-17
8432.52 1.0252e-16
8437.11 9.2967e-17
8441.71 7.8581e-17
8446.30 7.8299e-17
8450.89 6.3465e-17
8455.48 5.2663e-17
8460.07 5.1229e-17
8464.67 4.1238e-17
8469.26 3.1301e-17
8473.85 3.0618e-17
8478.44 2.1974e-17
8483.04 2.2957e-17
8487.63 2.3184e-17
8492.22 1.897e-17
8496.81 2.3277e-17
8501.41 1.8284e-17
8506.00 1.7991e-17
8510.59 2.4171e-17
8515.18 2.4421e-17
8519.77 3.4359e-17
8524.37 4.3539e-17
8528.96 4.6027e-17
8533.55 5.9984e-17
8538.14 7.7084e-17
8542.74 8.2506e-17
8547.33 8.086e-17
8551.92 9.5291e-17
8556.51 1.3232e-16
8561.11 1.5907e-16
8565.70 1.7852e-16
8570.29 1.9964e-16
8574.88 2.2399e-16
8579.48 2.3993e-16
8584.07 2.3118e-16
8588.66 2.2308e-16
8593.25 2.0233e-16
8597.84 1.8816e-16
8602.44 1.6813e-16
8607.03 1.5241e-16
8611.62 1.2872e-16
8616.21 1.0766e-16
8620.81 9.3772e-17
8625.40 8.9163e-17
8629.99 7.4611e-17
8634.58 6.3716e-17
8639.18 6.0273e-17
8643.77 6.0536e-17
8648.36 5.3194e-17
8652.95 5.4794e-17
8657.54 7.2875e-17
8662.14 7.3022e-17
8666.73 7.1046e-17
8671.32 7.5712e-17
8675.91 9.4573e-17
8680.51 1.1023e-16
8685.10 1.3417e-16
8689.69 1.5117e-16
8694.28 1.5597e-16
8698.88 1.4674e-16
8703.47 1.4897e-16
8708.06 1.5869e-16
8712.65 1.5989e-16
8717.24 1.6949e-16
8721.84 1.9169e-16
8726.43 2.0466e-16
8731.02 2.0267e-16
8735.61 1.9344e-16
8740.21 1.9328e-16
8744.80 1.9357e-16
8749.39 2.2943e-16
8753.98 2.5376e-16
8758.58 2.334e-16
8763.17 1.969e-16
8767.76 1.7708e-16
8772.35 1.7249e-16
8776.94 1.5537e-16
8781.54 1.439e-16
8786.13 1.4073e-16
8790.72 1.3364e-16
8795.31 1.3274e-16
8799.91 1.3586e-16
8804.50 1.2054e-16
8809.09 1.0826e-16
8813.68 1.0554e-16
8818.28 9.7989e-17
8822.87 8.8077e-17
8827.46 9.7997e-17
8832.05 1.207e-16
8836.64 1.1857e-16
8841.24 1.0697e-16
8845.83 1.011e-16
8850.42 1.0492e-16
8855.01 1.1707e-16
8859.61 1.2153e-16
8864.20 1.2231e-16
8868.79 1.2326e-16
8873.38 1.2551e-16
8877.98 1.1996e-16
8882.57 1.2833e-16
8887.16 1.3829e-16
8891.75 1.2033e-16
8896.34 1.1112e-16
8900.94 9.985e-17
8905.53 9.8123e-17
8910.12 9.6697e-17
8914.71 9.9608e-17
8919.31 9.4938e-17
8923.90 9.4811e-17
8928.49 9.6305e-17
8933.08 9.5521e-17
8937.68 1.0057e-16
8942.27 1.1026e-16
8946.86 1.066e-16
8951.45 8.9128e-17
8956.04 7.9322e-17
8960.64 8.2412e-17
8965.23 9.0749e-17
8969.82 7.4937e-17
8974.41 7.6061e-17
8979.01 9.1194e-17
8983.60 8.5378e-17
8988.19 6.4691e-17
8992.78 7.5756e-17
8997.38 9.0199e-17
9001.97 7.7149e-17
9006.56 8.7508e-17
9011.15 8.8027e-17
9015.74 6.9381e-17
9020.34 6.7389e-17
9024.93 6.4486e-17
9029.52 7.5902e-17
9034.11 7.6793e-17
9038.71 5.5828e-17
9043.30 5.2211e-17
9047.89 7.4398e-17
9052.48 8.3001e-17
9057.08 8.9376e-17
9061.67 8.7469e-17
9066.26 8.5379e-17
9070.85 8.8013e-17
9075.45 8.3434e-17
9080.04 9.5778e-17
9084.63 9.9297e-17
9089.22 1.0133e-16
9093.81 9.1556e-17
9098.41 9.1913e-17
9103.00 7.7398e-17
9107.59 8.0681e-17
9112.18 1.0572e-16
9116.78 9.1763e-17
9121.37 8.3179e-17
9125.96 8.8548e-17
9130.55 6.2118e-17
9135.15 6.9315e-17
9139.74 9.0144e-17
9144.33 8.909e-17
9148.92 8.7962e-17
9153.51 8.4375e-17
9158.11 9.1809e-17
9162.70 1.0188e-16
9167.29 9.5498e-17
9171.88 8.3688e-17
9176.48 7.6258e-17
9181.07 8.0445e-17
9185.66 8.0768e-17
9190.25 8.0841e-17
9194.85 9.0312e-17
9199.44 9.0038e-17
9204.03 8.2053e-17
9208.62 7.5686e-17
9213.21 6.6572e-17
9217.81 7.1319e-17
9222.40 8.5039e-17
9226.99 7.0123e-17
9231.58 5.4956e-17
9236.18 6.028e-17
9240.77 7.1623e-17
9245.36 7.0465e-17
9249.95 6.7459e-17
9254.55 7.7242e-17
9259.14 8.033e-17
9263.73 8.1087e-17
9268.32 7.923e-17
9272.91 7.3279e-17
9277.51 7.6068e-17
9282.10 7.7102e-17
9286.69 8.8317e-17
9291.28 9.5458e-17
9295.88 9.1634e-17
9300.47 1.0474e-16
9305.06 8.0022e-17
9309.65 5.4109e-17
9314.25 9.0705e-17
9318.84 1.2097e-16
9323.43 9.4741e-17
9328.02 8.8442e-17
9332.61 8.633e-17
9337.21 8.2564e-17
9341.80 8.8889e-17
9346.39 9.6588e-17
9350.98 7.7053e-17
9355.58 7.1347e-17
9360.17 6.8237e-17
9364.76 5.1311e-17
9369.35 4.2703e-17
9373.95 4.9676e-17
9378.54 7.374e-17
9383.13 8.4194e-17
9387.72 1.0389e-16
9392.31 8.3809e-17
9396.91 6.9101e-17
9401.50 8.7537e-17
9406.09 1.0881e-16
9410.68 9.4146e-17
9415.28 9.1546e-17
9419.87 9.8618e-17
9424.46 1.0194e-16
9429.05 1.1696e-16
9433.65 1.0708e-16
9438.24 1.1271e-16
9442.83 1.2594e-16
9447.42 7.1011e-17
9452.01 7.5718e-17
9456.61 1.2067e-16
9461.20 1.0408e-16
9465.79 7.5962e-17
9470.38 6.4299e-17
9474.98 6.0605e-17
9479.57 4.8759e-17
9484.16 5.9029e-17
9488.75 7.9743e-17
9493.35 1.1004e-16
9497.94 9.7875e-17
9502.53 1.0681e-16
9507.12 8.878e-17
9511.71 7.5748e-17
9516.31 6.4213e-17
9520.90 3.9331e-17
9525.49 3.7202e-17
9530.08 3.7725e-17
9534.68 5.5968e-17
9539.27 6.5911e-17
9543.86 5.1106e-17
9548.45 3.6582e-17
9553.05 3.9759e-17
9557.64 4.7738e-17
9562.23 3.6252e-17
9566.82 6.2311e-17
9571.41 7.6015e-17
9576.01 5.1903e-17
9580.60 7.0423e-17
9585.19 5.9879e-17
9589.78 5.6476e-17
9594.38 3.8693e-17
9598.97 3.9376e-17
9603.56 6.0165e-17
9608.15 6.0289e-17
9612.75 5.2737e-17
9617.34 6.6487e-17
9621.93 5.5687e-17
9626.52 3.9689e-17
9631.12 6.517e-17
9635.71 5.1207e-17
9640.30 5.5856e-17
9644.89 7.0741e-17
9649.48 6.3111e-17
9654.08 5.2442e-17
9658.67 6.3432e-17
9663.26 9.0476e-17
9667.85 6.5895e-17
9672.45 6.5694e-17
9677.04 5.9608e-17
9681.63 4.3544e-17
9686.22 3.4759e-17
9690.82 4.0048e-17
9695.41 4.1716e-17
