51463.9 1.27869e-15 1.5199e-16 BessellB
51464.9 1.35788e-15 1.48123e-16 BessellB
51465.9 1.44085e-15 1.43394e-16 BessellB
51466.9 1.52754e-15 1.37795e-16 BessellB
51467.9 1.61784e-15 1.31335e-16 BessellB
51468.9 1.71153e-15 1.24049e-16 BessellB
51469.9 1.80837e-15 1.15999e-16 BessellB
51470.9 1.90797e-15 1.07279e-16 BessellB
51471.9 2.00988e-15 9.80194e-17 BessellB
51472.9 2.11351e-15 8.83896e-17 BessellB
51473.9 2.21817e-15 7.85986e-17 BessellB
51474.9 2.32304e-15 6.8894e-17 BessellB
51475.9 2.42718e-15 5.95581e-17 BessellB
51476.9 2.52955e-15 5.08977e-17 BessellB
51477.9 2.62899e-15 4.32247e-17 BessellB
51478.9 2.72427e-15 3.68179e-17 BessellB
51479.9 2.81411e-15 3.18593e-17 BessellB
51480.9 2.8972e-15 2.83598e-17 BessellB
51481.9 2.97226e-15 2.61376e-17 BessellB
51482.9 3.03806e-15 2.49125e-17 BessellB
51483.9 3.09349e-15 2.44781e-17 BessellB
51484.9 3.1376e-15 2.48183e-17 BessellB
51485.9 3.1696e-15 2.60743e-17 BessellB
51486.9 3.18896e-15 2.83872e-17 BessellB
51487.9 3.19537e-15 3.17394e-17 BessellB
51488.9 3.18879e-15 3.59161e-17 BessellB
51489.9 3.16944e-15 4.05759e-17 BessellB
51490.9 3.13778e-15 4.53422e-17 BessellB
51491.9 3.09451e-15 4.98659e-17 BessellB
51492.9 3.04049e-15 5.38574e-17 BessellB
51493.9 2.97677e-15 5.71013e-17 BessellB
51494.9 2.9045e-15 5.94596e-17 BessellB
51495.9 2.8249e-15 6.08695e-17 BessellB
51496.9 2.73922e-15 6.13353e-17 BessellB
51497.9 2.64869e-15 6.0918e-17 BessellB
51498.9 2.55451e-15 5.97224e-17 BessellB
51499.9 2.45783e-15 5.78835e-17 BessellB
51500.9 2.35967e-15 5.55533e-17 BessellB
51501.9 2.26098e-15 5.28892e-17 BessellB
51502.9 2.16259e-15 5.00434e-17 BessellB
51503.9 2.06522e-15 4.71545e-17 BessellB
51504.9 1.96948e-15 4.43407e-17 BessellB
51505.9 1.87587e-15 4.16955e-17 BessellB
51506.9 1.7848e-15 3.92852e-17 BessellB
51507.9 1.69658e-15 3.71477e-17 BessellB
51508.9 1.61145e-15 3.52954e-17 BessellB
51509.9 1.52957e-15 3.37187e-17 BessellB
51510.9 1.45105e-15 3.23921e-17 BessellB
51511.9 1.37593e-15 3.1281e-17 BessellB
51512.9 1.30424e-15 3.03479e-17 BessellB
51513.9 1.23595e-15 2.95577e-17 BessellB
51514.9 1.171e-15 2.88809e-17 BessellB
51515.9 1.10932e-15 2.82954e-17 BessellB
51516.9 1.05082e-15 2.77867e-17 BessellB
51517.9 9.95392e-16 2.73467e-17 BessellB
51518.9 9.42921e-16 2.69729e-17 BessellB
51519.9 8.93288e-16 2.66664e-17 BessellB
51520.9 8.4637e-16 2.643e-17 BessellB
51521.9 8.02041e-16 2.62673e-17 BessellB
51522.9 7.60176e-16 2.61808e-17 BessellB
51523.9 7.20653e-16 2.61714e-17 BessellB
51524.9 6.83349e-16 2.62379e-17 BessellB
51525.9 6.48148e-16 2.63766e-17 BessellB
51526.9 6.14935e-16 2.65813e-17 BessellB
51527.9 5.83601e-16 2.68441e-17 BessellB
51528.9 5.5404e-16 2.71557e-17 BessellB
51529.9 5.26153e-16 2.75059e-17 BessellB
51530.9 4.99842e-16 2.78839e-17 BessellB
51531.9 4.75018e-16 2.82792e-17 BessellB
51532.9 4.51593e-16 2.86818e-17 BessellB
51533.9 4.29486e-16 2.90823e-17 BessellB
51534.9 4.08619e-16 2.94723e-17 BessellB
51535.9 3.88919e-16 2.98444e-17 BessellB
51536.9 3.70317e-16 3.01921e-17 BessellB
51537.9 3.52748e-16 3.05101e-17 BessellB
51538.9 3.36151e-16 3.07941e-17 BessellB
51539.9 3.20467e-16 3.10406e-17 BessellB
51540.9 3.05643e-16 3.12471e-17 BessellB
51541.9 2.91627e-16 3.14117e-17 BessellB
51542.9 2.78373e-16 3.15332e-17 BessellB
51543.9 2.65833e-16 3.16113e-17 BessellB
51544.9 2.53967e-16 3.16459e-17 BessellB
51545.9 2.42735e-16 3.16374e-17 BessellB
51546.9 2.32099e-16 3.15868e-17 BessellB
51547.9 2.22024e-16 3.14952e-17 BessellB
51548.9 2.12478e-16 3.13641e-17 BessellB
51549.9 2.03429e-16 3.11953e-17 BessellB
51550.9 1.94848e-16 3.09905e-17 BessellB
51551.9 1.86709e-16 3.07518e-17 BessellB
51552.9 1.78986e-16 3.04813e-17 BessellB
51553.9 1.71654e-16 3.01814e-17 BessellB
51554.9 1.64693e-16 2.98542e-17 BessellB
51555.9 1.58079e-16 2.95021e-17 BessellB
51556.9 1.51794e-16 2.91275e-17 BessellB
51557.9 1.45819e-16 2.87326e-17 BessellB
51558.9 1.40136e-16 2.83197e-17 BessellB
51559.9 1.3473e-16 2.78913e-17 BessellB
51560.9 1.29584e-16 2.74495e-17 BessellB
51561.9 1.24684e-16 2.69965e-17 BessellB
51562.9 1.20017e-16 2.65345e-17 BessellB
51563.9 1.15569e-16 2.60657e-17 BessellB
51564.9 1.1133e-16 2.5592e-17 BessellB
51565.9 1.07286e-16 2.51154e-17 BessellB
51566.9 1.03429e-16 2.46378e-17 BessellB
51567.9 9.9747e-17 2.41612e-17 BessellB
51568.9 9.62316e-17 2.36871e-17 BessellB
51569.9 9.28737e-17 2.32174e-17 BessellB
51570.9 8.9665e-17 2.27536e-17 BessellB
51571.9 8.65977e-17 2.22972e-17 BessellB
51572.9 8.36643e-17 2.18497e-17 BessellB
51573.9 8.0858e-17 2.14123e-17 BessellB
51574.9 7.8172e-17 2.09865e-17 BessellB
51575.9 7.56003e-17 2.05733e-17 BessellB
51576.9 7.31371e-17 2.01739e-17 BessellB
51577.9 7.07768e-17 1.97891e-17 BessellB
51578.9 6.85142e-17 1.942e-17 BessellB
51579.9 6.63446e-17 1.90672e-17 BessellB
51580.9 6.42632e-17 1.87315e-17 BessellB
51581.9 6.22657e-17 1.84134e-17 BessellB
51582.9 6.0348e-17 1.81133e-17 BessellB
51583.9 5.85062e-17 1.78317e-17 BessellB
51584.9 5.67367e-17 1.75688e-17 BessellB
51585.9 5.5036e-17 1.73246e-17 BessellB
51586.9 5.34008e-17 1.70993e-17 BessellB
51587.9 5.1828e-17 1.68926e-17 BessellB
51588.9 5.03148e-17 1.67044e-17 BessellB
51589.9 4.88582e-17 1.65344e-17 BessellB
51590.9 4.74557e-17 1.63821e-17 BessellB
51591.9 4.61049e-17 1.62471e-17 BessellB
51592.9 4.48033e-17 1.61288e-17 BessellB
51593.9 4.35488e-17 1.60266e-17 BessellB
51594.9 4.23392e-17 1.59397e-17 BessellB
51595.9 4.11725e-17 1.58674e-17 BessellB
51596.9 4.00468e-17 1.58089e-17 BessellB
51597.9 3.89604e-17 1.57633e-17 BessellB
51598.9 3.79116e-17 1.57298e-17 BessellB
51599.9 3.68986e-17 1.57075e-17 BessellB
51600.9 3.59201e-17 1.56955e-17 BessellB
51601.9 3.49744e-17 1.56931e-17 BessellB
51602.9 3.40603e-17 1.56992e-17 BessellB
51603.9 3.31764e-17 1.57131e-17 BessellB
51604.9 3.23214e-17 1.57339e-17 BessellB
51605.9 3.14942e-17 1.57609e-17 BessellB
51606.9 3.06937e-17 1.57933e-17 BessellB
51607.9 2.99187e-17 1.58304e-17 BessellB
51608.9 2.91683e-17 1.58714e-17 BessellB
51609.9 2.84414e-17 1.59158e-17 BessellB
51610.9 2.77372e-17 1.59629e-17 BessellB
51611.9 2.70547e-17 1.60122e-17 BessellB
51612.9 2.63931e-17 1.60631e-17 BessellB
51613.9 2.57516e-17 1.6115e-17 BessellB
51614.9 2.51295e-17 1.61676e-17 BessellB
51615.9 2.45259e-17 1.62205e-17 BessellB
51616.9 2.39403e-17 1.62731e-17 BessellB
51617.9 2.33718e-17 1.63252e-17 BessellB
51618.9 2.282e-17 1.63764e-17 BessellB
51619.9 2.22841e-17 1.64265e-17 BessellB
51620.9 2.17637e-17 1.64751e-17 BessellB
51621.9 2.12581e-17 1.65221e-17 BessellB
51622.9 2.07669e-17 1.65672e-17 BessellB
51623.9 2.02894e-17 1.66101e-17 BessellB
51463.9 1.28534e-15 1.15886e-18 BessellI
51464.9 1.32614e-15 1.13697e-18 BessellI
51465.9 1.36778e-15 1.11218e-18 BessellI
51466.9 1.41022e-15 1.08439e-18 BessellI
51467.9 1.45345e-15 1.05354e-18 BessellI
51468.9 1.49744e-15 1.01957e-18 BessellI
51469.9 1.54215e-15 9.8243e-19 BessellI
51470.9 1.58755e-15 9.42106e-19 BessellI
51471.9 1.63358e-15 8.98605e-19 BessellI
51472.9 1.68021e-15 8.51965e-19 BessellI
51473.9 1.72737e-15 8.02268e-19 BessellI
51474.9 1.77498e-15 7.49641e-19 BessellI
51475.9 1.82298e-15 6.94278e-19 BessellI
51476.9 1.87129e-15 6.36458e-19 BessellI
51477.9 1.91979e-15 5.76579e-19 BessellI
51478.9 1.96838e-15 5.15219e-19 BessellI
51479.9 2.01695e-15 4.53241e-19 BessellI
51480.9 2.06536e-15 3.91999e-19 BessellI
51481.9 2.11346e-15 3.33734e-19 BessellI
51482.9 2.16109e-15 2.82314e-19 BessellI
51483.9 2.20806e-15 2.44232e-19 BessellI
51484.9 2.25417e-15 2.28313e-19 BessellI
51485.9 2.2992e-15 2.40723e-19 BessellI
51486.9 2.34292e-15 2.79075e-19 BessellI
51487.9 2.38506e-15 3.35778e-19 BessellI
51488.9 2.42534e-15 4.04388e-19 BessellI
51489.9 2.46345e-15 4.81218e-19 BessellI
51490.9 2.49907e-15 5.64615e-19 BessellI
51491.9 2.53183e-15 6.54173e-19 BessellI
51492.9 2.56138e-15 7.50267e-19 BessellI
51493.9 2.5873e-15 8.53767e-19 BessellI
51494.9 2.6092e-15 9.65826e-19 BessellI
51495.9 2.62664e-15 1.08768e-18 BessellI
51496.9 2.63918e-15 1.22045e-18 BessellI
51497.9 2.64639e-15 1.36493e-18 BessellI
51498.9 2.64783e-15 1.52135e-18 BessellI
51499.9 2.64307e-15 1.68921e-18 BessellI
51500.9 2.63171e-15 1.86708e-18 BessellI
51501.9 2.61338e-15 2.05251e-18 BessellI
51502.9 2.58776e-15 2.24189e-18 BessellI
51503.9 2.5546e-15 2.43053e-18 BessellI
51504.9 2.51372e-15 2.61261e-18 BessellI
51505.9 2.46503e-15 2.78139e-18 BessellI
51506.9 2.40855e-15 2.92937e-18 BessellI
51507.9 2.34441e-15 3.04859e-18 BessellI
51508.9 2.27289e-15 3.131e-18 BessellI
51509.9 2.19438e-15 3.16887e-18 BessellI
51510.9 2.10942e-15 3.15529e-18 BessellI
51511.9 2.01865e-15 3.0846e-18 BessellI
51512.9 1.92286e-15 2.95285e-18 BessellI
51513.9 1.82293e-15 2.75817e-18 BessellI
51514.9 1.71981e-15 2.50111e-18 BessellI
51515.9 1.61454e-15 2.18476e-18 BessellI
51516.9 1.50814e-15 1.81504e-18 BessellI
51517.9 1.40168e-15 1.40112e-18 BessellI
51518.9 1.29615e-15 9.58046e-19 BessellI
51519.9 1.19253e-15 5.24635e-19 BessellI
51520.9 1.09169e-15 3.42703e-19 BessellI
51521.9 9.94416e-16 6.95329e-19 BessellI
51522.9 9.01368e-16 1.16892e-18 BessellI
51523.9 8.13097e-16 1.648e-18 BessellI
51524.9 7.30023e-16 2.10857e-18 BessellI
51525.9 6.52449e-16 2.53887e-18 BessellI
51526.9 5.80558e-16 2.9311e-18 BessellI
51527.9 5.14427e-16 3.2799e-18 BessellI
51528.9 4.54038e-16 3.58181e-18 BessellI
51529.9 3.99291e-16 3.83508e-18 BessellI
51530.9 3.50014e-16 4.03939e-18 BessellI
51531.9 3.05984e-16 4.19566e-18 BessellI
51532.9 2.66932e-16 4.30581e-18 BessellI
51533.9 2.32559e-16 4.37254e-18 BessellI
51534.9 2.02545e-16 4.39912e-18 BessellI
51535.9 1.7656e-16 4.38923e-18 BessellI
51536.9 1.54272e-16 4.34675e-18 BessellI
51537.9 1.35348e-16 4.27565e-18 BessellI
51538.9 1.19468e-16 4.17987e-18 BessellI
51539.9 1.0632e-16 4.06321e-18 BessellI
51540.9 9.56097e-17 3.92931e-18 BessellI
51541.9 8.70592e-17 3.78153e-18 BessellI
51542.9 8.04087e-17 3.62301e-18 BessellI
51543.9 7.54174e-17 3.45656e-18 BessellI
51544.9 7.1864e-17 3.28472e-18 BessellI
51545.9 6.95458e-17 3.10973e-18 BessellI
51546.9 6.82788e-17 2.93356e-18 BessellI
51547.9 6.78964e-17 2.75791e-18 BessellI
51548.9 6.82491e-17 2.58423e-18 BessellI
51549.9 6.9203e-17 2.41373e-18 BessellI
51550.9 7.06389e-17 2.24742e-18 BessellI
51551.9 7.24516e-17 2.08613e-18 BessellI
51552.9 7.45481e-17 1.9305e-18 BessellI
51553.9 7.68473e-17 1.78103e-18 BessellI
51554.9 7.92785e-17 1.6381e-18 BessellI
51555.9 8.17807e-17 1.50196e-18 BessellI
51556.9 8.43013e-17 1.37276e-18 BessellI
51557.9 8.67958e-17 1.25059e-18 BessellI
51558.9 8.92267e-17 1.13545e-18 BessellI
51559.9 9.15626e-17 1.02729e-18 BessellI
51560.9 9.37779e-17 9.26033e-19 BessellI
51561.9 9.58518e-17 8.31545e-19 BessellI
51562.9 9.7768e-17 7.43689e-19 BessellI
51563.9 9.95139e-17 6.62316e-19 BessellI
51564.9 1.01081e-16 5.87281e-19 BessellI
51565.9 1.02462e-16 5.18458e-19 BessellI
51566.9 1.03654e-16 4.55753e-19 BessellI
51567.9 1.04656e-16 3.99126e-19 BessellI
51568.9 1.05468e-16 3.4861e-19 BessellI
51569.9 1.06093e-16 3.04334e-19 BessellI
51570.9 1.06533e-16 2.66534e-19 BessellI
51571.9 1.06795e-16 2.35542e-19 BessellI
51572.9 1.06883e-16 2.117e-19 BessellI
51573.9 1.06803e-16 1.95197e-19 BessellI
51574.9 1.06564e-16 1.85834e-19 BessellI
51575.9 1.06171e-16 1.82877e-19 BessellI
51576.9 1.05634e-16 1.8513e-19 BessellI
51577.9 1.0496e-16 1.91204e-19 BessellI
51578.9 1.04158e-16 1.99805e-19 BessellI
51579.9 1.03236e-16 2.09886e-19 BessellI
51580.9 1.02201e-16 2.20673e-19 BessellI
51581.9 1.01063e-16 2.31632e-19 BessellI
51582.9 9.98298e-17 2.42406e-19 BessellI
51583.9 9.85088e-17 2.52764e-19 BessellI
51584.9 9.7108e-17 2.62566e-19 BessellI
51585.9 9.5635e-17 2.71729e-19 BessellI
51586.9 9.40972e-17 2.80211e-19 BessellI
51587.9 9.25016e-17 2.87997e-19 BessellI
51588.9 9.08549e-17 2.95088e-19 BessellI
51589.9 8.91638e-17 3.01498e-19 BessellI
51590.9 8.74343e-17 3.07245e-19 BessellI
51591.9 8.56724e-17 3.12354e-19 BessellI
51592.9 8.38837e-17 3.16851e-19 BessellI
51593.9 8.20734e-17 3.20763e-19 BessellI
51594.9 8.02466e-17 3.24117e-19 BessellI
51595.9 7.84079e-17 3.2694e-19 BessellI
51596.9 7.65618e-17 3.29257e-19 BessellI
51597.9 7.47123e-17 3.31093e-19 BessellI
51598.9 7.28633e-17 3.32472e-19 BessellI
51599.9 7.10185e-17 3.33416e-19 BessellI
51600.9 6.91809e-17 3.33948e-19 BessellI
51601.9 6.73539e-17 3.34087e-19 BessellI
51602.9 6.55401e-17 3.33853e-19 BessellI
51603.9 6.37421e-17 3.33265e-19 BessellI
51604.9 6.19623e-17 3.32341e-19 BessellI
51605.9 6.02028e-17 3.31099e-19 BessellI
51606.9 5.84656e-17 3.29555e-19 BessellI
51607.9 5.67525e-17 3.27725e-19 BessellI
51608.9 5.50649e-17 3.25625e-19 BessellI
51609.9 5.34043e-17 3.2327e-19 BessellI
51610.9 5.17719e-17 3.20674e-19 BessellI
51611.9 5.01688e-17 3.17853e-19 BessellI
51612.9 4.8596e-17 3.14819e-19 BessellI
51613.9 4.70541e-17 3.11586e-19 BessellI
51614.9 4.55438e-17 3.08168e-19 BessellI
51615.9 4.40658e-17 3.04578e-19 BessellI
51616.9 4.26204e-17 3.00827e-19 BessellI
51617.9 4.1208e-17 2.96928e-19 BessellI
51618.9 3.98288e-17 2.92893e-19 BessellI
51619.9 3.84829e-17 2.88733e-19 BessellI
51620.9 3.71704e-17 2.8446e-19 BessellI
51621.9 3.58913e-17 2.80084e-19 BessellI
51622.9 3.46455e-17 2.75616e-19 BessellI
51623.9 3.34328e-17 2.71067e-19 BessellI
51463.9 3.54333e-15 2.05908e-17 BessellR
51464.9 3.54781e-15 2.0159e-17 BessellR
51465.9 3.55125e-15 1.97222e-17 BessellR
51466.9 3.55361e-15 1.92805e-17 BessellR
51467.9 3.55485e-15 1.88343e-17 BessellR
51468.9 3.55496e-15 1.8384e-17 BessellR
51469.9 3.5539e-15 1.79299e-17 BessellR
51470.9 3.55164e-15 1.74725e-17 BessellR
51471.9 3.54816e-15 1.70122e-17 BessellR
51472.9 3.54342e-15 1.65494e-17 BessellR
51473.9 3.53739e-15 1.60845e-17 BessellR
51474.9 3.53005e-15 1.56179e-17 BessellR
51475.9 3.52136e-15 1.51503e-17 BessellR
51476.9 3.51131e-15 1.4682e-17 BessellR
51477.9 3.49986e-15 1.42136e-17 BessellR
51478.9 3.48697e-15 1.37456e-17 BessellR
51479.9 3.47264e-15 1.32786e-17 BessellR
51480.9 3.45682e-15 1.2813e-17 BessellR
51481.9 3.4395e-15 1.23496e-17 BessellR
51482.9 3.42065e-15 1.18888e-17 BessellR
51483.9 3.40024e-15 1.14314e-17 BessellR
51484.9 3.37825e-15 1.09778e-17 BessellR
51485.9 3.35465e-15 1.05288e-17 BessellR
51486.9 3.32943e-15 1.00851e-17 BessellR
51487.9 3.30256e-15 9.64718e-18 BessellR
51488.9 3.27403e-15 9.21584e-18 BessellR
51489.9 3.24381e-15 8.79173e-18 BessellR
51490.9 3.2119e-15 8.37556e-18 BessellR
51491.9 3.17826e-15 7.96801e-18 BessellR
51492.9 3.14289e-15 7.56977e-18 BessellR
51493.9 3.10578e-15 7.18155e-18 BessellR
51494.9 3.06692e-15 6.80401e-18 BessellR
51495.9 3.02629e-15 6.43783e-18 BessellR
51496.9 2.98389e-15 6.08363e-18 BessellR
51497.9 2.93972e-15 5.74203e-18 BessellR
51498.9 2.89378e-15 5.41358e-18 BessellR
51499.9 2.84605e-15 5.09878e-18 BessellR
51500.9 2.79656e-15 4.79805e-18 BessellR
51501.9 2.7453e-15 4.51171e-18 BessellR
51502.9 2.69228e-15 4.23997e-18 BessellR
51503.9 2.63752e-15 3.98292e-18 BessellR
51504.9 2.58104e-15 3.74048e-18 BessellR
51505.9 2.52284e-15 3.51242e-18 BessellR
51506.9 2.46296e-15 3.29831e-18 BessellR
51507.9 2.40142e-15 3.09755e-18 BessellR
51508.9 2.33826e-15 2.90939e-18 BessellR
51509.9 2.27351e-15 2.7329e-18 BessellR
51510.9 2.20722e-15 2.56704e-18 BessellR
51511.9 2.13944e-15 2.41074e-18 BessellR
51512.9 2.07021e-15 2.2629e-18 BessellR
51513.9 1.99962e-15 2.12255e-18 BessellR
51514.9 1.92772e-15 1.98888e-18 BessellR
51515.9 1.85459e-15 1.86138e-18 BessellR
51516.9 1.78032e-15 1.73994e-18 BessellR
51517.9 1.70501e-15 1.6249e-18 BessellR
51518.9 1.62877e-15 1.5172e-18 BessellR
51519.9 1.55172e-15 1.41837e-18 BessellR
51520.9 1.47399e-15 1.33053e-18 BessellR
51521.9 1.39574e-15 1.25623e-18 BessellR
51522.9 1.31712e-15 1.19822e-18 BessellR
51523.9 1.23834e-15 1.15905e-18 BessellR
51524.9 1.15958e-15 1.14066e-18 BessellR
51525.9 1.08107e-15 1.14426e-18 BessellR
51526.9 1.00306e-15 1.17063e-18 BessellR
51527.9 9.2582e-16 1.22096e-18 BessellR
51528.9 8.49648e-16 1.29778e-18 BessellR
51529.9 7.74863e-16 1.40577e-18 BessellR
51530.9 7.01811e-16 1.55186e-18 BessellR
51531.9 6.3086e-16 1.74437e-18 BessellR
51532.9 5.62402e-16 1.99155e-18 BessellR
51533.9 4.96842e-16 2.29983e-18 BessellR
51534.9 4.34598e-16 2.67244e-18 BessellR
51535.9 3.76088e-16 3.10853e-18 BessellR
51536.9 3.21724e-16 3.60277e-18 BessellR
51537.9 2.71894e-16 4.14514e-18 BessellR
51538.9 2.26953e-16 4.72104e-18 BessellR
51539.9 1.872e-16 5.31158e-18 BessellR
51540.9 1.52868e-16 5.89426e-18 BessellR
51541.9 1.241e-16 6.44396e-18 BessellR
51542.9 1.0094e-16 6.93441e-18 BessellR
51543.9 8.33217e-17 7.34004e-18 BessellR
51544.9 7.10584e-17 7.63797e-18 BessellR
51545.9 6.38466e-17 7.81007e-18 BessellR
51546.9 6.1272e-17 7.8447e-18 BessellR
51547.9 6.28231e-17 7.73802e-18 BessellR
51548.9 6.79119e-17 7.49456e-18 BessellR
51549.9 7.58982e-17 7.127e-18 BessellR
51550.9 8.61169e-17 6.65523e-18 BessellR
51551.9 9.79059e-17 6.10465e-18 BessellR
51552.9 1.10632e-16 5.50422e-18 BessellR
51553.9 1.23712e-16 4.8842e-18 BessellR
51554.9 1.36631e-16 4.27401e-18 BessellR
51555.9 1.48953e-16 3.70023e-18 BessellR
51556.9 1.60325e-16 3.18478e-18 BessellR
51557.9 1.70479e-16 2.74304e-18 BessellR
51558.9 1.79229e-16 2.38204e-18 BessellR
51559.9 1.8646e-16 2.09916e-18 BessellR
51560.9 1.92122e-16 1.88255e-18 BessellR
51561.9 1.9622e-16 1.71428e-18 BessellR
51562.9 1.988e-16 1.57526e-18 BessellR
51563.9 1.99943e-16 1.44978e-18 BessellR
51564.9 1.99753e-16 1.32783e-18 BessellR
51565.9 1.98351e-16 1.2055e-18 BessellR
51566.9 1.95866e-16 1.08446e-18 BessellR
51567.9 1.92432e-16 9.7122e-19 BessellR
51568.9 1.8818e-16 8.76451e-19 BessellR
51569.9 1.83239e-16 8.13344e-19 BessellR
51570.9 1.77729e-16 7.93304e-19 BessellR
51571.9 1.71766e-16 8.19746e-19 BessellR
51572.9 1.65452e-16 8.85793e-19 BessellR
51573.9 1.58881e-16 9.7883e-19 BessellR
51574.9 1.52139e-16 1.08638e-18 BessellR
51575.9 1.453e-16 1.19879e-18 BessellR
51576.9 1.38429e-16 1.30933e-18 BessellR
51577.9 1.31583e-16 1.41355e-18 BessellR
51578.9 1.2481e-16 1.50861e-18 BessellR
51579.9 1.18151e-16 1.59278e-18 BessellR
51580.9 1.11639e-16 1.66512e-18 BessellR
51581.9 1.05302e-16 1.72523e-18 BessellR
51582.9 9.91614e-17 1.77313e-18 BessellR
51583.9 9.32349e-17 1.80911e-18 BessellR
51584.9 8.75349e-17 1.8337e-18 BessellR
51585.9 8.20702e-17 1.84754e-18 BessellR
51586.9 7.68465e-17 1.85139e-18 BessellR
51587.9 7.18663e-17 1.84606e-18 BessellR
51588.9 6.71302e-17 1.8324e-18 BessellR
51589.9 6.26363e-17 1.81125e-18 BessellR
51590.9 5.83813e-17 1.78346e-18 BessellR
51591.9 5.43603e-17 1.74984e-18 BessellR
51592.9 5.05674e-17 1.7112e-18 BessellR
51593.9 4.69959e-17 1.66827e-18 BessellR
51465.1 3.72505e-16 1.35423e-16 BessellV
51466.1 4.4373e-16 1.48934e-16 BessellV
51467.1 5.28034e-16 1.6264e-16 BessellV
51468.1 6.27467e-16 1.76107e-16 BessellV
51469.1 7.44214e-16 1.88747e-16 BessellV
51470.1 8.80501e-16 1.99808e-16 BessellV
51471.1 1.03844e-15 2.08373e-16 BessellV
51472.1 1.21981e-15 2.13391e-16 BessellV
51473.1 1.42574e-15 2.13756e-16 BessellV
51474.1 1.65629e-15 2.0845e-16 BessellV
51475.1 1.91007e-15 1.96752e-16 BessellV
51476.1 2.18373e-15 1.78509e-16 BessellV
51477.1 2.4717e-15 1.54428e-16 BessellV
51478.1 2.76614e-15 1.26325e-16 BessellV
51479.1 3.05733e-15 9.72671e-17 BessellV
51480.1 3.33442e-15 7.16344e-17 BessellV
51481.1 3.58665e-15 5.46622e-17 BessellV
51482.1 3.8046e-15 4.8962e-17 BessellV
51483.1 3.9813e-15 4.97823e-17 BessellV
51484.1 4.11282e-15 5.03381e-17 BessellV
51485.1 4.19842e-15 4.76449e-17 BessellV
51486.1 4.24005e-15 4.18602e-17 BessellV
51487.1 4.24172e-15 3.49399e-17 BessellV
51488.1 4.20866e-15 3.01745e-17 BessellV
51489.1 4.14664e-15 3.09039e-17 BessellV
51490.1 4.06139e-15 3.70788e-17 BessellV
51491.1 3.95821e-15 4.5951e-17 BessellV
51492.1 3.84183e-15 5.54296e-17 BessellV
51493.1 3.71625e-15 6.4535e-17 BessellV
51494.1 3.58477e-15 7.28922e-17 BessellV
51495.1 3.45006e-15 8.0409e-17 BessellV
51496.1 3.31423e-15 8.712e-17 BessellV
51497.1 3.17889e-15 9.31092e-17 BessellV
51498.1 3.04527e-15 9.84712e-17 BessellV
51499.1 2.91428e-15 1.03294e-16 BessellV
51500.1 2.78657e-15 1.07649e-16 BessellV
51501.1 2.66259e-15 1.11595e-16 BessellV
51502.1 2.54265e-15 1.15174e-16 BessellV
51503.1 2.42692e-15 1.18421e-16 BessellV
51504.1 2.31549e-15 1.21359e-16 BessellV
51505.1 2.20839e-15 1.24009e-16 BessellV
51506.1 2.10559e-15 1.26387e-16 BessellV
51507.1 2.00702e-15 1.28507e-16 BessellV
51508.1 1.9126e-15 1.30381e-16 BessellV
51509.1 1.82222e-15 1.32024e-16 BessellV
51510.1 1.73575e-15 1.33447e-16 BessellV
51511.1 1.65308e-15 1.34662e-16 BessellV
51512.1 1.57406e-15 1.35681e-16 BessellV
51513.1 1.49856e-15 1.36516e-16 BessellV
51514.1 1.42645e-15 1.37178e-16 BessellV
51515.1 1.3576e-15 1.37678e-16 BessellV
51516.1 1.29187e-15 1.38026e-16 BessellV
51517.1 1.22913e-15 1.38231e-16 BessellV
51518.1 1.16927e-15 1.38304e-16 BessellV
51519.1 1.11216e-15 1.38251e-16 BessellV
51520.1 1.05769e-15 1.38081e-16 BessellV
51521.1 1.00575e-15 1.37801e-16 BessellV
51522.1 9.56215e-16 1.37417e-16 BessellV
51523.1 9.08997e-16 1.36934e-16 BessellV
51524.1 8.63992e-16 1.36359e-16 BessellV
51525.1 8.21105e-16 1.35695e-16 BessellV
51526.1 7.80243e-16 1.34946e-16 BessellV
51527.1 7.41319e-16 1.34117e-16 BessellV
51528.1 7.04249e-16 1.33211e-16 BessellV
51529.1 6.6895e-16 1.3223e-16 BessellV
51530.1 6.35346e-16 1.31178e-16 BessellV
51531.1 6.03363e-16 1.30056e-16 BessellV
51532.1 5.72929e-16 1.28867e-16 BessellV
51533.1 5.43976e-16 1.27613e-16 BessellV
51534.1 5.1644e-16 1.26296e-16 BessellV
51535.1 4.90256e-16 1.24918e-16 BessellV
51536.1 4.65367e-16 1.23479e-16 BessellV
51537.1 4.41713e-16 1.21983e-16 BessellV
51538.1 4.19241e-16 1.2043e-16 BessellV
51539.1 3.97897e-16 1.18822e-16 BessellV
51540.1 3.77632e-16 1.17161e-16 BessellV
51541.1 3.58397e-16 1.15449e-16 BessellV
51542.1 3.40146e-16 1.13686e-16 BessellV
51543.1 3.22835e-16 1.11874e-16 BessellV
51544.1 3.06421e-16 1.10016e-16 BessellV
51545.1 2.90865e-16 1.08113e-16 BessellV
51546.1 2.76126e-16 1.06166e-16 BessellV
51547.1 2.62168e-16 1.04177e-16 BessellV
51548.1 2.48956e-16 1.02149e-16 BessellV
51549.1 2.36455e-16 1.00083e-16 BessellV
51550.1 2.24633e-16 9.79816e-17 BessellV
51551.1 2.13458e-16 9.58461e-17 BessellV
51552.1 2.02901e-16 9.3679e-17 BessellV
51553.1 1.92932e-16 9.14824e-17 BessellV
51554.1 1.83525e-16 8.92585e-17 BessellV
51555.1 1.74653e-16 8.70097e-17 BessellV
51556.1 1.66292e-16 8.47384e-17 BessellV
51557.1 1.58416e-16 8.2447e-17 BessellV
51558.1 1.51004e-16 8.01382e-17 BessellV
51559.1 1.44032e-16 7.78145e-17 BessellV
51560.1 1.37481e-16 7.54789e-17 BessellV
51561.1 1.31329e-16 7.31341e-17 BessellV
51562.1 1.25558e-16 7.07832e-17 BessellV
51563.1 1.20148e-16 6.84294e-17 BessellV
51564.1 1.15083e-16 6.60762e-17 BessellV
51565.1 1.10345e-16 6.37271e-17 BessellV
51566.1 1.05918e-16 6.1386e-17 BessellV
51567.1 1.01787e-16 5.9057e-17 BessellV
51568.1 9.79366e-17 5.67446e-17 BessellV
51569.1 9.43528e-17 5.44537e-17 BessellV
51570.1 9.1022e-17 5.21898e-17 BessellV
51571.1 8.79313e-17 4.99587e-17 BessellV
51572.1 8.50683e-17 4.7767e-17 BessellV
51573.1 8.24211e-17 4.56223e-17 BessellV
51574.1 7.99784e-17 4.35328e-17 BessellV
51575.1 7.77293e-17 4.15079e-17 BessellV
51576.1 7.56636e-17 3.95582e-17 BessellV
51577.1 7.37712e-17 3.76957e-17 BessellV
51578.1 7.20428e-17 3.59337e-17 BessellV
51579.1 7.04692e-17 3.42873e-17 BessellV
51580.1 6.9042e-17 3.27726e-17 BessellV
51581.1 6.77528e-17 3.14072e-17 BessellV
51582.1 6.65937e-17 3.02093e-17 BessellV
51583.1 6.55573e-17 2.91968e-17 BessellV
51584.1 6.46363e-17 2.83866e-17 BessellV
51585.1 6.3824e-17 2.77928e-17 BessellV
51586.1 6.31137e-17 2.74253e-17 BessellV
51587.1 6.24994e-17 2.72889e-17 BessellV
51588.1 6.19749e-17 2.73823e-17 BessellV
51589.1 6.15346e-17 2.76981e-17 BessellV
51590.1 6.11733e-17 2.82237e-17 BessellV
51591.1 6.08855e-17 2.89423e-17 BessellV
51592.1 6.06666e-17 2.98345e-17 BessellV
51593.1 6.05118e-17 3.08798e-17 BessellV
51594.1 6.04166e-17 3.20579e-17 BessellV
51595.1 6.03769e-17 3.33493e-17 BessellV
51596.1 6.03885e-17 3.47361e-17 BessellV
51597.1 6.04477e-17 3.62022e-17 BessellV
51598.1 6.05507e-17 3.77332e-17 BessellV
51599.1 6.06942e-17 3.93168e-17 BessellV
51600.1 6.08748e-17 4.0942e-17 BessellV
51601.1 6.10894e-17 4.25994e-17 BessellV
51602.1 6.13349e-17 4.4281e-17 BessellV
51603.1 6.16087e-17 4.59797e-17 BessellV
51604.1 6.1908e-17 4.76896e-17 BessellV
51605.1 6.22302e-17 4.94055e-17 BessellV
51606.1 6.2573e-17 5.11228e-17 BessellV
51607.1 6.2934e-17 5.28377e-17 BessellV
51608.1 6.33112e-17 5.45468e-17 BessellV
51609.1 6.37024e-17 5.62472e-17 BessellV
51610.1 6.41057e-17 5.79363e-17 BessellV
51611.1 6.45193e-17 5.96118e-17 BessellV
51612.1 6.49415e-17 6.12719e-17 BessellV
51613.1 6.53707e-17 6.29148e-17 BessellV
51614.1 6.58052e-17 6.45389e-17 BessellV
51615.1 6.62437e-17 6.6143e-17 BessellV
51616.1 6.66848e-17 6.77258e-17 BessellV
51617.1 6.71272e-17 6.92864e-17 BessellV
51618.1 6.75697e-17 7.08239e-17 BessellV
51619.1 6.80111e-17 7.23373e-17 BessellV
51620.1 6.84505e-17 7.38262e-17 BessellV
51621.1 6.88868e-17 7.52897e-17 BessellV
51622.1 6.93191e-17 7.67275e-17 BessellV
51623.1 6.97465e-17 7.81391e-17 BessellV
