52685.1 2.08233e-16 2.51318e-17 BessellB
52686.1 2.4689e-16 2.80038e-17 BessellB
52687.1 2.92592e-16 3.10477e-17 BessellB
52688.1 3.46587e-16 3.42266e-17 BessellB
52689.1 4.10334e-16 3.74851e-17 BessellB
52690.1 4.85527e-16 4.07446e-17 BessellB
52691.1 5.74136e-16 4.38989e-17 BessellB
52692.1 6.78436e-16 4.68085e-17 BessellB
52693.1 8.0104e-16 4.9297e-17 BessellB
52694.1 9.44927e-16 5.11485e-17 BessellB
52695.1 1.11347e-15 5.21107e-17 BessellB
52696.1 1.31042e-15 5.19079e-17 BessellB
52697.1 1.53992e-15 5.02737e-17 BessellB
52698.1 1.80638e-15 4.70279e-17 BessellB
52699.1 2.11442e-15 4.22518e-17 BessellB
52700.1 2.46858e-15 3.67054e-17 BessellB
52701.1 2.87303e-15 3.26941e-17 BessellB
52702.1 3.33105e-15 3.43393e-17 BessellB
52703.1 3.84434e-15 4.36524e-17 BessellB
52704.1 4.4122e-15 5.79221e-17 BessellB
52705.1 5.03051e-15 7.3195e-17 BessellB
52706.1 5.6907e-15 8.57835e-17 BessellB
52707.1 6.37891e-15 9.23359e-17 BessellB
52708.1 7.07562e-15 9.07568e-17 BessellB
52709.1 7.756e-15 8.33926e-17 BessellB
52710.1 8.39141e-15 8.4319e-17 BessellB
52711.1 8.95189e-15 1.15129e-16 BessellB
52712.1 9.40945e-15 1.75551e-16 BessellB
52713.1 9.74163e-15 2.52151e-16 BessellB
52714.1 9.93433e-15 3.33267e-16 BessellB
52715.1 9.9834e-15 4.09289e-16 BessellB
52716.1 9.89463e-15 4.72553e-16 BessellB
52717.1 9.68212e-15 5.17857e-16 BessellB
52718.1 9.36577e-15 5.42753e-16 BessellB
52719.1 8.96841e-15 5.47365e-16 BessellB
52720.1 8.51316e-15 5.33812e-16 BessellB
52721.1 8.0215e-15 5.05455e-16 BessellB
52722.1 7.51205e-15 4.66177e-16 BessellB
52723.1 7e-15 4.19819e-16 BessellB
52724.1 6.49715e-15 3.69814e-16 BessellB
52725.1 6.01211e-15 3.1901e-16 BessellB
52726.1 5.55087e-15 2.69627e-16 BessellB
52727.1 5.1172e-15 2.23312e-16 BessellB
52728.1 4.7132e-15 1.81239e-16 BessellB
52729.1 4.3397e-15 1.4424e-16 BessellB
52730.1 3.99658e-15 1.12956e-16 BessellB
52731.1 3.6831e-15 8.79764e-17 BessellB
52732.1 3.39806e-15 6.98913e-17 BessellB
52733.1 3.14001e-15 5.89953e-17 BessellB
52734.1 2.90732e-15 5.45065e-17 BessellB
52735.1 2.69829e-15 5.42898e-17 BessellB
52736.1 2.51122e-15 5.59209e-17 BessellB
52737.1 2.34441e-15 5.77079e-17 BessellB
52738.1 2.19622e-15 5.87845e-17 BessellB
52739.1 2.06511e-15 5.88263e-17 BessellB
52740.1 1.94958e-15 5.78136e-17 BessellB
52741.1 1.84824e-15 5.58989e-17 BessellB
52742.1 1.75979e-15 5.33443e-17 BessellB
52743.1 1.683e-15 5.04969e-17 BessellB
52744.1 1.61674e-15 4.77801e-17 BessellB
52745.1 1.55996e-15 4.5677e-17 BessellB
52746.1 1.5117e-15 4.46763e-17 BessellB
52747.1 1.47104e-15 4.51658e-17 BessellB
52748.1 1.43718e-15 4.73136e-17 BessellB
52749.1 1.40935e-15 5.10319e-17 BessellB
52750.1 1.38685e-15 5.60532e-17 BessellB
52751.1 1.36904e-15 6.20489e-17 BessellB
52752.1 1.35535e-15 6.87115e-17 BessellB
52753.1 1.34523e-15 7.57864e-17 BessellB
52754.1 1.3382e-15 8.30741e-17 BessellB
52755.1 1.33382e-15 9.04214e-17 BessellB
52756.1 1.33169e-15 9.77113e-17 BessellB
52757.1 1.33143e-15 1.04854e-16 BessellB
52758.1 1.33273e-15 1.11781e-16 BessellB
52759.1 1.33528e-15 1.1844e-16 BessellB
52760.1 1.33882e-15 1.24791e-16 BessellB
52761.1 1.3431e-15 1.30803e-16 BessellB
52762.1 1.3479e-15 1.36455e-16 BessellB
52763.1 1.35305e-15 1.41732e-16 BessellB
52764.1 1.35835e-15 1.46625e-16 BessellB
52765.1 1.36367e-15 1.51127e-16 BessellB
52766.1 1.36887e-15 1.55239e-16 BessellB
52767.1 1.37384e-15 1.58961e-16 BessellB
52768.1 1.37846e-15 1.623e-16 BessellB
52769.1 1.38266e-15 1.65261e-16 BessellB
52770.1 1.38636e-15 1.67853e-16 BessellB
52771.1 1.3895e-15 1.70088e-16 BessellB
52772.1 1.39202e-15 1.71976e-16 BessellB
52773.1 1.39388e-15 1.73531e-16 BessellB
52774.1 1.39504e-15 1.74766e-16 BessellB
52775.1 1.39548e-15 1.75696e-16 BessellB
52776.1 1.39518e-15 1.76334e-16 BessellB
52777.1 1.39412e-15 1.76696e-16 BessellB
52778.1 1.3923e-15 1.76797e-16 BessellB
52779.1 1.38972e-15 1.76653e-16 BessellB
52780.1 1.38637e-15 1.76278e-16 BessellB
52781.1 1.38226e-15 1.75687e-16 BessellB
52782.1 1.3774e-15 1.74896e-16 BessellB
52783.1 1.37181e-15 1.73919e-16 BessellB
52784.1 1.3655e-15 1.7277e-16 BessellB
52785.1 1.35848e-15 1.71464e-16 BessellB
52786.1 1.35078e-15 1.70014e-16 BessellB
52787.1 1.34242e-15 1.68433e-16 BessellB
52788.1 1.33342e-15 1.66734e-16 BessellB
52789.1 1.32381e-15 1.64929e-16 BessellB
52790.1 1.31361e-15 1.6303e-16 BessellB
52791.1 1.30285e-15 1.61048e-16 BessellB
52792.1 1.29155e-15 1.58995e-16 BessellB
52793.1 1.27974e-15 1.56879e-16 BessellB
52794.1 1.26745e-15 1.54711e-16 BessellB
52795.1 1.2547e-15 1.525e-16 BessellB
52796.1 1.24153e-15 1.50254e-16 BessellB
52797.1 1.22796e-15 1.47983e-16 BessellB
52798.1 1.21401e-15 1.45692e-16 BessellB
52799.1 1.19973e-15 1.4339e-16 BessellB
52800.1 1.18512e-15 1.41082e-16 BessellB
52801.1 1.17022e-15 1.38776e-16 BessellB
52802.1 1.15505e-15 1.36476e-16 BessellB
52803.1 1.13963e-15 1.34187e-16 BessellB
52804.1 1.124e-15 1.31915e-16 BessellB
52805.1 1.10818e-15 1.29664e-16 BessellB
52806.1 1.09218e-15 1.27437e-16 BessellB
52807.1 1.07604e-15 1.25237e-16 BessellB
52808.1 1.05976e-15 1.23069e-16 BessellB
52809.1 1.04338e-15 1.20933e-16 BessellB
52810.1 1.02691e-15 1.18833e-16 BessellB
52811.1 1.01038e-15 1.16771e-16 BessellB
52812.1 9.93791e-16 1.14747e-16 BessellB
52813.1 9.77174e-16 1.12764e-16 BessellB
52814.1 9.60544e-16 1.10822e-16 BessellB
52815.1 9.43916e-16 1.08922e-16 BessellB
52816.1 9.27305e-16 1.07065e-16 BessellB
52817.1 9.10727e-16 1.0525e-16 BessellB
52818.1 8.94196e-16 1.03477e-16 BessellB
52819.1 8.77725e-16 1.01747e-16 BessellB
52820.1 8.61326e-16 1.00059e-16 BessellB
52821.1 8.45012e-16 9.84126e-17 BessellB
52822.1 8.28795e-16 9.68067e-17 BessellB
52823.1 8.12684e-16 9.52406e-17 BessellB
52824.1 7.96689e-16 9.37135e-17 BessellB
52825.1 7.80821e-16 9.22243e-17 BessellB
52826.1 7.65087e-16 9.07719e-17 BessellB
52827.1 7.49497e-16 8.93551e-17 BessellB
52828.1 7.34057e-16 8.79727e-17 BessellB
52829.1 7.18775e-16 8.66233e-17 BessellB
52830.1 7.03658e-16 8.53058e-17 BessellB
52831.1 6.8871e-16 8.40187e-17 BessellB
52832.1 6.73938e-16 8.27607e-17 BessellB
52833.1 6.59347e-16 8.15305e-17 BessellB
52834.1 6.44942e-16 8.03269e-17 BessellB
52835.1 6.30726e-16 7.91484e-17 BessellB
52836.1 6.16703e-16 7.79939e-17 BessellB
52837.1 6.02877e-16 7.68621e-17 BessellB
52838.1 5.8925e-16 7.57518e-17 BessellB
52839.1 5.75825e-16 7.46618e-17 BessellB
52840.1 5.62604e-16 7.35911e-17 BessellB
52841.1 5.4959e-16 7.25385e-17 BessellB
52842.1 5.36782e-16 7.15031e-17 BessellB
52843.1 5.24184e-16 7.04839e-17 BessellB
52844.1 5.11795e-16 6.94799e-17 BessellB
52845.1 4.99617e-16 6.84904e-17 BessellB
52846.1 4.87649e-16 6.75144e-17 BessellB
52847.1 4.75892e-16 6.65514e-17 BessellB
52848.1 4.64346e-16 6.56005e-17 BessellB
52849.1 4.53011e-16 6.46611e-17 BessellB
52850.1 4.41885e-16 6.37326e-17 BessellB
52851.1 4.30969e-16 6.28144e-17 BessellB
52852.1 4.20261e-16 6.19062e-17 BessellB
52853.1 4.0976e-16 6.10073e-17 BessellB
52854.1 3.99465e-16 6.01174e-17 BessellB
52855.1 3.89375e-16 5.92362e-17 BessellB
52856.1 3.79488e-16 5.83632e-17 BessellB
52857.1 3.69802e-16 5.74982e-17 BessellB
52858.1 3.60316e-16 5.66409e-17 BessellB
52859.1 3.51028e-16 5.57911e-17 BessellB
52860.1 3.41935e-16 5.49487e-17 BessellB
52861.1 3.33036e-16 5.41133e-17 BessellB
52862.1 3.24329e-16 5.3285e-17 BessellB
52863.1 3.15811e-16 5.24635e-17 BessellB
52864.1 3.0748e-16 5.16488e-17 BessellB
52865.1 2.99333e-16 5.08408e-17 BessellB
52695 8.29094e-18 1.21296e-17 BessellI
52696 1.18444e-17 1.64598e-17 BessellI
52697 1.69811e-17 2.23602e-17 BessellI
52698 2.44374e-17 3.04014e-17 BessellI
52699 3.53088e-17 4.1354e-17 BessellI
52700 5.12332e-17 5.62465e-17 BessellI
52701 7.46725e-17 7.64262e-17 BessellI
52702 1.09345e-16 1.03601e-16 BessellI
52703 1.60889e-16 1.39804e-16 BessellI
52704 2.3789e-16 1.87158e-16 BessellI
52705 3.53437e-16 2.47119e-16 BessellI
52706 5.2749e-16 3.18496e-16 BessellI
52707 7.90399e-16 3.92558e-16 BessellI
52708 1.18787e-15 4.4088e-16 BessellI
52709 1.78621e-15 3.83715e-16 BessellI
52710 2.65883e-15 1.86904e-18 BessellI
52711 3.66468e-15 5.76722e-16 BessellI
52712 4.44934e-15 7.49286e-16 BessellI
52713 4.9485e-15 6.97198e-16 BessellI
52714 5.21399e-15 5.67228e-16 BessellI
52715 5.31147e-15 4.2995e-16 BessellI
52716 5.29642e-15 3.12566e-16 BessellI
52717 5.21017e-15 2.21516e-16 BessellI
52718 5.08145e-15 1.5467e-16 BessellI
52719 4.92937e-15 1.07244e-16 BessellI
52720 4.76617e-15 7.43552e-17 BessellI
52721 4.59953e-15 5.19136e-17 BessellI
52722 4.43412e-15 3.6785e-17 BessellI
52723 4.27271e-15 2.66723e-17 BessellI
52724 4.11686e-15 1.99313e-17 BessellI
52725 3.9674e-15 1.54044e-17 BessellI
52726 3.82469e-15 1.2295e-17 BessellI
52727 3.68882e-15 1.00749e-17 BessellI
52728 3.5597e-15 8.41035e-18 BessellI
52729 3.43714e-15 7.10006e-18 BessellI
52730 3.32091e-15 6.02636e-18 BessellI
52731 3.21074e-15 5.12133e-18 BessellI
52732 3.10636e-15 4.34533e-18 BessellI
52733 3.00746e-15 3.67442e-18 BessellI
52734 2.91379e-15 3.09331e-18 BessellI
52735 2.82505e-15 2.5916e-18 BessellI
52736 2.741e-15 2.16175e-18 BessellI
52737 2.66137e-15 1.79802e-18 BessellI
52738 2.58592e-15 1.49582e-18 BessellI
52739 2.51443e-15 1.25133e-18 BessellI
52740 2.44666e-15 1.06092e-18 BessellI
52741 2.38242e-15 9.20387e-19 BessellI
52742 2.3215e-15 8.24045e-19 BessellI
52743 2.26371e-15 7.6437e-19 BessellI
52744 2.20888e-15 7.32703e-19 BessellI
52745 2.15683e-15 7.20855e-19 BessellI
52746 2.1074e-15 7.22506e-19 BessellI
52747 2.06044e-15 7.33723e-19 BessellI
52748 2.0158e-15 7.52687e-19 BessellI
52749 1.97334e-15 7.79068e-19 BessellI
52750 1.93294e-15 8.13344e-19 BessellI
52751 1.89448e-15 8.56242e-19 BessellI
52752 1.85782e-15 9.0833e-19 BessellI
52753 1.82288e-15 9.69804e-19 BessellI
52754 1.78953e-15 1.04042e-18 BessellI
52755 1.75769e-15 1.11957e-18 BessellI
52756 1.72725e-15 1.20634e-18 BessellI
52757 1.69814e-15 1.29966e-18 BessellI
52758 1.67026e-15 1.39841e-18 BessellI
52759 1.64354e-15 1.50144e-18 BessellI
52760 1.61791e-15 1.60766e-18 BessellI
52761 1.5933e-15 1.71604e-18 BessellI
52762 1.56964e-15 1.82566e-18 BessellI
52763 1.54687e-15 1.93564e-18 BessellI
52764 1.52492e-15 2.04523e-18 BessellI
52765 1.50376e-15 2.15374e-18 BessellI
52766 1.48332e-15 2.26056e-18 BessellI
52767 1.46355e-15 2.36515e-18 BessellI
52768 1.44442e-15 2.46703e-18 BessellI
52769 1.42588e-15 2.56579e-18 BessellI
52770 1.40788e-15 2.66108e-18 BessellI
52771 1.3904e-15 2.75259e-18 BessellI
52772 1.37339e-15 2.84006e-18 BessellI
52773 1.35682e-15 2.92326e-18 BessellI
52774 1.34067e-15 3.00201e-18 BessellI
52775 1.3249e-15 3.07617e-18 BessellI
52776 1.30949e-15 3.14563e-18 BessellI
52777 1.29441e-15 3.2103e-18 BessellI
52778 1.27964e-15 3.27011e-18 BessellI
52779 1.26515e-15 3.32505e-18 BessellI
52780 1.25093e-15 3.37508e-18 BessellI
52781 1.23696e-15 3.42022e-18 BessellI
52782 1.22322e-15 3.4605e-18 BessellI
52783 1.2097e-15 3.49596e-18 BessellI
52784 1.19637e-15 3.52664e-18 BessellI
52785 1.18323e-15 3.55263e-18 BessellI
52786 1.17026e-15 3.574e-18 BessellI
52787 1.15745e-15 3.59083e-18 BessellI
52788 1.14479e-15 3.60324e-18 BessellI
52789 1.13227e-15 3.61133e-18 BessellI
52790 1.11988e-15 3.61522e-18 BessellI
52791 1.10761e-15 3.61502e-18 BessellI
52792 1.09546e-15 3.61086e-18 BessellI
52793 1.08342e-15 3.60287e-18 BessellI
52794 1.07147e-15 3.5912e-18 BessellI
52795 1.05962e-15 3.57596e-18 BessellI
52796 1.04787e-15 3.55732e-18 BessellI
52797 1.03619e-15 3.5354e-18 BessellI
52798 1.0246e-15 3.51035e-18 BessellI
52799 1.01309e-15 3.48231e-18 BessellI
52800 1.00165e-15 3.45143e-18 BessellI
52801 9.90282e-16 3.41786e-18 BessellI
52802 9.78983e-16 3.38173e-18 BessellI
52803 9.67751e-16 3.34319e-18 BessellI
52804 9.56583e-16 3.30239e-18 BessellI
52805 9.45478e-16 3.25945e-18 BessellI
52806 9.34436e-16 3.21453e-18 BessellI
52807 9.23453e-16 3.16775e-18 BessellI
52808 9.12531e-16 3.11926e-18 BessellI
52809 9.01667e-16 3.06919e-18 BessellI
52810 8.90862e-16 3.01766e-18 BessellI
52811 8.80115e-16 2.96482e-18 BessellI
52812 8.69427e-16 2.91078e-18 BessellI
52813 8.58796e-16 2.85567e-18 BessellI
52814 8.48224e-16 2.79961e-18 BessellI
52815 8.37709e-16 2.74272e-18 BessellI
52816 8.27254e-16 2.68512e-18 BessellI
52817 8.16858e-16 2.62692e-18 BessellI
52818 8.06521e-16 2.56823e-18 BessellI
52819 7.96245e-16 2.50916e-18 BessellI
52820 7.86029e-16 2.44982e-18 BessellI
52821 7.75875e-16 2.39032e-18 BessellI
52822 7.65783e-16 2.33075e-18 BessellI
52823 7.55754e-16 2.27122e-18 BessellI
52824 7.45789e-16 2.21182e-18 BessellI
52825 7.35888e-16 2.15264e-18 BessellI
52826 7.26053e-16 2.0938e-18 BessellI
52827 7.16285e-16 2.03536e-18 BessellI
52828 7.06583e-16 1.97744e-18 BessellI
52829 6.9695e-16 1.92011e-18 BessellI
52830 6.87386e-16 1.86347e-18 BessellI
52831 6.77891e-16 1.8076e-18 BessellI
52832 6.68468e-16 1.75258e-18 BessellI
52833 6.59115e-16 1.69851e-18 BessellI
52834 6.49835e-16 1.64548e-18 BessellI
52835 6.40629e-16 1.59355e-18 BessellI
52836 6.31496e-16 1.54283e-18 BessellI
52837 6.22438e-16 1.49339e-18 BessellI
52838 6.13455e-16 1.44531e-18 BessellI
52839 6.04549e-16 1.3987e-18 BessellI
52840 5.9572e-16 1.35361e-18 BessellI
52841 5.86968e-16 1.31015e-18 BessellI
52842 5.78295e-16 1.26839e-18 BessellI
52843 5.697e-16 1.22841e-18 BessellI
52844 5.61184e-16 1.19029e-18 BessellI
52845 5.52749e-16 1.15411e-18 BessellI
52846 5.44394e-16 1.11995e-18 BessellI
52847 5.3612e-16 1.08786e-18 BessellI
52848 5.27928e-16 1.05791e-18 BessellI
52849 5.19817e-16 1.03016e-18 BessellI
52850 5.11788e-16 1.00464e-18 BessellI
52851 5.03842e-16 9.81392e-19 BessellI
52852 4.95978e-16 9.60431e-19 BessellI
52853 4.88197e-16 9.41762e-19 BessellI
52854 4.805e-16 9.25372e-19 BessellI
52855 4.72886e-16 9.11235e-19 BessellI
52856 4.65356e-16 8.99304e-19 BessellI
52857 4.5791e-16 8.89519e-19 BessellI
52858 4.50547e-16 8.818e-19 BessellI
52859 4.43268e-16 8.76055e-19 BessellI
52860 4.36073e-16 8.72178e-19 BessellI
52861 4.28962e-16 8.70052e-19 BessellI
52862 4.21935e-16 8.69554e-19 BessellI
52863 4.14991e-16 8.70552e-19 BessellI
52864 4.08132e-16 8.72912e-19 BessellI
52865 4.01356e-16 8.765e-19 BessellI
52866 3.94663e-16 8.81181e-19 BessellI
52867 3.88054e-16 8.86825e-19 BessellI
52868 3.81527e-16 8.93305e-19 BessellI
52869 3.75083e-16 9.00501e-19 BessellI
52870 3.68722e-16 9.08298e-19 BessellI
52871 3.62443e-16 9.16589e-19 BessellI
52872 3.56247e-16 9.25275e-19 BessellI
52873 3.50131e-16 9.34264e-19 BessellI
52874 3.44097e-16 9.43469e-19 BessellI
52875 3.38144e-16 9.52815e-19 BessellI
52876 3.32271e-16 9.6223e-19 BessellI
52877 3.26478e-16 9.71651e-19 BessellI
52878 3.20765e-16 9.8102e-19 BessellI
52879 3.15131e-16 9.90287e-19 BessellI
52880 3.09575e-16 9.99404e-19 BessellI
52881 3.04098e-16 1.00833e-18 BessellI
52882 2.98699e-16 1.01703e-18 BessellI
52883 2.93376e-16 1.02548e-18 BessellI
52884 2.8813e-16 1.03364e-18 BessellI
52885 2.8296e-16 1.04149e-18 BessellI
52886 2.77866e-16 1.04901e-18 BessellI
52887 2.72846e-16 1.05619e-18 BessellI
52888 2.67901e-16 1.063e-18 BessellI
52889 2.63029e-16 1.06944e-18 BessellI
52890 2.58231e-16 1.07549e-18 BessellI
52891 2.53505e-16 1.08115e-18 BessellI
52892 2.4885e-16 1.08641e-18 BessellI
52893 2.44267e-16 1.09126e-18 BessellI
52894 2.39754e-16 1.09571e-18 BessellI
52895 2.35311e-16 1.09975e-18 BessellI
52896 2.30937e-16 1.10338e-18 BessellI
52897 2.26632e-16 1.10661e-18 BessellI
52898 2.22394e-16 1.10942e-18 BessellI
52899 2.18223e-16 1.11183e-18 BessellI
52900 2.14119e-16 1.11384e-18 BessellI
52901 2.10081e-16 1.11546e-18 BessellI
52902 2.06107e-16 1.11668e-18 BessellI
52903 2.02198e-16 1.11752e-18 BessellI
52904 1.98352e-16 1.11797e-18 BessellI
52905 1.94569e-16 1.11805e-18 BessellI
52906 1.90848e-16 1.11776e-18 BessellI
52907 1.87189e-16 1.11711e-18 BessellI
52908 1.8359e-16 1.11611e-18 BessellI
52909 1.80051e-16 1.11476e-18 BessellI
52910 1.76572e-16 1.11307e-18 BessellI
52911 1.73151e-16 1.11106e-18 BessellI
52912 1.69788e-16 1.10872e-18 BessellI
52913 1.66482e-16 1.10607e-18 BessellI
52914 1.63232e-16 1.10311e-18 BessellI
52915 1.60038e-16 1.09985e-18 BessellI
52916 1.56899e-16 1.09631e-18 BessellI
52917 1.53814e-16 1.09249e-18 BessellI
52918 1.50783e-16 1.08839e-18 BessellI
52919 1.47804e-16 1.08403e-18 BessellI
52920 1.44877e-16 1.07942e-18 BessellI
52921 1.42002e-16 1.07457e-18 BessellI
52922 1.39178e-16 1.06947e-18 BessellI
52923 1.36403e-16 1.06415e-18 BessellI
52924 1.33678e-16 1.05861e-18 BessellI
52925 1.31001e-16 1.05285e-18 BessellI
52685.7 7.64806e-16 3.41867e-16 BessellR
52686.7 8.08928e-16 3.41234e-16 BessellR
52687.7 8.55958e-16 3.39097e-16 BessellR
52688.7 9.06082e-16 3.3519e-16 BessellR
52689.7 9.59493e-16 3.2921e-16 BessellR
52690.7 1.01639e-15 3.20803e-16 BessellR
52691.7 1.07695e-15 3.09572e-16 BessellR
52692.7 1.14136e-15 2.95063e-16 BessellR
52693.7 1.20977e-15 2.76774e-16 BessellR
52694.7 1.2823e-15 2.54158e-16 BessellR
52695.7 1.35903e-15 2.26644e-16 BessellR
52696.7 1.43994e-15 1.93662e-16 BessellR
52697.7 1.5249e-15 1.54694e-16 BessellR
52698.7 1.61362e-15 1.09351e-16 BessellR
52699.7 1.70563e-15 5.75739e-17 BessellR
52700.7 1.80014e-15 2.59354e-18 BessellR
52701.7 1.8961e-15 6.09773e-17 BessellR
52702.7 1.99216e-15 1.2168e-16 BessellR
52703.7 2.08695e-15 1.7889e-16 BessellR
52704.7 2.17921e-15 2.30524e-16 BessellR
52705.7 2.26786e-15 2.7548e-16 BessellR
52706.7 2.35207e-15 3.13257e-16 BessellR
52707.7 2.43117e-15 3.43787e-16 BessellR
52708.7 2.50472e-15 3.67326e-16 BessellR
52709.7 2.57244e-15 3.84347e-16 BessellR
52710.7 2.63418e-15 3.9544e-16 BessellR
52711.7 2.68993e-15 4.01246e-16 BessellR
52712.7 2.73972e-15 4.02411e-16 BessellR
52713.7 2.78369e-15 3.99554e-16 BessellR
52714.7 2.822e-15 3.93255e-16 BessellR
52715.7 2.85487e-15 3.84049e-16 BessellR
52716.7 2.88252e-15 3.7242e-16 BessellR
52717.7 2.90519e-15 3.58804e-16 BessellR
52718.7 2.92316e-15 3.43589e-16 BessellR
52719.7 2.93668e-15 3.27122e-16 BessellR
52720.7 2.94602e-15 3.09708e-16 BessellR
52721.7 2.95145e-15 2.91616e-16 BessellR
52722.7 2.95321e-15 2.7308e-16 BessellR
52723.7 2.95157e-15 2.54307e-16 BessellR
52724.7 2.94676e-15 2.35475e-16 BessellR
52725.7 2.93902e-15 2.16736e-16 BessellR
52726.7 2.92858e-15 1.98221e-16 BessellR
52727.7 2.91565e-15 1.80044e-16 BessellR
52728.7 2.90044e-15 1.62297e-16 BessellR
52729.7 2.88315e-15 1.4506e-16 BessellR
52730.7 2.86395e-15 1.28397e-16 BessellR
52731.7 2.84303e-15 1.1236e-16 BessellR
52732.7 2.82055e-15 9.699e-17 BessellR
52733.7 2.79666e-15 8.23195e-17 BessellR
52734.7 2.77151e-15 6.8372e-17 BessellR
52735.7 2.74524e-15 5.51654e-17 BessellR
52736.7 2.71798e-15 4.27138e-17 BessellR
52737.7 2.68984e-15 3.10343e-17 BessellR
52738.7 2.66093e-15 2.01689e-17 BessellR
52739.7 2.63137e-15 1.03212e-17 BessellR
52740.7 2.60124e-15 4.16085e-18 BessellR
52741.7 2.57064e-15 9.90944e-18 BessellR
52742.7 2.53966e-15 1.76751e-17 BessellR
52743.7 2.50836e-15 2.50467e-17 BessellR
52744.7 2.47683e-15 3.18498e-17 BessellR
52745.7 2.44512e-15 3.80649e-17 BessellR
52746.7 2.4133e-15 4.3702e-17 BessellR
52747.7 2.38142e-15 4.87808e-17 BessellR
52748.7 2.34955e-15 5.33246e-17 BessellR
52749.7 2.31771e-15 5.73587e-17 BessellR
52750.7 2.28596e-15 6.09091e-17 BessellR
52751.7 2.25434e-15 6.40026e-17 BessellR
52752.7 2.22288e-15 6.66657e-17 BessellR
52753.7 2.19161e-15 6.8925e-17 BessellR
52754.7 2.16057e-15 7.08064e-17 BessellR
52755.7 2.12977e-15 7.23358e-17 BessellR
52756.7 2.09925e-15 7.35382e-17 BessellR
52757.7 2.06903e-15 7.44377e-17 BessellR
52758.7 2.03912e-15 7.5058e-17 BessellR
52759.7 2.00954e-15 7.54217e-17 BessellR
52760.7 1.9803e-15 7.55505e-17 BessellR
52761.7 1.95142e-15 7.54654e-17 BessellR
52762.7 1.92291e-15 7.51861e-17 BessellR
52763.7 1.89478e-15 7.47315e-17 BessellR
52764.7 1.86703e-15 7.41195e-17 BessellR
52765.7 1.83967e-15 7.33669e-17 BessellR
52766.7 1.81271e-15 7.24896e-17 BessellR
52767.7 1.78615e-15 7.15025e-17 BessellR
52768.7 1.75999e-15 7.04195e-17 BessellR
52769.7 1.73424e-15 6.92535e-17 BessellR
52770.7 1.70889e-15 6.80167e-17 BessellR
52771.7 1.68394e-15 6.67201e-17 BessellR
52772.7 1.6594e-15 6.53739e-17 BessellR
52773.7 1.63526e-15 6.39878e-17 BessellR
52774.7 1.61153e-15 6.25701e-17 BessellR
52775.7 1.58819e-15 6.1129e-17 BessellR
52776.7 1.56524e-15 5.96713e-17 BessellR
52777.7 1.54269e-15 5.82037e-17 BessellR
52778.7 1.52053e-15 5.67319e-17 BessellR
52779.7 1.49874e-15 5.5261e-17 BessellR
52780.7 1.47734e-15 5.37957e-17 BessellR
52781.7 1.45631e-15 5.23399e-17 BessellR
52782.7 1.43565e-15 5.08973e-17 BessellR
52783.7 1.41535e-15 4.94709e-17 BessellR
52784.7 1.3954e-15 4.80634e-17 BessellR
52785.7 1.37581e-15 4.66769e-17 BessellR
52786.7 1.35657e-15 4.53134e-17 BessellR
52787.7 1.33766e-15 4.39744e-17 BessellR
52788.7 1.31909e-15 4.2661e-17 BessellR
52789.7 1.30085e-15 4.13743e-17 BessellR
52790.7 1.28293e-15 4.0115e-17 BessellR
52791.7 1.26532e-15 3.88835e-17 BessellR
52792.7 1.24803e-15 3.76802e-17 BessellR
52793.7 1.23104e-15 3.6505e-17 BessellR
52794.7 1.21435e-15 3.5358e-17 BessellR
52795.7 1.19795e-15 3.42391e-17 BessellR
52796.7 1.18183e-15 3.31478e-17 BessellR
52797.7 1.166e-15 3.20839e-17 BessellR
52798.7 1.15044e-15 3.10468e-17 BessellR
52799.7 1.13515e-15 3.00361e-17 BessellR
52800.7 1.12012e-15 2.90511e-17 BessellR
52801.7 1.10535e-15 2.80912e-17 BessellR
52802.7 1.09083e-15 2.71559e-17 BessellR
52803.7 1.07656e-15 2.62444e-17 BessellR
52804.7 1.06253e-15 2.5356e-17 BessellR
52805.7 1.04874e-15 2.44902e-17 BessellR
52806.7 1.03518e-15 2.36461e-17 BessellR
52807.7 1.02184e-15 2.28233e-17 BessellR
52808.7 1.00873e-15 2.20209e-17 BessellR
52809.7 9.95828e-16 2.12384e-17 BessellR
52810.7 9.83141e-16 2.04753e-17 BessellR
52811.7 9.7066e-16 1.97309e-17 BessellR
52812.7 9.58382e-16 1.90046e-17 BessellR
52813.7 9.46302e-16 1.82961e-17 BessellR
52814.7 9.34416e-16 1.76047e-17 BessellR
52815.7 9.22719e-16 1.693e-17 BessellR
52816.7 9.11207e-16 1.62717e-17 BessellR
52817.7 8.99876e-16 1.56293e-17 BessellR
52818.7 8.88723e-16 1.50024e-17 BessellR
52819.7 8.77743e-16 1.43908e-17 BessellR
52820.7 8.66933e-16 1.37942e-17 BessellR
52821.7 8.56288e-16 1.32122e-17 BessellR
52822.7 8.45806e-16 1.26448e-17 BessellR
52823.7 8.35483e-16 1.20916e-17 BessellR
52824.7 8.25315e-16 1.15525e-17 BessellR
52825.7 8.153e-16 1.10274e-17 BessellR
52826.7 8.05433e-16 1.05162e-17 BessellR
52827.7 7.95712e-16 1.00189e-17 BessellR
52828.7 7.86134e-16 9.53542e-18 BessellR
52829.7 7.76696e-16 9.06575e-18 BessellR
52830.7 7.67395e-16 8.60999e-18 BessellR
52831.7 7.58227e-16 8.16823e-18 BessellR
52832.7 7.49191e-16 7.74062e-18 BessellR
52833.7 7.40283e-16 7.32736e-18 BessellR
52834.7 7.31501e-16 6.92871e-18 BessellR
52835.7 7.22843e-16 6.545e-18 BessellR
52836.7 7.14305e-16 6.17663e-18 BessellR
52837.7 7.05886e-16 5.82408e-18 BessellR
52838.7 6.97583e-16 5.48791e-18 BessellR
52839.7 6.89393e-16 5.1688e-18 BessellR
52840.7 6.81316e-16 4.86752e-18 BessellR
52841.7 6.73347e-16 4.58494e-18 BessellR
52842.7 6.65486e-16 4.32205e-18 BessellR
52843.7 6.5773e-16 4.07991e-18 BessellR
52844.7 6.50077e-16 3.85967e-18 BessellR
52845.7 6.42526e-16 3.66245e-18 BessellR
52846.7 6.35073e-16 3.48934e-18 BessellR
52847.7 6.27719e-16 3.34126e-18 BessellR
52848.7 6.20459e-16 3.21884e-18 BessellR
52849.7 6.13294e-16 3.12233e-18 BessellR
52850.7 6.06221e-16 3.05148e-18 BessellR
52851.7 5.99238e-16 3.00548e-18 BessellR
52852.7 5.92345e-16 2.98294e-18 BessellR
52853.7 5.85538e-16 2.982e-18 BessellR
52854.7 5.78817e-16 3.00041e-18 BessellR
52855.7 5.72181e-16 3.03569e-18 BessellR
52856.7 5.65627e-16 3.08528e-18 BessellR
52857.7 5.59155e-16 3.14665e-18 BessellR
52858.7 5.52762e-16 3.21745e-18 BessellR
52859.7 5.46448e-16 3.2955e-18 BessellR
52860.7 5.40212e-16 3.37887e-18 BessellR
52861.7 5.34051e-16 3.46587e-18 BessellR
52862.7 5.27966e-16 3.55505e-18 BessellR
52863.7 5.21953e-16 3.64515e-18 BessellR
52864.7 5.16013e-16 3.73514e-18 BessellR
52865.7 5.10144e-16 3.82413e-18 BessellR
52866.7 5.04345e-16 3.91139e-18 BessellR
52867.7 4.98615e-16 3.99631e-18 BessellR
52868.7 4.92953e-16 4.07839e-18 BessellR
52869.7 4.87358e-16 4.15722e-18 BessellR
52870.7 4.81828e-16 4.23247e-18 BessellR
52871.7 4.76363e-16 4.30387e-18 BessellR
52872.7 4.70962e-16 4.37121e-18 BessellR
52873.7 4.65624e-16 4.43433e-18 BessellR
52874.7 4.60347e-16 4.4931e-18 BessellR
52875.7 4.55131e-16 4.54744e-18 BessellR
52876.7 4.49976e-16 4.59728e-18 BessellR
52877.7 4.44879e-16 4.64258e-18 BessellR
52878.7 4.39841e-16 4.68333e-18 BessellR
52879.7 4.3486e-16 4.71955e-18 BessellR
52880.7 4.29936e-16 4.75124e-18 BessellR
52881.7 4.25068e-16 4.77843e-18 BessellR
52882.7 4.20255e-16 4.80119e-18 BessellR
52883.7 4.15496e-16 4.81956e-18 BessellR
52884.7 4.10791e-16 4.83361e-18 BessellR
52885.7 4.06139e-16 4.84341e-18 BessellR
52886.7 4.01539e-16 4.84904e-18 BessellR
52887.7 3.9699e-16 4.8506e-18 BessellR
52888.7 3.92492e-16 4.84816e-18 BessellR
52889.7 3.88044e-16 4.84183e-18 BessellR
52890.7 3.83646e-16 4.8317e-18 BessellR
52891.7 3.79296e-16 4.81789e-18 BessellR
52892.7 3.74995e-16 4.80049e-18 BessellR
52893.7 3.70741e-16 4.77961e-18 BessellR
52894.7 3.66534e-16 4.75538e-18 BessellR
52895.7 3.62373e-16 4.7279e-18 BessellR
52896.7 3.58258e-16 4.69729e-18 BessellR
52897.7 3.54189e-16 4.66366e-18 BessellR
52898.7 3.50164e-16 4.62714e-18 BessellR
52899.7 3.46183e-16 4.58785e-18 BessellR
52900.7 3.42245e-16 4.54591e-18 BessellR
52901.7 3.38351e-16 4.50144e-18 BessellR
52902.7 3.34499e-16 4.45457e-18 BessellR
52903.7 3.30689e-16 4.40543e-18 BessellR
52904.7 3.26921e-16 4.35414e-18 BessellR
52905.7 3.23194e-16 4.30083e-18 BessellR
52906.7 3.19507e-16 4.24564e-18 BessellR
52907.7 3.15861e-16 4.18869e-18 BessellR
52908.7 3.12253e-16 4.13011e-18 BessellR
52909.7 3.08686e-16 4.07005e-18 BessellR
52910.7 3.05156e-16 4.00864e-18 BessellR
52911.7 3.01665e-16 3.94602e-18 BessellR
52912.7 2.98212e-16 3.88232e-18 BessellR
52913.7 2.94797e-16 3.8177e-18 BessellR
52914.7 2.91418e-16 3.75229e-18 BessellR
52915.7 2.88076e-16 3.68625e-18 BessellR
52916.7 2.84769e-16 3.61973e-18 BessellR
52917.7 2.81499e-16 3.55288e-18 BessellR
52918.7 2.78264e-16 3.48586e-18 BessellR
52919.7 2.75064e-16 3.41884e-18 BessellR
52920.7 2.71899e-16 3.35197e-18 BessellR
52921.7 2.68768e-16 3.28544e-18 BessellR
52922.7 2.6567e-16 3.21942e-18 BessellR
52923.7 2.62607e-16 3.15409e-18 BessellR
52924.7 2.59576e-16 3.08963e-18 BessellR
52925.7 2.56578e-16 3.02624e-18 BessellR
52926.7 2.53612e-16 2.96412e-18 BessellR
52927.7 2.50679e-16 2.90346e-18 BessellR
52928.7 2.47777e-16 2.84448e-18 BessellR
52929.7 2.44907e-16 2.78738e-18 BessellR
52930.7 2.42067e-16 2.73239e-18 BessellR
52931.7 2.39259e-16 2.67971e-18 BessellR
52932.7 2.3648e-16 2.62957e-18 BessellR
52933.7 2.33732e-16 2.58218e-18 BessellR
52934.7 2.31014e-16 2.53776e-18 BessellR
52935.7 2.28325e-16 2.49653e-18 BessellR
52936.7 2.25665e-16 2.45867e-18 BessellR
52937.7 2.23035e-16 2.42439e-18 BessellR
52938.7 2.20432e-16 2.39385e-18 BessellR
52939.7 2.17858e-16 2.36722e-18 BessellR
52940.7 2.15312e-16 2.34464e-18 BessellR
52941.7 2.12794e-16 2.32622e-18 BessellR
52942.7 2.10303e-16 2.31204e-18 BessellR
52943.7 2.07839e-16 2.30216e-18 BessellR
52944.7 2.05402e-16 2.29661e-18 BessellR
52945.7 2.02991e-16 2.29538e-18 BessellR
52946.7 2.00607e-16 2.29842e-18 BessellR
52947.7 1.98249e-16 2.30568e-18 BessellR
52948.7 1.95916e-16 2.31705e-18 BessellR
52949.7 1.93609e-16 2.3324e-18 BessellR
52950.7 1.91328e-16 2.3516e-18 BessellR
52951.7 1.89071e-16 2.37446e-18 BessellR
52952.7 1.86839e-16 2.40081e-18 BessellR
52953.7 1.84632e-16 2.43046e-18 BessellR
52954.7 1.82448e-16 2.46319e-18 BessellR
52955.7 1.80289e-16 2.49879e-18 BessellR
52956.7 1.78153e-16 2.53706e-18 BessellR
52957.7 1.76041e-16 2.57779e-18 BessellR
52958.7 1.73953e-16 2.62076e-18 BessellR
52959.7 1.71887e-16 2.66577e-18 BessellR
52960.7 1.69844e-16 2.71263e-18 BessellR
52961.7 1.67823e-16 2.76114e-18 BessellR
52962.7 1.65825e-16 2.81113e-18 BessellR
52963.7 1.63849e-16 2.86242e-18 BessellR
52964.7 1.61895e-16 2.91486e-18 BessellR
52965.7 1.59963e-16 2.96827e-18 BessellR
52966.7 1.58052e-16 3.02253e-18 BessellR
52967.7 1.56162e-16 3.0775e-18 BessellR
52968.7 1.54293e-16 3.13304e-18 BessellR
52969.7 1.52445e-16 3.18904e-18 BessellR
52970.7 1.50618e-16 3.24539e-18 BessellR
52687 4.06238e-16 3.16226e-17 BessellV
52688 4.65615e-16 3.43248e-17 BessellV
52689 5.33438e-16 3.71264e-17 BessellV
52690 6.10846e-16 4.00004e-17 BessellV
52691 6.99114e-16 4.29114e-17 BessellV
52692 7.99661e-16 4.58145e-17 BessellV
52693 9.14052e-16 4.86544e-17 BessellV
52694 1.04401e-15 5.13647e-17 BessellV
52695 1.19138e-15 5.38682e-17 BessellV
52696 1.35819e-15 5.60782e-17 BessellV
52697 1.54651e-15 5.79005e-17 BessellV
52698 1.7585e-15 5.92389e-17 BessellV
52699 1.99631e-15 6.00025e-17 BessellV
52700 2.26196e-15 6.01168e-17 BessellV
52701 2.55719e-15 5.95392e-17 BessellV
52702 2.88331e-15 5.8278e-17 BessellV
52703 3.24092e-15 5.64146e-17 BessellV
52704 3.62963e-15 5.41271e-17 BessellV
52705 4.04773e-15 5.17107e-17 BessellV
52706 4.49183e-15 4.95919e-17 BessellV
52707 4.95657e-15 4.83318e-17 BessellV
52708 5.43436e-15 4.86145e-17 BessellV
52709 5.91534e-15 5.12029e-17 BessellV
52710 6.38756e-15 5.68307e-17 BessellV
52711 6.83751e-15 6.6024e-17 BessellV
52712 7.25089e-15 7.89218e-17 BessellV
52713 7.61374e-15 9.51739e-17 BessellV
52714 7.91371e-15 1.13939e-16 BessellV
52715 8.14114e-15 1.3397e-16 BessellV
52716 8.29006e-15 1.53774e-16 BessellV
52717 8.35857e-15 1.71819e-16 BessellV
52718 8.34888e-15 1.86746e-16 BessellV
52719 8.26672e-15 1.97539e-16 BessellV
52720 8.12057e-15 2.03623e-16 BessellV
52721 7.92064e-15 2.04873e-16 BessellV
52722 7.67784e-15 2.01559e-16 BessellV
52723 7.403e-15 1.94246e-16 BessellV
52724 7.10622e-15 1.83679e-16 BessellV
52725 6.79643e-15 1.70679e-16 BessellV
52726 6.48124e-15 1.56056e-16 BessellV
52727 6.16687e-15 1.40553e-16 BessellV
52728 5.85819e-15 1.24811e-16 BessellV
52729 5.55892e-15 1.0936e-16 BessellV
52730 5.27173e-15 9.46161e-17 BessellV
52731 4.99843e-15 8.08934e-17 BessellV
52732 4.74016e-15 6.84222e-17 BessellV
52733 4.4975e-15 5.73642e-17 BessellV
52734 4.27061e-15 4.78284e-17 BessellV
52735 4.05934e-15 3.98815e-17 BessellV
52736 3.8633e-15 3.35455e-17 BessellV
52737 3.68194e-15 2.87783e-17 BessellV
52738 3.5146e-15 2.54399e-17 BessellV
52739 3.36055e-15 2.32734e-17 BessellV
52740 3.21901e-15 2.19368e-17 BessellV
52741 3.08921e-15 2.10806e-17 BessellV
52742 2.97035e-15 2.0418e-17 BessellV
52743 2.86166e-15 1.97529e-17 BessellV
52744 2.7624e-15 1.89744e-17 BessellV
52745 2.67186e-15 1.80371e-17 BessellV
52746 2.58933e-15 1.69447e-17 BessellV
52747 2.51418e-15 1.57392e-17 BessellV
52748 2.44579e-15 1.44963e-17 BessellV
52749 2.38359e-15 1.33274e-17 BessellV
52750 2.32702e-15 1.23794e-17 BessellV
52751 2.27558e-15 1.1823e-17 BessellV
52752 2.22881e-15 1.18093e-17 BessellV
52753 2.18627e-15 1.24077e-17 BessellV
52754 2.14753e-15 1.35765e-17 BessellV
52755 2.11224e-15 1.52002e-17 BessellV
52756 2.08003e-15 1.71482e-17 BessellV
52757 2.05059e-15 1.9308e-17 BessellV
52758 2.02362e-15 2.15936e-17 BessellV
52759 1.99884e-15 2.39412e-17 BessellV
52760 1.976e-15 2.63038e-17 BessellV
52761 1.95486e-15 2.86461e-17 BessellV
52762 1.93523e-15 3.09414e-17 BessellV
52763 1.9169e-15 3.31691e-17 BessellV
52764 1.8997e-15 3.5313e-17 BessellV
52765 1.88346e-15 3.73609e-17 BessellV
52766 1.86804e-15 3.9303e-17 BessellV
52767 1.8533e-15 4.1132e-17 BessellV
52768 1.83914e-15 4.28423e-17 BessellV
52769 1.82543e-15 4.44302e-17 BessellV
52770 1.81208e-15 4.58931e-17 BessellV
52771 1.799e-15 4.72295e-17 BessellV
52772 1.78612e-15 4.8439e-17 BessellV
52773 1.77337e-15 4.9522e-17 BessellV
52774 1.76068e-15 5.04797e-17 BessellV
52775 1.74799e-15 5.13139e-17 BessellV
52776 1.73527e-15 5.20267e-17 BessellV
52777 1.72248e-15 5.2621e-17 BessellV
52778 1.70956e-15 5.30999e-17 BessellV
52779 1.69651e-15 5.34668e-17 BessellV
52780 1.68328e-15 5.37256e-17 BessellV
52781 1.66986e-15 5.38801e-17 BessellV
52782 1.65624e-15 5.39345e-17 BessellV
52783 1.64239e-15 5.38931e-17 BessellV
52784 1.62831e-15 5.37601e-17 BessellV
52785 1.614e-15 5.35402e-17 BessellV
52786 1.59944e-15 5.32377e-17 BessellV
52787 1.58463e-15 5.28571e-17 BessellV
52788 1.56958e-15 5.2403e-17 BessellV
52789 1.55429e-15 5.18798e-17 BessellV
52790 1.53875e-15 5.12919e-17 BessellV
52791 1.52299e-15 5.06437e-17 BessellV
52792 1.50699e-15 4.99396e-17 BessellV
52793 1.49078e-15 4.91836e-17 BessellV
52794 1.47436e-15 4.83801e-17 BessellV
52795 1.45773e-15 4.75329e-17 BessellV
52796 1.44092e-15 4.66461e-17 BessellV
52797 1.42392e-15 4.57234e-17 BessellV
52798 1.40676e-15 4.47685e-17 BessellV
52799 1.38945e-15 4.3785e-17 BessellV
52800 1.37199e-15 4.27763e-17 BessellV
52801 1.3544e-15 4.17459e-17 BessellV
52802 1.33669e-15 4.06968e-17 BessellV
52803 1.31888e-15 3.96323e-17 BessellV
52804 1.30098e-15 3.85551e-17 BessellV
52805 1.28301e-15 3.74682e-17 BessellV
52806 1.26496e-15 3.63743e-17 BessellV
52807 1.24687e-15 3.5276e-17 BessellV
52808 1.22873e-15 3.41757e-17 BessellV
52809 1.21057e-15 3.30758e-17 BessellV
52810 1.1924e-15 3.19786e-17 BessellV
52811 1.17422e-15 3.08861e-17 BessellV
52812 1.15605e-15 2.98006e-17 BessellV
52813 1.1379e-15 2.87239e-17 BessellV
52814 1.11978e-15 2.76578e-17 BessellV
52815 1.10171e-15 2.66042e-17 BessellV
52816 1.08369e-15 2.55648e-17 BessellV
52817 1.06573e-15 2.45412e-17 BessellV
52818 1.04785e-15 2.35349e-17 BessellV
52819 1.03004e-15 2.25474e-17 BessellV
52820 1.01233e-15 2.15803e-17 BessellV
52821 9.94723e-16 2.06349e-17 BessellV
52822 9.77221e-16 1.97126e-17 BessellV
52823 9.59835e-16 1.88147e-17 BessellV
52824 9.42572e-16 1.79427e-17 BessellV
52825 9.2544e-16 1.70978e-17 BessellV
52826 9.08446e-16 1.62813e-17 BessellV
52827 8.91596e-16 1.54948e-17 BessellV
52828 8.74896e-16 1.47394e-17 BessellV
52829 8.58351e-16 1.40167e-17 BessellV
52830 8.41967e-16 1.33281e-17 BessellV
52831 8.25749e-16 1.2675e-17 BessellV
52832 8.09702e-16 1.20589e-17 BessellV
52833 7.93829e-16 1.14813e-17 BessellV
52834 7.78135e-16 1.09437e-17 BessellV
52835 7.62623e-16 1.04475e-17 BessellV
52836 7.47297e-16 9.99388e-18 BessellV
52837 7.3216e-16 9.58406e-18 BessellV
52838 7.17214e-16 9.21881e-18 BessellV
52839 7.02462e-16 8.89859e-18 BessellV
52840 6.87906e-16 8.62342e-18 BessellV
52841 6.73549e-16 8.39278e-18 BessellV
52842 6.59391e-16 8.2056e-18 BessellV
52843 6.45435e-16 8.06018e-18 BessellV
52844 6.31681e-16 7.95428e-18 BessellV
52845 6.18131e-16 7.88513e-18 BessellV
52846 6.04785e-16 7.84957e-18 BessellV
52847 5.91643e-16 7.84415e-18 BessellV
52848 5.78707e-16 7.86525e-18 BessellV
52849 5.65977e-16 7.90926e-18 BessellV
52850 5.53451e-16 7.97261e-18 BessellV
52851 5.41131e-16 8.05193e-18 BessellV
52852 5.29016e-16 8.14405e-18 BessellV
52853 5.17105e-16 8.24609e-18 BessellV
52854 5.05398e-16 8.35544e-18 BessellV
52855 4.93894e-16 8.46979e-18 BessellV
52856 4.82592e-16 8.58711e-18 BessellV
52857 4.71491e-16 8.70563e-18 BessellV
52858 4.6059e-16 8.82382e-18 BessellV
52859 4.49887e-16 8.94039e-18 BessellV
52860 4.39381e-16 9.05422e-18 BessellV
52861 4.29071e-16 9.1644e-18 BessellV
52862 4.18955e-16 9.27016e-18 BessellV
52863 4.09032e-16 9.37086e-18 BessellV
52864 3.99299e-16 9.46599e-18 BessellV
52865 3.89755e-16 9.55514e-18 BessellV
