53532.9 3.4679e-27 9.17762e-27 BessellB
53533.9 1.82226e-26 4.36614e-26 BessellB
53534.9 9.64568e-26 2.08691e-25 BessellB
53535.9 5.14482e-25 1.00225e-24 BessellB
53536.9 2.76606e-24 4.8361e-24 BessellB
53537.9 1.49951e-23 2.34418e-23 BessellB
53538.9 8.19959e-23 1.14107e-22 BessellB
53539.9 4.52427e-22 5.57422e-22 BessellB
53540.9 2.51995e-21 2.73003e-21 BessellB
53541.9 1.41745e-20 1.33832e-20 BessellB
53542.9 8.05551e-20 6.55016e-20 BessellB
53543.9 4.62762e-19 3.18756e-19 BessellB
53544.9 2.68837e-18 1.53165e-18 BessellB
53545.9 1.57934e-17 7.17264e-18 BessellB
53546.9 9.35438e-17 3.17634e-17 BessellB
53547.9 5.4684e-16 1.20882e-16 BessellB
53548.9 2.79482e-15 2.62272e-16 BessellB
53549.9 8.30833e-15 6.14763e-17 BessellB
53550.9 1.15764e-14 1.17272e-16 BessellB
53551.9 1.17239e-14 4.56581e-17 BessellB
53552.9 1.11508e-14 3.17852e-17 BessellB
53553.9 1.05086e-14 2.78259e-17 BessellB
53554.9 9.8987e-15 2.46777e-17 BessellB
53555.9 9.33284e-15 2.28512e-17 BessellB
53556.9 8.8099e-15 2.22056e-17 BessellB
53557.9 8.32704e-15 2.23083e-17 BessellB
53558.9 7.88132e-15 2.27644e-17 BessellB
53559.9 7.46996e-15 2.33078e-17 BessellB
53560.9 7.09036e-15 2.37901e-17 BessellB
53561.9 6.74012e-15 2.4143e-17 BessellB
53562.9 6.41699e-15 2.43475e-17 BessellB
53563.9 6.11887e-15 2.44127e-17 BessellB
53564.9 5.84383e-15 2.43632e-17 BessellB
53565.9 5.59004e-15 2.42313e-17 BessellB
53566.9 5.35584e-15 2.40518e-17 BessellB
53567.9 5.13966e-15 2.38592e-17 BessellB
53568.9 4.94005e-15 2.36851e-17 BessellB
53569.9 4.75566e-15 2.35568e-17 BessellB
53570.9 4.58526e-15 2.34958e-17 BessellB
53571.9 4.42769e-15 2.3517e-17 BessellB
53572.9 4.28187e-15 2.36291e-17 BessellB
53573.9 4.14682e-15 2.38341e-17 BessellB
53574.9 4.02162e-15 2.41284e-17 BessellB
53575.9 3.90543e-15 2.45041e-17 BessellB
53576.9 3.79746e-15 2.495e-17 BessellB
53577.9 3.697e-15 2.5453e-17 BessellB
53578.9 3.60337e-15 2.59993e-17 BessellB
53579.9 3.51596e-15 2.65751e-17 BessellB
53580.9 3.43422e-15 2.71673e-17 BessellB
53581.9 3.35761e-15 2.7764e-17 BessellB
53582.9 3.28567e-15 2.83548e-17 BessellB
53583.9 3.21795e-15 2.89306e-17 BessellB
53584.9 3.15406e-15 2.9484e-17 BessellB
53585.9 3.09362e-15 3.00088e-17 BessellB
53586.9 3.03629e-15 3.05003e-17 BessellB
53587.9 2.98178e-15 3.09548e-17 BessellB
53588.9 2.9298e-15 3.13698e-17 BessellB
53589.9 2.88008e-15 3.17436e-17 BessellB
53590.9 2.83241e-15 3.20756e-17 BessellB
53591.9 2.78656e-15 3.23654e-17 BessellB
53592.9 2.74235e-15 3.26137e-17 BessellB
53593.9 2.6996e-15 3.28212e-17 BessellB
53594.9 2.65815e-15 3.29894e-17 BessellB
53595.9 2.61786e-15 3.31199e-17 BessellB
53596.9 2.57861e-15 3.32146e-17 BessellB
53597.9 2.54027e-15 3.32757e-17 BessellB
53598.9 2.50275e-15 3.33054e-17 BessellB
53599.9 2.46595e-15 3.33061e-17 BessellB
53600.9 2.4298e-15 3.32803e-17 BessellB
53601.9 2.39421e-15 3.32303e-17 BessellB
53602.9 2.35914e-15 3.31586e-17 BessellB
53603.9 2.32451e-15 3.30677e-17 BessellB
53604.9 2.29028e-15 3.29598e-17 BessellB
53605.9 2.25641e-15 3.28372e-17 BessellB
53606.9 2.22287e-15 3.27022e-17 BessellB
53607.9 2.18961e-15 3.25567e-17 BessellB
53608.9 2.15662e-15 3.24026e-17 BessellB
53609.9 2.12386e-15 3.22419e-17 BessellB
53610.9 2.09133e-15 3.2076e-17 BessellB
53611.9 2.05901e-15 3.19065e-17 BessellB
53612.9 2.02689e-15 3.17347e-17 BessellB
53613.9 1.99495e-15 3.15619e-17 BessellB
53614.9 1.96319e-15 3.13891e-17 BessellB
53615.9 1.93161e-15 3.12172e-17 BessellB
53616.9 1.9002e-15 3.10469e-17 BessellB
53617.9 1.86896e-15 3.08788e-17 BessellB
53618.9 1.8379e-15 3.07135e-17 BessellB
53619.9 1.80702e-15 3.05512e-17 BessellB
53620.9 1.77632e-15 3.03922e-17 BessellB
53621.9 1.7458e-15 3.02367e-17 BessellB
53622.9 1.71547e-15 3.00846e-17 BessellB
53623.9 1.68533e-15 2.99359e-17 BessellB
53624.9 1.6554e-15 2.97905e-17 BessellB
53625.9 1.62568e-15 2.96481e-17 BessellB
53626.9 1.59617e-15 2.95085e-17 BessellB
53627.9 1.56688e-15 2.93714e-17 BessellB
53628.9 1.53782e-15 2.92364e-17 BessellB
53629.9 1.50901e-15 2.9103e-17 BessellB
53630.9 1.48043e-15 2.8971e-17 BessellB
53631.9 1.45211e-15 2.88398e-17 BessellB
53632.9 1.42405e-15 2.87091e-17 BessellB
53633.9 1.39626e-15 2.85783e-17 BessellB
53634.9 1.36874e-15 2.8447e-17 BessellB
53635.9 1.34151e-15 2.83149e-17 BessellB
53636.9 1.31456e-15 2.81814e-17 BessellB
53637.9 1.2879e-15 2.80463e-17 BessellB
53638.9 1.26155e-15 2.7909e-17 BessellB
53639.9 1.2355e-15 2.77693e-17 BessellB
53640.9 1.20977e-15 2.76268e-17 BessellB
53641.9 1.18435e-15 2.74812e-17 BessellB
53642.9 1.15925e-15 2.73323e-17 BessellB
53643.9 1.13448e-15 2.71797e-17 BessellB
53644.9 1.11003e-15 2.70233e-17 BessellB
53645.9 1.08592e-15 2.68628e-17 BessellB
53646.9 1.06215e-15 2.66981e-17 BessellB
53647.9 1.03871e-15 2.65291e-17 BessellB
53648.9 1.01562e-15 2.63556e-17 BessellB
53649.9 9.92871e-16 2.61776e-17 BessellB
53650.9 9.70468e-16 2.59949e-17 BessellB
53651.9 9.48413e-16 2.58076e-17 BessellB
53652.9 9.26705e-16 2.56156e-17 BessellB
53653.9 9.05348e-16 2.5419e-17 BessellB
53654.9 8.8434e-16 2.52177e-17 BessellB
53655.9 8.63682e-16 2.50119e-17 BessellB
53656.9 8.43374e-16 2.48015e-17 BessellB
53657.9 8.23416e-16 2.45868e-17 BessellB
53658.9 8.03807e-16 2.43677e-17 BessellB
53659.9 7.84547e-16 2.41443e-17 BessellB
53660.9 7.65633e-16 2.39169e-17 BessellB
53661.9 7.47065e-16 2.36855e-17 BessellB
53662.9 7.28841e-16 2.34503e-17 BessellB
53663.9 7.1096e-16 2.32114e-17 BessellB
53664.9 6.93418e-16 2.2969e-17 BessellB
53665.9 6.76215e-16 2.27233e-17 BessellB
53666.9 6.59347e-16 2.24745e-17 BessellB
53667.9 6.42811e-16 2.22226e-17 BessellB
53668.9 6.26606e-16 2.1968e-17 BessellB
53669.9 6.10728e-16 2.17108e-17 BessellB
53670.9 5.95174e-16 2.14512e-17 BessellB
53671.9 5.7994e-16 2.11893e-17 BessellB
53672.9 5.65024e-16 2.09255e-17 BessellB
53673.9 5.50422e-16 2.06598e-17 BessellB
53674.9 5.3613e-16 2.03924e-17 BessellB
53675.9 5.22144e-16 2.01236e-17 BessellB
53676.9 5.08462e-16 1.98536e-17 BessellB
53677.9 4.95078e-16 1.95825e-17 BessellB
53678.9 4.81989e-16 1.93105e-17 BessellB
53679.9 4.69192e-16 1.90378e-17 BessellB
53680.9 4.56681e-16 1.87646e-17 BessellB
53681.9 4.44453e-16 1.84911e-17 BessellB
53682.9 4.32503e-16 1.82174e-17 BessellB
53683.9 4.20828e-16 1.79437e-17 BessellB
53684.9 4.09422e-16 1.76701e-17 BessellB
53685.9 3.98283e-16 1.73969e-17 BessellB
53686.9 3.87405e-16 1.71242e-17 BessellB
53687.9 3.76783e-16 1.68522e-17 BessellB
53688.9 3.66415e-16 1.65809e-17 BessellB
53689.9 3.56295e-16 1.63105e-17 BessellB
53690.9 3.46419e-16 1.60413e-17 BessellB
53691.9 3.36783e-16 1.57732e-17 BessellB
53692.9 3.27382e-16 1.55065e-17 BessellB
53693.9 3.18213e-16 1.52412e-17 BessellB
53694.9 3.0927e-16 1.49774e-17 BessellB
53695.9 3.00549e-16 1.47154e-17 BessellB
53696.9 2.92046e-16 1.44552e-17 BessellB
53697.9 2.83758e-16 1.41968e-17 BessellB
53698.9 2.75679e-16 1.39404e-17 BessellB
53699.9 2.67805e-16 1.36861e-17 BessellB
53700.9 2.60133e-16 1.3434e-17 BessellB
53701.9 2.52658e-16 1.31841e-17 BessellB
53702.9 2.45376e-16 1.29366e-17 BessellB
53703.9 2.38283e-16 1.26914e-17 BessellB
53704.9 2.31375e-16 1.24487e-17 BessellB
53705.9 2.24648e-16 1.22086e-17 BessellB
53706.9 2.18098e-16 1.1971e-17 BessellB
53707.9 2.11722e-16 1.17361e-17 BessellB
53708.9 2.05515e-16 1.15039e-17 BessellB
53709.9 1.99474e-16 1.12744e-17 BessellB
53710.9 1.93595e-16 1.10477e-17 BessellB
53711.9 1.87874e-16 1.08238e-17 BessellB
53712.9 1.82307e-16 1.06028e-17 BessellB
53713.9 1.76892e-16 1.03847e-17 BessellB
53714.9 1.71625e-16 1.01695e-17 BessellB
53715.9 1.66501e-16 9.95723e-18 BessellB
53716.9 1.61519e-16 9.74794e-18 BessellB
53717.9 1.56674e-16 9.54163e-18 BessellB
53718.9 1.51963e-16 9.33831e-18 BessellB
53719.9 1.47383e-16 9.13801e-18 BessellB
53720.9 1.4293e-16 8.94072e-18 BessellB
53721.9 1.38603e-16 8.74645e-18 BessellB
53722.9 1.34396e-16 8.55521e-18 BessellB
53723.9 1.30309e-16 8.36699e-18 BessellB
53724.9 1.26337e-16 8.1818e-18 BessellB
53725.9 1.22478e-16 7.99964e-18 BessellB
53726.9 1.18728e-16 7.82049e-18 BessellB
53536.9 7.95129e-15 1.50658e-17 BessellU
53537.9 8.57599e-15 1.49893e-17 BessellU
53538.9 9.2325e-15 1.47814e-17 BessellU
53539.9 9.91832e-15 1.44272e-17 BessellU
53540.9 1.06296e-14 1.39131e-17 BessellU
53541.9 1.13608e-14 1.3228e-17 BessellU
53542.9 1.21041e-14 1.2365e-17 BessellU
53543.9 1.28493e-14 1.13236e-17 BessellU
53544.9 1.35831e-14 1.01123e-17 BessellU
53545.9 1.42888e-14 8.75103e-18 BessellU
53546.9 1.49461e-14 7.27393e-18 BessellU
53547.9 1.5531e-14 5.7317e-18 BessellU
53548.9 1.60164e-14 4.19245e-18 BessellU
53549.9 1.63733e-14 2.74224e-18 BessellU
53550.9 1.65723e-14 1.49321e-18 BessellU
53551.9 1.65866e-14 6.79343e-19 BessellU
53552.9 1.6395e-14 7.52809e-19 BessellU
53553.9 1.59855e-14 1.02818e-18 BessellU
53554.9 1.53585e-14 1.04642e-18 BessellU
53555.9 1.45283e-14 8.05367e-19 BessellU
53556.9 1.3523e-14 4.83008e-19 BessellU
53557.9 1.23823e-14 6.45403e-19 BessellU
53558.9 1.1153e-14 1.18695e-18 BessellU
53559.9 9.88465e-15 1.72131e-18 BessellU
53560.9 8.62365e-15 2.13665e-18 BessellU
53561.9 7.40992e-15 2.39347e-18 BessellU
53562.9 6.27432e-15 2.48876e-18 BessellU
53563.9 5.23793e-15 2.44298e-18 BessellU
53564.9 4.31261e-15 2.28963e-18 BessellU
53565.9 3.50241e-15 2.06675e-18 BessellU
53566.9 2.80535e-15 1.811e-18 BessellU
53567.9 2.2152e-15 1.55416e-18 BessellU
53568.9 1.72307e-15 1.32143e-18 BessellU
53569.9 1.31866e-15 1.13049e-18 BessellU
53570.9 9.91233e-16 9.90293e-19 BessellU
53571.9 7.30247e-16 9.00233e-19 BessellU
53572.9 5.25788e-16 8.51502e-19 BessellU
53573.9 3.68799e-16 8.31966e-19 BessellU
53574.9 2.51192e-16 8.3163e-19 BessellU
53575.9 1.65871e-16 8.45298e-19 BessellU
53576.9 1.06692e-16 8.72148e-19 BessellU
53577.9 6.8405e-17 9.13768e-19 BessellU
53578.9 4.65647e-17 9.72019e-19 BessellU
53579.9 3.74442e-17 1.04755e-18 BessellU
53580.9 3.79463e-17 1.13928e-18 BessellU
53581.9 4.55195e-17 1.24465e-18 BessellU
53582.9 5.8081e-17 1.36027e-18 BessellU
53583.9 7.39473e-17 1.48249e-18 BessellU
53584.9 9.17729e-17 1.60779e-18 BessellU
53585.9 1.10496e-16 1.73302e-18 BessellU
53586.9 1.29293e-16 1.85548e-18 BessellU
53587.9 1.47537e-16 1.97292e-18 BessellU
53588.9 1.64763e-16 2.08352e-18 BessellU
53589.9 1.80639e-16 2.18588e-18 BessellU
53590.9 1.94941e-16 2.27893e-18 BessellU
53591.9 2.07534e-16 2.36193e-18 BessellU
53592.9 2.1835e-16 2.43439e-18 BessellU
53593.9 2.27376e-16 2.49606e-18 BessellU
53594.9 2.34641e-16 2.54688e-18 BessellU
53595.9 2.40207e-16 2.58696e-18 BessellU
53596.9 2.44159e-16 2.61654e-18 BessellU
53597.9 2.46596e-16 2.63597e-18 BessellU
53598.9 2.47632e-16 2.64569e-18 BessellU
53599.9 2.47384e-16 2.6462e-18 BessellU
53600.9 2.45973e-16 2.63807e-18 BessellU
53601.9 2.43521e-16 2.62188e-18 BessellU
53602.9 2.40145e-16 2.59826e-18 BessellU
53603.9 2.35962e-16 2.56783e-18 BessellU
53604.9 2.31079e-16 2.53123e-18 BessellU
53605.9 2.25601e-16 2.48908e-18 BessellU
53606.9 2.19624e-16 2.442e-18 BessellU
53607.9 2.13239e-16 2.39057e-18 BessellU
53608.9 2.06527e-16 2.33538e-18 BessellU
53609.9 1.99564e-16 2.27697e-18 BessellU
53610.9 1.92418e-16 2.21586e-18 BessellU
53611.9 1.85152e-16 2.15254e-18 BessellU
53612.9 1.77821e-16 2.08748e-18 BessellU
53613.9 1.70473e-16 2.02109e-18 BessellU
53614.9 1.63152e-16 1.95378e-18 BessellU
53615.9 1.55895e-16 1.88591e-18 BessellU
53616.9 1.48735e-16 1.81781e-18 BessellU
53617.9 1.41701e-16 1.74979e-18 BessellU
53618.9 1.34816e-16 1.68211e-18 BessellU
53619.9 1.28099e-16 1.61502e-18 BessellU
53620.9 1.21566e-16 1.54874e-18 BessellU
53621.9 1.15232e-16 1.48347e-18 BessellU
53622.9 1.09106e-16 1.41936e-18 BessellU
53623.9 1.03195e-16 1.35657e-18 BessellU
53624.9 9.75042e-17 1.29522e-18 BessellU
53625.9 9.20377e-17 1.23541e-18 BessellU
53626.9 8.67965e-17 1.17723e-18 BessellU
53627.9 8.17804e-17 1.12075e-18 BessellU
53628.9 7.69881e-17 1.06603e-18 BessellU
53629.9 7.24168e-17 1.0131e-18 BessellU
53630.9 6.8063e-17 9.61996e-19 BessellU
53631.9 6.39222e-17 9.12729e-19 BessellU
53632.9 5.99893e-17 8.65307e-19 BessellU
53633.9 5.62586e-17 8.19726e-19 BessellU
53634.9 5.27241e-17 7.75975e-19 BessellU
53635.9 4.93792e-17 7.34035e-19 BessellU
53636.9 4.62172e-17 6.93882e-19 BessellU
53637.9 4.32313e-17 6.55486e-19 BessellU
53638.9 4.04144e-17 6.18811e-19 BessellU
53639.9 3.77595e-17 5.83818e-19 BessellU
53640.9 3.52596e-17 5.50465e-19 BessellU
53641.9 3.29076e-17 5.18708e-19 BessellU
53642.9 3.06966e-17 4.88499e-19 BessellU
53643.9 2.86198e-17 4.59789e-19 BessellU
53644.9 2.66705e-17 4.32529e-19 BessellU
53645.9 2.48423e-17 4.06667e-19 BessellU
53646.9 2.31289e-17 3.82152e-19 BessellU
53647.9 2.15241e-17 3.58932e-19 BessellU
53536.3 1.57564e-15 2.93519e-18 BessellI
53537.3 1.59632e-15 2.86428e-18 BessellI
53538.3 1.61709e-15 2.7917e-18 BessellI
53539.3 1.63795e-15 2.71753e-18 BessellI
53540.3 1.65889e-15 2.6418e-18 BessellI
53541.3 1.6799e-15 2.5646e-18 BessellI
53542.3 1.70099e-15 2.486e-18 BessellI
53543.3 1.72213e-15 2.40608e-18 BessellI
53544.3 1.74334e-15 2.32493e-18 BessellI
53545.3 1.76459e-15 2.24266e-18 BessellI
53546.3 1.7859e-15 2.15939e-18 BessellI
53547.3 1.80724e-15 2.07524e-18 BessellI
53548.3 1.82861e-15 1.99037e-18 BessellI
53549.3 1.85e-15 1.90495e-18 BessellI
53550.3 1.87141e-15 1.81915e-18 BessellI
53551.3 1.89284e-15 1.73321e-18 BessellI
53552.3 1.91427e-15 1.64737e-18 BessellI
53553.3 1.93569e-15 1.56192e-18 BessellI
53554.3 1.9571e-15 1.47719e-18 BessellI
53555.3 1.97849e-15 1.39359e-18 BessellI
53556.3 1.99985e-15 1.31158e-18 BessellI
53557.3 2.02118e-15 1.23172e-18 BessellI
53558.3 2.04247e-15 1.15468e-18 BessellI
53559.3 2.06371e-15 1.08124e-18 BessellI
53560.3 2.08488e-15 1.01236e-18 BessellI
53561.3 2.10599e-15 9.49133e-19 BessellI
53562.3 2.12703e-15 8.92829e-19 BessellI
53563.3 2.14798e-15 8.44825e-19 BessellI
53564.3 2.16885e-15 8.06526e-19 BessellI
53565.3 2.18961e-15 7.792e-19 BessellI
53566.3 2.21027e-15 7.63776e-19 BessellI
53567.3 2.23082e-15 7.60637e-19 BessellI
53568.3 2.25124e-15 7.6951e-19 BessellI
53569.3 2.27154e-15 7.89489e-19 BessellI
53570.3 2.2917e-15 8.19198e-19 BessellI
53571.3 2.31171e-15 8.57003e-19 BessellI
53572.3 2.33158e-15 9.0122e-19 BessellI
53573.3 2.3513e-15 9.50253e-19 BessellI
53574.3 2.37085e-15 1.00267e-18 BessellI
53575.3 2.39023e-15 1.05721e-18 BessellI
53576.3 2.40945e-15 1.1128e-18 BessellI
53577.3 2.42848e-15 1.16852e-18 BessellI
53578.3 2.44733e-15 1.22357e-18 BessellI
53579.3 2.466e-15 1.27728e-18 BessellI
53580.3 2.48448e-15 1.32902e-18 BessellI
53581.3 2.50277e-15 1.37827e-18 BessellI
53582.3 2.52087e-15 1.42454e-18 BessellI
53583.3 2.53878e-15 1.4674e-18 BessellI
53584.3 2.55649e-15 1.50643e-18 BessellI
53585.3 2.57401e-15 1.54127e-18 BessellI
53586.3 2.59134e-15 1.57157e-18 BessellI
53587.3 2.60848e-15 1.597e-18 BessellI
53588.3 2.62544e-15 1.61726e-18 BessellI
53589.3 2.64222e-15 1.63207e-18 BessellI
53590.3 2.65884e-15 1.64117e-18 BessellI
53591.3 2.67528e-15 1.64434e-18 BessellI
53592.3 2.69158e-15 1.64135e-18 BessellI
53593.3 2.70773e-15 1.63205e-18 BessellI
53594.3 2.72375e-15 1.61628e-18 BessellI
53595.3 2.73966e-15 1.59396e-18 BessellI
53596.3 2.75547e-15 1.56504e-18 BessellI
53597.3 2.77119e-15 1.52956e-18 BessellI
53598.3 2.78686e-15 1.48762e-18 BessellI
53599.3 2.80248e-15 1.43946e-18 BessellI
53600.3 2.81808e-15 1.38544e-18 BessellI
53601.3 2.8337e-15 1.32614e-18 BessellI
53602.3 2.84935e-15 1.26238e-18 BessellI
53603.3 2.86507e-15 1.19535e-18 BessellI
53604.3 2.88089e-15 1.12676e-18 BessellI
53605.3 2.89684e-15 1.05898e-18 BessellI
53606.3 2.91297e-15 9.95249e-19 BessellI
53607.3 2.9293e-15 9.39924e-19 BessellI
53608.3 2.94588e-15 8.98436e-19 BessellI
53609.3 2.96276e-15 8.76876e-19 BessellI
53610.3 2.97996e-15 8.80891e-19 BessellI
53611.3 2.99755e-15 9.14161e-19 BessellI
53612.3 3.01557e-15 9.77355e-19 BessellI
53613.3 3.03405e-15 1.06833e-18 BessellI
53614.3 3.05306e-15 1.18329e-18 BessellI
53615.3 3.07263e-15 1.31798e-18 BessellI
53616.3 3.0928e-15 1.46838e-18 BessellI
53617.3 3.11362e-15 1.631e-18 BessellI
53618.3 3.13513e-15 1.8028e-18 BessellI
53619.3 3.15736e-15 1.98111e-18 BessellI
53620.3 3.18033e-15 2.16353e-18 BessellI
53621.3 3.20406e-15 2.34779e-18 BessellI
53622.3 3.22856e-15 2.53167e-18 BessellI
53623.3 3.25381e-15 2.71301e-18 BessellI
53624.3 3.2798e-15 2.88957e-18 BessellI
53625.3 3.30649e-15 3.05911e-18 BessellI
53626.3 3.3338e-15 3.21932e-18 BessellI
53627.3 3.36164e-15 3.36784e-18 BessellI
53628.3 3.38989e-15 3.50227e-18 BessellI
53629.3 3.41839e-15 3.62023e-18 BessellI
53630.3 3.44693e-15 3.71936e-18 BessellI
53631.3 3.47528e-15 3.7974e-18 BessellI
53632.3 3.50312e-15 3.85224e-18 BessellI
53633.3 3.53011e-15 3.88203e-18 BessellI
53634.3 3.55584e-15 3.88524e-18 BessellI
53635.3 3.57983e-15 3.86076e-18 BessellI
53636.3 3.60155e-15 3.80805e-18 BessellI
53637.3 3.6204e-15 3.72719e-18 BessellI
53638.3 3.63573e-15 3.61898e-18 BessellI
53639.3 3.64684e-15 3.48503e-18 BessellI
53640.3 3.653e-15 3.32774e-18 BessellI
53641.3 3.65344e-15 3.1503e-18 BessellI
53642.3 3.64742e-15 2.95661e-18 BessellI
53643.3 3.63419e-15 2.75105e-18 BessellI
53644.3 3.61307e-15 2.53835e-18 BessellI
53645.3 3.58348e-15 2.32322e-18 BessellI
53646.3 3.54493e-15 2.11019e-18 BessellI
53647.3 3.49708e-15 1.90335e-18 BessellI
53648.3 3.43977e-15 1.70645e-18 BessellI
53649.3 3.37304e-15 1.5231e-18 BessellI
53650.3 3.29711e-15 1.35741e-18 BessellI
53651.3 3.21241e-15 1.21481e-18 BessellI
53652.3 3.11959e-15 1.10274e-18 BessellI
53653.3 3.01944e-15 1.03027e-18 BessellI
53654.3 2.91294e-15 1.00543e-18 BessellI
53655.3 2.80114e-15 1.03077e-18 BessellI
53656.3 2.6852e-15 1.10097e-18 BessellI
53657.3 2.56627e-15 1.20494e-18 BessellI
53658.3 2.44553e-15 1.33021e-18 BessellI
53659.3 2.3241e-15 1.46571e-18 BessellI
53660.3 2.20302e-15 1.60271e-18 BessellI
53661.3 2.08324e-15 1.73465e-18 BessellI
53662.3 1.9656e-15 1.85685e-18 BessellI
53663.3 1.85082e-15 1.96608e-18 BessellI
53664.3 1.73948e-15 2.0603e-18 BessellI
53665.3 1.63206e-15 2.13841e-18 BessellI
53666.3 1.52893e-15 2.20009e-18 BessellI
53667.3 1.43033e-15 2.24556e-18 BessellI
53668.3 1.33642e-15 2.27549e-18 BessellI
53669.3 1.2473e-15 2.29088e-18 BessellI
53670.3 1.16296e-15 2.2929e-18 BessellI
53671.3 1.08337e-15 2.28285e-18 BessellI
53672.3 1.00844e-15 2.26207e-18 BessellI
53673.3 9.38034e-16 2.23192e-18 BessellI
53674.3 8.72009e-16 2.1937e-18 BessellI
53675.3 8.10187e-16 2.14864e-18 BessellI
53676.3 7.52381e-16 2.0979e-18 BessellI
53677.3 6.98397e-16 2.04253e-18 BessellI
53678.3 6.48036e-16 1.98348e-18 BessellI
53679.3 6.01098e-16 1.92162e-18 BessellI
53680.3 5.57385e-16 1.8577e-18 BessellI
53681.3 5.16706e-16 1.79241e-18 BessellI
53682.3 4.78872e-16 1.7263e-18 BessellI
53683.3 4.43703e-16 1.65991e-18 BessellI
53684.3 4.11029e-16 1.59365e-18 BessellI
53685.3 3.80683e-16 1.5279e-18 BessellI
53686.3 3.52511e-16 1.46296e-18 BessellI
53687.3 3.26365e-16 1.3991e-18 BessellI
53688.3 3.02107e-16 1.33653e-18 BessellI
53689.3 2.79606e-16 1.27542e-18 BessellI
53690.3 2.58741e-16 1.21591e-18 BessellI
53691.3 2.39395e-16 1.15812e-18 BessellI
53692.3 2.21463e-16 1.10211e-18 BessellI
53693.3 2.04844e-16 1.04795e-18 BessellI
53694.3 1.89445e-16 9.95676e-19 BessellI
53695.3 1.75178e-16 9.45313e-19 BessellI
53696.3 1.61963e-16 8.96867e-19 BessellI
53697.3 1.49723e-16 8.50331e-19 BessellI
53698.3 1.38389e-16 8.05691e-19 BessellI
53699.3 1.27894e-16 7.62923e-19 BessellI
53700.3 1.18179e-16 7.21997e-19 BessellI
53701.3 1.09186e-16 6.82875e-19 BessellI
53702.3 1.00864e-16 6.45516e-19 BessellI
53703.3 9.31621e-17 6.09874e-19 BessellI
53704.3 8.60364e-17 5.75901e-19 BessellI
53705.3 7.94445e-17 5.43547e-19 BessellI
53706.3 7.33471e-17 5.1276e-19 BessellI
53707.3 6.77081e-17 4.83486e-19 BessellI
53708.3 6.24937e-17 4.55671e-19 BessellI
53709.3 5.76725e-17 4.29262e-19 BessellI
53710.3 5.32157e-17 4.04204e-19 BessellI
53711.3 4.90963e-17 3.80443e-19 BessellI
53712.3 4.52893e-17 3.57928e-19 BessellI
53713.3 4.17715e-17 3.36605e-19 BessellI
53714.3 3.85214e-17 3.16423e-19 BessellI
53715.3 3.55192e-17 2.97332e-19 BessellI
53716.3 3.27462e-17 2.79283e-19 BessellI
53717.3 3.01855e-17 2.62228e-19 BessellI
53718.3 2.78211e-17 2.46121e-19 BessellI
53719.3 2.56382e-17 2.30918e-19 BessellI
53720.3 2.36233e-17 2.16574e-19 BessellI
53721.3 2.17637e-17 2.03048e-19 BessellI
53722.3 2.00477e-17 1.90298e-19 BessellI
53723.3 1.84645e-17 1.78287e-19 BessellI
53724.3 1.70039e-17 1.66977e-19 BessellI
53725.3 1.56567e-17 1.56331e-19 BessellI
53726.3 1.44143e-17 1.46314e-19 BessellI
53525.1 4.86917e-24 4.05886e-24 BessellR
53526.1 1.07283e-23 8.5697e-24 BessellR
53527.1 2.36322e-23 1.80598e-23 BessellR
53528.1 5.20438e-23 3.79823e-23 BessellR
53529.1 1.14583e-22 7.97069e-23 BessellR
53530.1 2.52207e-22 1.66869e-22 BessellR
53531.1 5.5497e-22 3.48439e-22 BessellR
53532.1 1.22084e-21 7.25507e-22 BessellR
53533.1 2.68488e-21 1.50591e-21 BessellR
53534.1 5.903e-21 3.11497e-21 BessellR
53535.1 1.2975e-20 6.4186e-21 BessellR
53536.1 2.85131e-20 1.31692e-20 BessellR
53537.1 6.26468e-20 2.6889e-20 BessellR
53538.1 1.37625e-19 5.45997e-20 BessellR
53539.1 3.02325e-19 1.10164e-19 BessellR
53540.1 6.64159e-19 2.20627e-19 BessellR
53541.1 1.45931e-18 4.37956e-19 BessellR
53542.1 3.20743e-18 8.60038e-19 BessellR
53543.1 7.05282e-18 1.66621e-18 BessellR
53544.1 1.55161e-17 3.17159e-18 BessellR
53545.1 3.41446e-17 5.8926e-18 BessellR
53546.1 7.50861e-17 1.0566e-17 BessellR
53547.1 1.64527e-16 1.7908e-17 BessellR
53548.1 3.56503e-16 2.75544e-17 BessellR
53549.1 7.50194e-16 3.57436e-17 BessellR
53550.1 1.47584e-15 3.78794e-17 BessellR
53551.1 2.55156e-15 5.18259e-17 BessellR
53552.1 3.6597e-15 6.94307e-17 BessellR
53553.1 4.35435e-15 5.67964e-17 BessellR
53554.1 4.55457e-15 3.87918e-17 BessellR
53555.1 4.46202e-15 3.58387e-17 BessellR
53556.1 4.2618e-15 3.60423e-17 BessellR
53557.1 4.04819e-15 3.39355e-17 BessellR
53558.1 3.858e-15 3.05865e-17 BessellR
53559.1 3.70233e-15 2.72801e-17 BessellR
53560.1 3.58229e-15 2.46436e-17 BessellR
53561.1 3.49545e-15 2.28387e-17 BessellR
53562.1 3.43827e-15 2.17751e-17 BessellR
53563.1 3.40705e-15 2.1258e-17 BessellR
53564.1 3.39825e-15 2.10849e-17 BessellR
53565.1 3.4086e-15 2.10933e-17 BessellR
53566.1 3.43511e-15 2.11724e-17 BessellR
53567.1 3.47508e-15 2.12556e-17 BessellR
53568.1 3.52608e-15 2.13093e-17 BessellR
53569.1 3.58593e-15 2.13208e-17 BessellR
53570.1 3.65267e-15 2.1291e-17 BessellR
53571.1 3.72457e-15 2.1228e-17 BessellR
53572.1 3.80008e-15 2.11436e-17 BessellR
53573.1 3.87783e-15 2.10504e-17 BessellR
53574.1 3.95661e-15 2.09607e-17 BessellR
53575.1 4.03537e-15 2.08851e-17 BessellR
53576.1 4.11317e-15 2.08319e-17 BessellR
53577.1 4.18921e-15 2.08067e-17 BessellR
53578.1 4.26281e-15 2.08129e-17 BessellR
53579.1 4.33337e-15 2.08513e-17 BessellR
53580.1 4.4004e-15 2.09207e-17 BessellR
53581.1 4.46347e-15 2.10184e-17 BessellR
53582.1 4.52226e-15 2.11403e-17 BessellR
53583.1 4.57649e-15 2.12815e-17 BessellR
53584.1 4.62593e-15 2.14367e-17 BessellR
53585.1 4.67045e-15 2.16005e-17 BessellR
53586.1 4.70992e-15 2.17676e-17 BessellR
53587.1 4.74428e-15 2.1933e-17 BessellR
53588.1 4.7735e-15 2.20924e-17 BessellR
53589.1 4.79759e-15 2.22417e-17 BessellR
53590.1 4.81658e-15 2.23776e-17 BessellR
53591.1 4.83053e-15 2.24972e-17 BessellR
53592.1 4.83953e-15 2.25985e-17 BessellR
53593.1 4.84368e-15 2.26797e-17 BessellR
53594.1 4.84311e-15 2.27396e-17 BessellR
53595.1 4.83794e-15 2.27775e-17 BessellR
53596.1 4.82833e-15 2.2793e-17 BessellR
53597.1 4.81442e-15 2.2786e-17 BessellR
53598.1 4.7964e-15 2.2757e-17 BessellR
53599.1 4.77442e-15 2.27063e-17 BessellR
53600.1 4.74866e-15 2.26349e-17 BessellR
53601.1 4.7193e-15 2.25434e-17 BessellR
53602.1 4.68652e-15 2.24331e-17 BessellR
53603.1 4.65051e-15 2.23051e-17 BessellR
53604.1 4.61145e-15 2.21605e-17 BessellR
53605.1 4.56952e-15 2.20006e-17 BessellR
53606.1 4.52489e-15 2.18269e-17 BessellR
53607.1 4.47775e-15 2.16404e-17 BessellR
53608.1 4.42827e-15 2.14427e-17 BessellR
53609.1 4.37662e-15 2.12349e-17 BessellR
53610.1 4.32298e-15 2.10183e-17 BessellR
53611.1 4.26749e-15 2.07941e-17 BessellR
53612.1 4.21033e-15 2.05635e-17 BessellR
53613.1 4.15165e-15 2.03275e-17 BessellR
53614.1 4.0916e-15 2.00873e-17 BessellR
53615.1 4.03032e-15 1.98437e-17 BessellR
53616.1 3.96795e-15 1.95978e-17 BessellR
53617.1 3.90462e-15 1.93502e-17 BessellR
53618.1 3.84047e-15 1.91019e-17 BessellR
53619.1 3.77562e-15 1.88534e-17 BessellR
53620.1 3.71019e-15 1.86054e-17 BessellR
53621.1 3.64428e-15 1.83584e-17 BessellR
53622.1 3.57801e-15 1.8113e-17 BessellR
53623.1 3.51148e-15 1.78695e-17 BessellR
53624.1 3.44479e-15 1.76282e-17 BessellR
53625.1 3.37802e-15 1.73896e-17 BessellR
53626.1 3.31127e-15 1.71538e-17 BessellR
53627.1 3.24462e-15 1.69209e-17 BessellR
53628.1 3.17814e-15 1.66913e-17 BessellR
53629.1 3.11191e-15 1.64648e-17 BessellR
53630.1 3.046e-15 1.62417e-17 BessellR
53631.1 2.98047e-15 1.60219e-17 BessellR
53632.1 2.91538e-15 1.58054e-17 BessellR
53633.1 2.85078e-15 1.55922e-17 BessellR
53634.1 2.78673e-15 1.53822e-17 BessellR
53635.1 2.72328e-15 1.51754e-17 BessellR
53636.1 2.66047e-15 1.49715e-17 BessellR
53637.1 2.59834e-15 1.47706e-17 BessellR
53638.1 2.53692e-15 1.45724e-17 BessellR
53639.1 2.47626e-15 1.4377e-17 BessellR
53640.1 2.41638e-15 1.4184e-17 BessellR
53641.1 2.35731e-15 1.39934e-17 BessellR
53642.1 2.29908e-15 1.38051e-17 BessellR
53643.1 2.24171e-15 1.36189e-17 BessellR
53644.1 2.18522e-15 1.34346e-17 BessellR
53645.1 2.12962e-15 1.32522e-17 BessellR
53646.1 2.07493e-15 1.30715e-17 BessellR
53647.1 2.02117e-15 1.28923e-17 BessellR
53648.1 1.96834e-15 1.27147e-17 BessellR
53649.1 1.91646e-15 1.25384e-17 BessellR
53650.1 1.86553e-15 1.23633e-17 BessellR
53651.1 1.81555e-15 1.21895e-17 BessellR
53652.1 1.76654e-15 1.20167e-17 BessellR
53653.1 1.71848e-15 1.1845e-17 BessellR
53654.1 1.67139e-15 1.16742e-17 BessellR
53655.1 1.62526e-15 1.15044e-17 BessellR
53656.1 1.58009e-15 1.13354e-17 BessellR
53657.1 1.53588e-15 1.11672e-17 BessellR
53658.1 1.49262e-15 1.09998e-17 BessellR
53659.1 1.4503e-15 1.08332e-17 BessellR
53660.1 1.40893e-15 1.06674e-17 BessellR
53661.1 1.36849e-15 1.05023e-17 BessellR
53662.1 1.32897e-15 1.03379e-17 BessellR
53663.1 1.29037e-15 1.01743e-17 BessellR
53664.1 1.25268e-15 1.00115e-17 BessellR
53665.1 1.21588e-15 9.84937e-18 BessellR
53666.1 1.17997e-15 9.68807e-18 BessellR
53667.1 1.14494e-15 9.52758e-18 BessellR
53668.1 1.11077e-15 9.36793e-18 BessellR
53669.1 1.07745e-15 9.20913e-18 BessellR
53670.1 1.04497e-15 9.05123e-18 BessellR
53671.1 1.01331e-15 8.89425e-18 BessellR
53672.1 9.82468e-16 8.73823e-18 BessellR
53673.1 9.52425e-16 8.58321e-18 BessellR
53674.1 9.23167e-16 8.42922e-18 BessellR
53675.1 8.94681e-16 8.27631e-18 BessellR
53676.1 8.66954e-16 8.1245e-18 BessellR
53677.1 8.39971e-16 7.97385e-18 BessellR
53678.1 8.13718e-16 7.82438e-18 BessellR
53679.1 7.88181e-16 7.67615e-18 BessellR
53680.1 7.63346e-16 7.52919e-18 BessellR
53681.1 7.39198e-16 7.38353e-18 BessellR
53682.1 7.15724e-16 7.23922e-18 BessellR
53683.1 6.92908e-16 7.09629e-18 BessellR
53684.1 6.70738e-16 6.95478e-18 BessellR
53685.1 6.49199e-16 6.81472e-18 BessellR
53686.1 6.28276e-16 6.67614e-18 BessellR
53687.1 6.07956e-16 6.53908e-18 BessellR
53688.1 5.88226e-16 6.40357e-18 BessellR
53689.1 5.69071e-16 6.26964e-18 BessellR
53690.1 5.50479e-16 6.13731e-18 BessellR
53691.1 5.32434e-16 6.0066e-18 BessellR
53692.1 5.14926e-16 5.87755e-18 BessellR
53693.1 4.97939e-16 5.75018e-18 BessellR
53694.1 4.81462e-16 5.6245e-18 BessellR
53695.1 4.65482e-16 5.50053e-18 BessellR
53696.1 4.49986e-16 5.3783e-18 BessellR
53697.1 4.34961e-16 5.25781e-18 BessellR
53698.1 4.20396e-16 5.13907e-18 BessellR
53699.1 4.06279e-16 5.02211e-18 BessellR
53700.1 3.92598e-16 4.90693e-18 BessellR
53701.1 3.7934e-16 4.79354e-18 BessellR
53702.1 3.66496e-16 4.68194e-18 BessellR
53703.1 3.54054e-16 4.57215e-18 BessellR
53704.1 3.42003e-16 4.46415e-18 BessellR
53705.1 3.30331e-16 4.35796e-18 BessellR
53706.1 3.1903e-16 4.25358e-18 BessellR
53707.1 3.08088e-16 4.151e-18 BessellR
53708.1 2.97495e-16 4.05023e-18 BessellR
53709.1 2.87241e-16 3.95125e-18 BessellR
53710.1 2.77317e-16 3.85406e-18 BessellR
53711.1 2.67714e-16 3.75866e-18 BessellR
53712.1 2.58422e-16 3.66504e-18 BessellR
53713.1 2.49432e-16 3.57319e-18 BessellR
53714.1 2.40735e-16 3.4831e-18 BessellR
53715.1 2.32322e-16 3.39475e-18 BessellR
53716.1 2.24186e-16 3.30815e-18 BessellR
53717.1 2.16318e-16 3.22327e-18 BessellR
53718.1 2.0871e-16 3.14009e-18 BessellR
53719.1 2.01355e-16 3.05862e-18 BessellR
53720.1 1.94244e-16 2.97882e-18 BessellR
53721.1 1.8737e-16 2.90069e-18 BessellR
53722.1 1.80726e-16 2.8242e-18 BessellR
53723.1 1.74305e-16 2.74934e-18 BessellR
53724.1 1.681e-16 2.6761e-18 BessellR
53725.1 1.62105e-16 2.60444e-18 BessellR
53726.1 1.56312e-16 2.53436e-18 BessellR
53727.1 1.50716e-16 2.46583e-18 BessellR
53728.1 1.45311e-16 2.39884e-18 BessellR
53729.1 1.4009e-16 2.33336e-18 BessellR
53730.1 1.35047e-16 2.26937e-18 BessellR
53731.1 1.30177e-16 2.20685e-18 BessellR
53732.1 1.25475e-16 2.14577e-18 BessellR
53733.1 1.20935e-16 2.08613e-18 BessellR
53734.1 1.16551e-16 2.02789e-18 BessellR
53735.1 1.1232e-16 1.97103e-18 BessellR
53736.1 1.08235e-16 1.91553e-18 BessellR
53737.1 1.04292e-16 1.86137e-18 BessellR
53738.1 1.00487e-16 1.80853e-18 BessellR
53739.1 9.68151e-17 1.75698e-18 BessellR
53740.1 9.32716e-17 1.7067e-18 BessellR
53741.1 8.98524e-17 1.65766e-18 BessellR
53742.1 8.65535e-17 1.60985e-18 BessellR
53743.1 8.33709e-17 1.56325e-18 BessellR
53744.1 8.03007e-17 1.51782e-18 BessellR
53745.1 7.73392e-17 1.47355e-18 BessellR
53746.1 7.44827e-17 1.43041e-18 BessellR
53747.1 7.17278e-17 1.38839e-18 BessellR
53748.1 6.90709e-17 1.34745e-18 BessellR
53749.1 6.65089e-17 1.30759e-18 BessellR
53750.1 6.40384e-17 1.26877e-18 BessellR
53751.1 6.16564e-17 1.23098e-18 BessellR
53752.1 5.93599e-17 1.19419e-18 BessellR
53753.1 5.7146e-17 1.15838e-18 BessellR
53754.1 5.50118e-17 1.12353e-18 BessellR
53755.1 5.29545e-17 1.08962e-18 BessellR
53756.1 5.09717e-17 1.05663e-18 BessellR
53757.1 4.90606e-17 1.02454e-18 BessellR
53758.1 4.72188e-17 9.93332e-19 BessellR
53759.1 4.5444e-17 9.6298e-19 BessellR
53760.1 4.37337e-17 9.33467e-19 BessellR
53761.1 4.20857e-17 9.04774e-19 BessellR
53762.1 4.0498e-17 8.76882e-19 BessellR
53763.1 3.89683e-17 8.49773e-19 BessellR
53764.1 3.74946e-17 8.23426e-19 BessellR
53765.1 3.60749e-17 7.97825e-19 BessellR
53766.1 3.47075e-17 7.72951e-19 BessellR
53767.1 3.33903e-17 7.48787e-19 BessellR
53768.1 3.21217e-17 7.25315e-19 BessellR
53769.1 3.08999e-17 7.02519e-19 BessellR
53770.1 2.97233e-17 6.80381e-19 BessellR
53771.1 2.85902e-17 6.58885e-19 BessellR
53772.1 2.74991e-17 6.38014e-19 BessellR
53773.1 2.64485e-17 6.17754e-19 BessellR
53774.1 2.5437e-17 5.98088e-19 BessellR
53775.1 2.44631e-17 5.79001e-19 BessellR
53776.1 2.35255e-17 5.60478e-19 BessellR
53777.1 2.26229e-17 5.42504e-19 BessellR
53778.1 2.17541e-17 5.25066e-19 BessellR
53779.1 2.09178e-17 5.08148e-19 BessellR
53780.1 2.01128e-17 4.91738e-19 BessellR
53781.1 1.9338e-17 4.7582e-19 BessellR
53782.1 1.85923e-17 4.60384e-19 BessellR
53783.1 1.78747e-17 4.45414e-19 BessellR
53784.1 1.71841e-17 4.30899e-19 BessellR
53785.1 1.65195e-17 4.16827e-19 BessellR
53786.1 1.58801e-17 4.03184e-19 BessellR
53787.1 1.52648e-17 3.8996e-19 BessellR
53788.1 1.46728e-17 3.77143e-19 BessellR
53789.1 1.41032e-17 3.64721e-19 BessellR
53790.1 1.35553e-17 3.52683e-19 BessellR
53791.1 1.30281e-17 3.41019e-19 BessellR
53792.1 1.2521e-17 3.29718e-19 BessellR
53793.1 1.20332e-17 3.18769e-19 BessellR
53794.1 1.1564e-17 3.08163e-19 BessellR
53795.1 1.11127e-17 2.9789e-19 BessellR
53796.1 1.06786e-17 2.8794e-19 BessellR
53797.1 1.02612e-17 2.78305e-19 BessellR
53798.1 9.85969e-18 2.68974e-19 BessellR
53799.1 9.47358e-18 2.59939e-19 BessellR
53800.1 9.10228e-18 2.51191e-19 BessellR
53801.1 8.74525e-18 2.42722e-19 BessellR
53802.1 8.40193e-18 2.34525e-19 BessellR
53803.1 8.07183e-18 2.26589e-19 BessellR
53804.1 7.75444e-18 2.18909e-19 BessellR
53805.1 7.44928e-18 2.11476e-19 BessellR
53806.1 7.1559e-18 2.04283e-19 BessellR
53807.1 6.87386e-18 1.97322e-19 BessellR
53808.1 6.60272e-18 1.90588e-19 BessellR
53809.1 6.34208e-18 1.84072e-19 BessellR
53810.1 6.09153e-18 1.77769e-19 BessellR
53811.1 5.8507e-18 1.71671e-19 BessellR
53812.1 5.61922e-18 1.65773e-19 BessellR
53813.1 5.39673e-18 1.60069e-19 BessellR
53814.1 5.18289e-18 1.54551e-19 BessellR
53815.1 4.97738e-18 1.49216e-19 BessellR
53816.1 4.77987e-18 1.44057e-19 BessellR
53817.1 4.59006e-18 1.39068e-19 BessellR
53818.1 4.40766e-18 1.34245e-19 BessellR
53819.1 4.23239e-18 1.29582e-19 BessellR
53820.1 4.06396e-18 1.25074e-19 BessellR
53821.1 3.90213e-18 1.20717e-19 BessellR
53822.1 3.74663e-18 1.16505e-19 BessellR
53823.1 3.59723e-18 1.12434e-19 BessellR
53824.1 3.45369e-18 1.085e-19 BessellR
53825.1 3.31578e-18 1.04698e-19 BessellR
53826.1 3.18329e-18 1.01024e-19 BessellR
53827.1 3.05601e-18 9.74738e-20 BessellR
53828.1 2.93374e-18 9.40437e-20 BessellR
53829.1 2.81629e-18 9.07298e-20 BessellR
53830.1 2.70346e-18 8.75282e-20 BessellR
53831.1 2.59509e-18 8.44355e-20 BessellR
53832.1 2.49099e-18 8.1448e-20 BessellR
53833.1 2.39101e-18 7.85624e-20 BessellR
53834.1 2.29498e-18 7.57754e-20 BessellR
53835.1 2.20274e-18 7.30837e-20 BessellR
53836.1 2.11417e-18 7.04843e-20 BessellR
53837.1 2.0291e-18 6.79741e-20 BessellR
53838.1 1.9474e-18 6.55503e-20 BessellR
53839.1 1.86895e-18 6.32099e-20 BessellR
53840.1 1.79361e-18 6.09503e-20 BessellR
53841.1 1.72126e-18 5.87688e-20 BessellR
53842.1 1.6518e-18 5.66627e-20 BessellR
53843.1 1.5851e-18 5.46297e-20 BessellR
53844.1 1.52105e-18 5.26673e-20 BessellR
53845.1 1.45956e-18 5.07731e-20 BessellR
53846.1 1.40052e-18 4.89449e-20 BessellR
53847.1 1.34383e-18 4.71804e-20 BessellR
53848.1 1.28941e-18 4.54776e-20 BessellR
53849.1 1.23716e-18 4.38343e-20 BessellR
53850.1 1.18701e-18 4.22486e-20 BessellR
53851.1 1.13886e-18 4.07186e-20 BessellR
53852.1 1.09263e-18 3.92423e-20 BessellR
53853.1 1.04826e-18 3.78179e-20 BessellR
53854.1 1.00567e-18 3.64438e-20 BessellR
53855.1 9.6479e-19 3.51181e-20 BessellR
53856.1 9.25548e-19 3.38392e-20 BessellR
53857.1 8.87883e-19 3.26056e-20 BessellR
53858.1 8.51732e-19 3.14157e-20 BessellR
53859.1 8.17034e-19 3.0268e-20 BessellR
53860.1 7.83733e-19 2.91611e-20 BessellR
53861.1 7.51773e-19 2.80935e-20 BessellR
53862.1 7.21101e-19 2.7064e-20 BessellR
53863.1 6.91665e-19 2.60712e-20 BessellR
53864.1 6.63417e-19 2.51138e-20 BessellR
53865.1 6.36309e-19 2.41907e-20 BessellR
53866.1 6.10295e-19 2.33006e-20 BessellR
53867.1 5.85333e-19 2.24424e-20 BessellR
53868.1 5.61381e-19 2.1615e-20 BessellR
53869.1 5.38397e-19 2.08173e-20 BessellR
53870.1 5.16344e-19 2.00483e-20 BessellR
53871.1 4.95184e-19 1.9307e-20 BessellR
53872.1 4.74881e-19 1.85925e-20 BessellR
53873.1 4.55402e-19 1.79037e-20 BessellR
53874.1 4.36713e-19 1.72399e-20 BessellR
53875.1 4.18783e-19 1.66e-20 BessellR
53876.1 4.01581e-19 1.59834e-20 BessellR
53877.1 3.85078e-19 1.53891e-20 BessellR
53878.1 3.69246e-19 1.48163e-20 BessellR
53879.1 3.54058e-19 1.42644e-20 BessellR
53880.1 3.39488e-19 1.37326e-20 BessellR
53881.1 3.25511e-19 1.32201e-20 BessellR
53882.1 3.12104e-19 1.27264e-20 BessellR
53883.1 2.99244e-19 1.22507e-20 BessellR
53884.1 2.86908e-19 1.17923e-20 BessellR
53885.1 2.75076e-19 1.13507e-20 BessellR
53886.1 2.63726e-19 1.09253e-20 BessellR
53887.1 2.5284e-19 1.05155e-20 BessellR
53888.1 2.42399e-19 1.01207e-20 BessellR
53889.1 2.32385e-19 9.74045e-21 BessellR
53890.1 2.22781e-19 9.37417e-21 BessellR
53891.1 2.1357e-19 9.02137e-21 BessellR
53468.1 1.36658e-45 1.46038e-44 BessellV
53469.1 3.12537e-45 3.27581e-44 BessellV
53470.1 7.15119e-45 7.34709e-44 BessellV
53471.1 1.63708e-44 1.64762e-43 BessellV
53472.1 3.74962e-44 3.69439e-43 BessellV
53473.1 8.59277e-44 8.28276e-43 BessellV
53474.1 1.97023e-43 1.85675e-42 BessellV
53475.1 4.52005e-43 4.16177e-42 BessellV
53476.1 1.03758e-42 9.32718e-42 BessellV
53477.1 2.38318e-42 2.09012e-41 BessellV
53478.1 5.47718e-42 4.68322e-41 BessellV
53479.1 1.25959e-41 1.04922e-40 BessellV
53480.1 2.89853e-41 2.35042e-40 BessellV
53481.1 6.67439e-41 5.26476e-40 BessellV
53482.1 1.53793e-40 1.17915e-39 BessellV
53483.1 3.54616e-40 2.6407e-39 BessellV
53484.1 8.18244e-40 5.91332e-39 BessellV
53485.1 1.88937e-39 1.32406e-38 BessellV
53486.1 4.36582e-39 2.96453e-38 BessellV
53487.1 1.00957e-38 6.63704e-38 BessellV
53488.1 2.33631e-38 1.48583e-37 BessellV
53489.1 5.41075e-38 3.32617e-37 BessellV
53490.1 1.25406e-37 7.44567e-37 BessellV
53491.1 2.90885e-37 1.66668e-36 BessellV
53492.1 6.75257e-37 3.73077e-36 BessellV
53493.1 1.56879e-36 8.35112e-36 BessellV
53494.1 3.64766e-36 1.86938e-35 BessellV
53495.1 8.48829e-36 4.18472e-35 BessellV
53496.1 1.9769e-35 9.36819e-35 BessellV
53497.1 4.60802e-35 2.09737e-34 BessellV
53498.1 1.075e-34 4.69603e-34 BessellV
53499.1 2.50999e-34 1.05156e-33 BessellV
53500.1 5.86551e-34 2.35501e-33 BessellV
53501.1 1.37187e-33 5.27493e-33 BessellV
53502.1 3.21141e-33 1.18173e-32 BessellV
53503.1 7.52413e-33 2.6479e-32 BessellV
53504.1 1.76439e-32 5.93451e-32 BessellV
53505.1 4.14111e-32 1.33038e-31 BessellV
53506.1 9.72792e-32 2.98324e-31 BessellV
53507.1 2.28722e-31 6.69162e-31 BessellV
53508.1 5.38248e-31 1.50147e-30 BessellV
53509.1 1.26778e-30 3.37023e-30 BessellV
53510.1 2.9888e-30 7.56779e-30 BessellV
53511.1 7.0525e-30 1.70003e-29 BessellV
53512.1 1.66565e-29 3.82062e-29 BessellV
53513.1 3.93751e-29 8.59036e-29 BessellV
53514.1 9.3167e-29 1.9324e-28 BessellV
53515.1 2.20652e-28 4.34912e-28 BessellV
53516.1 5.23073e-28 9.79332e-28 BessellV
53517.1 1.24117e-27 2.20643e-27 BessellV
53518.1 2.94798e-27 4.97375e-27 BessellV
53519.1 7.00881e-27 1.1218e-26 BessellV
53520.1 1.66802e-26 2.53153e-26 BessellV
53521.1 3.97376e-26 5.7159e-26 BessellV
53522.1 9.47677e-26 1.29126e-25 BessellV
53523.1 2.26249e-25 2.91852e-25 BessellV
53524.1 5.40751e-25 6.59961e-25 BessellV
53525.1 1.29392e-24 1.49301e-24 BessellV
53526.1 3.09978e-24 3.3789e-24 BessellV
53527.1 7.43519e-24 7.64943e-24 BessellV
53528.1 1.78572e-23 1.73217e-23 BessellV
53529.1 4.29455e-23 3.923e-23 BessellV
53530.1 1.03427e-22 8.88513e-23 BessellV
53531.1 2.49457e-22 2.01218e-22 BessellV
53532.1 6.02608e-22 4.55573e-22 BessellV
53533.1 1.45811e-21 1.03097e-21 BessellV
53534.1 3.53427e-21 2.33146e-21 BessellV
53535.1 8.58245e-21 5.26705e-21 BessellV
53536.1 2.0882e-20 1.18824e-20 BessellV
53537.1 5.09135e-20 2.67567e-20 BessellV
53538.1 1.24408e-19 6.01024e-20 BessellV
53539.1 3.04703e-19 1.34569e-19 BessellV
53540.1 7.48115e-19 3.00021e-19 BessellV
53541.1 1.8415e-18 6.65122e-19 BessellV
53542.1 4.54474e-18 1.46331e-18 BessellV
53543.1 1.12442e-17 3.18536e-18 BessellV
53544.1 2.78735e-17 6.8273e-18 BessellV
53545.1 6.91148e-17 1.42826e-17 BessellV
53546.1 1.70639e-16 2.86668e-17 BessellV
53547.1 4.14554e-16 5.32463e-17 BessellV
53548.1 9.63412e-16 8.4781e-17 BessellV
53549.1 2.02226e-15 1.00067e-16 BessellV
53550.1 3.53675e-15 7.38902e-17 BessellV
53551.1 4.92788e-15 4.2094e-17 BessellV
53552.1 5.70683e-15 2.77404e-17 BessellV
53553.1 5.95504e-15 1.999e-17 BessellV
53554.1 5.93547e-15 2.01137e-17 BessellV
53555.1 5.81606e-15 2.05928e-17 BessellV
53556.1 5.6709e-15 1.93727e-17 BessellV
53557.1 5.52805e-15 1.73112e-17 BessellV
53558.1 5.39701e-15 1.52173e-17 BessellV
53559.1 5.28033e-15 1.35227e-17 BessellV
53560.1 5.17803e-15 1.23924e-17 BessellV
53561.1 5.08931e-15 1.18184e-17 BessellV
53562.1 5.01306e-15 1.16891e-17 BessellV
53563.1 4.94818e-15 1.18558e-17 BessellV
53564.1 4.89357e-15 1.2184e-17 BessellV
53565.1 4.84819e-15 1.25749e-17 BessellV
53566.1 4.81109e-15 1.29649e-17 BessellV
53567.1 4.78138e-15 1.33175e-17 BessellV
53568.1 4.75821e-15 1.36143e-17 BessellV
53569.1 4.74083e-15 1.38482e-17 BessellV
53570.1 4.72851e-15 1.40193e-17 BessellV
53571.1 4.72059e-15 1.41318e-17 BessellV
53572.1 4.71648e-15 1.41922e-17 BessellV
53573.1 4.71561e-15 1.4208e-17 BessellV
53574.1 4.71747e-15 1.4187e-17 BessellV
53575.1 4.72157e-15 1.4137e-17 BessellV
53576.1 4.72749e-15 1.40652e-17 BessellV
53577.1 4.73483e-15 1.39782e-17 BessellV
53578.1 4.74323e-15 1.38819e-17 BessellV
53579.1 4.75235e-15 1.37811e-17 BessellV
53580.1 4.7619e-15 1.368e-17 BessellV
53581.1 4.7716e-15 1.35819e-17 BessellV
53582.1 4.78121e-15 1.34891e-17 BessellV
53583.1 4.7905e-15 1.34034e-17 BessellV
53584.1 4.79929e-15 1.33258e-17 BessellV
53585.1 4.80738e-15 1.32567e-17 BessellV
53586.1 4.81463e-15 1.31961e-17 BessellV
53587.1 4.82089e-15 1.31436e-17 BessellV
53588.1 4.82605e-15 1.30983e-17 BessellV
53589.1 4.82999e-15 1.30595e-17 BessellV
53590.1 4.83262e-15 1.30261e-17 BessellV
53591.1 4.83388e-15 1.2997e-17 BessellV
53592.1 4.83368e-15 1.29712e-17 BessellV
53593.1 4.83199e-15 1.29476e-17 BessellV
53594.1 4.82875e-15 1.29254e-17 BessellV
53595.1 4.82393e-15 1.29038e-17 BessellV
53596.1 4.81752e-15 1.28822e-17 BessellV
53597.1 4.80948e-15 1.28602e-17 BessellV
53598.1 4.79982e-15 1.28375e-17 BessellV
53599.1 4.78853e-15 1.28141e-17 BessellV
53600.1 4.77563e-15 1.27899e-17 BessellV
53601.1 4.76111e-15 1.27652e-17 BessellV
53602.1 4.74499e-15 1.27402e-17 BessellV
53603.1 4.7273e-15 1.27155e-17 BessellV
53604.1 4.70806e-15 1.26917e-17 BessellV
53605.1 4.6873e-15 1.26693e-17 BessellV
53606.1 4.66505e-15 1.2649e-17 BessellV
53607.1 4.64135e-15 1.26317e-17 BessellV
53608.1 4.61623e-15 1.26182e-17 BessellV
53609.1 4.58973e-15 1.26092e-17 BessellV
53610.1 4.56189e-15 1.26055e-17 BessellV
53611.1 4.53276e-15 1.26078e-17 BessellV
53612.1 4.50238e-15 1.2617e-17 BessellV
53613.1 4.47079e-15 1.26337e-17 BessellV
53614.1 4.43805e-15 1.26584e-17 BessellV
53615.1 4.4042e-15 1.26917e-17 BessellV
53616.1 4.36929e-15 1.2734e-17 BessellV
53617.1 4.33337e-15 1.27856e-17 BessellV
53618.1 4.29648e-15 1.28467e-17 BessellV
53619.1 4.25868e-15 1.29173e-17 BessellV
53620.1 4.22001e-15 1.29976e-17 BessellV
53621.1 4.18052e-15 1.30873e-17 BessellV
53622.1 4.14025e-15 1.31863e-17 BessellV
53623.1 4.09927e-15 1.32942e-17 BessellV
53624.1 4.0576e-15 1.34107e-17 BessellV
53625.1 4.01531e-15 1.35353e-17 BessellV
53626.1 3.97243e-15 1.36674e-17 BessellV
53627.1 3.92901e-15 1.38066e-17 BessellV
53628.1 3.88509e-15 1.39521e-17 BessellV
53629.1 3.84072e-15 1.41033e-17 BessellV
53630.1 3.79594e-15 1.42595e-17 BessellV
53631.1 3.75079e-15 1.442e-17 BessellV
53632.1 3.70531e-15 1.4584e-17 BessellV
53633.1 3.65953e-15 1.4751e-17 BessellV
53634.1 3.61351e-15 1.492e-17 BessellV
53635.1 3.56728e-15 1.50906e-17 BessellV
53636.1 3.52086e-15 1.52619e-17 BessellV
53637.1 3.4743e-15 1.54333e-17 BessellV
53638.1 3.42763e-15 1.56042e-17 BessellV
53639.1 3.38089e-15 1.5774e-17 BessellV
53640.1 3.3341e-15 1.59421e-17 BessellV
53641.1 3.2873e-15 1.61079e-17 BessellV
53642.1 3.24051e-15 1.6271e-17 BessellV
53643.1 3.19377e-15 1.64308e-17 BessellV
53644.1 3.1471e-15 1.65869e-17 BessellV
53645.1 3.10053e-15 1.67389e-17 BessellV
53646.1 3.05408e-15 1.68864e-17 BessellV
53647.1 3.00777e-15 1.7029e-17 BessellV
53648.1 2.96164e-15 1.71665e-17 BessellV
53649.1 2.9157e-15 1.72984e-17 BessellV
53650.1 2.86998e-15 1.74247e-17 BessellV
53651.1 2.82449e-15 1.75449e-17 BessellV
53652.1 2.77925e-15 1.7659e-17 BessellV
53653.1 2.73429e-15 1.77666e-17 BessellV
53654.1 2.68961e-15 1.78678e-17 BessellV
53655.1 2.64524e-15 1.79622e-17 BessellV
53656.1 2.6012e-15 1.80499e-17 BessellV
53657.1 2.55748e-15 1.81308e-17 BessellV
53658.1 2.51412e-15 1.82046e-17 BessellV
53659.1 2.47112e-15 1.82715e-17 BessellV
53660.1 2.4285e-15 1.83314e-17 BessellV
53661.1 2.38626e-15 1.83842e-17 BessellV
53662.1 2.34442e-15 1.843e-17 BessellV
53663.1 2.30298e-15 1.84687e-17 BessellV
53664.1 2.26197e-15 1.85004e-17 BessellV
53665.1 2.22137e-15 1.85252e-17 BessellV
53666.1 2.18121e-15 1.8543e-17 BessellV
53667.1 2.14149e-15 1.8554e-17 BessellV
53668.1 2.10222e-15 1.85582e-17 BessellV
53669.1 2.0634e-15 1.85557e-17 BessellV
53670.1 2.02504e-15 1.85467e-17 BessellV
53671.1 1.98714e-15 1.85311e-17 BessellV
53672.1 1.94971e-15 1.85092e-17 BessellV
53673.1 1.91274e-15 1.84809e-17 BessellV
53674.1 1.87626e-15 1.84466e-17 BessellV
53675.1 1.84025e-15 1.84062e-17 BessellV
53676.1 1.80472e-15 1.83599e-17 BessellV
53677.1 1.76967e-15 1.83078e-17 BessellV
53678.1 1.7351e-15 1.82501e-17 BessellV
53679.1 1.70102e-15 1.8187e-17 BessellV
53680.1 1.66742e-15 1.81185e-17 BessellV
53681.1 1.63431e-15 1.80449e-17 BessellV
53682.1 1.60168e-15 1.79662e-17 BessellV
53683.1 1.56954e-15 1.78826e-17 BessellV
53684.1 1.53788e-15 1.77944e-17 BessellV
53685.1 1.5067e-15 1.77015e-17 BessellV
53686.1 1.476e-15 1.76043e-17 BessellV
53687.1 1.44579e-15 1.75028e-17 BessellV
53688.1 1.41605e-15 1.73972e-17 BessellV
53689.1 1.38678e-15 1.72876e-17 BessellV
53690.1 1.35799e-15 1.71743e-17 BessellV
53691.1 1.32967e-15 1.70573e-17 BessellV
53692.1 1.30182e-15 1.69369e-17 BessellV
53693.1 1.27443e-15 1.68131e-17 BessellV
53694.1 1.2475e-15 1.66862e-17 BessellV
53695.1 1.22103e-15 1.65562e-17 BessellV
53696.1 1.19502e-15 1.64234e-17 BessellV
53697.1 1.16945e-15 1.62878e-17 BessellV
53698.1 1.14434e-15 1.61496e-17 BessellV
53699.1 1.11966e-15 1.6009e-17 BessellV
53700.1 1.09543e-15 1.58661e-17 BessellV
53701.1 1.07162e-15 1.5721e-17 BessellV
