56485.9 2.13455e-14 2.4818e-15 BessellU
56486.9 2.29002e-14 2.4942e-15 BessellU
56487.9 2.45429e-14 2.49111e-15 BessellU
56488.9 2.62744e-14 2.47053e-15 BessellU
56489.9 2.8095e-14 2.43046e-15 BessellU
56490.9 3.00034e-14 2.36898e-15 BessellU
56491.9 3.19971e-14 2.28437e-15 BessellU
56492.9 3.40714e-14 2.17528e-15 BessellU
56493.9 3.62192e-14 2.04091e-15 BessellU
56494.9 3.84303e-14 1.88137e-15 BessellU
56495.9 4.06906e-14 1.69802e-15 BessellU
56496.9 4.2981e-14 1.49412e-15 BessellU
56497.9 4.52766e-14 1.27569e-15 BessellU
56498.9 4.75455e-14 1.05299e-15 BessellU
56499.9 4.97475e-14 8.43251e-16 BessellU
56500.9 5.18334e-14 6.74579e-16 BessellU
56501.9 5.37442e-14 5.8416e-16 BessellU
56502.9 5.54114e-14 5.88358e-16 BessellU
56503.9 5.67586e-14 6.51811e-16 BessellU
56504.9 5.77048e-14 7.21798e-16 BessellU
56505.9 5.81692e-14 7.63676e-16 BessellU
56506.9 5.80793e-14 7.62833e-16 BessellU
56507.9 5.73796e-14 7.20031e-16 BessellU
56508.9 5.60416e-14 6.48216e-16 BessellU
56509.9 5.40722e-14 5.68508e-16 BessellU
56510.9 5.1518e-14 5.02253e-16 BessellU
56511.9 4.84656e-14 4.59002e-16 BessellU
56512.9 4.50341e-14 4.30645e-16 BessellU
56513.9 4.13635e-14 4.01668e-16 BessellU
56514.9 3.7599e-14 3.63585e-16 BessellU
56515.9 3.38767e-14 3.19802e-16 BessellU
56516.9 3.0311e-14 2.8217e-16 BessellU
56517.9 2.69875e-14 2.62501e-16 BessellU
56518.9 2.39616e-14 2.62428e-16 BessellU
56519.9 2.12604e-14 2.72718e-16 BessellU
56520.9 1.88877e-14 2.82994e-16 BessellU
56521.9 1.68301e-14 2.87977e-16 BessellU
56522.9 1.5063e-14 2.87336e-16 BessellU
56523.9 1.35557e-14 2.8357e-16 BessellU
56524.9 1.22752e-14 2.79976e-16 BessellU
56525.9 1.11887e-14 2.79123e-16 BessellU
56526.9 1.02657e-14 2.82003e-16 BessellU
56527.9 9.47864e-15 2.88037e-16 BessellU
56528.9 8.80347e-15 2.95713e-16 BessellU
56529.9 8.21958e-15 3.03352e-16 BessellU
56530.9 7.70964e-15 3.09605e-16 BessellU
56531.9 7.25932e-15 3.13649e-16 BessellU
56532.9 6.8569e-15 3.15171e-16 BessellU
56533.9 6.49292e-15 3.14275e-16 BessellU
56534.9 6.1598e-15 3.1136e-16 BessellU
56535.9 5.85159e-15 3.07006e-16 BessellU
56536.9 5.56362e-15 3.01877e-16 BessellU
56537.9 5.29228e-15 2.96637e-16 BessellU
56538.9 5.03483e-15 2.91878e-16 BessellU
56539.9 4.7892e-15 2.8807e-16 BessellU
56540.9 4.55386e-15 2.8552e-16 BessellU
56541.9 4.32771e-15 2.84361e-16 BessellU
56542.9 4.10993e-15 2.84561e-16 BessellU
56543.9 3.89999e-15 2.85954e-16 BessellU
56544.9 3.6975e-15 2.88281e-16 BessellU
56545.9 3.50221e-15 2.91234e-16 BessellU
56546.9 3.31398e-15 2.94495e-16 BessellU
56547.9 3.13269e-15 2.97766e-16 BessellU
56548.9 2.95828e-15 3.00785e-16 BessellU
56549.9 2.7907e-15 3.03337e-16 BessellU
56550.9 2.62992e-15 3.05256e-16 BessellU
56551.9 2.47588e-15 3.0642e-16 BessellU
56552.9 2.32853e-15 3.06752e-16 BessellU
56553.9 2.18779e-15 3.06208e-16 BessellU
56554.9 2.05357e-15 3.04777e-16 BessellU
56555.9 1.92578e-15 3.02471e-16 BessellU
56556.9 1.80428e-15 2.99322e-16 BessellU
56557.9 1.68894e-15 2.95375e-16 BessellU
56558.9 1.57961e-15 2.90689e-16 BessellU
56559.9 1.47612e-15 2.85327e-16 BessellU
56560.9 1.37828e-15 2.79358e-16 BessellU
56561.9 1.28592e-15 2.72854e-16 BessellU
56562.9 1.19883e-15 2.65885e-16 BessellU
56563.9 1.11682e-15 2.58523e-16 BessellU
56564.9 1.03968e-15 2.50836e-16 BessellU
56565.9 9.67199e-16 2.42889e-16 BessellU
56566.9 8.99178e-16 2.34744e-16 BessellU
56567.9 8.35406e-16 2.26458e-16 BessellU
56568.9 7.75677e-16 2.18086e-16 BessellU
56569.9 7.19789e-16 2.09675e-16 BessellU
56570.9 6.67543e-16 2.01271e-16 BessellU
56571.9 6.18746e-16 1.92913e-16 BessellU
56572.9 5.73209e-16 1.84637e-16 BessellU
56573.9 5.30749e-16 1.76474e-16 BessellU
56574.9 4.91188e-16 1.68451e-16 BessellU
56575.9 4.54358e-16 1.60592e-16 BessellU
56576.9 4.20094e-16 1.52917e-16 BessellU
56577.9 3.8824e-16 1.45442e-16 BessellU
56578.9 3.58646e-16 1.38182e-16 BessellU
56579.9 3.31169e-16 1.31148e-16 BessellU
56580.9 3.05674e-16 1.24347e-16 BessellU
56581.9 2.82032e-16 1.17786e-16 BessellU
56582.9 2.60121e-16 1.11468e-16 BessellU
56583.9 2.39825e-16 1.05397e-16 BessellU
56584.9 2.21036e-16 9.95729e-17 BessellU
56585.9 2.03649e-16 9.39943e-17 BessellU
56586.9 1.87569e-16 8.86593e-17 BessellU
56587.9 1.72704e-16 8.35649e-17 BessellU
56588.9 1.58968e-16 7.87069e-17 BessellU
56589.9 1.46282e-16 7.40803e-17 BessellU
56590.9 1.3457e-16 6.96796e-17 BessellU
56591.9 1.23762e-16 6.54987e-17 BessellU
56592.9 1.13791e-16 6.15311e-17 BessellU
56593.9 1.04597e-16 5.77699e-17 BessellU
56594.9 9.6122e-17 5.42079e-17 BessellU
56595.9 8.83125e-17 5.08378e-17 BessellU
56596.9 8.11187e-17 4.76524e-17 BessellU
56597.9 7.44942e-17 4.46439e-17 BessellU
56598.9 6.83959e-17 4.18051e-17 BessellU
56599.9 6.27837e-17 3.91285e-17 BessellU
56600.9 5.76204e-17 3.66068e-17 BessellU
56601.9 5.28714e-17 3.42327e-17 BessellU
56602.9 4.85046e-17 3.19991e-17 BessellU
56603.9 4.44904e-17 2.98992e-17 BessellU
56604.9 4.08012e-17 2.79262e-17 BessellU
56605.9 3.74116e-17 2.60737e-17 BessellU
56606.9 3.42979e-17 2.43352e-17 BessellU
56607.9 3.14384e-17 2.27047e-17 BessellU
56608.9 2.88128e-17 2.11762e-17 BessellU
56609.9 2.64026e-17 1.97443e-17 BessellU
56610.9 2.41906e-17 1.84034e-17 BessellU
56611.9 2.21608e-17 1.71484e-17 BessellU
56612.9 2.02986e-17 1.59743e-17 BessellU
56613.9 1.85905e-17 1.48764e-17 BessellU
56614.9 1.7024e-17 1.38502e-17 BessellU
56615.9 1.55877e-17 1.28914e-17 BessellU
56616.9 1.42708e-17 1.19959e-17 BessellU
56617.9 1.30638e-17 1.11599e-17 BessellU
56618.9 1.19575e-17 1.03797e-17 BessellU
56619.9 1.09438e-17 9.65183e-18 BessellU
56620.9 1.0015e-17 8.97305e-18 BessellU
56621.9 9.16417e-18 8.34022e-18 BessellU
56622.9 8.38483e-18 7.75044e-18 BessellU
56623.9 7.67107e-18 7.20094e-18 BessellU
56624.9 7.01746e-18 6.68913e-18 BessellU
56625.9 6.41901e-18 6.21254e-18 BessellU
56626.9 5.87112e-18 5.76889e-18 BessellU
56627.9 5.36958e-18 5.356e-18 BessellU
56628.9 4.91052e-18 4.97183e-18 BessellU
56485.9 1.57647e-15 3.15693e-17 BessellI
56486.9 1.77715e-15 3.33786e-17 BessellI
56487.9 2.00187e-15 3.51023e-17 BessellI
56488.9 2.25318e-15 3.66907e-17 BessellI
56489.9 2.53378e-15 3.80855e-17 BessellI
56490.9 2.84652e-15 3.92194e-17 BessellI
56491.9 3.1943e-15 4.00171e-17 BessellI
56492.9 3.58003e-15 4.03967e-17 BessellI
56493.9 4.00646e-15 4.02735e-17 BessellI
56494.9 4.47602e-15 3.95658e-17 BessellI
56495.9 4.99062e-15 3.82043e-17 BessellI
56496.9 5.55125e-15 3.61455e-17 BessellI
56497.9 6.15769e-15 3.33915e-17 BessellI
56498.9 6.80801e-15 3.00179e-17 BessellI
56499.9 7.49809e-15 2.62125e-17 BessellI
56500.9 8.22118e-15 2.23299e-17 BessellI
56501.9 8.96752e-15 1.89473e-17 BessellI
56502.9 9.72423e-15 1.68133e-17 BessellI
56503.9 1.04755e-14 1.64213e-17 BessellI
56504.9 1.12032e-14 1.74294e-17 BessellI
56505.9 1.18883e-14 1.88996e-17 BessellI
56506.9 1.25119e-14 1.99986e-17 BessellI
56507.9 1.30577e-14 2.02719e-17 BessellI
56508.9 1.35133e-14 1.9618e-17 BessellI
56509.9 1.38712e-14 1.82053e-17 BessellI
56510.9 1.41302e-14 1.63801e-17 BessellI
56511.9 1.42942e-14 1.45587e-17 BessellI
56512.9 1.4372e-14 1.30948e-17 BessellI
56513.9 1.43754e-14 1.21445e-17 BessellI
56514.9 1.43181e-14 1.16185e-17 BessellI
56515.9 1.42143e-14 1.12858e-17 BessellI
56516.9 1.4077e-14 1.09309e-17 BessellI
56517.9 1.39181e-14 1.0435e-17 BessellI
56518.9 1.37475e-14 9.77469e-18 BessellI
56519.9 1.3573e-14 8.99244e-18 BessellI
56520.9 1.34005e-14 8.16626e-18 BessellI
56521.9 1.32345e-14 7.38867e-18 BessellI
56522.9 1.30775e-14 6.75094e-18 BessellI
56523.9 1.29312e-14 6.32668e-18 BessellI
56524.9 1.27964e-14 6.15347e-18 BessellI
56525.9 1.2673e-14 6.22227e-18 BessellI
56526.9 1.25605e-14 6.48695e-18 BessellI
56527.9 1.24581e-14 6.8882e-18 BessellI
56528.9 1.23647e-14 7.37337e-18 BessellI
56529.9 1.2279e-14 7.90405e-18 BessellI
56530.9 1.21999e-14 8.45516e-18 BessellI
56531.9 1.21261e-14 9.01125e-18 BessellI
56532.9 1.20564e-14 9.56284e-18 BessellI
56533.9 1.19896e-14 1.01037e-17 BessellI
56534.9 1.19246e-14 1.06294e-17 BessellI
56535.9 1.18606e-14 1.11357e-17 BessellI
56536.9 1.17965e-14 1.16191e-17 BessellI
56537.9 1.17315e-14 1.20756e-17 BessellI
56538.9 1.16651e-14 1.25017e-17 BessellI
56539.9 1.15967e-14 1.28937e-17 BessellI
56540.9 1.15256e-14 1.32483e-17 BessellI
56541.9 1.14514e-14 1.35625e-17 BessellI
56542.9 1.1374e-14 1.38341e-17 BessellI
56543.9 1.12928e-14 1.40611e-17 BessellI
56544.9 1.12078e-14 1.42421e-17 BessellI
56545.9 1.11188e-14 1.43766e-17 BessellI
56546.9 1.10257e-14 1.44645e-17 BessellI
56547.9 1.09285e-14 1.45062e-17 BessellI
56548.9 1.08271e-14 1.45029e-17 BessellI
56549.9 1.07216e-14 1.44562e-17 BessellI
56550.9 1.0612e-14 1.43681e-17 BessellI
56551.9 1.04985e-14 1.42411e-17 BessellI
56552.9 1.03812e-14 1.40783e-17 BessellI
56553.9 1.02602e-14 1.38828e-17 BessellI
56554.9 1.01357e-14 1.36583e-17 BessellI
56555.9 1.00079e-14 1.34086e-17 BessellI
56556.9 9.87689e-15 1.3138e-17 BessellI
56557.9 9.74297e-15 1.28509e-17 BessellI
56558.9 9.60631e-15 1.25518e-17 BessellI
56559.9 9.46714e-15 1.22455e-17 BessellI
56560.9 9.32566e-15 1.1937e-17 BessellI
56561.9 9.1821e-15 1.16311e-17 BessellI
56562.9 9.03668e-15 1.1333e-17 BessellI
56563.9 8.88961e-15 1.10476e-17 BessellI
56564.9 8.74111e-15 1.07799e-17 BessellI
56565.9 8.59139e-15 1.05344e-17 BessellI
56566.9 8.44066e-15 1.03155e-17 BessellI
56567.9 8.28913e-15 1.01271e-17 BessellI
56568.9 8.137e-15 9.97231e-18 BessellI
56569.9 7.98444e-15 9.8536e-18 BessellI
56570.9 7.83167e-15 9.77256e-18 BessellI
56571.9 7.67884e-15 9.72984e-18 BessellI
56572.9 7.52614e-15 9.72513e-18 BessellI
56573.9 7.37373e-15 9.75723e-18 BessellI
56574.9 7.22177e-15 9.82411e-18 BessellI
56575.9 7.0704e-15 9.92309e-18 BessellI
56576.9 6.91978e-15 1.0051e-17 BessellI
56577.9 6.77003e-15 1.02043e-17 BessellI
56578.9 6.62129e-15 1.03792e-17 BessellI
56579.9 6.47367e-15 1.05721e-17 BessellI
56580.9 6.32728e-15 1.07794e-17 BessellI
56581.9 6.18224e-15 1.09974e-17 BessellI
56582.9 6.03863e-15 1.1223e-17 BessellI
56583.9 5.89656e-15 1.14532e-17 BessellI
56584.9 5.75611e-15 1.16852e-17 BessellI
56585.9 5.61734e-15 1.19166e-17 BessellI
56586.9 5.48034e-15 1.21452e-17 BessellI
56587.9 5.34517e-15 1.23692e-17 BessellI
56588.9 5.21189e-15 1.25868e-17 BessellI
56589.9 5.08055e-15 1.27967e-17 BessellI
56590.9 4.9512e-15 1.29976e-17 BessellI
56591.9 4.82388e-15 1.31886e-17 BessellI
56592.9 4.69863e-15 1.33686e-17 BessellI
56593.9 4.57548e-15 1.35372e-17 BessellI
56594.9 4.45446e-15 1.36936e-17 BessellI
56595.9 4.33559e-15 1.38375e-17 BessellI
56596.9 4.21888e-15 1.39685e-17 BessellI
56597.9 4.10436e-15 1.40865e-17 BessellI
56598.9 3.99204e-15 1.41913e-17 BessellI
56599.9 3.88191e-15 1.42829e-17 BessellI
56600.9 3.774e-15 1.43612e-17 BessellI
56601.9 3.66828e-15 1.44264e-17 BessellI
56602.9 3.56477e-15 1.44786e-17 BessellI
56603.9 3.46346e-15 1.45179e-17 BessellI
56604.9 3.36434e-15 1.45446e-17 BessellI
56605.9 3.26739e-15 1.45591e-17 BessellI
56606.9 3.17262e-15 1.45614e-17 BessellI
56607.9 3.07999e-15 1.4552e-17 BessellI
56608.9 2.98949e-15 1.45313e-17 BessellI
56609.9 2.90111e-15 1.44995e-17 BessellI
56610.9 2.81483e-15 1.44571e-17 BessellI
56611.9 2.73062e-15 1.44044e-17 BessellI
56612.9 2.64845e-15 1.43418e-17 BessellI
56613.9 2.56831e-15 1.42698e-17 BessellI
56614.9 2.49016e-15 1.41888e-17 BessellI
56615.9 2.41398e-15 1.40991e-17 BessellI
56616.9 2.33975e-15 1.40012e-17 BessellI
56617.9 2.26742e-15 1.38954e-17 BessellI
56618.9 2.19698e-15 1.37823e-17 BessellI
56619.9 2.12839e-15 1.36623e-17 BessellI
56620.9 2.06162e-15 1.35356e-17 BessellI
56621.9 1.99664e-15 1.34028e-17 BessellI
56622.9 1.93341e-15 1.32641e-17 BessellI
56623.9 1.87191e-15 1.31201e-17 BessellI
56624.9 1.8121e-15 1.29711e-17 BessellI
56625.9 1.75395e-15 1.28174e-17 BessellI
56626.9 1.69743e-15 1.26595e-17 BessellI
56627.9 1.64249e-15 1.24976e-17 BessellI
56628.9 1.58912e-15 1.23322e-17 BessellI
56629.9 1.53728e-15 1.21635e-17 BessellI
56630.9 1.48693e-15 1.19918e-17 BessellI
56631.9 1.43803e-15 1.18176e-17 BessellI
56632.9 1.39057e-15 1.1641e-17 BessellI
56633.9 1.34451e-15 1.14624e-17 BessellI
56634.9 1.2998e-15 1.12821e-17 BessellI
56635.9 1.25643e-15 1.11003e-17 BessellI
56636.9 1.21436e-15 1.09173e-17 BessellI
56637.9 1.17355e-15 1.07334e-17 BessellI
56638.9 1.13399e-15 1.05487e-17 BessellI
56639.9 1.09563e-15 1.03635e-17 BessellI
56640.9 1.05844e-15 1.0178e-17 BessellI
56641.9 1.02241e-15 9.99245e-18 BessellI
56642.9 9.87485e-16 9.80703e-18 BessellI
56643.9 9.53653e-16 9.62191e-18 BessellI
56644.9 9.2088e-16 9.43729e-18 BessellI
56645.9 8.89138e-16 9.25332e-18 BessellI
56646.9 8.584e-16 9.07016e-18 BessellI
56647.9 8.28638e-16 8.88797e-18 BessellI
56648.9 7.99826e-16 8.70688e-18 BessellI
56649.9 7.71938e-16 8.52702e-18 BessellI
56650.9 7.44948e-16 8.34853e-18 BessellI
56651.9 7.18831e-16 8.17151e-18 BessellI
56652.9 6.93562e-16 7.99608e-18 BessellI
56653.9 6.69118e-16 7.82233e-18 BessellI
56654.9 6.45474e-16 7.65036e-18 BessellI
56655.9 6.22607e-16 7.48026e-18 BessellI
56656.9 6.00495e-16 7.3121e-18 BessellI
56657.9 5.79116e-16 7.14595e-18 BessellI
56483.3 9.9989e-17 1.88618e-18 BessellB
56484.3 1.46327e-16 2.59447e-18 BessellB
56485.3 2.14078e-16 3.553e-18 BessellB
56486.3 3.13082e-16 4.84077e-18 BessellB
56487.3 4.57646e-16 6.55567e-18 BessellB
56488.3 6.68506e-16 8.81439e-18 BessellB
56489.3 9.75581e-16 1.17479e-17 BessellB
56490.3 1.42173e-15 1.5488e-17 BessellB
56491.3 2.06768e-15 2.01389e-17 BessellB
56492.3 2.99807e-15 2.57221e-17 BessellB
56493.3 4.32776e-15 3.20853e-17 BessellB
56494.3 6.20616e-15 3.87672e-17 BessellB
56495.3 8.81459e-15 4.48394e-17 BessellB
56496.3 1.23473e-14 4.88064e-17 BessellB
56497.3 1.69642e-14 4.8758e-17 BessellB
56498.3 2.2707e-14 4.30399e-17 BessellB
56499.3 2.93952e-14 3.15703e-17 BessellB
56500.3 3.6559e-14 1.77712e-17 BessellB
56501.3 4.34936e-14 1.29298e-17 BessellB
56502.3 4.94585e-14 1.96147e-17 BessellB
56503.3 5.39243e-14 2.38759e-17 BessellB
56504.3 5.67082e-14 2.37909e-17 BessellB
56505.3 5.79385e-14 2.16434e-17 BessellB
56506.3 5.79181e-14 1.97196e-17 BessellB
56507.3 5.69905e-14 1.87924e-17 BessellB
56508.3 5.54592e-14 1.8413e-17 BessellB
56509.3 5.35585e-14 1.80189e-17 BessellB
56510.3 5.14549e-14 1.74242e-17 BessellB
56511.3 4.92602e-14 1.67255e-17 BessellB
56512.3 4.70467e-14 1.61134e-17 BessellB
56513.3 4.48595e-14 1.57492e-17 BessellB
56514.3 4.27258e-14 1.57077e-17 BessellB
56515.3 4.0661e-14 1.59721e-17 BessellB
56516.3 3.86737e-14 1.6466e-17 BessellB
56517.3 3.67673e-14 1.70944e-17 BessellB
56518.3 3.4943e-14 1.77722e-17 BessellB
56519.3 3.31999e-14 1.84361e-17 BessellB
56520.3 3.15362e-14 1.90454e-17 BessellB
56521.3 2.99497e-14 1.95777e-17 BessellB
56522.3 2.84375e-14 2.00247e-17 BessellB
56523.3 2.6997e-14 2.03873e-17 BessellB
56524.3 2.56253e-14 2.06731e-17 BessellB
56525.3 2.43195e-14 2.08938e-17 BessellB
56526.3 2.30769e-14 2.10634e-17 BessellB
56527.3 2.18948e-14 2.11971e-17 BessellB
56528.3 2.07704e-14 2.131e-17 BessellB
56529.3 1.97015e-14 2.1417e-17 BessellB
56530.3 1.86854e-14 2.15317e-17 BessellB
56531.3 1.77198e-14 2.16661e-17 BessellB
56532.3 1.68025e-14 2.18302e-17 BessellB
56533.3 1.59314e-14 2.20319e-17 BessellB
56534.3 1.51043e-14 2.22767e-17 BessellB
56535.3 1.43194e-14 2.25679e-17 BessellB
56536.3 1.35746e-14 2.29065e-17 BessellB
56537.3 1.28681e-14 2.32917e-17 BessellB
56538.3 1.21982e-14 2.37209e-17 BessellB
56539.3 1.15632e-14 2.41901e-17 BessellB
56540.3 1.09616e-14 2.46945e-17 BessellB
56541.3 1.03917e-14 2.52285e-17 BessellB
56542.3 9.85202e-15 2.57861e-17 BessellB
56543.3 9.34124e-15 2.63613e-17 BessellB
56544.3 8.85796e-15 2.6948e-17 BessellB
56545.3 8.40089e-15 2.75404e-17 BessellB
56546.3 7.96876e-15 2.8133e-17 BessellB
56547.3 7.56041e-15 2.87207e-17 BessellB
56548.3 7.17468e-15 2.92989e-17 BessellB
56549.3 6.81048e-15 2.98635e-17 BessellB
56550.3 6.46676e-15 3.04108e-17 BessellB
56551.3 6.14254e-15 3.09376e-17 BessellB
56552.3 5.83684e-15 3.14411e-17 BessellB
56553.3 5.54875e-15 3.1919e-17 BessellB
56554.3 5.2774e-15 3.23694e-17 BessellB
56555.3 5.02195e-15 3.27908e-17 BessellB
56556.3 4.78161e-15 3.3182e-17 BessellB
56557.3 4.55559e-15 3.35422e-17 BessellB
56558.3 4.34319e-15 3.38709e-17 BessellB
56559.3 4.14368e-15 3.41679e-17 BessellB
56560.3 3.95642e-15 3.4433e-17 BessellB
56561.3 3.78075e-15 3.46666e-17 BessellB
56562.3 3.61608e-15 3.48691e-17 BessellB
56563.3 3.46182e-15 3.50412e-17 BessellB
56564.3 3.31741e-15 3.51836e-17 BessellB
56565.3 3.18233e-15 3.52973e-17 BessellB
56566.3 3.05607e-15 3.53835e-17 BessellB
56567.3 2.93815e-15 3.54434e-17 BessellB
56568.3 2.82811e-15 3.54784e-17 BessellB
56569.3 2.72551e-15 3.54898e-17 BessellB
56570.3 2.62993e-15 3.54792e-17 BessellB
56571.3 2.54098e-15 3.54483e-17 BessellB
56572.3 2.45828e-15 3.53987e-17 BessellB
56573.3 2.38146e-15 3.5332e-17 BessellB
56574.3 2.31018e-15 3.52502e-17 BessellB
56575.3 2.24412e-15 3.51549e-17 BessellB
56576.3 2.18296e-15 3.50481e-17 BessellB
56577.3 2.12641e-15 3.49315e-17 BessellB
56578.3 2.07418e-15 3.48069e-17 BessellB
56579.3 2.02601e-15 3.46762e-17 BessellB
56580.3 1.98165e-15 3.45412e-17 BessellB
56581.3 1.94084e-15 3.44038e-17 BessellB
56582.3 1.90337e-15 3.42655e-17 BessellB
56583.3 1.869e-15 3.41282e-17 BessellB
56584.3 1.83755e-15 3.39934e-17 BessellB
56585.3 1.80881e-15 3.38628e-17 BessellB
56586.3 1.78259e-15 3.3738e-17 BessellB
56587.3 1.75872e-15 3.36202e-17 BessellB
56588.3 1.73703e-15 3.35109e-17 BessellB
56589.3 1.71736e-15 3.34113e-17 BessellB
56590.3 1.69956e-15 3.33226e-17 BessellB
56591.3 1.6835e-15 3.32458e-17 BessellB
56592.3 1.66904e-15 3.31819e-17 BessellB
56593.3 1.65604e-15 3.31316e-17 BessellB
56594.3 1.6444e-15 3.30955e-17 BessellB
56595.3 1.634e-15 3.30744e-17 BessellB
56596.3 1.62473e-15 3.30686e-17 BessellB
56597.3 1.61649e-15 3.30784e-17 BessellB
56598.3 1.60919e-15 3.3104e-17 BessellB
56599.3 1.60274e-15 3.31455e-17 BessellB
56600.3 1.59705e-15 3.32028e-17 BessellB
56601.3 1.59206e-15 3.32758e-17 BessellB
56602.3 1.58767e-15 3.33641e-17 BessellB
56603.3 1.58383e-15 3.34675e-17 BessellB
56604.3 1.58047e-15 3.35855e-17 BessellB
56605.3 1.57753e-15 3.37176e-17 BessellB
56606.3 1.57495e-15 3.3863e-17 BessellB
56607.3 1.57267e-15 3.40213e-17 BessellB
56608.3 1.57066e-15 3.41916e-17 BessellB
56609.3 1.56886e-15 3.43732e-17 BessellB
56610.3 1.56722e-15 3.45653e-17 BessellB
56611.3 1.56572e-15 3.47669e-17 BessellB
56612.3 1.56431e-15 3.49774e-17 BessellB
56613.3 1.56296e-15 3.51958e-17 BessellB
56614.3 1.56164e-15 3.54212e-17 BessellB
56615.3 1.56031e-15 3.56527e-17 BessellB
56616.3 1.55896e-15 3.58895e-17 BessellB
56617.3 1.55754e-15 3.61306e-17 BessellB
56618.3 1.55606e-15 3.63753e-17 BessellB
56619.3 1.55447e-15 3.66227e-17 BessellB
56620.3 1.55277e-15 3.6872e-17 BessellB
56621.3 1.55093e-15 3.71224e-17 BessellB
56622.3 1.54895e-15 3.73731e-17 BessellB
56623.3 1.5468e-15 3.76234e-17 BessellB
56624.3 1.54447e-15 3.78725e-17 BessellB
56625.3 1.54196e-15 3.81199e-17 BessellB
56626.3 1.53925e-15 3.83648e-17 BessellB
56627.3 1.53634e-15 3.86067e-17 BessellB
56628.3 1.53322e-15 3.88449e-17 BessellB
56629.3 1.52987e-15 3.9079e-17 BessellB
56630.3 1.52631e-15 3.93083e-17 BessellB
56631.3 1.52251e-15 3.95325e-17 BessellB
56632.3 1.51849e-15 3.97511e-17 BessellB
56633.3 1.51423e-15 3.99636e-17 BessellB
56634.3 1.50973e-15 4.01696e-17 BessellB
56635.3 1.505e-15 4.03689e-17 BessellB
56636.3 1.50003e-15 4.0561e-17 BessellB
56637.3 1.49482e-15 4.07457e-17 BessellB
56638.3 1.48938e-15 4.09226e-17 BessellB
56639.3 1.4837e-15 4.10916e-17 BessellB
56640.3 1.47779e-15 4.12524e-17 BessellB
56641.3 1.47165e-15 4.14048e-17 BessellB
56642.3 1.46528e-15 4.15486e-17 BessellB
56643.3 1.45869e-15 4.16837e-17 BessellB
56644.3 1.45187e-15 4.18099e-17 BessellB
56645.3 1.44484e-15 4.19271e-17 BessellB
56646.3 1.4376e-15 4.20352e-17 BessellB
56647.3 1.43014e-15 4.21341e-17 BessellB
56648.3 1.42248e-15 4.22239e-17 BessellB
56649.3 1.41462e-15 4.23043e-17 BessellB
56650.3 1.40657e-15 4.23754e-17 BessellB
56651.3 1.39833e-15 4.24372e-17 BessellB
56652.3 1.3899e-15 4.24897e-17 BessellB
56653.3 1.3813e-15 4.25329e-17 BessellB
56654.3 1.37252e-15 4.25668e-17 BessellB
56655.3 1.36358e-15 4.25914e-17 BessellB
56656.3 1.35447e-15 4.26069e-17 BessellB
56657.3 1.34521e-15 4.26132e-17 BessellB
56658.3 1.3358e-15 4.26104e-17 BessellB
56659.3 1.32624e-15 4.25987e-17 BessellB
56660.3 1.31655e-15 4.2578e-17 BessellB
56661.3 1.30673e-15 4.25485e-17 BessellB
56662.3 1.29678e-15 4.25104e-17 BessellB
56663.3 1.28671e-15 4.24636e-17 BessellB
56664.3 1.27653e-15 4.24083e-17 BessellB
56665.3 1.26623e-15 4.23446e-17 BessellB
56666.3 1.25584e-15 4.22727e-17 BessellB
56667.3 1.24535e-15 4.21928e-17 BessellB
56668.3 1.23477e-15 4.21048e-17 BessellB
56669.3 1.22411e-15 4.2009e-17 BessellB
56670.3 1.21336e-15 4.19055e-17 BessellB
56671.3 1.20254e-15 4.17945e-17 BessellB
56672.3 1.19166e-15 4.1676e-17 BessellB
56673.3 1.18071e-15 4.15504e-17 BessellB
56674.3 1.1697e-15 4.14177e-17 BessellB
56675.3 1.15865e-15 4.1278e-17 BessellB
56676.3 1.14754e-15 4.11316e-17 BessellB
56677.3 1.1364e-15 4.09786e-17 BessellB
56678.3 1.12521e-15 4.08191e-17 BessellB
56679.3 1.114e-15 4.06534e-17 BessellB
56680.3 1.10276e-15 4.04816e-17 BessellB
56681.3 1.09149e-15 4.03038e-17 BessellB
56682.3 1.08021e-15 4.01202e-17 BessellB
56683.3 1.06892e-15 3.99311e-17 BessellB
56684.3 1.05761e-15 3.97365e-17 BessellB
56685.3 1.0463e-15 3.95366e-17 BessellB
56686.3 1.03499e-15 3.93316e-17 BessellB
56687.3 1.02369e-15 3.91216e-17 BessellB
56688.3 1.01239e-15 3.89069e-17 BessellB
56689.3 1.0011e-15 3.86875e-17 BessellB
56690.3 9.89832e-16 3.84637e-17 BessellB
56691.3 9.78579e-16 3.82356e-17 BessellB
56692.3 9.67348e-16 3.80034e-17 BessellB
56693.3 9.56143e-16 3.77672e-17 BessellB
56483.3 4.33987e-19 1.27991e-19 BessellR
56484.3 7.93345e-19 2.19448e-19 BessellR
56485.3 1.45222e-18 3.75396e-19 BessellR
56486.3 2.66238e-18 6.40493e-19 BessellR
56487.3 4.88948e-18 1.08949e-18 BessellR
56488.3 8.99701e-18 1.84657e-18 BessellR
56489.3 1.65906e-17 3.11608e-18 BessellR
56490.3 3.06644e-17 5.22967e-18 BessellR
56491.3 5.68157e-17 8.71541e-18 BessellR
56492.3 1.05529e-16 1.43896e-17 BessellR
56493.3 1.96454e-16 2.34543e-17 BessellR
56494.3 3.66321e-16 3.75291e-17 BessellR
56495.3 6.83177e-16 5.84019e-17 BessellR
56496.3 1.27036e-15 8.69649e-17 BessellR
56497.3 2.34085e-15 1.20314e-16 BessellR
56498.3 4.22563e-15 1.4617e-16 BessellR
56499.3 7.3281e-15 1.38571e-16 BessellR
56500.3 1.18679e-14 7.71657e-17 BessellR
56501.3 1.74103e-14 8.97429e-17 BessellR
56502.3 2.27476e-14 1.77433e-16 BessellR
56503.3 2.66972e-14 1.91497e-16 BessellR
56504.3 2.89314e-14 1.49495e-16 BessellR
56505.3 2.98341e-14 1.07828e-16 BessellR
56506.3 2.9942e-14 9.73883e-17 BessellR
56507.3 2.96534e-14 1.05545e-16 BessellR
56508.3 2.92001e-14 1.14235e-16 BessellR
56509.3 2.87007e-14 1.18616e-16 BessellR
56510.3 2.82105e-14 1.18987e-16 BessellR
56511.3 2.77522e-14 1.16445e-16 BessellR
56512.3 2.7333e-14 1.11912e-16 BessellR
56513.3 2.69525e-14 1.06056e-16 BessellR
56514.3 2.66074e-14 9.93645e-17 BessellR
56515.3 2.62929e-14 9.2221e-17 BessellR
56516.3 2.60044e-14 8.49483e-17 BessellR
56517.3 2.57372e-14 7.78369e-17 BessellR
56518.3 2.5487e-14 7.11591e-17 BessellR
56519.3 2.525e-14 6.51733e-17 BessellR
56520.3 2.50228e-14 6.01168e-17 BessellR
56521.3 2.48025e-14 5.61854e-17 BessellR
56522.3 2.45866e-14 5.35008e-17 BessellR
56523.3 2.43727e-14 5.20771e-17 BessellR
56524.3 2.41592e-14 5.18099e-17 BessellR
56525.3 2.39443e-14 5.24981e-17 BessellR
56526.3 2.37267e-14 5.38928e-17 BessellR
56527.3 2.35055e-14 5.57454e-17 BessellR
56528.3 2.32797e-14 5.78391e-17 BessellR
56529.3 2.30486e-14 6.00024e-17 BessellR
56530.3 2.28118e-14 6.21079e-17 BessellR
56531.3 2.25688e-14 6.40673e-17 BessellR
56532.3 2.23195e-14 6.58232e-17 BessellR
56533.3 2.20637e-14 6.73428e-17 BessellR
56534.3 2.18014e-14 6.86121e-17 BessellR
56535.3 2.15327e-14 6.96311e-17 BessellR
56536.3 2.12576e-14 7.0411e-17 BessellR
56537.3 2.09765e-14 7.09711e-17 BessellR
56538.3 2.06895e-14 7.13369e-17 BessellR
56539.3 2.03969e-14 7.15383e-17 BessellR
56540.3 2.00992e-14 7.16085e-17 BessellR
56541.3 1.97965e-14 7.15827e-17 BessellR
56542.3 1.94894e-14 7.14966e-17 BessellR
56543.3 1.91782e-14 7.13861e-17 BessellR
56544.3 1.88634e-14 7.12858e-17 BessellR
56545.3 1.85453e-14 7.12281e-17 BessellR
56546.3 1.82244e-14 7.12427e-17 BessellR
56547.3 1.79011e-14 7.13552e-17 BessellR
56548.3 1.75759e-14 7.15869e-17 BessellR
56549.3 1.72491e-14 7.19542e-17 BessellR
56550.3 1.69212e-14 7.24681e-17 BessellR
56551.3 1.65926e-14 7.31344e-17 BessellR
56552.3 1.62636e-14 7.39538e-17 BessellR
56553.3 1.59348e-14 7.49223e-17 BessellR
56554.3 1.56063e-14 7.60319e-17 BessellR
56555.3 1.52786e-14 7.72712e-17 BessellR
56556.3 1.49521e-14 7.86261e-17 BessellR
56557.3 1.4627e-14 8.00808e-17 BessellR
56558.3 1.43037e-14 8.16183e-17 BessellR
56559.3 1.39824e-14 8.32211e-17 BessellR
56560.3 1.36635e-14 8.48716e-17 BessellR
56561.3 1.33471e-14 8.65528e-17 BessellR
56562.3 1.30336e-14 8.82484e-17 BessellR
56563.3 1.27232e-14 8.99427e-17 BessellR
56564.3 1.2416e-14 9.16217e-17 BessellR
56565.3 1.21123e-14 9.32722e-17 BessellR
56566.3 1.18123e-14 9.48824e-17 BessellR
56567.3 1.15161e-14 9.64416e-17 BessellR
56568.3 1.12239e-14 9.79406e-17 BessellR
56569.3 1.09359e-14 9.93711e-17 BessellR
56570.3 1.0652e-14 1.00726e-16 BessellR
56571.3 1.03726e-14 1.01999e-16 BessellR
56572.3 1.00976e-14 1.03186e-16 BessellR
56573.3 9.82721e-15 1.04283e-16 BessellR
56574.3 9.56142e-15 1.05285e-16 BessellR
56575.3 9.30034e-15 1.06191e-16 BessellR
56576.3 9.04401e-15 1.06999e-16 BessellR
56577.3 8.79248e-15 1.07708e-16 BessellR
56578.3 8.54579e-15 1.08318e-16 BessellR
56579.3 8.30397e-15 1.08827e-16 BessellR
56580.3 8.06702e-15 1.09237e-16 BessellR
56581.3 7.83496e-15 1.09549e-16 BessellR
56582.3 7.6078e-15 1.09765e-16 BessellR
56583.3 7.38553e-15 1.09884e-16 BessellR
56584.3 7.16813e-15 1.0991e-16 BessellR
56585.3 6.9556e-15 1.09845e-16 BessellR
56586.3 6.74789e-15 1.09691e-16 BessellR
56587.3 6.54499e-15 1.09451e-16 BessellR
56588.3 6.34686e-15 1.09127e-16 BessellR
56589.3 6.15346e-15 1.08723e-16 BessellR
56590.3 5.96475e-15 1.0824e-16 BessellR
56591.3 5.78068e-15 1.07683e-16 BessellR
56592.3 5.60119e-15 1.07055e-16 BessellR
56593.3 5.42624e-15 1.06358e-16 BessellR
56594.3 5.25576e-15 1.05597e-16 BessellR
56595.3 5.08969e-15 1.04773e-16 BessellR
56596.3 4.92797e-15 1.03891e-16 BessellR
56597.3 4.77054e-15 1.02954e-16 BessellR
56598.3 4.61733e-15 1.01965e-16 BessellR
56599.3 4.46826e-15 1.00927e-16 BessellR
56600.3 4.32327e-15 9.98428e-17 BessellR
56601.3 4.18229e-15 9.87162e-17 BessellR
56602.3 4.04524e-15 9.75501e-17 BessellR
56603.3 3.91204e-15 9.63474e-17 BessellR
56604.3 3.78264e-15 9.51111e-17 BessellR
56605.3 3.65694e-15 9.38439e-17 BessellR
56606.3 3.53487e-15 9.25487e-17 BessellR
56607.3 3.41636e-15 9.12282e-17 BessellR
56608.3 3.30133e-15 8.98849e-17 BessellR
56609.3 3.18971e-15 8.85215e-17 BessellR
56610.3 3.08141e-15 8.71403e-17 BessellR
56611.3 2.97637e-15 8.57437e-17 BessellR
56612.3 2.87451e-15 8.4334e-17 BessellR
56613.3 2.77575e-15 8.29134e-17 BessellR
56614.3 2.68002e-15 8.1484e-17 BessellR
56615.3 2.58725e-15 8.00477e-17 BessellR
56616.3 2.49736e-15 7.86066e-17 BessellR
56617.3 2.41028e-15 7.71624e-17 BessellR
56618.3 2.32594e-15 7.57169e-17 BessellR
56619.3 2.24427e-15 7.42717e-17 BessellR
56620.3 2.1652e-15 7.28285e-17 BessellR
56621.3 2.08866e-15 7.13887e-17 BessellR
56622.3 2.01459e-15 6.99538e-17 BessellR
56623.3 1.94291e-15 6.8525e-17 BessellR
56624.3 1.87356e-15 6.71037e-17 BessellR
56625.3 1.80648e-15 6.56911e-17 BessellR
56626.3 1.7416e-15 6.42882e-17 BessellR
56627.3 1.67887e-15 6.28962e-17 BessellR
56628.3 1.61821e-15 6.15159e-17 BessellR
56629.3 1.55958e-15 6.01483e-17 BessellR
56630.3 1.50292e-15 5.87942e-17 BessellR
56631.3 1.44815e-15 5.74545e-17 BessellR
56632.3 1.39524e-15 5.61298e-17 BessellR
56633.3 1.34412e-15 5.48208e-17 BessellR
56634.3 1.29475e-15 5.35281e-17 BessellR
56635.3 1.24706e-15 5.22522e-17 BessellR
56636.3 1.20101e-15 5.09937e-17 BessellR
56637.3 1.15655e-15 4.97531e-17 BessellR
56638.3 1.11363e-15 4.85306e-17 BessellR
56639.3 1.0722e-15 4.73267e-17 BessellR
56640.3 1.03221e-15 4.61417e-17 BessellR
56641.3 9.93625e-16 4.49758e-17 BessellR
56642.3 9.56394e-16 4.38293e-17 BessellR
56643.3 9.20474e-16 4.27025e-17 BessellR
56644.3 8.85825e-16 4.15953e-17 BessellR
56645.3 8.52406e-16 4.05081e-17 BessellR
56646.3 8.20176e-16 3.94408e-17 BessellR
56647.3 7.89097e-16 3.83935e-17 BessellR
56648.3 7.59132e-16 3.73663e-17 BessellR
56649.3 7.30244e-16 3.63592e-17 BessellR
56650.3 7.02398e-16 3.53721e-17 BessellR
56651.3 6.75558e-16 3.44051e-17 BessellR
56652.3 6.49692e-16 3.3458e-17 BessellR
56653.3 6.24766e-16 3.25307e-17 BessellR
56654.3 6.0075e-16 3.16232e-17 BessellR
56655.3 5.77612e-16 3.07354e-17 BessellR
56656.3 5.55323e-16 2.9867e-17 BessellR
56657.3 5.33853e-16 2.9018e-17 BessellR
56658.3 5.13175e-16 2.81881e-17 BessellR
56483.3 1.77758e-16 2.0108e-17 BessellV
56484.3 2.3646e-16 2.53339e-17 BessellV
56485.3 3.14879e-16 3.18462e-17 BessellV
56486.3 4.19769e-16 3.99256e-17 BessellV
56487.3 5.60232e-16 4.9892e-17 BessellV
56488.3 7.48515e-16 6.20948e-17 BessellV
56489.3 1.00105e-15 7.6888e-17 BessellV
56490.3 1.33978e-15 9.45803e-17 BessellV
56491.3 1.7937e-15 1.15347e-16 BessellV
56492.3 2.40058e-15 1.39083e-16 BessellV
56493.3 3.20849e-15 1.6518e-16 BessellV
56494.3 4.27633e-15 1.92228e-16 BessellV
56495.3 5.6721e-15 2.17674e-16 BessellV
56496.3 7.46665e-15 2.37602e-16 BessellV
56497.3 9.72033e-15 2.46919e-16 BessellV
56498.3 1.24608e-14 2.40396e-16 BessellV
56499.3 1.56546e-14 2.14864e-16 BessellV
56500.3 1.91822e-14 1.72177e-16 BessellV
56501.3 2.28347e-14 1.21714e-16 BessellV
56502.3 2.63465e-14 8.13257e-17 BessellV
56503.3 2.94589e-14 6.957e-17 BessellV
56504.3 3.19871e-14 7.62256e-17 BessellV
56505.3 3.38545e-14 8.05479e-17 BessellV
56506.3 3.50866e-14 7.87774e-17 BessellV
56507.3 3.57751e-14 7.49115e-17 BessellV
56508.3 3.60381e-14 7.2831e-17 BessellV
56509.3 3.59916e-14 7.35991e-17 BessellV
56510.3 3.57336e-14 7.62554e-17 BessellV
56511.3 3.53399e-14 7.96815e-17 BessellV
56512.3 3.48653e-14 8.34238e-17 BessellV
56513.3 3.43475e-14 8.75604e-17 BessellV
56514.3 3.38117e-14 9.23454e-17 BessellV
56515.3 3.32734e-14 9.79584e-17 BessellV
56516.3 3.27419e-14 1.04412e-16 BessellV
56517.3 3.22222e-14 1.11567e-16 BessellV
56518.3 3.17166e-14 1.192e-16 BessellV
56519.3 3.12255e-14 1.27057e-16 BessellV
56520.3 3.07482e-14 1.34903e-16 BessellV
56521.3 3.02836e-14 1.42538e-16 BessellV
56522.3 2.98301e-14 1.49803e-16 BessellV
56523.3 2.93862e-14 1.5658e-16 BessellV
56524.3 2.89502e-14 1.62784e-16 BessellV
56525.3 2.85207e-14 1.68362e-16 BessellV
56526.3 2.80962e-14 1.7328e-16 BessellV
56527.3 2.76756e-14 1.77528e-16 BessellV
56528.3 2.72579e-14 1.81107e-16 BessellV
56529.3 2.68421e-14 1.84029e-16 BessellV
56530.3 2.64276e-14 1.86316e-16 BessellV
56531.3 2.60137e-14 1.87996e-16 BessellV
56532.3 2.56e-14 1.89102e-16 BessellV
56533.3 2.51862e-14 1.89669e-16 BessellV
56534.3 2.47719e-14 1.89736e-16 BessellV
56535.3 2.43572e-14 1.89343e-16 BessellV
56536.3 2.39418e-14 1.8853e-16 BessellV
56537.3 2.35258e-14 1.87338e-16 BessellV
56538.3 2.31093e-14 1.85808e-16 BessellV
56539.3 2.26924e-14 1.8398e-16 BessellV
56540.3 2.22752e-14 1.81891e-16 BessellV
56541.3 2.1858e-14 1.7958e-16 BessellV
56542.3 2.14409e-14 1.77083e-16 BessellV
56543.3 2.10243e-14 1.74435e-16 BessellV
56544.3 2.06083e-14 1.71667e-16 BessellV
56545.3 2.01933e-14 1.6881e-16 BessellV
56546.3 1.97795e-14 1.65895e-16 BessellV
56547.3 1.93672e-14 1.62946e-16 BessellV
56548.3 1.89568e-14 1.59989e-16 BessellV
56549.3 1.85485e-14 1.57045e-16 BessellV
56550.3 1.81426e-14 1.54136e-16 BessellV
56551.3 1.77394e-14 1.51278e-16 BessellV
56552.3 1.73391e-14 1.48487e-16 BessellV
56553.3 1.69421e-14 1.45777e-16 BessellV
56554.3 1.65486e-14 1.43159e-16 BessellV
56555.3 1.61588e-14 1.40641e-16 BessellV
56556.3 1.57731e-14 1.3823e-16 BessellV
56557.3 1.53915e-14 1.35931e-16 BessellV
56558.3 1.50143e-14 1.33747e-16 BessellV
56559.3 1.46418e-14 1.31678e-16 BessellV
56560.3 1.4274e-14 1.29725e-16 BessellV
56561.3 1.39112e-14 1.27885e-16 BessellV
56562.3 1.35536e-14 1.26154e-16 BessellV
56563.3 1.32012e-14 1.24529e-16 BessellV
56564.3 1.28542e-14 1.23002e-16 BessellV
56565.3 1.25127e-14 1.21569e-16 BessellV
56566.3 1.21768e-14 1.20221e-16 BessellV
56567.3 1.18467e-14 1.18952e-16 BessellV
56568.3 1.15223e-14 1.17753e-16 BessellV
56569.3 1.12038e-14 1.16617e-16 BessellV
56570.3 1.08912e-14 1.15537e-16 BessellV
56571.3 1.05846e-14 1.14503e-16 BessellV
56572.3 1.02839e-14 1.13509e-16 BessellV
56573.3 9.98933e-15 1.12548e-16 BessellV
56574.3 9.70075e-15 1.11612e-16 BessellV
56575.3 9.41822e-15 1.10696e-16 BessellV
56576.3 9.14172e-15 1.09792e-16 BessellV
56577.3 8.87126e-15 1.08897e-16 BessellV
56578.3 8.6068e-15 1.08004e-16 BessellV
56579.3 8.34833e-15 1.0711e-16 BessellV
56580.3 8.09581e-15 1.0621e-16 BessellV
56581.3 7.8492e-15 1.05301e-16 BessellV
56582.3 7.60846e-15 1.04379e-16 BessellV
56583.3 7.37354e-15 1.03443e-16 BessellV
56584.3 7.14438e-15 1.0249e-16 BessellV
56585.3 6.92092e-15 1.01519e-16 BessellV
56586.3 6.70309e-15 1.00527e-16 BessellV
56587.3 6.49083e-15 9.95151e-17 BessellV
56588.3 6.28407e-15 9.8481e-17 BessellV
56589.3 6.08272e-15 9.74248e-17 BessellV
56590.3 5.88671e-15 9.63465e-17 BessellV
56591.3 5.69596e-15 9.5246e-17 BessellV
56592.3 5.51038e-15 9.41237e-17 BessellV
56593.3 5.32989e-15 9.298e-17 BessellV
56594.3 5.15441e-15 9.18157e-17 BessellV
56595.3 4.98383e-15 9.06316e-17 BessellV
56596.3 4.81807e-15 8.94285e-17 BessellV
56597.3 4.65704e-15 8.82075e-17 BessellV
56598.3 4.50065e-15 8.69698e-17 BessellV
56599.3 4.3488e-15 8.57164e-17 BessellV
56600.3 4.2014e-15 8.44488e-17 BessellV
56601.3 4.05835e-15 8.31681e-17 BessellV
56602.3 3.91956e-15 8.18758e-17 BessellV
56603.3 3.78494e-15 8.05731e-17 BessellV
56604.3 3.6544e-15 7.92615e-17 BessellV
56605.3 3.52783e-15 7.79423e-17 BessellV
56606.3 3.40515e-15 7.66168e-17 BessellV
56607.3 3.28626e-15 7.52866e-17 BessellV
56608.3 3.17107e-15 7.39528e-17 BessellV
56609.3 3.05949e-15 7.26168e-17 BessellV
56610.3 2.95143e-15 7.128e-17 BessellV
56611.3 2.84681e-15 6.99435e-17 BessellV
56612.3 2.74552e-15 6.86086e-17 BessellV
56613.3 2.64749e-15 6.72764e-17 BessellV
56614.3 2.55263e-15 6.59482e-17 BessellV
56615.3 2.46086e-15 6.46251e-17 BessellV
56616.3 2.37209e-15 6.3308e-17 BessellV
56617.3 2.28623e-15 6.1998e-17 BessellV
56618.3 2.20321e-15 6.06961e-17 BessellV
56619.3 2.12296e-15 5.94031e-17 BessellV
56620.3 2.04538e-15 5.81201e-17 BessellV
56621.3 1.97041e-15 5.68477e-17 BessellV
56622.3 1.89796e-15 5.55868e-17 BessellV
56623.3 1.82797e-15 5.43381e-17 BessellV
56624.3 1.76037e-15 5.31023e-17 BessellV
56625.3 1.69507e-15 5.188e-17 BessellV
56626.3 1.63202e-15 5.06718e-17 BessellV
56627.3 1.57115e-15 4.94783e-17 BessellV
56628.3 1.51239e-15 4.83e-17 BessellV
56629.3 1.45567e-15 4.71373e-17 BessellV
56630.3 1.40093e-15 4.59907e-17 BessellV
56631.3 1.34812e-15 4.48605e-17 BessellV
56632.3 1.29716e-15 4.37471e-17 BessellV
56633.3 1.24801e-15 4.26508e-17 BessellV
56634.3 1.2006e-15 4.15718e-17 BessellV
56635.3 1.15488e-15 4.05105e-17 BessellV
56636.3 1.1108e-15 3.94669e-17 BessellV
56637.3 1.0683e-15 3.84413e-17 BessellV
56638.3 1.02733e-15 3.74339e-17 BessellV
56639.3 9.87836e-16 3.64446e-17 BessellV
56640.3 9.49777e-16 3.54736e-17 BessellV
56641.3 9.13103e-16 3.4521e-17 BessellV
56642.3 8.77767e-16 3.35868e-17 BessellV
56643.3 8.43725e-16 3.2671e-17 BessellV
56644.3 8.10934e-16 3.17735e-17 BessellV
56645.3 7.7935e-16 3.08944e-17 BessellV
56646.3 7.48934e-16 3.00335e-17 BessellV
56647.3 7.19645e-16 2.91909e-17 BessellV
56648.3 6.91444e-16 2.83663e-17 BessellV
56649.3 6.64295e-16 2.75597e-17 BessellV
56650.3 6.38161e-16 2.6771e-17 BessellV
56651.3 6.13006e-16 2.6e-17 BessellV
56652.3 5.88797e-16 2.52466e-17 BessellV
56653.3 5.65501e-16 2.45106e-17 BessellV
56654.3 5.43084e-16 2.37917e-17 BessellV
56655.3 5.21517e-16 2.30899e-17 BessellV
56656.3 5.00769e-16 2.24049e-17 BessellV
56657.3 4.80811e-16 2.17365e-17 BessellV
56658.3 4.61615e-16 2.10845e-17 BessellV
56659.3 4.43153e-16 2.04487e-17 BessellV
56660.3 4.254e-16 1.98288e-17 BessellV
56661.3 4.08328e-16 1.92246e-17 BessellV
56662.3 3.91915e-16 1.86358e-17 BessellV
56663.3 3.76136e-16 1.80622e-17 BessellV
56664.3 3.60967e-16 1.75036e-17 BessellV
56665.3 3.46387e-16 1.69597e-17 BessellV
56666.3 3.32373e-16 1.64302e-17 BessellV
56667.3 3.18906e-16 1.59148e-17 BessellV
56668.3 3.05964e-16 1.54134e-17 BessellV
56669.3 2.93529e-16 1.49256e-17 BessellV
56670.3 2.81581e-16 1.44512e-17 BessellV
56671.3 2.70102e-16 1.399e-17 BessellV
56672.3 2.59076e-16 1.35415e-17 BessellV
56673.3 2.48484e-16 1.31057e-17 BessellV
56674.3 2.3831e-16 1.26821e-17 BessellV
56675.3 2.2854e-16 1.22706e-17 BessellV
56676.3 2.19157e-16 1.18709e-17 BessellV
56677.3 2.10146e-16 1.14827e-17 BessellV
56678.3 2.01495e-16 1.11058e-17 BessellV
56679.3 1.93188e-16 1.074e-17 BessellV
56680.3 1.85213e-16 1.03848e-17 BessellV
56681.3 1.77558e-16 1.00402e-17 BessellV
56682.3 1.70209e-16 9.70583e-18 BessellV
56683.3 1.63155e-16 9.38146e-18 BessellV
56684.3 1.56385e-16 9.06686e-18 BessellV
56685.3 1.49888e-16 8.76179e-18 BessellV
56686.3 1.43653e-16 8.46599e-18 BessellV
56687.3 1.37671e-16 8.17925e-18 BessellV
56688.3 1.3193e-16 7.90132e-18 BessellV
56689.3 1.26422e-16 7.63199e-18 BessellV
56690.3 1.21138e-16 7.37102e-18 BessellV
56691.3 1.16069e-16 7.11821e-18 BessellV
56692.3 1.11206e-16 6.87332e-18 BessellV
56693.3 1.06541e-16 6.63615e-18 BessellV
56694.3 1.02068e-16 6.40649e-18 BessellV
56695.3 9.77768e-17 6.18414e-18 BessellV
56696.3 9.36618e-17 5.96889e-18 BessellV
56697.3 8.97158e-17 5.76055e-18 BessellV
56698.3 8.59318e-17 5.55892e-18 BessellV
56699.3 8.23036e-17 5.36382e-18 BessellV
56700.3 7.88248e-17 5.17505e-18 BessellV
56701.3 7.54896e-17 4.99245e-18 BessellV
56702.3 7.22922e-17 4.81583e-18 BessellV
56703.3 6.9227e-17 4.64501e-18 BessellV
56704.3 6.62888e-17 4.47984e-18 BessellV
56705.3 6.34725e-17 4.32013e-18 BessellV
56706.3 6.07731e-17 4.16574e-18 BessellV
56707.3 5.8186e-17 4.0165e-18 BessellV
56708.3 5.57066e-17 3.87226e-18 BessellV
56709.3 5.33306e-17 3.73287e-18 BessellV
56710.3 5.10537e-17 3.59819e-18 BessellV
56711.3 4.88719e-17 3.46806e-18 BessellV
56712.3 4.67815e-17 3.34235e-18 BessellV
56713.3 4.47785e-17 3.22092e-18 BessellV
56714.3 4.28596e-17 3.10364e-18 BessellV
56715.3 4.10212e-17 2.99039e-18 BessellV
56716.3 3.92601e-17 2.88103e-18 BessellV
56717.3 3.75731e-17 2.77544e-18 BessellV
56718.3 3.59572e-17 2.67351e-18 BessellV
56719.3 3.44094e-17 2.57511e-18 BessellV
56720.3 3.29269e-17 2.48014e-18 BessellV
56721.3 3.15071e-17 2.38849e-18 BessellV
56722.3 3.01473e-17 2.30005e-18 BessellV
56723.3 2.88452e-17 2.21471e-18 BessellV
56724.3 2.75982e-17 2.13238e-18 BessellV
56725.3 2.64042e-17 2.05295e-18 BessellV
56726.3 2.52608e-17 1.97633e-18 BessellV
56727.3 2.41661e-17 1.90244e-18 BessellV
56728.3 2.3118e-17 1.83117e-18 BessellV
56729.3 2.21146e-17 1.76245e-18 BessellV
56730.3 2.11539e-17 1.69618e-18 BessellV
56731.3 2.02343e-17 1.63229e-18 BessellV
56732.3 1.93539e-17 1.5707e-18 BessellV
56733.3 1.85112e-17 1.51133e-18 BessellV
56734.3 1.77046e-17 1.4541e-18 BessellV
56735.3 1.69326e-17 1.39894e-18 BessellV
56736.3 1.61936e-17 1.34579e-18 BessellV
56737.3 1.54864e-17 1.29456e-18 BessellV
56738.3 1.48096e-17 1.24521e-18 BessellV
56739.3 1.41619e-17 1.19766e-18 BessellV
56740.3 1.35421e-17 1.15185e-18 BessellV
56741.3 1.29489e-17 1.10772e-18 BessellV
56742.3 1.23814e-17 1.06521e-18 BessellV
56743.3 1.18383e-17 1.02427e-18 BessellV
56744.3 1.13187e-17 9.84844e-19 BessellV
56745.3 1.08216e-17 9.46875e-19 BessellV
56746.3 1.03459e-17 9.10314e-19 BessellV
56747.3 9.8909e-18 8.75111e-19 BessellV
56748.3 9.45559e-18 8.4122e-19 BessellV
56749.3 9.03915e-18 8.08592e-19 BessellV
56750.3 8.64079e-18 7.77184e-19 BessellV
56751.3 8.25974e-18 7.46953e-19 BessellV
56752.3 7.89526e-18 7.17855e-19 BessellV
56753.3 7.54663e-18 6.89851e-19 BessellV
56754.3 7.21319e-18 6.62902e-19 BessellV
56755.3 6.89427e-18 6.3697e-19 BessellV
56756.3 6.58926e-18 6.12017e-19 BessellV
56757.3 6.29757e-18 5.8801e-19 BessellV
56758.3 6.01861e-18 5.64913e-19 BessellV
56759.3 5.75185e-18 5.42694e-19 BessellV
56760.3 5.49676e-18 5.2132e-19 BessellV
56761.3 5.25283e-18 5.00761e-19 BessellV
56762.3 5.01958e-18 4.80988e-19 BessellV
56763.3 4.79656e-18 4.6197e-19 BessellV
56764.3 4.58333e-18 4.43682e-19 BessellV
56765.3 4.37945e-18 4.26095e-19 BessellV
56766.3 4.18453e-18 4.09184e-19 BessellV
56767.3 3.99818e-18 3.92925e-19 BessellV
56768.3 3.82002e-18 3.77292e-19 BessellV
56769.3 3.64971e-18 3.62263e-19 BessellV
56770.3 3.4869e-18 3.47816e-19 BessellV
56771.3 3.33126e-18 3.33928e-19 BessellV
56772.3 3.18249e-18 3.20579e-19 BessellV
56773.3 3.04029e-18 3.07749e-19 BessellV
56774.3 2.90436e-18 2.95418e-19 BessellV
56775.3 2.77444e-18 2.83567e-19 BessellV
56776.3 2.65027e-18 2.72179e-19 BessellV
56777.3 2.53159e-18 2.61236e-19 BessellV
56778.3 2.41816e-18 2.50721e-19 BessellV
56779.3 2.30976e-18 2.40619e-19 BessellV
56780.3 2.20617e-18 2.30913e-19 BessellV
56781.3 2.10717e-18 2.21588e-19 BessellV
56782.3 2.01256e-18 2.1263e-19 BessellV
56783.3 1.92216e-18 2.04025e-19 BessellV
56784.3 1.83577e-18 1.9576e-19 BessellV
56785.3 1.75323e-18 1.87821e-19 BessellV
56786.3 1.67435e-18 1.80196e-19 BessellV
56787.3 1.59899e-18 1.72874e-19 BessellV
56788.3 1.52698e-18 1.65841e-19 BessellV
56789.3 1.45819e-18 1.59088e-19 BessellV
56790.3 1.39246e-18 1.52604e-19 BessellV
56791.3 1.32966e-18 1.46377e-19 BessellV
56792.3 1.26967e-18 1.40399e-19 BessellV
56793.3 1.21236e-18 1.34659e-19 BessellV
56794.3 1.1576e-18 1.29149e-19 BessellV
56795.3 1.1053e-18 1.23859e-19 BessellV
56796.3 1.05534e-18 1.18781e-19 BessellV
56797.3 1.00761e-18 1.13907e-19 BessellV
56798.3 9.62021e-19 1.09228e-19 BessellV
56799.3 9.18475e-19 1.04737e-19 BessellV
56800.3 8.76881e-19 1.00427e-19 BessellV
56801.3 8.37153e-19 9.62904e-20 BessellV
56802.3 7.99208e-19 9.23207e-20 BessellV
56803.3 7.62967e-19 8.85112e-20 BessellV
56804.3 7.28354e-19 8.48557e-20 BessellV
56805.3 6.95297e-19 8.13481e-20 BessellV
56806.3 6.63726e-19 7.79825e-20 BessellV
56807.3 6.33577e-19 7.47533e-20 BessellV
56808.3 6.04784e-19 7.16552e-20 BessellV
56809.3 5.77288e-19 6.8683e-20 BessellV
56810.3 5.51032e-19 6.58316e-20 BessellV
56811.3 5.25959e-19 6.30963e-20 BessellV
56812.3 5.02017e-19 6.04725e-20 BessellV
56813.3 4.79155e-19 5.79557e-20 BessellV
56814.3 4.57326e-19 5.55417e-20 BessellV
56815.3 4.36483e-19 5.32263e-20 BessellV
56816.3 4.16581e-19 5.10057e-20 BessellV
56817.3 3.9758e-19 4.8876e-20 BessellV
56818.3 3.79438e-19 4.68336e-20 BessellV
56819.3 3.62117e-19 4.4875e-20 BessellV
56820.3 3.4558e-19 4.29969e-20 BessellV
56821.3 3.29792e-19 4.11959e-20 BessellV
56822.3 3.14719e-19 3.94691e-20 BessellV
56823.3 3.0033e-19 3.78133e-20 BessellV
56824.3 2.86594e-19 3.62259e-20 BessellV
56825.3 2.73481e-19 3.47039e-20 BessellV
56826.3 2.60963e-19 3.32448e-20 BessellV
56827.3 2.49013e-19 3.1846e-20 BessellV
56828.3 2.37607e-19 3.0505e-20 BessellV
56829.3 2.26719e-19 2.92196e-20 BessellV
56830.3 2.16326e-19 2.79874e-20 BessellV
56831.3 2.06405e-19 2.68064e-20 BessellV
56832.3 1.96937e-19 2.56744e-20 BessellV
56833.3 1.87899e-19 2.45894e-20 BessellV
56834.3 1.79273e-19 2.35496e-20 BessellV
56835.3 1.7104e-19 2.2553e-20 BessellV
56836.3 1.63183e-19 2.15979e-20 BessellV
56837.3 1.55683e-19 2.06826e-20 BessellV
56838.3 1.48526e-19 1.98056e-20 BessellV
56839.3 1.41696e-19 1.89651e-20 BessellV
56840.3 1.35177e-19 1.81598e-20 BessellV
56841.3 1.28956e-19 1.73881e-20 BessellV
56842.3 1.2302e-19 1.66488e-20 BessellV
56843.3 1.17355e-19 1.59404e-20 BessellV
56844.3 1.11948e-19 1.52617e-20 BessellV
56845.3 1.0679e-19 1.46115e-20 BessellV
56846.3 1.01867e-19 1.39886e-20 BessellV
56847.3 9.71694e-20 1.33918e-20 BessellV
56848.3 9.26871e-20 1.28202e-20 BessellV
56849.3 8.84103e-20 1.22726e-20 BessellV
56850.3 8.43294e-20 1.1748e-20 BessellV
56851.3 8.04356e-20 1.12456e-20 BessellV
56852.3 7.67205e-20 1.07644e-20 BessellV
56853.3 7.31758e-20 1.03034e-20 BessellV
56854.3 6.97938e-20 9.86198e-21 BessellV
56855.3 6.65671e-20 9.43917e-21 BessellV
56856.3 6.34886e-20 9.03425e-21 BessellV
56857.3 6.05515e-20 8.64646e-21 BessellV
56858.3 5.77495e-20 8.2751e-21 BessellV
56859.3 5.50763e-20 7.91947e-21 BessellV
56860.3 5.2526e-20 7.57893e-21 BessellV
56861.3 5.00931e-20 7.25284e-21 BessellV
56862.3 4.77722e-20 6.94061e-21 BessellV
56863.3 4.55582e-20 6.64164e-21 BessellV
56864.3 4.34461e-20 6.35538e-21 BessellV
56865.3 4.14314e-20 6.08131e-21 BessellV
56866.3 3.95095e-20 5.81891e-21 BessellV
56867.3 3.76762e-20 5.56769e-21 BessellV
56868.3 3.59275e-20 5.32718e-21 BessellV
56869.3 3.42594e-20 5.09693e-21 BessellV
56870.3 3.26684e-20 4.87652e-21 BessellV
56871.3 3.11508e-20 4.66552e-21 BessellV
56872.3 2.97032e-20 4.46354e-21 BessellV
56873.3 2.83226e-20 4.2702e-21 BessellV
56874.3 2.70058e-20 4.08513e-21 BessellV
56875.3 2.57498e-20 3.90799e-21 BessellV
56876.3 2.45519e-20 3.73844e-21 BessellV
56877.3 2.34094e-20 3.57617e-21 BessellV
56878.3 2.23198e-20 3.42085e-21 BessellV
56879.3 2.12806e-20 3.27221e-21 BessellV
56880.3 2.02895e-20 3.12995e-21 BessellV
56881.3 1.93443e-20 2.9938e-21 BessellV
56882.3 1.84429e-20 2.86351e-21 BessellV
56883.3 1.75833e-20 2.73883e-21 BessellV
56884.3 1.67636e-20 2.61951e-21 BessellV
56885.3 1.59818e-20 2.50534e-21 BessellV
56886.3 1.52363e-20 2.39609e-21 BessellV
56887.3 1.45254e-20 2.29155e-21 BessellV
56888.3 1.38475e-20 2.19152e-21 BessellV
56889.3 1.3201e-20 2.09581e-21 BessellV
56890.3 1.25846e-20 2.00424e-21 BessellV
56891.3 1.19968e-20 1.91663e-21 BessellV
56892.3 1.14363e-20 1.8328e-21 BessellV
56893.3 1.09019e-20 1.75261e-21 BessellV
56894.3 1.03923e-20 1.67588e-21 BessellV
56895.3 9.90638e-21 1.60248e-21 BessellV
56896.3 9.44309e-21 1.53227e-21 BessellV
56897.3 9.00136e-21 1.46509e-21 BessellV
56898.3 8.58019e-21 1.40084e-21 BessellV
56899.3 8.17862e-21 1.33937e-21 BessellV
56900.3 7.79575e-21 1.28057e-21 BessellV
56901.3 7.43072e-21 1.22433e-21 BessellV
56902.3 7.0827e-21 1.17054e-21 BessellV
56903.3 6.75089e-21 1.11908e-21 BessellV
56904.3 6.43456e-21 1.06987e-21 BessellV
56905.3 6.13297e-21 1.02279e-21 BessellV
56485.9 1.55395e-15 1.08227e-16 i
56486.9 1.76574e-15 1.15528e-16 i
56487.9 2.00641e-15 1.22752e-16 i
56488.9 2.2796e-15 1.29728e-16 i
56489.9 2.58921e-15 1.36244e-16 i
56490.9 2.93936e-15 1.42043e-16 i
56491.9 3.3342e-15 1.46821e-16 i
56492.9 3.77778e-15 1.50237e-16 i
56493.9 4.27378e-15 1.51922e-16 i
56494.9 4.82511e-15 1.51502e-16 i
56495.9 5.43349e-15 1.48637e-16 i
56496.9 6.09895e-15 1.43067e-16 i
56497.9 6.81924e-15 1.34672e-16 i
56498.9 7.58932e-15 1.23542e-16 i
56499.9 8.40094e-15 1.10032e-16 i
56500.9 9.24252e-15 9.48121e-17 i
56501.9 1.00993e-14 7.88814e-17 i
56502.9 1.0954e-14 6.35481e-17 i
56503.9 1.17878e-14 5.03533e-17 i
56504.9 1.2582e-14 4.08064e-17 i
56505.9 1.33192e-14 3.56355e-17 i
56506.9 1.39848e-14 3.39316e-17 i
56507.9 1.45683e-14 3.37462e-17 i
56508.9 1.50635e-14 3.36076e-17 i
56509.9 1.54686e-14 3.30452e-17 i
56510.9 1.57859e-14 3.22922e-17 i
56511.9 1.60207e-14 3.1847e-17 i
56512.9 1.61806e-14 3.20973e-17 i
56513.9 1.62745e-14 3.31021e-17 i
56514.9 1.63115e-14 3.46181e-17 i
56515.9 1.63009e-14 3.62834e-17 i
56516.9 1.6251e-14 3.77829e-17 i
56517.9 1.61695e-14 3.89202e-17 i
56518.9 1.60631e-14 3.96192e-17 i
56519.9 1.59373e-14 3.98989e-17 i
56520.9 1.57969e-14 3.9843e-17 i
56521.9 1.56455e-14 3.95724e-17 i
56522.9 1.54862e-14 3.92217e-17 i
56523.9 1.53214e-14 3.89205e-17 i
56524.9 1.51529e-14 3.87768e-17 i
56525.9 1.4982e-14 3.88662e-17 i
56526.9 1.48098e-14 3.92256e-17 i
56527.9 1.4637e-14 3.98546e-17 i
56528.9 1.4464e-14 4.07219e-17 i
56529.9 1.42912e-14 4.17757e-17 i
56530.9 1.41188e-14 4.29543e-17 i
56531.9 1.39468e-14 4.41947e-17 i
56532.9 1.37754e-14 4.54387e-17 i
56533.9 1.36045e-14 4.66366e-17 i
56534.9 1.3434e-14 4.7748e-17 i
56535.9 1.32638e-14 4.87423e-17 i
56536.9 1.3094e-14 4.95982e-17 i
56537.9 1.29244e-14 5.03024e-17 i
56538.9 1.27549e-14 5.08488e-17 i
56539.9 1.25854e-14 5.12376e-17 i
56540.9 1.2416e-14 5.14739e-17 i
56541.9 1.22466e-14 5.15676e-17 i
56542.9 1.2077e-14 5.15322e-17 i
56543.9 1.19074e-14 5.13844e-17 i
56544.9 1.17376e-14 5.11435e-17 i
56545.9 1.15677e-14 5.08309e-17 i
56546.9 1.13978e-14 5.04697e-17 i
56547.9 1.12277e-14 5.00841e-17 i
56548.9 1.10576e-14 4.9699e-17 i
56549.9 1.08875e-14 4.93394e-17 i
56550.9 1.07175e-14 4.90299e-17 i
56551.9 1.05475e-14 4.87936e-17 i
56552.9 1.03777e-14 4.8652e-17 i
56553.9 1.02081e-14 4.8624e-17 i
56554.9 1.00387e-14 4.87251e-17 i
56555.9 9.86979e-15 4.89674e-17 i
56556.9 9.70127e-15 4.93586e-17 i
56557.9 9.53326e-15 4.99023e-17 i
56558.9 9.36584e-15 5.05982e-17 i
56559.9 9.19909e-15 5.1442e-17 i
56560.9 9.03309e-15 5.24263e-17 i
56561.9 8.86791e-15 5.35409e-17 i
56562.9 8.70363e-15 5.47735e-17 i
56563.9 8.54033e-15 5.61106e-17 i
56564.9 8.37808e-15 5.75379e-17 i
56565.9 8.21696e-15 5.90406e-17 i
56566.9 8.05704e-15 6.06041e-17 i
56567.9 7.89838e-15 6.22144e-17 i
56568.9 7.74105e-15 6.38578e-17 i
56569.9 7.58512e-15 6.55218e-17 i
56570.9 7.43064e-15 6.71944e-17 i
56571.9 7.27767e-15 6.88648e-17 i
56572.9 7.12628e-15 7.05232e-17 i
56573.9 6.9765e-15 7.21606e-17 i
56574.9 6.8284e-15 7.37689e-17 i
56575.9 6.682e-15 7.5341e-17 i
56576.9 6.53737e-15 7.68704e-17 i
56577.9 6.39453e-15 7.83515e-17 i
56578.9 6.25353e-15 7.97796e-17 i
56579.9 6.11439e-15 8.11503e-17 i
56580.9 5.97714e-15 8.246e-17 i
56581.9 5.84182e-15 8.37057e-17 i
56582.9 5.70846e-15 8.48848e-17 i
56583.9 5.57706e-15 8.59954e-17 i
56584.9 5.44765e-15 8.70356e-17 i
56585.9 5.32024e-15 8.80044e-17 i
56586.9 5.19486e-15 8.89009e-17 i
56587.9 5.07151e-15 8.97244e-17 i
56588.9 4.95019e-15 9.04748e-17 i
56589.9 4.83092e-15 9.11522e-17 i
56590.9 4.71371e-15 9.17567e-17 i
56591.9 4.59854e-15 9.22888e-17 i
56592.9 4.48543e-15 9.27494e-17 i
56593.9 4.37436e-15 9.31393e-17 i
56594.9 4.26534e-15 9.34594e-17 i
56595.9 4.15837e-15 9.37111e-17 i
56596.9 4.05342e-15 9.38957e-17 i
56597.9 3.9505e-15 9.40145e-17 i
56598.9 3.84959e-15 9.40691e-17 i
56599.9 3.75069e-15 9.40611e-17 i
56600.9 3.65377e-15 9.39923e-17 i
56601.9 3.55882e-15 9.38644e-17 i
56602.9 3.46583e-15 9.36792e-17 i
56603.9 3.37478e-15 9.34385e-17 i
56604.9 3.28565e-15 9.31443e-17 i
56605.9 3.19842e-15 9.27984e-17 i
56606.9 3.11308e-15 9.24029e-17 i
56607.9 3.02959e-15 9.19596e-17 i
56608.9 2.94795e-15 9.14706e-17 i
56609.9 2.86812e-15 9.09377e-17 i
56610.9 2.79009e-15 9.03629e-17 i
56611.9 2.71383e-15 8.97483e-17 i
56612.9 2.63931e-15 8.90956e-17 i
56613.9 2.56652e-15 8.84068e-17 i
56614.9 2.49542e-15 8.76839e-17 i
56615.9 2.426e-15 8.69286e-17 i
56616.9 2.35822e-15 8.61428e-17 i
56617.9 2.29205e-15 8.53283e-17 i
56618.9 2.22749e-15 8.4487e-17 i
56619.9 2.16449e-15 8.36204e-17 i
56620.9 2.10303e-15 8.27304e-17 i
56621.9 2.04308e-15 8.18186e-17 i
56622.9 1.98462e-15 8.08866e-17 i
56623.9 1.92762e-15 7.99359e-17 i
56624.9 1.87205e-15 7.89683e-17 i
56625.9 1.81789e-15 7.7985e-17 i
56626.9 1.76511e-15 7.69877e-17 i
56627.9 1.71368e-15 7.59776e-17 i
56628.9 1.66358e-15 7.49563e-17 i
56629.9 1.61478e-15 7.39249e-17 i
56630.9 1.56725e-15 7.28848e-17 i
56631.9 1.52097e-15 7.18372e-17 i
56632.9 1.47591e-15 7.07832e-17 i
56633.9 1.43205e-15 6.97242e-17 i
56634.9 1.38936e-15 6.8661e-17 i
56635.9 1.34781e-15 6.75949e-17 i
56636.9 1.30738e-15 6.65268e-17 i
56637.9 1.26805e-15 6.54577e-17 i
56638.9 1.22979e-15 6.43885e-17 i
56639.9 1.19258e-15 6.33201e-17 i
56640.9 1.15639e-15 6.22533e-17 i
56641.9 1.1212e-15 6.11891e-17 i
56642.9 1.08699e-15 6.01281e-17 i
56643.9 1.05373e-15 5.90711e-17 i
56644.9 1.0214e-15 5.80187e-17 i
56645.9 9.89984e-16 5.69718e-17 i
56646.9 9.59452e-16 5.59307e-17 i
56647.9 9.29786e-16 5.48963e-17 i
56648.9 9.00965e-16 5.38689e-17 i
56649.9 8.72967e-16 5.28492e-17 i
56650.9 8.45773e-16 5.18377e-17 i
56651.9 8.19362e-16 5.08347e-17 i
56652.9 7.93715e-16 4.98408e-17 i
56653.9 7.68813e-16 4.88563e-17 i
56654.9 7.44635e-16 4.78816e-17 i
56655.9 7.21164e-16 4.69171e-17 i
56656.9 6.98382e-16 4.5963e-17 i
56657.9 6.7627e-16 4.50198e-17 i
56658.9 6.54812e-16 4.40876e-17 i
56659.9 6.33989e-16 4.31667e-17 i
56660.9 6.13785e-16 4.22573e-17 i
56661.9 5.94184e-16 4.13596e-17 i
56662.9 5.7517e-16 4.04739e-17 i
56663.9 5.56726e-16 3.96002e-17 i
56664.9 5.38837e-16 3.87388e-17 i
56665.9 5.21488e-16 3.78897e-17 i
56666.9 5.04665e-16 3.7053e-17 i
56667.9 4.88353e-16 3.62289e-17 i
56668.9 4.72538e-16 3.54174e-17 i
56669.9 4.57206e-16 3.46186e-17 i
56670.9 4.42343e-16 3.38325e-17 i
56671.9 4.27937e-16 3.30592e-17 i
56672.9 4.13975e-16 3.22986e-17 i
56673.9 4.00443e-16 3.15508e-17 i
56674.9 3.87331e-16 3.08157e-17 i
56675.9 3.74626e-16 3.00934e-17 i
56676.9 3.62316e-16 2.93838e-17 i
56677.9 3.5039e-16 2.86869e-17 i
56678.9 3.38837e-16 2.80026e-17 i
56679.9 3.27646e-16 2.73309e-17 i
56680.9 3.16807e-16 2.66716e-17 i
56681.9 3.0631e-16 2.60248e-17 i
56682.9 2.96143e-16 2.53903e-17 i
56683.9 2.86299e-16 2.47681e-17 i
56684.9 2.76766e-16 2.4158e-17 i
56685.9 2.67537e-16 2.35599e-17 i
56686.9 2.58601e-16 2.29737e-17 i
56687.9 2.49951e-16 2.23994e-17 i
56688.9 2.41578e-16 2.18368e-17 i
56689.9 2.33473e-16 2.12857e-17 i
56690.9 2.25628e-16 2.07461e-17 i
56691.9 2.18036e-16 2.02178e-17 i
56692.9 2.10689e-16 1.97006e-17 i
56693.9 2.03579e-16 1.91945e-17 i
56694.9 1.967e-16 1.86993e-17 i
56485.8 7.4776e-15 4.33066e-16 r
56486.8 8.03785e-15 4.38436e-16 r
56487.8 8.63353e-15 4.42039e-16 r
56488.8 9.26557e-15 4.43652e-16 r
56489.8 9.93463e-15 4.43053e-16 r
56490.8 1.06411e-14 4.40029e-16 r
56491.8 1.13849e-14 4.34385e-16 r
56492.8 1.21655e-14 4.25957e-16 r
56493.8 1.2982e-14 4.14619e-16 r
56494.8 1.38328e-14 4.00303e-16 r
56495.8 1.47154e-14 3.8301e-16 r
56496.8 1.5627e-14 3.62832e-16 r
56497.8 1.65635e-14 3.39968e-16 r
56498.8 1.75203e-14 3.14746e-16 r
56499.8 1.84919e-14 2.87653e-16 r
56500.8 1.94718e-14 2.59362e-16 r
56501.8 2.04528e-14 2.30778e-16 r
56502.8 2.1427e-14 2.03093e-16 r
56503.8 2.23859e-14 1.7784e-16 r
56504.8 2.33205e-14 1.5689e-16 r
56505.8 2.42216e-14 1.42202e-16 r
56506.8 2.50801e-14 1.35113e-16 r
56507.8 2.58869e-14 1.35444e-16 r
56508.8 2.66337e-14 1.41363e-16 r
56509.8 2.73128e-14 1.50299e-16 r
56510.8 2.79173e-14 1.59937e-16 r
56511.8 2.84418e-14 1.68609e-16 r
56512.8 2.8882e-14 1.75289e-16 r
56513.8 2.9235e-14 1.79459e-16 r
56514.8 2.94995e-14 1.80987e-16 r
56515.8 2.96755e-14 1.80027e-16 r
56516.8 2.97644e-14 1.76953e-16 r
56517.8 2.97688e-14 1.72291e-16 r
56518.8 2.96924e-14 1.66669e-16 r
56519.8 2.95397e-14 1.60761e-16 r
56520.8 2.93162e-14 1.55221e-16 r
56521.8 2.90275e-14 1.50623e-16 r
56522.8 2.86799e-14 1.47388e-16 r
56523.8 2.82797e-14 1.45733e-16 r
56524.8 2.78331e-14 1.45657e-16 r
56525.8 2.73464e-14 1.46969e-16 r
56526.8 2.68256e-14 1.49351e-16 r
56527.8 2.62763e-14 1.52429e-16 r
56528.8 2.57039e-14 1.55837e-16 r
56529.8 2.51134e-14 1.59255e-16 r
56530.8 2.45091e-14 1.62427e-16 r
56531.8 2.38953e-14 1.65163e-16 r
56532.8 2.32755e-14 1.67334e-16 r
56533.8 2.26531e-14 1.68863e-16 r
56534.8 2.20308e-14 1.69714e-16 r
56535.8 2.14113e-14 1.69884e-16 r
56536.8 2.07966e-14 1.69394e-16 r
56537.8 2.01885e-14 1.68279e-16 r
56538.8 1.95887e-14 1.66589e-16 r
56539.8 1.89984e-14 1.64376e-16 r
56540.8 1.84188e-14 1.617e-16 r
56541.8 1.78506e-14 1.58619e-16 r
56542.8 1.72946e-14 1.55192e-16 r
56543.8 1.67513e-14 1.51473e-16 r
56544.8 1.62211e-14 1.47515e-16 r
56545.8 1.57043e-14 1.43367e-16 r
56546.8 1.5201e-14 1.39072e-16 r
56547.8 1.47114e-14 1.34673e-16 r
56548.8 1.42355e-14 1.30204e-16 r
56549.8 1.37731e-14 1.25697e-16 r
56550.8 1.33242e-14 1.21182e-16 r
56551.8 1.28887e-14 1.16683e-16 r
56552.8 1.24663e-14 1.12221e-16 r
56553.8 1.20568e-14 1.07814e-16 r
56554.8 1.166e-14 1.03478e-16 r
56555.8 1.12757e-14 9.92265e-17 r
56556.8 1.09035e-14 9.50693e-17 r
56557.8 1.05432e-14 9.10154e-17 r
56558.8 1.01944e-14 8.70717e-17 r
56559.8 9.85693e-15 8.32435e-17 r
56560.8 9.5304e-15 7.95346e-17 r
56561.8 9.21453e-15 7.59479e-17 r
56562.8 8.90901e-15 7.2485e-17 r
56563.8 8.61353e-15 6.91468e-17 r
56564.8 8.32781e-15 6.59331e-17 r
56565.8 8.05154e-15 6.28434e-17 r
56566.8 7.78443e-15 5.98765e-17 r
56567.8 7.5262e-15 5.70308e-17 r
56568.8 7.27657e-15 5.43042e-17 r
56569.8 7.03526e-15 5.16943e-17 r
56570.8 6.802e-15 4.91987e-17 r
56571.8 6.57654e-15 4.68145e-17 r
56572.8 6.35862e-15 4.45389e-17 r
56573.8 6.14799e-15 4.23687e-17 r
56574.8 5.94442e-15 4.0301e-17 r
56575.8 5.74766e-15 3.83325e-17 r
56576.8 5.5575e-15 3.646e-17 r
56577.8 5.37371e-15 3.46805e-17 r
56578.8 5.19608e-15 3.29907e-17 r
56579.8 5.02441e-15 3.13876e-17 r
56580.8 4.85849e-15 2.98681e-17 r
56581.8 4.69814e-15 2.84291e-17 r
56582.8 4.54315e-15 2.70676e-17 r
56583.8 4.39336e-15 2.57808e-17 r
56584.8 4.24859e-15 2.45658e-17 r
56585.8 4.10866e-15 2.34198e-17 r
56586.8 3.97342e-15 2.234e-17 r
56587.8 3.84271e-15 2.13239e-17 r
56588.8 3.71636e-15 2.03688e-17 r
56589.8 3.59424e-15 1.94721e-17 r
56590.8 3.47621e-15 1.86313e-17 r
56591.8 3.36211e-15 1.7844e-17 r
56592.8 3.25182e-15 1.71078e-17 r
56593.8 3.14522e-15 1.64203e-17 r
56594.8 3.04217e-15 1.57792e-17 r
56595.8 2.94255e-15 1.5182e-17 r
56596.8 2.84626e-15 1.46267e-17 r
56597.8 2.75317e-15 1.41109e-17 r
56598.8 2.66318e-15 1.36324e-17 r
56599.8 2.57618e-15 1.31891e-17 r
56600.8 2.49208e-15 1.27788e-17 r
56601.8 2.41076e-15 1.23994e-17 r
56602.8 2.33215e-15 1.20488e-17 r
56603.8 2.25615e-15 1.17251e-17 r
56604.8 2.18267e-15 1.14263e-17 r
56605.8 2.11162e-15 1.11505e-17 r
56606.8 2.04293e-15 1.0896e-17 r
56607.8 1.97651e-15 1.06609e-17 r
56608.8 1.91229e-15 1.04436e-17 r
56609.8 1.85019e-15 1.02425e-17 r
56610.8 1.79014e-15 1.00561e-17 r
56611.8 1.73208e-15 9.88306e-18 r
56612.8 1.67593e-15 9.72202e-18 r
56613.8 1.62163e-15 9.57175e-18 r
56614.8 1.56913e-15 9.43113e-18 r
56615.8 1.51835e-15 9.2991e-18 r
56616.8 1.46924e-15 9.17471e-18 r
56617.8 1.42175e-15 9.05707e-18 r
56618.8 1.37583e-15 8.94537e-18 r
56619.8 1.33141e-15 8.83889e-18 r
56620.8 1.28845e-15 8.73698e-18 r
56621.8 1.2469e-15 8.63903e-18 r
56622.8 1.20671e-15 8.54452e-18 r
56623.8 1.16784e-15 8.45297e-18 r
56624.8 1.13024e-15 8.36395e-18 r
56625.8 1.09388e-15 8.2771e-18 r
56626.8 1.0587e-15 8.19207e-18 r
56627.8 1.02467e-15 8.10858e-18 r
56628.8 9.9176e-16 8.02638e-18 r
56629.8 9.59921e-16 7.94523e-18 r
56630.8 9.2912e-16 7.86496e-18 r
56631.8 8.99325e-16 7.78538e-18 r
56632.8 8.70501e-16 7.70636e-18 r
56633.8 8.42615e-16 7.62777e-18 r
56634.8 8.15638e-16 7.54952e-18 r
56635.8 7.89539e-16 7.47152e-18 r
56636.8 7.64288e-16 7.39369e-18 r
56637.8 7.39858e-16 7.31599e-18 r
56638.8 7.16221e-16 7.23836e-18 r
56639.8 6.93352e-16 7.16078e-18 r
56640.8 6.71224e-16 7.08321e-18 r
56641.8 6.49814e-16 7.00564e-18 r
56642.8 6.29098e-16 6.92806e-18 r
56643.8 6.09052e-16 6.85047e-18 r
56644.8 5.89656e-16 6.77285e-18 r
56645.8 5.70886e-16 6.69523e-18 r
56646.8 5.52724e-16 6.6176e-18 r
56647.8 5.35148e-16 6.53999e-18 r
56648.8 5.1814e-16 6.4624e-18 r
56649.8 5.01681e-16 6.38485e-18 r
56485.9 1.08299e-13 1.81394e-15 u
56486.9 1.03802e-13 1.6796e-15 u
56487.9 9.94574e-14 1.55308e-15 u
56488.9 9.52617e-14 1.43406e-15 u
56489.9 9.12101e-14 1.32226e-15 u
56490.9 8.72985e-14 1.2174e-15 u
56491.9 8.35229e-14 1.11921e-15 u
56492.9 7.98794e-14 1.02744e-15 u
56493.9 7.63641e-14 9.41852e-16 u
56494.9 7.29733e-14 8.62235e-16 u
56495.9 6.97034e-14 7.88381e-16 u
56496.9 6.65507e-14 7.20102e-16 u
56497.9 6.35119e-14 6.57225e-16 u
56498.9 6.05837e-14 5.99594e-16 u
56499.9 5.77626e-14 5.47065e-16 u
56500.9 5.50456e-14 4.99507e-16 u
56501.9 5.24295e-14 4.56795e-16 u
56502.9 4.99114e-14 4.18807e-16 u
56503.9 4.74882e-14 3.85408e-16 u
56504.9 4.51571e-14 3.56449e-16 u
56505.9 4.29153e-14 3.31741e-16 u
56506.9 4.07601e-14 3.11052e-16 u
56507.9 3.86889e-14 2.94092e-16 u
56508.9 3.6699e-14 2.80513e-16 u
56509.9 3.4788e-14 2.69914e-16 u
56510.9 3.29535e-14 2.61859e-16 u
56511.9 3.11929e-14 2.559e-16 u
56512.9 2.95042e-14 2.51597e-16 u
56513.9 2.78849e-14 2.48542e-16 u
56514.9 2.63329e-14 2.46372e-16 u
56515.9 2.48461e-14 2.44772e-16 u
56516.9 2.34224e-14 2.43484e-16 u
56517.9 2.20598e-14 2.42299e-16 u
56518.9 2.07563e-14 2.41053e-16 u
56519.9 1.95101e-14 2.39621e-16 u
56520.9 1.83192e-14 2.37911e-16 u
56521.9 1.7182e-14 2.3586e-16 u
56522.9 1.60965e-14 2.33424e-16 u
56523.9 1.50612e-14 2.30579e-16 u
56524.9 1.40743e-14 2.27313e-16 u
56525.9 1.31342e-14 2.23628e-16 u
56526.9 1.22395e-14 2.1953e-16 u
56527.9 1.13885e-14 2.15036e-16 u
56528.9 1.05798e-14 2.10165e-16 u
56529.9 9.81196e-15 2.0494e-16 u
56530.9 9.08356e-15 1.99387e-16 u
56531.9 8.39326e-15 1.93535e-16 u
56532.9 7.73973e-15 1.87413e-16 u
56533.9 7.1217e-15 1.81049e-16 u
56534.9 6.53793e-15 1.74475e-16 u
56535.9 5.98719e-15 1.67719e-16 u
56536.9 5.46833e-15 1.60811e-16 u
56537.9 4.9802e-15 1.53781e-16 u
56538.9 4.52169e-15 1.46656e-16 u
56539.9 4.09173e-15 1.39464e-16 u
56540.9 3.68927e-15 1.32232e-16 u
56541.9 3.31329e-15 1.24985e-16 u
56542.9 2.96282e-15 1.17748e-16 u
56543.9 2.6369e-15 1.10545e-16 u
56544.9 2.33458e-15 1.03398e-16 u
56545.9 2.05498e-15 9.63305e-17 u
56546.9 1.79721e-15 8.93627e-17 u
56547.9 1.56042e-15 8.25151e-17 u
56548.9 1.34378e-15 7.58073e-17 u
56549.9 1.14648e-15 6.92582e-17 u
56550.9 9.67729e-16 6.28864e-17 u
56551.9 8.06774e-16 5.67101e-17 u
56552.9 6.62866e-16 5.07477e-17 u
56553.9 5.35278e-16 4.50181e-17 u
56554.9 4.23304e-16 3.95415e-17 u
56555.9 3.26253e-16 3.43406e-17 u
56556.9 2.43449e-16 2.94424e-17 u
56557.9 1.74234e-16 2.48819e-17 u
56558.9 1.1796e-16 2.07083e-17 u
56559.9 7.39957e-17 1.69952e-17 u
56560.9 4.17187e-17 1.38588e-17 u
56561.9 2.0518e-17 1.14742e-17 u
56562.9 9.79211e-18 1.00517e-17 u
56563.9 8.94765e-18 9.69426e-18 u
56564.9 1.73984e-17 1.02318e-17 u
56565.9 3.45642e-17 1.1308e-17 u
56566.9 5.98696e-17 1.26004e-17 u
56567.9 9.27431e-17 1.39018e-17 u
56568.9 1.32616e-16 1.50952e-17 u
56569.9 1.78921e-16 1.6119e-17 u
56570.9 2.31091e-16 1.69442e-17 u
56571.9 2.88562e-16 1.75628e-17 u
56572.9 3.50765e-16 1.79823e-17 u
56573.9 4.17133e-16 1.82237e-17 u
56574.9 4.87095e-16 1.83211e-17 u
56575.9 5.60083e-16 1.83225e-17 u
56576.9 6.35521e-16 1.82905e-17 u
56577.9 7.12838e-16 1.83013e-17 u
56578.9 7.91458e-16 1.8441e-17 u
56579.9 8.70811e-16 1.87973e-17 u
56580.9 9.50324e-16 1.94476e-17 u
56581.9 1.02943e-15 2.04453e-17 u
56582.9 1.10758e-15 2.18114e-17 u
56583.9 1.1842e-15 2.3534e-17 u
56584.9 1.25878e-15 2.5575e-17 u
56585.9 1.33079e-15 2.78793e-17 u
56586.9 1.39971e-15 3.03838e-17 u
56587.9 1.46509e-15 3.3023e-17 u
56588.9 1.52647e-15 3.57326e-17 u
56589.9 1.58343e-15 3.84515e-17 u
56590.9 1.63559e-15 4.11227e-17 u
56591.9 1.68263e-15 4.3694e-17 u
56592.9 1.72425e-15 4.61187e-17 u
56593.9 1.7602e-15 4.83563e-17 u
56594.9 1.79032e-15 5.03724e-17 u
56595.9 1.81445e-15 5.21402e-17 u
56596.9 1.83252e-15 5.36403e-17 u
56597.9 1.84453e-15 5.48612e-17 u
56598.9 1.85051e-15 5.57998e-17 u
56599.9 1.85055e-15 5.6461e-17 u
56600.9 1.8448e-15 5.68577e-17 u
56601.9 1.83348e-15 5.701e-17 u
56602.9 1.81682e-15 5.69444e-17 u
56603.9 1.79511e-15 5.66927e-17 u
56604.9 1.76869e-15 5.62906e-17 u
56605.9 1.73791e-15 5.57757e-17 u
56606.9 1.70314e-15 5.51864e-17 u
56607.9 1.66478e-15 5.4559e-17 u
56608.9 1.62325e-15 5.39267e-17 u
56609.9 1.57896e-15 5.33175e-17 u
56610.9 1.53232e-15 5.27529e-17 u
56611.9 1.48373e-15 5.22474e-17 u
56612.9 1.43359e-15 5.18081e-17 u
56613.9 1.38228e-15 5.14347e-17 u
56614.9 1.33015e-15 5.11211e-17 u
56615.9 1.27755e-15 5.08559e-17 u
56616.9 1.22478e-15 5.06242e-17 u
56617.9 1.17214e-15 5.04093e-17 u
56618.9 1.11988e-15 5.01937e-17 u
56619.9 1.06824e-15 4.99605e-17 u
56620.9 1.01743e-15 4.96942e-17 u
56621.9 9.67616e-16 4.93815e-17 u
56622.9 9.18966e-16 4.90115e-17 u
56623.9 8.71606e-16 4.85758e-17 u
56624.9 8.25645e-16 4.80689e-17 u
56625.9 7.81168e-16 4.74873e-17 u
56626.9 7.38244e-16 4.68302e-17 u
56627.9 6.96919e-16 4.60984e-17 u
56628.9 6.57228e-16 4.52944e-17 u
56629.9 6.19188e-16 4.44221e-17 u
56630.9 5.82804e-16 4.34865e-17 u
56631.9 5.48071e-16 4.24934e-17 u
56632.9 5.14971e-16 4.14489e-17 u
56633.9 4.83481e-16 4.03597e-17 u
56634.9 4.53569e-16 3.92325e-17 u
56635.9 4.25197e-16 3.80742e-17 u
56636.9 3.98323e-16 3.68914e-17 u
56637.9 3.72901e-16 3.56904e-17 u
56638.9 3.48881e-16 3.44775e-17 u
56639.9 3.26212e-16 3.32584e-17 u
56640.9 3.04842e-16 3.20386e-17 u
56641.9 2.84716e-16 3.08229e-17 u
56642.9 2.65779e-16 2.96159e-17 u
56643.9 2.47978e-16 2.84217e-17 u
56644.9 2.31259e-16 2.72439e-17 u
