54403.1 7.03273e-15 1.41057e-16 BessellU
54404.1 6.82936e-15 1.25041e-16 BessellU
54405.1 6.62689e-15 1.10123e-16 BessellU
54406.1 6.42543e-15 9.62768e-17 BessellU
54407.1 6.2251e-15 8.34765e-17 BessellU
54408.1 6.026e-15 7.16945e-17 BessellU
54409.1 5.82824e-15 6.09024e-17 BessellU
54410.1 5.63193e-15 5.10714e-17 BessellU
54411.1 5.43718e-15 4.21723e-17 BessellU
54412.1 5.2441e-15 3.41763e-17 BessellU
54413.1 5.05281e-15 2.70558e-17 BessellU
54414.1 4.86342e-15 2.07874e-17 BessellU
54415.1 4.67605e-15 1.53567e-17 BessellU
54416.1 4.49081e-15 1.07736e-17 BessellU
54417.1 4.30781e-15 7.11741e-18 BessellU
54418.1 4.12718e-15 4.66867e-18 BessellU
54419.1 3.94903e-15 3.95043e-18 BessellU
54420.1 3.77348e-15 4.65149e-18 BessellU
54421.1 3.60064e-15 5.69319e-18 BessellU
54422.1 3.43062e-15 6.55676e-18 BessellU
54423.1 3.26355e-15 7.10935e-18 BessellU
54424.1 3.09954e-15 7.34542e-18 BessellU
54425.1 2.9387e-15 7.31182e-18 BessellU
54426.1 2.78115e-15 7.09244e-18 BessellU
54427.1 2.627e-15 6.81193e-18 BessellU
54428.1 2.47635e-15 6.64039e-18 BessellU
54429.1 2.32932e-15 6.77253e-18 BessellU
54430.1 2.18603e-15 7.35814e-18 BessellU
54431.1 2.04656e-15 8.43175e-18 BessellU
54432.1 1.91104e-15 9.92471e-18 BessellU
54433.1 1.77955e-15 1.17313e-17 BessellU
54434.1 1.65221e-15 1.37528e-17 BessellU
54435.1 1.52911e-15 1.59091e-17 BessellU
54436.1 1.41036e-15 1.81362e-17 BessellU
54437.1 1.29603e-15 2.03823e-17 BessellU
54438.1 1.18623e-15 2.26043e-17 BessellU
54439.1 1.08104e-15 2.47668e-17 BessellU
54440.1 9.80555e-16 2.68409e-17 BessellU
54441.1 8.8485e-16 2.88047e-17 BessellU
54442.1 7.94007e-16 3.06442e-17 BessellU
54443.1 7.08104e-16 3.23548e-17 BessellU
54444.1 6.27214e-16 3.39433e-17 BessellU
54445.1 5.51408e-16 3.54308e-17 BessellU
54446.1 4.80751e-16 3.68558e-17 BessellU
54447.1 4.15307e-16 3.82776e-17 BessellU
54448.1 3.55135e-16 3.97791e-17 BessellU
54449.1 3.00291e-16 4.14687e-17 BessellU
54450.1 2.50827e-16 4.34787e-17 BessellU
54451.1 2.06791e-16 4.59607e-17 BessellU
54452.1 1.68227e-16 4.90757e-17 BessellU
54453.1 1.35175e-16 5.29818e-17 BessellU
54454.1 1.0767e-16 5.78225e-17 BessellU
54455.1 8.57462e-17 6.37181e-17 BessellU
54456.1 6.94297e-17 7.07628e-17 BessellU
54457.1 5.87448e-17 7.90272e-17 BessellU
54458.1 5.37109e-17 8.85632e-17 BessellU
54459.1 5.43433e-17 9.94107e-17 BessellU
54460.1 6.06532e-17 1.11602e-16 BessellU
54461.1 7.26476e-17 1.25165e-16 BessellU
54462.1 9.03291e-17 1.40127e-16 BessellU
54463.1 1.13696e-16 1.56516e-16 BessellU
54464.1 1.42744e-16 1.7436e-16 BessellU
54465.1 1.77462e-16 1.93689e-16 BessellU
54466.1 2.17836e-16 2.14533e-16 BessellU
54467.1 2.63849e-16 2.36922e-16 BessellU
54468.1 3.15478e-16 2.60888e-16 BessellU
54469.1 3.72698e-16 2.86464e-16 BessellU
54470.1 4.35478e-16 3.1368e-16 BessellU
54471.1 5.03785e-16 3.4257e-16 BessellU
54400.9 4.51964e-16 2.38385e-17 BessellI
54401.9 4.51749e-16 2.26205e-17 BessellI
54402.9 4.51507e-16 2.14394e-17 BessellI
54403.9 4.51238e-16 2.02967e-17 BessellI
54404.9 4.5094e-16 1.91941e-17 BessellI
54405.9 4.50613e-16 1.81335e-17 BessellI
54406.9 4.50254e-16 1.71165e-17 BessellI
54407.9 4.49864e-16 1.61452e-17 BessellI
54408.9 4.4944e-16 1.52214e-17 BessellI
54409.9 4.48981e-16 1.43472e-17 BessellI
54410.9 4.48487e-16 1.35247e-17 BessellI
54411.9 4.47956e-16 1.27557e-17 BessellI
54412.9 4.47388e-16 1.20421e-17 BessellI
54413.9 4.4678e-16 1.13858e-17 BessellI
54414.9 4.46132e-16 1.0788e-17 BessellI
54415.9 4.45443e-16 1.02497e-17 BessellI
54416.9 4.44712e-16 9.77134e-18 BessellI
54417.9 4.43937e-16 9.35244e-18 BessellI
54418.9 4.43118e-16 8.99175e-18 BessellI
54419.9 4.42253e-16 8.687e-18 BessellI
54420.9 4.41342e-16 8.43491e-18 BessellI
54421.9 4.40383e-16 8.23124e-18 BessellI
54422.9 4.39376e-16 8.07097e-18 BessellI
54423.9 4.3832e-16 7.94845e-18 BessellI
54424.9 4.37213e-16 7.85768e-18 BessellI
54425.9 4.36055e-16 7.79257e-18 BessellI
54426.9 4.34846e-16 7.74713e-18 BessellI
54427.9 4.33584e-16 7.7157e-18 BessellI
54428.9 4.32268e-16 7.69309e-18 BessellI
54429.9 4.30898e-16 7.6746e-18 BessellI
54430.9 4.29474e-16 7.65613e-18 BessellI
54431.9 4.27994e-16 7.63414e-18 BessellI
54432.9 4.26458e-16 7.60565e-18 BessellI
54433.9 4.24866e-16 7.56822e-18 BessellI
54434.9 4.23217e-16 7.51986e-18 BessellI
54435.9 4.21511e-16 7.45903e-18 BessellI
54436.9 4.19747e-16 7.38459e-18 BessellI
54437.9 4.17925e-16 7.29573e-18 BessellI
54438.9 4.16045e-16 7.19196e-18 BessellI
54439.9 4.14106e-16 7.07306e-18 BessellI
54440.9 4.12108e-16 6.93905e-18 BessellI
54441.9 4.10052e-16 6.79017e-18 BessellI
54442.9 4.07937e-16 6.62685e-18 BessellI
54443.9 4.05763e-16 6.44969e-18 BessellI
54444.9 4.0353e-16 6.25944e-18 BessellI
54445.9 4.01239e-16 6.05701e-18 BessellI
54446.9 3.98889e-16 5.84341e-18 BessellI
54447.9 3.96481e-16 5.61979e-18 BessellI
54448.9 3.94016e-16 5.38741e-18 BessellI
54449.9 3.91492e-16 5.14765e-18 BessellI
54450.9 3.88911e-16 4.90197e-18 BessellI
54451.9 3.86274e-16 4.65199e-18 BessellI
54452.9 3.8358e-16 4.3994e-18 BessellI
54453.9 3.80831e-16 4.14606e-18 BessellI
54454.9 3.78027e-16 3.89396e-18 BessellI
54455.9 3.75168e-16 3.64524e-18 BessellI
54456.9 3.72256e-16 3.40226e-18 BessellI
54457.9 3.69291e-16 3.16756e-18 BessellI
54458.9 3.66275e-16 2.94392e-18 BessellI
54459.9 3.63207e-16 2.73438e-18 BessellI
54460.9 3.6009e-16 2.54215e-18 BessellI
54461.9 3.56924e-16 2.37056e-18 BessellI
54462.9 3.5371e-16 2.22286e-18 BessellI
54463.9 3.50449e-16 2.10184e-18 BessellI
54464.9 3.47143e-16 2.00948e-18 BessellI
54465.9 3.43793e-16 1.9464e-18 BessellI
54466.9 3.404e-16 1.91162e-18 BessellI
54467.9 3.36966e-16 1.90245e-18 BessellI
54468.9 3.33492e-16 1.91485e-18 BessellI
54469.9 3.29979e-16 1.94398e-18 BessellI
54470.9 3.2643e-16 1.98476e-18 BessellI
54471.9 3.22845e-16 2.03238e-18 BessellI
54472.9 3.19226e-16 2.08254e-18 BessellI
54473.9 3.15576e-16 2.13161e-18 BessellI
54474.9 3.11895e-16 2.17665e-18 BessellI
54475.9 3.08186e-16 2.21541e-18 BessellI
54476.9 3.0445e-16 2.24623e-18 BessellI
54477.9 3.00689e-16 2.26804e-18 BessellI
54478.9 2.96905e-16 2.28035e-18 BessellI
54479.9 2.93101e-16 2.28317e-18 BessellI
54480.9 2.89277e-16 2.27713e-18 BessellI
54481.9 2.85436e-16 2.26343e-18 BessellI
54482.9 2.81581e-16 2.24395e-18 BessellI
54483.9 2.77712e-16 2.22131e-18 BessellI
54484.9 2.73832e-16 2.19891e-18 BessellI
54485.9 2.69944e-16 2.18098e-18 BessellI
54486.9 2.66049e-16 2.17251e-18 BessellI
54487.9 2.62149e-16 2.17905e-18 BessellI
54488.9 2.58247e-16 2.20636e-18 BessellI
54489.9 2.54345e-16 2.25985e-18 BessellI
54490.9 2.50444e-16 2.34399e-18 BessellI
54491.9 2.46547e-16 2.46182e-18 BessellI
54492.9 2.42656e-16 2.61472e-18 BessellI
54493.9 2.38773e-16 2.80252e-18 BessellI
54494.9 2.34901e-16 3.02383e-18 BessellI
54495.9 2.31041e-16 3.27647e-18 BessellI
54496.9 2.27194e-16 3.55782e-18 BessellI
54497.9 2.23365e-16 3.86514e-18 BessellI
54498.9 2.19553e-16 4.19571e-18 BessellI
54499.9 2.15762e-16 4.54695e-18 BessellI
54500.9 2.11992e-16 4.91644e-18 BessellI
54501.9 2.08247e-16 5.3019e-18 BessellI
54502.9 2.04527e-16 5.70126e-18 BessellI
54503.9 2.00835e-16 6.11255e-18 BessellI
54504.9 1.97172e-16 6.53394e-18 BessellI
54505.9 1.93539e-16 6.96372e-18 BessellI
54506.9 1.89939e-16 7.40027e-18 BessellI
54507.9 1.86372e-16 7.84205e-18 BessellI
54508.9 1.82841e-16 8.28762e-18 BessellI
54509.9 1.79346e-16 8.7356e-18 BessellI
54510.9 1.75889e-16 9.18468e-18 BessellI
54511.9 1.72471e-16 9.63364e-18 BessellI
54512.9 1.69094e-16 1.00813e-17 BessellI
54400.3 1.29371e-15 3.44719e-16 BessellB
54401.3 1.35438e-15 3.35469e-16 BessellB
54402.3 1.41616e-15 3.24553e-16 BessellB
54403.3 1.47874e-15 3.11946e-16 BessellB
54404.3 1.54178e-15 2.97657e-16 BessellB
54405.3 1.60486e-15 2.81732e-16 BessellB
54406.3 1.66751e-15 2.64262e-16 BessellB
54407.3 1.72922e-15 2.45387e-16 BessellB
54408.3 1.7894e-15 2.25301e-16 BessellB
54409.3 1.84746e-15 2.04251e-16 BessellB
54410.3 1.90273e-15 1.82538e-16 BessellB
54411.3 1.95457e-15 1.60508e-16 BessellB
54412.3 2.00231e-15 1.3854e-16 BessellB
54413.3 2.04532e-15 1.17037e-16 BessellB
54414.3 2.08301e-15 9.64028e-17 BessellB
54415.3 2.11484e-15 7.70309e-17 BessellB
54416.3 2.14037e-15 5.9288e-17 BessellB
54417.3 2.15926e-15 4.35195e-17 BessellB
54418.3 2.17129e-15 3.00944e-17 BessellB
54419.3 2.17634e-15 1.95786e-17 BessellB
54420.3 2.17443e-15 1.31875e-17 BessellB
54421.3 2.1657e-15 1.22316e-17 BessellB
54422.3 2.15038e-15 1.46042e-17 BessellB
54423.3 2.12881e-15 1.7286e-17 BessellB
54424.3 2.10141e-15 1.91699e-17 BessellB
54425.3 2.06866e-15 2.00545e-17 BessellB
54426.3 2.03108e-15 2.00175e-17 BessellB
54427.3 1.98922e-15 1.92264e-17 BessellB
54428.3 1.94363e-15 1.78742e-17 BessellB
54429.3 1.89488e-15 1.61547e-17 BessellB
54430.3 1.84351e-15 1.42513e-17 BessellB
54431.3 1.79006e-15 1.23341e-17 BessellB
54432.3 1.735e-15 1.05595e-17 BessellB
54433.3 1.67881e-15 9.06833e-18 BessellB
54434.3 1.62191e-15 7.97302e-18 BessellB
54435.3 1.56468e-15 7.3261e-18 BessellB
54436.3 1.50747e-15 7.08807e-18 BessellB
54437.3 1.45059e-15 7.13986e-18 BessellB
54438.3 1.39431e-15 7.34149e-18 BessellB
54439.3 1.33886e-15 7.58244e-18 BessellB
54440.3 1.28445e-15 7.79632e-18 BessellB
54441.3 1.23124e-15 7.95414e-18 BessellB
54442.3 1.17937e-15 8.05303e-18 BessellB
54443.3 1.12897e-15 8.10665e-18 BessellB
54444.3 1.08012e-15 8.1379e-18 BessellB
54445.3 1.0329e-15 8.17309e-18 BessellB
54446.3 9.87347e-16 8.23717e-18 BessellB
54447.3 9.43509e-16 8.34961e-18 BessellB
54448.3 9.01405e-16 8.5217e-18 BessellB
54449.3 8.61041e-16 8.75542e-18 BessellB
54450.3 8.22418e-16 9.04421e-18 BessellB
54451.3 7.85521e-16 9.3751e-18 BessellB
54452.3 7.50334e-16 9.73132e-18 BessellB
54453.3 7.16828e-16 1.00948e-17 BessellB
54454.3 6.84973e-16 1.04478e-17 BessellB
54455.3 6.54733e-16 1.07743e-17 BessellB
54456.3 6.26067e-16 1.10605e-17 BessellB
54457.3 5.98933e-16 1.12952e-17 BessellB
54458.3 5.73285e-16 1.14695e-17 BessellB
54459.3 5.49078e-16 1.15772e-17 BessellB
54460.3 5.26264e-16 1.16145e-17 BessellB
54461.3 5.04794e-16 1.15798e-17 BessellB
54462.3 4.84618e-16 1.14742e-17 BessellB
54463.3 4.65689e-16 1.13011e-17 BessellB
54464.3 4.47958e-16 1.1067e-17 BessellB
54465.3 4.31377e-16 1.07818e-17 BessellB
54466.3 4.15897e-16 1.04594e-17 BessellB
54467.3 4.01473e-16 1.01189e-17 BessellB
54468.3 3.88059e-16 9.78523e-18 BessellB
54469.3 3.7561e-16 9.49058e-18 BessellB
54470.3 3.64082e-16 9.27397e-18 BessellB
54471.3 3.53433e-16 9.17962e-18 BessellB
54472.3 3.43621e-16 9.25232e-18 BessellB
54473.3 3.34608e-16 9.5303e-18 BessellB
54474.3 3.26353e-16 1.00383e-17 BessellB
54475.3 3.18819e-16 1.07841e-17 BessellB
54476.3 3.11971e-16 1.17608e-17 BessellB
54477.3 3.05773e-16 1.29515e-17 BessellB
54478.3 3.00192e-16 1.43358e-17 BessellB
54479.3 2.95195e-16 1.58929e-17 BessellB
54480.3 2.90751e-16 1.76044e-17 BessellB
54481.3 2.8683e-16 1.94542e-17 BessellB
54482.3 2.83403e-16 2.14291e-17 BessellB
54483.3 2.80442e-16 2.35179e-17 BessellB
54484.3 2.77921e-16 2.57116e-17 BessellB
54485.3 2.75815e-16 2.80023e-17 BessellB
54486.3 2.74098e-16 3.03834e-17 BessellB
54487.3 2.72748e-16 3.2849e-17 BessellB
54488.3 2.71742e-16 3.53941e-17 BessellB
54489.3 2.71058e-16 3.8014e-17 BessellB
54490.3 2.70676e-16 4.07046e-17 BessellB
54491.3 2.70576e-16 4.3462e-17 BessellB
54492.3 2.70739e-16 4.62826e-17 BessellB
54493.3 2.71148e-16 4.9163e-17 BessellB
54494.3 2.71785e-16 5.21e-17 BessellB
54495.3 2.72634e-16 5.50903e-17 BessellB
54496.3 2.73679e-16 5.81311e-17 BessellB
54497.3 2.74905e-16 6.12194e-17 BessellB
54498.3 2.76299e-16 6.43525e-17 BessellB
54499.3 2.77845e-16 6.75274e-17 BessellB
54500.3 2.79532e-16 7.07416e-17 BessellB
54501.3 2.81347e-16 7.39925e-17 BessellB
54502.3 2.83279e-16 7.72773e-17 BessellB
54503.3 2.85316e-16 8.05936e-17 BessellB
54504.3 2.87447e-16 8.39389e-17 BessellB
54505.3 2.89663e-16 8.73107e-17 BessellB
54506.3 2.91954e-16 9.07067e-17 BessellB
54507.3 2.94311e-16 9.41243e-17 BessellB
54508.3 2.96725e-16 9.75613e-17 BessellB
54509.3 2.99188e-16 1.01015e-16 BessellB
54510.3 3.01692e-16 1.04484e-16 BessellB
54399.8 2.2166e-20 5.04598e-20 BessellR
54400.8 4.10448e-20 8.28338e-20 BessellR
54401.8 7.65738e-20 1.36812e-19 BessellR
54402.8 1.43939e-19 2.27277e-19 BessellR
54403.8 2.72631e-19 3.79546e-19 BessellR
54404.8 5.20322e-19 6.36595e-19 BessellR
54405.8 1.00057e-18 1.07095e-18 BessellR
54406.8 1.93839e-18 1.8035e-18 BessellR
54407.8 3.78173e-18 3.03099e-18 BessellR
54408.8 7.42444e-18 5.05985e-18 BessellR
54409.8 1.46445e-17 8.32674e-18 BessellR
54410.8 2.89292e-17 1.33362e-17 BessellR
54411.8 5.68695e-17 2.0325e-17 BessellR
54412.8 1.09876e-16 2.83118e-17 BessellR
54413.8 2.03946e-16 3.36412e-17 BessellR
54414.8 3.50753e-16 3.14963e-17 BessellR
54415.8 5.36147e-16 2.72486e-17 BessellR
54416.8 7.13194e-16 3.00321e-17 BessellR
54417.8 8.40295e-16 2.84992e-17 BessellR
54418.8 9.1183e-16 2.13672e-17 BessellR
54419.8 9.43678e-16 1.46085e-17 BessellR
54420.8 9.5258e-16 1.13401e-17 BessellR
54421.8 9.49545e-16 1.07616e-17 BessellR
54422.8 9.4065e-16 1.08847e-17 BessellR
54423.8 9.29001e-16 1.08448e-17 BessellR
54424.8 9.16135e-16 1.05279e-17 BessellR
54425.8 9.02801e-16 1.00103e-17 BessellR
54426.8 8.89363e-16 9.37893e-18 BessellR
54427.8 8.75997e-16 8.69559e-18 BessellR
54428.8 8.62785e-16 7.99892e-18 BessellR
54429.8 8.49768e-16 7.31163e-18 BessellR
54430.8 8.36963e-16 6.64664e-18 BessellR
54431.8 8.24375e-16 6.01123e-18 BessellR
54432.8 8.12007e-16 5.40961e-18 BessellR
54433.8 7.99857e-16 4.84446e-18 BessellR
54434.8 7.87921e-16 4.31792e-18 BessellR
54435.8 7.76198e-16 3.83223e-18 BessellR
54436.8 7.64682e-16 3.39026e-18 BessellR
54437.8 7.5337e-16 2.99594e-18 BessellR
54438.8 7.42259e-16 2.65455e-18 BessellR
54439.8 7.31345e-16 2.37278e-18 BessellR
54440.8 7.20623e-16 2.15794e-18 BessellR
54441.8 7.10091e-16 2.01601e-18 BessellR
54442.8 6.99744e-16 1.94864e-18 BessellR
54443.8 6.8958e-16 1.95086e-18 BessellR
54444.8 6.79594e-16 2.01153e-18 BessellR
54445.8 6.69783e-16 2.11648e-18 BessellR
54446.8 6.60144e-16 2.25195e-18 BessellR
54447.8 6.50675e-16 2.40658e-18 BessellR
54448.8 6.4137e-16 2.57185e-18 BessellR
54449.8 6.32228e-16 2.74172e-18 BessellR
54450.8 6.23245e-16 2.91205e-18 BessellR
54451.8 6.14418e-16 3.08007e-18 BessellR
54452.8 6.05745e-16 3.244e-18 BessellR
54453.8 5.97222e-16 3.40273e-18 BessellR
54454.8 5.88846e-16 3.55562e-18 BessellR
54455.8 5.80615e-16 3.70238e-18 BessellR
54456.8 5.72526e-16 3.84293e-18 BessellR
54457.8 5.64576e-16 3.97739e-18 BessellR
54458.8 5.56763e-16 4.10599e-18 BessellR
54459.8 5.49084e-16 4.22904e-18 BessellR
54460.8 5.41536e-16 4.34692e-18 BessellR
54461.8 5.34117e-16 4.46006e-18 BessellR
54462.8 5.26825e-16 4.56891e-18 BessellR
54463.8 5.19657e-16 4.67394e-18 BessellR
54464.8 5.12611e-16 4.77563e-18 BessellR
54465.8 5.05685e-16 4.87446e-18 BessellR
54466.8 4.98876e-16 4.97092e-18 BessellR
54467.8 4.92181e-16 5.06548e-18 BessellR
54468.8 4.856e-16 5.1586e-18 BessellR
54469.8 4.79129e-16 5.25073e-18 BessellR
54470.8 4.72767e-16 5.34232e-18 BessellR
54471.8 4.66512e-16 5.43376e-18 BessellR
54472.8 4.60361e-16 5.52546e-18 BessellR
54473.8 4.54313e-16 5.61779e-18 BessellR
54474.8 4.48366e-16 5.71108e-18 BessellR
54475.8 4.42518e-16 5.80566e-18 BessellR
54476.8 4.36766e-16 5.90182e-18 BessellR
54477.8 4.3111e-16 5.99983e-18 BessellR
54478.8 4.25547e-16 6.09991e-18 BessellR
54479.8 4.20076e-16 6.2023e-18 BessellR
54480.8 4.14694e-16 6.30716e-18 BessellR
54481.8 4.09401e-16 6.41465e-18 BessellR
54482.8 4.04194e-16 6.52491e-18 BessellR
54483.8 3.99073e-16 6.63803e-18 BessellR
54484.8 3.94035e-16 6.7541e-18 BessellR
54485.8 3.89078e-16 6.87318e-18 BessellR
54486.8 3.84202e-16 6.99531e-18 BessellR
54487.8 3.79405e-16 7.12049e-18 BessellR
54488.8 3.74685e-16 7.24873e-18 BessellR
54489.8 3.7004e-16 7.38002e-18 BessellR
54490.8 3.65471e-16 7.51431e-18 BessellR
54491.8 3.60974e-16 7.65156e-18 BessellR
54492.8 3.56549e-16 7.7917e-18 BessellR
54493.8 3.52195e-16 7.93467e-18 BessellR
54494.8 3.4791e-16 8.08039e-18 BessellR
54495.8 3.43692e-16 8.22876e-18 BessellR
54496.8 3.39541e-16 8.37969e-18 BessellR
54497.8 3.35456e-16 8.53308e-18 BessellR
54498.8 3.31434e-16 8.68882e-18 BessellR
54499.8 3.27476e-16 8.8468e-18 BessellR
54500.8 3.23579e-16 9.0069e-18 BessellR
54501.8 3.19743e-16 9.16902e-18 BessellR
54502.8 3.15967e-16 9.33303e-18 BessellR
54503.8 3.12249e-16 9.49882e-18 BessellR
54504.8 3.08588e-16 9.66626e-18 BessellR
54505.8 3.04984e-16 9.83525e-18 BessellR
54506.8 3.01435e-16 1.00057e-17 BessellR
54507.8 2.97941e-16 1.01774e-17 BessellR
54508.8 2.94499e-16 1.03503e-17 BessellR
54509.8 2.9111e-16 1.05243e-17 BessellR
54510.8 2.87773e-16 1.06993e-17 BessellR
54511.8 2.84485e-16 1.08751e-17 BessellR
54512.8 2.81248e-16 1.10517e-17 BessellR
54513.8 2.78059e-16 1.1229e-17 BessellR
54400.3 5.93791e-16 8.32879e-17 BessellV
54401.3 6.28771e-16 8.14918e-17 BessellV
54402.3 6.64856e-16 7.92235e-17 BessellV
54403.3 7.01917e-16 7.6476e-17 BessellV
54404.3 7.39793e-16 7.32521e-17 BessellV
54405.3 7.78294e-16 6.95656e-17 BessellV
54406.3 8.172e-16 6.54431e-17 BessellV
54407.3 8.5626e-16 6.09243e-17 BessellV
54408.3 8.95196e-16 5.60633e-17 BessellV
54409.3 9.33706e-16 5.09275e-17 BessellV
54410.3 9.71468e-16 4.55973e-17 BessellV
54411.3 1.00815e-15 4.01645e-17 BessellV
54412.3 1.04341e-15 3.47298e-17 BessellV
54413.3 1.07691e-15 2.94009e-17 BessellV
54414.3 1.10832e-15 2.42909e-17 BessellV
54415.3 1.13735e-15 1.95187e-17 BessellV
54416.3 1.16372e-15 1.52149e-17 BessellV
54417.3 1.18719e-15 1.15382e-17 BessellV
54418.3 1.20757e-15 8.70651e-18 BessellV
54419.3 1.22472e-15 6.99527e-18 BessellV
54420.3 1.23856e-15 6.5183e-18 BessellV
54421.3 1.24904e-15 6.91199e-18 BessellV
54422.3 1.25619e-15 7.61161e-18 BessellV
54423.3 1.26006e-15 8.25354e-18 BessellV
54424.3 1.26077e-15 8.68282e-18 BessellV
54425.3 1.25845e-15 8.8563e-18 BessellV
54426.3 1.25329e-15 8.78398e-18 BessellV
54427.3 1.24549e-15 8.50137e-18 BessellV
54428.3 1.23527e-15 8.05599e-18 BessellV
54429.3 1.22286e-15 7.50045e-18 BessellV
54430.3 1.20849e-15 6.88852e-18 BessellV
54431.3 1.1924e-15 6.27273e-18 BessellV
54432.3 1.17483e-15 5.70235e-18 BessellV
54433.3 1.15599e-15 5.22041e-18 BessellV
54434.3 1.1361e-15 4.85898e-18 BessellV
54435.3 1.11536e-15 4.63329e-18 BessellV
54436.3 1.09395e-15 4.53813e-18 BessellV
54437.3 1.07204e-15 4.55056e-18 BessellV
54438.3 1.04979e-15 4.63859e-18 BessellV
54439.3 1.02733e-15 4.77057e-18 BessellV
54440.3 1.0048e-15 4.92105e-18 BessellV
54441.3 9.82293e-16 5.07255e-18 BessellV
54442.3 9.59914e-16 5.2149e-18 BessellV
54443.3 9.37743e-16 5.34364e-18 BessellV
54444.3 9.15852e-16 5.4584e-18 BessellV
54445.3 8.94301e-16 5.56139e-18 BessellV
54446.3 8.73142e-16 5.65629e-18 BessellV
54447.3 8.52415e-16 5.74732e-18 BessellV
54448.3 8.32156e-16 5.8385e-18 BessellV
54449.3 8.12391e-16 5.93314e-18 BessellV
54450.3 7.93141e-16 6.03352e-18 BessellV
54451.3 7.74421e-16 6.14076e-18 BessellV
54452.3 7.56241e-16 6.25472e-18 BessellV
54453.3 7.38609e-16 6.37418e-18 BessellV
54454.3 7.21526e-16 6.497e-18 BessellV
54455.3 7.04993e-16 6.62034e-18 BessellV
54456.3 6.89007e-16 6.7409e-18 BessellV
54457.3 6.73561e-16 6.85516e-18 BessellV
54458.3 6.5865e-16 6.95955e-18 BessellV
54459.3 6.44265e-16 7.0506e-18 BessellV
54460.3 6.30395e-16 7.12507e-18 BessellV
54461.3 6.1703e-16 7.18006e-18 BessellV
54462.3 6.04159e-16 7.21301e-18 BessellV
54463.3 5.91768e-16 7.22181e-18 BessellV
54464.3 5.79845e-16 7.20482e-18 BessellV
54465.3 5.68376e-16 7.16088e-18 BessellV
54466.3 5.57348e-16 7.0894e-18 BessellV
54467.3 5.46748e-16 6.99039e-18 BessellV
54468.3 5.36562e-16 6.86452e-18 BessellV
54469.3 5.26775e-16 6.71327e-18 BessellV
54470.3 5.17376e-16 6.53903e-18 BessellV
54471.3 5.08349e-16 6.34535e-18 BessellV
54472.3 4.99682e-16 6.13715e-18 BessellV
54473.3 4.91363e-16 5.9211e-18 BessellV
54474.3 4.83377e-16 5.70598e-18 BessellV
54475.3 4.75713e-16 5.50312e-18 BessellV
54476.3 4.68358e-16 5.32663e-18 BessellV
54477.3 4.61301e-16 5.19337e-18 BessellV
54478.3 4.5453e-16 5.12207e-18 BessellV
54479.3 4.48033e-16 5.13162e-18 BessellV
54480.3 4.41799e-16 5.23835e-18 BessellV
54481.3 4.35819e-16 5.45334e-18 BessellV
54482.3 4.30081e-16 5.78092e-18 BessellV
54483.3 4.24575e-16 6.21902e-18 BessellV
54484.3 4.19293e-16 6.76093e-18 BessellV
54485.3 4.14223e-16 7.3976e-18 BessellV
54486.3 4.09358e-16 8.11943e-18 BessellV
54487.3 4.04689e-16 8.91738e-18 BessellV
54488.3 4.00207e-16 9.78346e-18 BessellV
54489.3 3.95904e-16 1.07108e-17 BessellV
54490.3 3.91772e-16 1.16938e-17 BessellV
54491.3 3.87803e-16 1.27274e-17 BessellV
54492.3 3.83991e-16 1.38076e-17 BessellV
54493.3 3.80328e-16 1.49308e-17 BessellV
54494.3 3.76808e-16 1.60941e-17 BessellV
54495.3 3.73423e-16 1.72947e-17 BessellV
54496.3 3.70168e-16 1.85303e-17 BessellV
54497.3 3.67037e-16 1.97988e-17 BessellV
54498.3 3.64024e-16 2.10981e-17 BessellV
54499.3 3.61123e-16 2.24264e-17 BessellV
54500.3 3.58328e-16 2.3782e-17 BessellV
54501.3 3.55636e-16 2.51634e-17 BessellV
54502.3 3.5304e-16 2.6569e-17 BessellV
54503.3 3.50536e-16 2.79973e-17 BessellV
54504.3 3.4812e-16 2.9447e-17 BessellV
54505.3 3.45787e-16 3.09167e-17 BessellV
54506.3 3.43533e-16 3.24051e-17 BessellV
54507.3 3.41354e-16 3.3911e-17 BessellV
54508.3 3.39246e-16 3.54331e-17 BessellV
54509.3 3.37205e-16 3.69703e-17 BessellV
54510.3 3.35228e-16 3.85213e-17 BessellV
54511.3 3.33312e-16 4.00852e-17 BessellV
54512.3 3.31453e-16 4.16607e-17 BessellV
54513.3 3.29648e-16 4.32468e-17 BessellV
54400.3 2.28919e-17 4.77516e-18 SDSS_i
54401.3 2.79457e-17 5.40407e-18 SDSS_i
54402.3 3.40937e-17 6.08061e-18 SDSS_i
54403.3 4.15582e-17 6.79574e-18 SDSS_i
54404.3 5.05984e-17 7.53477e-18 SDSS_i
54405.3 6.15113e-17 8.27601e-18 SDSS_i
54406.3 7.46307e-17 8.98949e-18 SDSS_i
54407.3 9.03211e-17 9.63618e-18 SDSS_i
54408.3 1.08965e-16 1.01682e-17 SDSS_i
54409.3 1.30941e-16 1.05311e-17 SDSS_i
54410.3 1.5659e-16 1.06685e-17 SDSS_i
54411.3 1.86167e-16 1.05309e-17 SDSS_i
54412.3 2.19786e-16 1.00887e-17 SDSS_i
54413.3 2.5735e-16 9.34891e-18 SDSS_i
54414.3 2.98489e-16 8.37361e-18 SDSS_i
54415.3 3.4252e-16 7.29401e-18 SDSS_i
54416.3 3.88439e-16 6.30623e-18 SDSS_i
54417.3 4.34968e-16 5.61496e-18 SDSS_i
54418.3 4.8066e-16 5.30432e-18 SDSS_i
54419.3 5.24044e-16 5.25262e-18 SDSS_i
54420.3 5.63784e-16 5.24195e-18 SDSS_i
54421.3 5.98821e-16 5.12448e-18 SDSS_i
54422.3 6.28455e-16 4.87922e-18 SDSS_i
54423.3 6.52372e-16 4.58587e-18 SDSS_i
54424.3 6.70612e-16 4.36683e-18 SDSS_i
54425.3 6.83496e-16 4.31424e-18 SDSS_i
54426.3 6.91537e-16 4.43497e-18 SDSS_i
54427.3 6.95354e-16 4.6611e-18 SDSS_i
54428.3 6.95602e-16 4.90649e-18 SDSS_i
54429.3 6.92915e-16 5.10756e-18 SDSS_i
54430.3 6.8788e-16 5.23229e-18 SDSS_i
54431.3 6.81012e-16 5.27368e-18 SDSS_i
54432.3 6.72753e-16 5.24053e-18 SDSS_i
54433.3 6.63471e-16 5.14992e-18 SDSS_i
54434.3 6.53468e-16 5.02184e-18 SDSS_i
54435.3 6.42988e-16 4.8758e-18 SDSS_i
54436.3 6.32222e-16 4.72858e-18 SDSS_i
54437.3 6.21322e-16 4.59307e-18 SDSS_i
54438.3 6.10405e-16 4.47774e-18 SDSS_i
54439.3 5.9956e-16 4.38677e-18 SDSS_i
54440.3 5.88856e-16 4.32063e-18 SDSS_i
54441.3 5.78341e-16 4.27702e-18 SDSS_i
54442.3 5.68054e-16 4.25193e-18 SDSS_i
54443.3 5.58019e-16 4.24065e-18 SDSS_i
54444.3 5.48254e-16 4.23852e-18 SDSS_i
54445.3 5.38771e-16 4.24143e-18 SDSS_i
54446.3 5.29575e-16 4.24611e-18 SDSS_i
54447.3 5.20669e-16 4.2502e-18 SDSS_i
54448.3 5.12052e-16 4.25222e-18 SDSS_i
54449.3 5.03722e-16 4.25142e-18 SDSS_i
54450.3 4.95675e-16 4.24769e-18 SDSS_i
54451.3 4.87906e-16 4.24141e-18 SDSS_i
54452.3 4.80407e-16 4.23327e-18 SDSS_i
54453.3 4.73174e-16 4.22421e-18 SDSS_i
54454.3 4.66197e-16 4.21529e-18 SDSS_i
54455.3 4.5947e-16 4.20761e-18 SDSS_i
54456.3 4.52986e-16 4.20221e-18 SDSS_i
54457.3 4.46736e-16 4.20008e-18 SDSS_i
54458.3 4.40713e-16 4.20208e-18 SDSS_i
54459.3 4.3491e-16 4.20893e-18 SDSS_i
54460.3 4.29319e-16 4.22121e-18 SDSS_i
54461.3 4.23932e-16 4.23938e-18 SDSS_i
54462.3 4.18744e-16 4.26376e-18 SDSS_i
54463.3 4.13747e-16 4.29462e-18 SDSS_i
54464.3 4.08933e-16 4.33213e-18 SDSS_i
54465.3 4.04298e-16 4.37646e-18 SDSS_i
54466.3 3.99833e-16 4.42779e-18 SDSS_i
54467.3 3.95533e-16 4.48635e-18 SDSS_i
54468.3 3.91392e-16 4.55242e-18 SDSS_i
54469.3 3.87404e-16 4.62639e-18 SDSS_i
54470.3 3.83564e-16 4.70877e-18 SDSS_i
54471.3 3.79865e-16 4.80017e-18 SDSS_i
54472.3 3.76304e-16 4.90134e-18 SDSS_i
54473.3 3.72873e-16 5.01311e-18 SDSS_i
54474.3 3.69569e-16 5.13646e-18 SDSS_i
54475.3 3.66387e-16 5.27242e-18 SDSS_i
54476.3 3.63322e-16 5.42208e-18 SDSS_i
54477.3 3.60369e-16 5.58658e-18 SDSS_i
54478.3 3.57524e-16 5.76702e-18 SDSS_i
54479.3 3.54784e-16 5.96453e-18 SDSS_i
54480.3 3.52143e-16 6.18012e-18 SDSS_i
54481.3 3.49599e-16 6.41478e-18 SDSS_i
54482.3 3.47146e-16 6.66935e-18 SDSS_i
54483.3 3.44783e-16 6.94459e-18 SDSS_i
54484.3 3.42504e-16 7.24111e-18 SDSS_i
54485.3 3.40307e-16 7.55942e-18 SDSS_i
54486.3 3.38188e-16 7.89987e-18 SDSS_i
54487.3 3.36144e-16 8.26273e-18 SDSS_i
54488.3 3.34172e-16 8.6481e-18 SDSS_i
54489.3 3.32269e-16 9.05603e-18 SDSS_i
54490.3 3.30432e-16 9.48643e-18 SDSS_i
54491.3 3.28658e-16 9.93915e-18 SDSS_i
54492.3 3.26945e-16 1.0414e-17 SDSS_i
54493.3 3.25291e-16 1.09106e-17 SDSS_i
54494.3 3.23692e-16 1.14287e-17 SDSS_i
54495.3 3.22146e-16 1.19678e-17 SDSS_i
54496.3 3.2065e-16 1.25276e-17 SDSS_i
54497.3 3.19204e-16 1.31075e-17 SDSS_i
54498.3 3.17804e-16 1.37071e-17 SDSS_i
54499.3 3.16448e-16 1.4326e-17 SDSS_i
54500.3 3.15134e-16 1.49635e-17 SDSS_i
54501.3 3.13861e-16 1.56191e-17 SDSS_i
54502.3 3.12626e-16 1.62923e-17 SDSS_i
54503.3 3.11428e-16 1.69826e-17 SDSS_i
54504.3 3.10265e-16 1.76893e-17 SDSS_i
54505.3 3.09136e-16 1.8412e-17 SDSS_i
54506.3 3.08038e-16 1.915e-17 SDSS_i
54507.3 3.0697e-16 1.99029e-17 SDSS_i
54508.3 3.0593e-16 2.067e-17 SDSS_i
54509.3 3.04918e-16 2.14508e-17 SDSS_i
54510.3 3.03931e-16 2.22448e-17 SDSS_i
54400.3 5.50446e-17 2.74444e-17 SDSS_r
54401.3 6.587e-17 3.04333e-17 SDSS_r
54402.3 7.88627e-17 3.35662e-17 SDSS_r
54403.3 9.44427e-17 3.67795e-17 SDSS_r
54404.3 1.13096e-16 3.99787e-17 SDSS_r
54405.3 1.35376e-16 4.30311e-17 SDSS_r
54406.3 1.61896e-16 4.57585e-17 SDSS_r
54407.3 1.93314e-16 4.79335e-17 SDSS_r
54408.3 2.30294e-16 4.92818e-17 SDSS_r
54409.3 2.73455e-16 4.94961e-17 SDSS_r
54410.3 3.23282e-16 4.82685e-17 SDSS_r
54411.3 3.80015e-16 4.5349e-17 SDSS_r
54412.3 4.43508e-16 4.06344e-17 SDSS_r
54413.3 5.13092e-16 3.42902e-17 SDSS_r
54414.3 5.87474e-16 2.69166e-17 SDSS_r
54415.3 6.64718e-16 1.98258e-17 SDSS_r
54416.3 7.4235e-16 1.54416e-17 SDSS_r
54417.3 8.17595e-16 1.58585e-17 SDSS_r
54418.3 8.87717e-16 1.90875e-17 SDSS_r
54419.3 9.5035e-16 2.21109e-17 SDSS_r
54420.3 1.00376e-15 2.36566e-17 SDSS_r
54421.3 1.047e-15 2.35434e-17 SDSS_r
54422.3 1.07983e-15 2.20776e-17 SDSS_r
54423.3 1.10267e-15 1.97473e-17 SDSS_r
54424.3 1.11639e-15 1.70464e-17 SDSS_r
54425.3 1.12213e-15 1.43773e-17 SDSS_r
54426.3 1.12115e-15 1.20081e-17 SDSS_r
54427.3 1.11469e-15 1.00704e-17 SDSS_r
54428.3 1.10391e-15 8.58793e-18 SDSS_r
54429.3 1.08985e-15 7.52477e-18 SDSS_r
54430.3 1.0734e-15 6.83546e-18 SDSS_r
54431.3 1.05528e-15 6.49161e-18 SDSS_r
54432.3 1.03609e-15 6.47267e-18 SDSS_r
54433.3 1.0163e-15 6.73966e-18 SDSS_r
54434.3 9.9627e-16 7.22494e-18 SDSS_r
54435.3 9.76288e-16 7.84597e-18 SDSS_r
54436.3 9.56555e-16 8.52442e-18 SDSS_r
54437.3 9.37222e-16 9.19665e-18 SDSS_r
54438.3 9.18391e-16 9.8158e-18 SDSS_r
54439.3 9.00135e-16 1.03499e-17 SDSS_r
54440.3 8.82494e-16 1.07792e-17 SDSS_r
54441.3 8.65493e-16 1.10931e-17 SDSS_r
54442.3 8.49138e-16 1.12882e-17 SDSS_r
54443.3 8.33425e-16 1.13665e-17 SDSS_r
54444.3 8.18342e-16 1.13336e-17 SDSS_r
54445.3 8.03871e-16 1.11981e-17 SDSS_r
54446.3 7.8999e-16 1.09703e-17 SDSS_r
54447.3 7.76675e-16 1.06619e-17 SDSS_r
54448.3 7.63899e-16 1.02852e-17 SDSS_r
54449.3 7.51635e-16 9.85304e-18 SDSS_r
54450.3 7.39856e-16 9.37833e-18 SDSS_r
54451.3 7.28536e-16 8.87395e-18 SDSS_r
54452.3 7.17647e-16 8.35263e-18 SDSS_r
54453.3 7.07166e-16 7.82687e-18 SDSS_r
54454.3 6.97066e-16 7.3089e-18 SDSS_r
54455.3 6.87325e-16 6.81057e-18 SDSS_r
54456.3 6.7792e-16 6.3432e-18 SDSS_r
54457.3 6.68831e-16 5.91729e-18 SDSS_r
54458.3 6.60036e-16 5.54202e-18 SDSS_r
54459.3 6.51517e-16 5.22459e-18 SDSS_r
54460.3 6.43256e-16 4.96939e-18 SDSS_r
54461.3 6.35236e-16 4.77727e-18 SDSS_r
54462.3 6.27442e-16 4.64518e-18 SDSS_r
54463.3 6.19858e-16 4.5664e-18 SDSS_r
54464.3 6.12471e-16 4.53152e-18 SDSS_r
54465.3 6.05268e-16 4.52967e-18 SDSS_r
54466.3 5.98236e-16 4.54986e-18 SDSS_r
54467.3 5.91365e-16 4.58204e-18 SDSS_r
54468.3 5.84644e-16 4.61777e-18 SDSS_r
54469.3 5.78062e-16 4.65055e-18 SDSS_r
54470.3 5.71612e-16 4.67593e-18 SDSS_r
54471.3 5.65284e-16 4.69149e-18 SDSS_r
54472.3 5.59071e-16 4.69682e-18 SDSS_r
54473.3 5.52965e-16 4.69345e-18 SDSS_r
54474.3 5.4696e-16 4.68485e-18 SDSS_r
54475.3 5.41049e-16 4.67636e-18 SDSS_r
54476.3 5.35228e-16 4.67515e-18 SDSS_r
54477.3 5.29489e-16 4.69e-18 SDSS_r
54478.3 5.23829e-16 4.73092e-18 SDSS_r
54479.3 5.18243e-16 4.80851e-18 SDSS_r
54480.3 5.12727e-16 4.93311e-18 SDSS_r
54481.3 5.07277e-16 5.11376e-18 SDSS_r
54482.3 5.01889e-16 5.35735e-18 SDSS_r
54483.3 4.96561e-16 5.66811e-18 SDSS_r
54484.3 4.91289e-16 6.04753e-18 SDSS_r
54485.3 4.86072e-16 6.49475e-18 SDSS_r
54486.3 4.80905e-16 7.00715e-18 SDSS_r
54487.3 4.75788e-16 7.58101e-18 SDSS_r
54488.3 4.70718e-16 8.21207e-18 SDSS_r
54489.3 4.65693e-16 8.89586e-18 SDSS_r
54490.3 4.60712e-16 9.62801e-18 SDSS_r
54491.3 4.55774e-16 1.04044e-17 SDSS_r
54492.3 4.50876e-16 1.1221e-17 SDSS_r
54493.3 4.46018e-16 1.20744e-17 SDSS_r
54494.3 4.41199e-16 1.29612e-17 SDSS_r
54495.3 4.36418e-16 1.38784e-17 SDSS_r
54496.3 4.31674e-16 1.4823e-17 SDSS_r
54497.3 4.26966e-16 1.57925e-17 SDSS_r
54498.3 4.22294e-16 1.67844e-17 SDSS_r
54499.3 4.17657e-16 1.77965e-17 SDSS_r
54500.3 4.13054e-16 1.88265e-17 SDSS_r
54501.3 4.08486e-16 1.98724e-17 SDSS_r
54502.3 4.03952e-16 2.09323e-17 SDSS_r
54503.3 3.99451e-16 2.20045e-17 SDSS_r
54504.3 3.94984e-16 2.30871e-17 SDSS_r
54505.3 3.9055e-16 2.41785e-17 SDSS_r
54506.3 3.8615e-16 2.52773e-17 SDSS_r
54507.3 3.81782e-16 2.63818e-17 SDSS_r
54508.3 3.77447e-16 2.74908e-17 SDSS_r
54509.3 3.73145e-16 2.86028e-17 SDSS_r
54510.3 3.68875e-16 2.97166e-17 SDSS_r
