52685.1 8.52949e-17 7.01364e-19 BessellB
52686.1 1.07723e-16 8.30257e-19 BessellB
52687.1 1.35997e-16 9.78049e-19 BessellB
52688.1 1.71612e-16 1.14571e-18 BessellB
52689.1 2.16437e-16 1.3334e-18 BessellB
52690.1 2.72787e-16 1.54007e-18 BessellB
52691.1 3.43527e-16 1.7628e-18 BessellB
52692.1 4.32165e-16 1.99608e-18 BessellB
52693.1 5.42964e-16 2.23092e-18 BessellB
52694.1 6.81037e-16 2.45391e-18 BessellB
52695.1 8.52402e-16 2.64662e-18 BessellB
52696.1 1.06397e-15 2.78588e-18 BessellB
52697.1 1.32337e-15 2.84663e-18 BessellB
52698.1 1.63862e-15 2.81078e-18 BessellB
52699.1 2.01735e-15 2.68988e-18 BessellB
52700.1 2.46567e-15 2.57487e-18 BessellB
52701.1 2.98652e-15 2.69374e-18 BessellB
52702.1 3.57753e-15 3.30633e-18 BessellB
52703.1 4.22887e-15 4.42996e-18 BessellB
52704.1 4.92156e-15 5.8614e-18 BessellB
52705.1 5.62732e-15 7.34315e-18 BessellB
52706.1 6.31065e-15 8.62842e-18 BessellB
52707.1 6.93338e-15 9.52318e-18 BessellB
52708.1 7.46073e-15 9.93179e-18 BessellB
52709.1 7.86706e-15 9.88153e-18 BessellB
52710.1 8.13953e-15 9.50588e-18 BessellB
52711.1 8.27842e-15 8.98938e-18 BessellB
52712.1 8.29485e-15 8.49653e-18 BessellB
52713.1 8.20688e-15 8.11779e-18 BessellB
52714.1 8.03553e-15 7.85922e-18 BessellB
52715.1 7.80167e-15 7.67416e-18 BessellB
52716.1 7.52407e-15 7.50562e-18 BessellB
52717.1 7.21844e-15 7.31219e-18 BessellB
52718.1 6.89727e-15 7.07376e-18 BessellB
52719.1 6.57006e-15 6.78694e-18 BessellB
52720.1 6.24383e-15 6.45812e-18 BessellB
52721.1 5.92353e-15 6.09802e-18 BessellB
52722.1 5.61257e-15 5.71818e-18 BessellB
52723.1 5.31316e-15 5.32918e-18 BessellB
52724.1 5.02667e-15 4.93983e-18 BessellB
52725.1 4.75383e-15 4.55708e-18 BessellB
52726.1 4.49491e-15 4.18611e-18 BessellB
52727.1 4.2499e-15 3.83062e-18 BessellB
52728.1 4.01857e-15 3.49312e-18 BessellB
52729.1 3.80054e-15 3.17524e-18 BessellB
52730.1 3.59534e-15 2.87791e-18 BessellB
52731.1 3.40245e-15 2.60159e-18 BessellB
52732.1 3.22133e-15 2.34645e-18 BessellB
52733.1 3.05142e-15 2.11245e-18 BessellB
52734.1 2.89215e-15 1.89944e-18 BessellB
52735.1 2.74297e-15 1.70727e-18 BessellB
52736.1 2.60335e-15 1.53579e-18 BessellB
52737.1 2.47276e-15 1.3849e-18 BessellB
52738.1 2.35071e-15 1.25453e-18 BessellB
52739.1 2.2367e-15 1.14453e-18 BessellB
52740.1 2.13029e-15 1.05464e-18 BessellB
52741.1 2.03102e-15 9.84225e-19 BessellB
52742.1 1.93849e-15 9.32229e-19 BessellB
52743.1 1.8523e-15 8.97024e-19 BessellB
52744.1 1.77206e-15 8.76476e-19 BessellB
52745.1 1.69741e-15 8.68113e-19 BessellB
52746.1 1.62803e-15 8.69365e-19 BessellB
52747.1 1.56357e-15 8.778e-19 BessellB
52748.1 1.50374e-15 8.91274e-19 BessellB
52749.1 1.44825e-15 9.0801e-19 BessellB
52750.1 1.39682e-15 9.26601e-19 BessellB
52751.1 1.34919e-15 9.45971e-19 BessellB
52752.1 1.30512e-15 9.65324e-19 BessellB
52753.1 1.26436e-15 9.84086e-19 BessellB
52754.1 1.22671e-15 1.00186e-18 BessellB
52755.1 1.19195e-15 1.01838e-18 BessellB
52756.1 1.15989e-15 1.03348e-18 BessellB
52757.1 1.13035e-15 1.04708e-18 BessellB
52758.1 1.10313e-15 1.05913e-18 BessellB
52759.1 1.0781e-15 1.06963e-18 BessellB
52760.1 1.05507e-15 1.07862e-18 BessellB
52761.1 1.03392e-15 1.08615e-18 BessellB
52762.1 1.0145e-15 1.09229e-18 BessellB
52763.1 9.96685e-16 1.09709e-18 BessellB
52764.1 9.80346e-16 1.10064e-18 BessellB
52765.1 9.65371e-16 1.10301e-18 BessellB
52766.1 9.51653e-16 1.10429e-18 BessellB
52767.1 9.3909e-16 1.10455e-18 BessellB
52768.1 9.27586e-16 1.10385e-18 BessellB
52769.1 9.17052e-16 1.10228e-18 BessellB
52770.1 9.07404e-16 1.0999e-18 BessellB
52771.1 8.98564e-16 1.09677e-18 BessellB
52772.1 8.90458e-16 1.09294e-18 BessellB
52773.1 8.83017e-16 1.08849e-18 BessellB
52774.1 8.76178e-16 1.08344e-18 BessellB
52775.1 8.6988e-16 1.07786e-18 BessellB
52776.1 8.64067e-16 1.07179e-18 BessellB
52777.1 8.58687e-16 1.06526e-18 BessellB
52778.1 8.53692e-16 1.05831e-18 BessellB
52779.1 8.49036e-16 1.05098e-18 BessellB
52780.1 8.44678e-16 1.0433e-18 BessellB
52781.1 8.4058e-16 1.03529e-18 BessellB
52782.1 8.36703e-16 1.02697e-18 BessellB
52783.1 8.33017e-16 1.01839e-18 BessellB
52784.1 8.29489e-16 1.00954e-18 BessellB
52785.1 8.26092e-16 1.00046e-18 BessellB
52786.1 8.228e-16 9.91167e-19 BessellB
52787.1 8.19588e-16 9.81667e-19 BessellB
52788.1 8.16435e-16 9.71982e-19 BessellB
52789.1 8.1332e-16 9.62123e-19 BessellB
52790.1 8.10225e-16 9.52105e-19 BessellB
52791.1 8.07135e-16 9.41939e-19 BessellB
52792.1 8.04033e-16 9.31637e-19 BessellB
52793.1 8.00906e-16 9.21208e-19 BessellB
52794.1 7.97742e-16 9.10663e-19 BessellB
52795.1 7.9453e-16 9.00011e-19 BessellB
52796.1 7.9126e-16 8.89262e-19 BessellB
52797.1 7.87924e-16 8.78422e-19 BessellB
52798.1 7.84514e-16 8.67501e-19 BessellB
52799.1 7.81023e-16 8.56506e-19 BessellB
52800.1 7.77446e-16 8.45445e-19 BessellB
52801.1 7.73778e-16 8.34325e-19 BessellB
52802.1 7.70015e-16 8.23154e-19 BessellB
52803.1 7.66154e-16 8.11937e-19 BessellB
52804.1 7.62191e-16 8.00682e-19 BessellB
52805.1 7.58126e-16 7.89396e-19 BessellB
52806.1 7.53956e-16 7.78084e-19 BessellB
52807.1 7.4968e-16 7.66754e-19 BessellB
52808.1 7.45299e-16 7.55411e-19 BessellB
52809.1 7.40813e-16 7.44063e-19 BessellB
52810.1 7.36221e-16 7.32714e-19 BessellB
52811.1 7.31524e-16 7.21371e-19 BessellB
52812.1 7.26725e-16 7.10039e-19 BessellB
52813.1 7.21824e-16 6.98726e-19 BessellB
52814.1 7.16823e-16 6.87435e-19 BessellB
52815.1 7.11724e-16 6.76174e-19 BessellB
52816.1 7.0653e-16 6.64946e-19 BessellB
52817.1 7.01243e-16 6.53758e-19 BessellB
52818.1 6.95865e-16 6.42616e-19 BessellB
52819.1 6.90401e-16 6.31523e-19 BessellB
52820.1 6.84851e-16 6.20485e-19 BessellB
52821.1 6.79221e-16 6.09508e-19 BessellB
52822.1 6.73512e-16 5.98595e-19 BessellB
52823.1 6.67729e-16 5.87752e-19 BessellB
52824.1 6.61874e-16 5.76983e-19 BessellB
52825.1 6.55952e-16 5.66292e-19 BessellB
52826.1 6.49965e-16 5.55684e-19 BessellB
52827.1 6.43917e-16 5.45163e-19 BessellB
52828.1 6.37812e-16 5.34732e-19 BessellB
52829.1 6.31653e-16 5.24396e-19 BessellB
52830.1 6.25445e-16 5.14158e-19 BessellB
52831.1 6.19189e-16 5.04022e-19 BessellB
52832.1 6.12891e-16 4.93991e-19 BessellB
52833.1 6.06554e-16 4.84068e-19 BessellB
52834.1 6.00181e-16 4.74257e-19 BessellB
52835.1 5.93776e-16 4.6456e-19 BessellB
52836.1 5.87341e-16 4.54979e-19 BessellB
52837.1 5.80882e-16 4.45519e-19 BessellB
52838.1 5.744e-16 4.36181e-19 BessellB
52839.1 5.679e-16 4.26967e-19 BessellB
52840.1 5.61384e-16 4.17879e-19 BessellB
52841.1 5.54856e-16 4.08921e-19 BessellB
52842.1 5.48319e-16 4.00092e-19 BessellB
52843.1 5.41775e-16 3.91396e-19 BessellB
52844.1 5.35229e-16 3.82834e-19 BessellB
52845.1 5.28683e-16 3.74406e-19 BessellB
52846.1 5.22139e-16 3.66115e-19 BessellB
52847.1 5.15601e-16 3.57962e-19 BessellB
52848.1 5.09071e-16 3.49947e-19 BessellB
52849.1 5.02552e-16 3.42072e-19 BessellB
52850.1 4.96046e-16 3.34337e-19 BessellB
52851.1 4.89557e-16 3.26743e-19 BessellB
52852.1 4.83085e-16 3.1929e-19 BessellB
52853.1 4.76635e-16 3.11979e-19 BessellB
52854.1 4.70207e-16 3.0481e-19 BessellB
52855.1 4.63804e-16 2.97783e-19 BessellB
52856.1 4.57428e-16 2.90899e-19 BessellB
52857.1 4.51082e-16 2.84156e-19 BessellB
52858.1 4.44766e-16 2.77556e-19 BessellB
52859.1 4.38484e-16 2.71097e-19 BessellB
52860.1 4.32236e-16 2.6478e-19 BessellB
52861.1 4.26024e-16 2.58603e-19 BessellB
52862.1 4.19851e-16 2.52566e-19 BessellB
52863.1 4.13717e-16 2.46669e-19 BessellB
52864.1 4.07625e-16 2.40911e-19 BessellB
52865.1 4.01574e-16 2.3529e-19 BessellB
52866.1 3.95568e-16 2.29806e-19 BessellB
52867.1 3.89607e-16 2.24458e-19 BessellB
52868.1 3.83692e-16 2.19245e-19 BessellB
52869.1 3.77825e-16 2.14164e-19 BessellB
52870.1 3.72006e-16 2.09216e-19 BessellB
52871.1 3.66237e-16 2.04399e-19 BessellB
52872.1 3.60519e-16 1.99711e-19 BessellB
52873.1 3.54852e-16 1.95151e-19 BessellB
52874.1 3.49237e-16 1.90716e-19 BessellB
52875.1 3.43675e-16 1.86406e-19 BessellB
52876.1 3.38167e-16 1.82219e-19 BessellB
52877.1 3.32714e-16 1.78152e-19 BessellB
52878.1 3.27316e-16 1.74204e-19 BessellB
52879.1 3.21973e-16 1.70373e-19 BessellB
52880.1 3.16687e-16 1.66657e-19 BessellB
52881.1 3.11457e-16 1.63054e-19 BessellB
52882.1 3.06284e-16 1.59562e-19 BessellB
52883.1 3.01169e-16 1.56178e-19 BessellB
52884.1 2.96111e-16 1.529e-19 BessellB
52885.1 2.91112e-16 1.49726e-19 BessellB
52886.1 2.86171e-16 1.46654e-19 BessellB
52887.1 2.81288e-16 1.43681e-19 BessellB
52888.1 2.76464e-16 1.40805e-19 BessellB
52889.1 2.71699e-16 1.38023e-19 BessellB
52890.1 2.66992e-16 1.35333e-19 BessellB
52891.1 2.62345e-16 1.32733e-19 BessellB
52892.1 2.57756e-16 1.30219e-19 BessellB
52893.1 2.53227e-16 1.2779e-19 BessellB
52894.1 2.48756e-16 1.25443e-19 BessellB
52895.1 2.44344e-16 1.23175e-19 BessellB
52896.1 2.39991e-16 1.20983e-19 BessellB
52897.1 2.35697e-16 1.18866e-19 BessellB
52898.1 2.31461e-16 1.1682e-19 BessellB
52899.1 2.27283e-16 1.14843e-19 BessellB
52900.1 2.23163e-16 1.12933e-19 BessellB
52901.1 2.19101e-16 1.11086e-19 BessellB
52902.1 2.15097e-16 1.09301e-19 BessellB
52903.1 2.1115e-16 1.07575e-19 BessellB
52904.1 2.0726e-16 1.05906e-19 BessellB
52905.1 2.03427e-16 1.04291e-19 BessellB
52906.1 1.9965e-16 1.02728e-19 BessellB
52907.1 1.95929e-16 1.01214e-19 BessellB
52908.1 1.92264e-16 9.97477e-20 BessellB
52909.1 1.88654e-16 9.83266e-20 BessellB
52910.1 1.85099e-16 9.69486e-20 BessellB
52911.1 1.81598e-16 9.56116e-20 BessellB
52912.1 1.78151e-16 9.43135e-20 BessellB
52913.1 1.74758e-16 9.30525e-20 BessellB
52914.1 1.71419e-16 9.18266e-20 BessellB
52915.1 1.68131e-16 9.06339e-20 BessellB
52916.1 1.64897e-16 8.94728e-20 BessellB
52917.1 1.61714e-16 8.83416e-20 BessellB
52918.1 1.58582e-16 8.72386e-20 BessellB
52919.1 1.55501e-16 8.61623e-20 BessellB
52920.1 1.5247e-16 8.51111e-20 BessellB
52921.1 1.49489e-16 8.40838e-20 BessellB
52922.1 1.46558e-16 8.30788e-20 BessellB
52923.1 1.43675e-16 8.20949e-20 BessellB
52924.1 1.4084e-16 8.1131e-20 BessellB
52925.1 1.38053e-16 8.01857e-20 BessellB
52926.1 1.35313e-16 7.92581e-20 BessellB
52927.1 1.3262e-16 7.8347e-20 BessellB
52928.1 1.29973e-16 7.74516e-20 BessellB
52929.1 1.27372e-16 7.65708e-20 BessellB
52930.1 1.24815e-16 7.57038e-20 BessellB
52931.1 1.22303e-16 7.48498e-20 BessellB
52932.1 1.19835e-16 7.40079e-20 BessellB
52933.1 1.1741e-16 7.31776e-20 BessellB
52934.1 1.15028e-16 7.23581e-20 BessellB
52935.1 1.12688e-16 7.15487e-20 BessellB
52936.1 1.1039e-16 7.07489e-20 BessellB
52937.1 1.08133e-16 6.99583e-20 BessellB
52938.1 1.05917e-16 6.91761e-20 BessellB
52939.1 1.0374e-16 6.84021e-20 BessellB
52940.1 1.01603e-16 6.76357e-20 BessellB
52941.1 9.95055e-17 6.68766e-20 BessellB
52942.1 9.7446e-17 6.61244e-20 BessellB
52943.1 9.54243e-17 6.53788e-20 BessellB
52944.1 9.344e-17 6.46395e-20 BessellB
52945.1 9.14924e-17 6.39061e-20 BessellB
52946.1 8.95811e-17 6.31786e-20 BessellB
52947.1 8.77054e-17 6.24565e-20 BessellB
52948.1 8.5865e-17 6.17398e-20 BessellB
52949.1 8.40591e-17 6.10282e-20 BessellB
52950.1 8.22874e-17 6.03216e-20 BessellB
52951.1 8.05494e-17 5.96198e-20 BessellB
52952.1 7.88443e-17 5.89227e-20 BessellB
52953.1 7.71719e-17 5.82303e-20 BessellB
52954.1 7.55315e-17 5.75423e-20 BessellB
52955.1 7.39227e-17 5.68588e-20 BessellB
52956.1 7.23449e-17 5.61796e-20 BessellB
52957.1 7.07977e-17 5.55047e-20 BessellB
52958.1 6.92806e-17 5.4834e-20 BessellB
52959.1 6.7793e-17 5.41676e-20 BessellB
52960.1 6.63345e-17 5.35053e-20 BessellB
52961.1 6.49047e-17 5.28472e-20 BessellB
52962.1 6.3503e-17 5.21933e-20 BessellB
52963.1 6.2129e-17 5.15435e-20 BessellB
52964.1 6.07822e-17 5.08978e-20 BessellB
52965.1 5.94621e-17 5.02563e-20 BessellB
52966.1 5.81684e-17 4.9619e-20 BessellB
52967.1 5.69005e-17 4.89858e-20 BessellB
52968.1 5.5658e-17 4.83568e-20 BessellB
52969.1 5.44405e-17 4.77321e-20 BessellB
52970.1 5.32475e-17 4.71116e-20 BessellB
52971.1 5.20787e-17 4.64954e-20 BessellB
52972.1 5.09335e-17 4.58835e-20 BessellB
52973.1 4.98116e-17 4.52759e-20 BessellB
52974.1 4.87126e-17 4.46727e-20 BessellB
52975.1 4.7636e-17 4.40739e-20 BessellB
52976.1 4.65814e-17 4.34795e-20 BessellB
52977.1 4.55486e-17 4.28897e-20 BessellB
52978.1 4.4537e-17 4.23043e-20 BessellB
52979.1 4.35462e-17 4.17235e-20 BessellB
52980.1 4.2576e-17 4.11473e-20 BessellB
52981.1 4.16259e-17 4.05757e-20 BessellB
52982.1 4.06955e-17 4.00087e-20 BessellB
52983.1 3.97846e-17 3.94465e-20 BessellB
52984.1 3.88926e-17 3.88889e-20 BessellB
52985.1 3.80194e-17 3.83362e-20 BessellB
52986.1 3.71644e-17 3.77882e-20 BessellB
52987.1 3.63275e-17 3.7245e-20 BessellB
52988.1 3.55082e-17 3.67067e-20 BessellB
52989.1 3.47062e-17 3.61733e-20 BessellB
52990.1 3.39211e-17 3.56448e-20 BessellB
52991.1 3.31528e-17 3.51212e-20 BessellB
52992.1 3.24008e-17 3.46026e-20 BessellB
52993.1 3.16648e-17 3.40889e-20 BessellB
52994.1 3.09445e-17 3.35802e-20 BessellB
52995.1 3.02396e-17 3.30766e-20 BessellB
52996.1 2.95499e-17 3.25779e-20 BessellB
52997.1 2.88749e-17 3.20844e-20 BessellB
52998.1 2.82145e-17 3.15958e-20 BessellB
52999.1 2.75684e-17 3.11124e-20 BessellB
53000.1 2.69362e-17 3.0634e-20 BessellB
53001.1 2.63177e-17 3.01607e-20 BessellB
53002.1 2.57126e-17 2.96925e-20 BessellB
53003.1 2.51207e-17 2.92294e-20 BessellB
53004.1 2.45417e-17 2.87714e-20 BessellB
53005.1 2.39753e-17 2.83185e-20 BessellB
53006.1 2.34212e-17 2.78707e-20 BessellB
53007.1 2.28793e-17 2.7428e-20 BessellB
53008.1 2.23493e-17 2.69904e-20 BessellB
53009.1 2.1831e-17 2.65579e-20 BessellB
53010.1 2.1324e-17 2.61305e-20 BessellB
53011.1 2.08283e-17 2.57081e-20 BessellB
53012.1 2.03434e-17 2.52908e-20 BessellB
53013.1 1.98693e-17 2.48786e-20 BessellB
53014.1 1.94058e-17 2.44714e-20 BessellB
53015.1 1.89525e-17 2.40692e-20 BessellB
53016.1 1.85093e-17 2.3672e-20 BessellB
53017.1 1.80759e-17 2.32798e-20 BessellB
53018.1 1.76522e-17 2.28926e-20 BessellB
53019.1 1.7238e-17 2.25103e-20 BessellB
53020.1 1.68331e-17 2.2133e-20 BessellB
53021.1 1.64373e-17 2.17605e-20 BessellB
53022.1 1.60503e-17 2.1393e-20 BessellB
53023.1 1.5672e-17 2.10303e-20 BessellB
53024.1 1.53023e-17 2.06724e-20 BessellB
53025.1 1.49408e-17 2.03193e-20 BessellB
53026.1 1.45876e-17 1.9971e-20 BessellB
53027.1 1.42423e-17 1.96275e-20 BessellB
53028.1 1.39049e-17 1.92887e-20 BessellB
53029.1 1.35751e-17 1.89545e-20 BessellB
53030.1 1.32528e-17 1.8625e-20 BessellB
53031.1 1.29378e-17 1.83002e-20 BessellB
53032.1 1.26301e-17 1.79799e-20 BessellB
53033.1 1.23293e-17 1.76642e-20 BessellB
53034.1 1.20354e-17 1.7353e-20 BessellB
53035.1 1.17482e-17 1.70463e-20 BessellB
53036.1 1.14676e-17 1.6744e-20 BessellB
53037.1 1.11935e-17 1.64461e-20 BessellB
53038.1 1.09256e-17 1.61526e-20 BessellB
53039.1 1.06639e-17 1.58635e-20 BessellB
52695 2.55428e-15 9.68618e-18 BessellI
52696 2.56699e-15 9.39959e-18 BessellI
52697 2.57922e-15 9.11301e-18 BessellI
52698 2.59093e-15 8.8269e-18 BessellI
52699 2.60211e-15 8.54177e-18 BessellI
52700 2.61275e-15 8.25811e-18 BessellI
52701 2.62281e-15 7.97648e-18 BessellI
52702 2.63227e-15 7.69743e-18 BessellI
52703 2.64111e-15 7.42157e-18 BessellI
52704 2.64932e-15 7.14951e-18 BessellI
52705 2.65685e-15 6.8819e-18 BessellI
52706 2.6637e-15 6.61939e-18 BessellI
52707 2.66982e-15 6.36267e-18 BessellI
52708 2.67521e-15 6.11243e-18 BessellI
52709 2.67984e-15 5.86936e-18 BessellI
52710 2.68367e-15 5.63416e-18 BessellI
52711 2.68669e-15 5.4075e-18 BessellI
52712 2.68887e-15 5.19005e-18 BessellI
52713 2.69018e-15 4.98239e-18 BessellI
52714 2.6906e-15 4.78507e-18 BessellI
52715 2.69009e-15 4.59854e-18 BessellI
52716 2.68865e-15 4.42314e-18 BessellI
52717 2.68623e-15 4.25907e-18 BessellI
52718 2.68282e-15 4.10638e-18 BessellI
52719 2.67839e-15 3.96492e-18 BessellI
52720 2.67291e-15 3.83435e-18 BessellI
52721 2.66637e-15 3.71413e-18 BessellI
52722 2.65873e-15 3.60348e-18 BessellI
52723 2.64998e-15 3.50146e-18 BessellI
52724 2.6401e-15 3.4069e-18 BessellI
52725 2.62906e-15 3.31852e-18 BessellI
52726 2.61685e-15 3.23489e-18 BessellI
52727 2.60344e-15 3.15451e-18 BessellI
52728 2.58884e-15 3.07584e-18 BessellI
52729 2.57301e-15 2.99736e-18 BessellI
52730 2.55595e-15 2.91757e-18 BessellI
52731 2.53765e-15 2.83508e-18 BessellI
52732 2.5181e-15 2.7486e-18 BessellI
52733 2.4973e-15 2.657e-18 BessellI
52734 2.47525e-15 2.55931e-18 BessellI
52735 2.45196e-15 2.45477e-18 BessellI
52736 2.42741e-15 2.34287e-18 BessellI
52737 2.40164e-15 2.22335e-18 BessellI
52738 2.37464e-15 2.09629e-18 BessellI
52739 2.34645e-15 1.96215e-18 BessellI
52740 2.31707e-15 1.82191e-18 BessellI
52741 2.28654e-15 1.67722e-18 BessellI
52742 2.25489e-15 1.53068e-18 BessellI
52743 2.22215e-15 1.38627e-18 BessellI
52744 2.18837e-15 1.24996e-18 BessellI
52745 2.15359e-15 1.1305e-18 BessellI
52746 2.11786e-15 1.03984e-18 BessellI
52747 2.08124e-15 9.91912e-19 BessellI
52748 2.04379e-15 9.98164e-19 BessellI
52749 2.00558e-15 1.06174e-18 BessellI
52750 1.96667e-15 1.17614e-18 BessellI
52751 1.92715e-15 1.32982e-18 BessellI
52752 1.88709e-15 1.51127e-18 BessellI
52753 1.84658e-15 1.7112e-18 BessellI
52754 1.8057e-15 1.92265e-18 BessellI
52755 1.76454e-15 2.14041e-18 BessellI
52756 1.72319e-15 2.3605e-18 BessellI
52757 1.68176e-15 2.57974e-18 BessellI
52758 1.64033e-15 2.79554e-18 BessellI
52759 1.599e-15 3.0057e-18 BessellI
52760 1.55787e-15 3.20837e-18 BessellI
52761 1.51703e-15 3.40194e-18 BessellI
52762 1.47658e-15 3.58502e-18 BessellI
52763 1.43661e-15 3.75647e-18 BessellI
52764 1.39721e-15 3.9153e-18 BessellI
52765 1.35846e-15 4.06076e-18 BessellI
52766 1.32046e-15 4.19226e-18 BessellI
52767 1.28326e-15 4.30939e-18 BessellI
52768 1.24696e-15 4.41193e-18 BessellI
52769 1.2116e-15 4.49983e-18 BessellI
52770 1.17727e-15 4.57319e-18 BessellI
52771 1.144e-15 4.63225e-18 BessellI
52772 1.11184e-15 4.67739e-18 BessellI
52773 1.08085e-15 4.70911e-18 BessellI
52774 1.05104e-15 4.72802e-18 BessellI
52775 1.02245e-15 4.73482e-18 BessellI
52776 9.95089e-16 4.73024e-18 BessellI
52777 9.68979e-16 4.71512e-18 BessellI
52778 9.44121e-16 4.6903e-18 BessellI
52779 9.20516e-16 4.65663e-18 BessellI
52780 8.98157e-16 4.615e-18 BessellI
52781 8.77029e-16 4.56624e-18 BessellI
52782 8.57115e-16 4.5112e-18 BessellI
52783 8.38392e-16 4.45068e-18 BessellI
52784 8.20831e-16 4.38541e-18 BessellI
52785 8.04401e-16 4.31612e-18 BessellI
52786 7.89067e-16 4.24343e-18 BessellI
52787 7.74788e-16 4.16795e-18 BessellI
52788 7.61524e-16 4.0902e-18 BessellI
52789 7.49231e-16 4.01064e-18 BessellI
52790 7.37864e-16 3.92969e-18 BessellI
52791 7.27376e-16 3.8477e-18 BessellI
52792 7.17718e-16 3.76497e-18 BessellI
52793 7.08843e-16 3.68177e-18 BessellI
52794 7.00703e-16 3.59829e-18 BessellI
52795 6.93248e-16 3.51472e-18 BessellI
52796 6.86432e-16 3.43121e-18 BessellI
52797 6.80205e-16 3.34786e-18 BessellI
52798 6.74524e-16 3.26479e-18 BessellI
52799 6.69341e-16 3.18207e-18 BessellI
52800 6.64613e-16 3.09976e-18 BessellI
52801 6.60299e-16 3.01792e-18 BessellI
52802 6.56356e-16 2.9366e-18 BessellI
52803 6.52745e-16 2.85584e-18 BessellI
52804 6.4943e-16 2.77569e-18 BessellI
52805 6.46374e-16 2.69619e-18 BessellI
52806 6.43543e-16 2.61738e-18 BessellI
52807 6.40907e-16 2.5393e-18 BessellI
52808 6.38434e-16 2.46199e-18 BessellI
52809 6.36096e-16 2.38551e-18 BessellI
52810 6.33867e-16 2.30989e-18 BessellI
52811 6.31723e-16 2.23518e-18 BessellI
52812 6.2964e-16 2.16144e-18 BessellI
52813 6.27598e-16 2.0887e-18 BessellI
52814 6.25577e-16 2.01702e-18 BessellI
52815 6.23559e-16 1.94646e-18 BessellI
52816 6.21528e-16 1.87704e-18 BessellI
52817 6.1947e-16 1.80883e-18 BessellI
52818 6.17371e-16 1.74187e-18 BessellI
52819 6.1522e-16 1.6762e-18 BessellI
52820 6.13005e-16 1.61186e-18 BessellI
52821 6.10717e-16 1.5489e-18 BessellI
52822 6.08347e-16 1.48733e-18 BessellI
52823 6.0589e-16 1.42721e-18 BessellI
52824 6.03338e-16 1.36856e-18 BessellI
52825 6.00687e-16 1.3114e-18 BessellI
52826 5.97931e-16 1.25576e-18 BessellI
52827 5.95068e-16 1.20166e-18 BessellI
52828 5.92095e-16 1.14911e-18 BessellI
52829 5.8901e-16 1.09814e-18 BessellI
52830 5.85811e-16 1.04875e-18 BessellI
52831 5.82499e-16 1.00095e-18 BessellI
52832 5.79072e-16 9.5474e-19 BessellI
52833 5.75531e-16 9.10135e-19 BessellI
52834 5.71877e-16 8.6713e-19 BessellI
52835 5.68112e-16 8.25723e-19 BessellI
52836 5.64236e-16 7.85912e-19 BessellI
52837 5.60252e-16 7.47689e-19 BessellI
52838 5.56163e-16 7.11049e-19 BessellI
52839 5.51971e-16 6.75983e-19 BessellI
52840 5.47678e-16 6.42478e-19 BessellI
52841 5.43288e-16 6.10524e-19 BessellI
52842 5.38804e-16 5.80107e-19 BessellI
52843 5.3423e-16 5.51212e-19 BessellI
52844 5.29569e-16 5.23823e-19 BessellI
52845 5.24825e-16 4.97921e-19 BessellI
52846 5.20001e-16 4.73488e-19 BessellI
52847 5.15102e-16 4.50502e-19 BessellI
52848 5.10132e-16 4.2894e-19 BessellI
52849 5.05094e-16 4.08776e-19 BessellI
52850 4.99992e-16 3.89982e-19 BessellI
52851 4.94831e-16 3.72527e-19 BessellI
52852 4.89614e-16 3.56375e-19 BessellI
52853 4.84346e-16 3.41489e-19 BessellI
52854 4.79031e-16 3.27825e-19 BessellI
52855 4.73672e-16 3.15338e-19 BessellI
52856 4.68274e-16 3.03975e-19 BessellI
52857 4.6284e-16 2.9368e-19 BessellI
52858 4.57374e-16 2.84395e-19 BessellI
52859 4.5188e-16 2.76055e-19 BessellI
52860 4.46362e-16 2.68595e-19 BessellI
52861 4.40824e-16 2.61946e-19 BessellI
52862 4.35268e-16 2.56038e-19 BessellI
52863 4.29699e-16 2.50801e-19 BessellI
52864 4.2412e-16 2.46166e-19 BessellI
52865 4.18533e-16 2.42065e-19 BessellI
52866 4.12944e-16 2.38433e-19 BessellI
52867 4.07353e-16 2.35207e-19 BessellI
52868 4.01766e-16 2.32329e-19 BessellI
52869 3.96184e-16 2.29746e-19 BessellI
52870 3.9061e-16 2.27408e-19 BessellI
52871 3.85048e-16 2.25268e-19 BessellI
52872 3.795e-16 2.23288e-19 BessellI
52873 3.73968e-16 2.21431e-19 BessellI
52874 3.68455e-16 2.19664e-19 BessellI
52875 3.62963e-16 2.17961e-19 BessellI
52876 3.57495e-16 2.16296e-19 BessellI
52877 3.52053e-16 2.1465e-19 BessellI
52878 3.46639e-16 2.13005e-19 BessellI
52879 3.41254e-16 2.11346e-19 BessellI
52880 3.35902e-16 2.09661e-19 BessellI
52881 3.30583e-16 2.07941e-19 BessellI
52882 3.253e-16 2.06177e-19 BessellI
52883 3.20054e-16 2.04365e-19 BessellI
52884 3.14847e-16 2.02498e-19 BessellI
52885 3.0968e-16 2.00576e-19 BessellI
52886 3.04555e-16 1.98595e-19 BessellI
52887 2.99473e-16 1.96555e-19 BessellI
52888 2.94434e-16 1.94456e-19 BessellI
52889 2.89442e-16 1.92299e-19 BessellI
52890 2.84496e-16 1.90085e-19 BessellI
52891 2.79597e-16 1.87816e-19 BessellI
52892 2.74747e-16 1.85495e-19 BessellI
52893 2.69946e-16 1.83125e-19 BessellI
52894 2.65195e-16 1.80708e-19 BessellI
52895 2.60495e-16 1.78248e-19 BessellI
52896 2.55847e-16 1.75748e-19 BessellI
52897 2.51251e-16 1.73212e-19 BessellI
52898 2.46708e-16 1.70644e-19 BessellI
52899 2.42219e-16 1.68047e-19 BessellI
52900 2.37783e-16 1.65424e-19 BessellI
52901 2.33401e-16 1.6278e-19 BessellI
52902 2.29074e-16 1.60119e-19 BessellI
52903 2.24802e-16 1.57443e-19 BessellI
52904 2.20585e-16 1.54756e-19 BessellI
52905 2.16423e-16 1.52063e-19 BessellI
52906 2.12317e-16 1.49366e-19 BessellI
52907 2.08267e-16 1.46668e-19 BessellI
52908 2.04272e-16 1.43973e-19 BessellI
52909 2.00332e-16 1.41283e-19 BessellI
52910 1.96449e-16 1.38602e-19 BessellI
52911 1.92621e-16 1.35933e-19 BessellI
52912 1.88849e-16 1.33278e-19 BessellI
52913 1.85132e-16 1.30639e-19 BessellI
52914 1.81471e-16 1.28019e-19 BessellI
52915 1.77864e-16 1.25421e-19 BessellI
52916 1.74313e-16 1.22846e-19 BessellI
52917 1.70817e-16 1.20297e-19 BessellI
52918 1.67375e-16 1.17775e-19 BessellI
52919 1.63987e-16 1.15282e-19 BessellI
52920 1.60653e-16 1.1282e-19 BessellI
52921 1.57373e-16 1.1039e-19 BessellI
52922 1.54146e-16 1.07995e-19 BessellI
52923 1.50972e-16 1.05634e-19 BessellI
52924 1.47851e-16 1.03309e-19 BessellI
52925 1.44781e-16 1.01022e-19 BessellI
52926 1.41764e-16 9.87737e-20 BessellI
52927 1.38797e-16 9.65643e-20 BessellI
52928 1.35882e-16 9.43948e-20 BessellI
52929 1.33016e-16 9.2266e-20 BessellI
52930 1.30201e-16 9.01785e-20 BessellI
52931 1.27435e-16 8.81328e-20 BessellI
52932 1.24718e-16 8.61292e-20 BessellI
52933 1.22049e-16 8.41681e-20 BessellI
52934 1.19429e-16 8.22497e-20 BessellI
52935 1.16855e-16 8.03743e-20 BessellI
52936 1.14329e-16 7.85418e-20 BessellI
52937 1.11848e-16 7.67523e-20 BessellI
52938 1.09414e-16 7.50058e-20 BessellI
52939 1.07024e-16 7.33021e-20 BessellI
52940 1.04679e-16 7.16411e-20 BessellI
52941 1.02379e-16 7.00224e-20 BessellI
52942 1.00121e-16 6.84459e-20 BessellI
52943 9.7907e-17 6.69111e-20 BessellI
52944 9.5735e-17 6.54177e-20 BessellI
52945 9.36047e-17 6.39651e-20 BessellI
52946 9.15157e-17 6.25529e-20 BessellI
52947 8.94674e-17 6.11805e-20 BessellI
52948 8.7459e-17 5.98474e-20 BessellI
52949 8.54902e-17 5.85528e-20 BessellI
52950 8.35602e-17 5.72962e-20 BessellI
52951 8.16686e-17 5.60767e-20 BessellI
52952 7.98148e-17 5.48938e-20 BessellI
52953 7.79981e-17 5.37466e-20 BessellI
52954 7.6218e-17 5.26343e-20 BessellI
52955 7.4474e-17 5.15561e-20 BessellI
52956 7.27654e-17 5.05112e-20 BessellI
52957 7.10918e-17 4.94987e-20 BessellI
52958 6.94525e-17 4.85177e-20 BessellI
52959 6.7847e-17 4.75675e-20 BessellI
52960 6.62748e-17 4.6647e-20 BessellI
52961 6.47352e-17 4.57554e-20 BessellI
52962 6.32278e-17 4.48917e-20 BessellI
52963 6.17519e-17 4.40551e-20 BessellI
52964 6.03072e-17 4.32447e-20 BessellI
52965 5.88929e-17 4.24596e-20 BessellI
52966 5.75087e-17 4.16988e-20 BessellI
52967 5.61539e-17 4.09614e-20 BessellI
52968 5.48281e-17 4.02466e-20 BessellI
52969 5.35307e-17 3.95535e-20 BessellI
52970 5.22613e-17 3.88813e-20 BessellI
52971 5.10193e-17 3.8229e-20 BessellI
52972 4.98042e-17 3.75959e-20 BessellI
52973 4.86156e-17 3.69811e-20 BessellI
52974 4.74529e-17 3.63839e-20 BessellI
52975 4.63157e-17 3.58034e-20 BessellI
52976 4.52034e-17 3.5239e-20 BessellI
52977 4.41157e-17 3.46898e-20 BessellI
52978 4.30521e-17 3.41551e-20 BessellI
52979 4.20121e-17 3.36344e-20 BessellI
52980 4.09952e-17 3.31269e-20 BessellI
52981 4.0001e-17 3.26319e-20 BessellI
52982 3.90291e-17 3.21489e-20 BessellI
52983 3.8079e-17 3.16772e-20 BessellI
52984 3.71503e-17 3.12164e-20 BessellI
52985 3.62426e-17 3.07658e-20 BessellI
52986 3.53555e-17 3.0325e-20 BessellI
52987 3.44885e-17 2.98934e-20 BessellI
52988 3.36413e-17 2.94706e-20 BessellI
52989 3.28134e-17 2.90562e-20 BessellI
52990 3.20046e-17 2.86496e-20 BessellI
52991 3.12142e-17 2.82506e-20 BessellI
52992 3.04421e-17 2.78587e-20 BessellI
52993 2.96878e-17 2.74737e-20 BessellI
52994 2.8951e-17 2.7095e-20 BessellI
52995 2.82313e-17 2.67225e-20 BessellI
52996 2.75283e-17 2.63559e-20 BessellI
52997 2.68418e-17 2.59948e-20 BessellI
52998 2.61712e-17 2.5639e-20 BessellI
52999 2.55164e-17 2.52882e-20 BessellI
53000 2.4877e-17 2.49423e-20 BessellI
53001 2.42526e-17 2.46011e-20 BessellI
53002 2.3643e-17 2.42642e-20 BessellI
53003 2.30477e-17 2.39317e-20 BessellI
53004 2.24666e-17 2.36032e-20 BessellI
53005 2.18993e-17 2.32786e-20 BessellI
53006 2.13455e-17 2.29578e-20 BessellI
53007 2.0805e-17 2.26407e-20 BessellI
53008 2.02773e-17 2.23271e-20 BessellI
53009 1.97623e-17 2.20169e-20 BessellI
53010 1.92597e-17 2.171e-20 BessellI
53011 1.87691e-17 2.14064e-20 BessellI
53012 1.82904e-17 2.11059e-20 BessellI
53013 1.78233e-17 2.08084e-20 BessellI
53014 1.73674e-17 2.0514e-20 BessellI
53015 1.69226e-17 2.02225e-20 BessellI
53016 1.64887e-17 1.99339e-20 BessellI
53017 1.60653e-17 1.96481e-20 BessellI
53018 1.56522e-17 1.93651e-20 BessellI
53019 1.52492e-17 1.90848e-20 BessellI
53020 1.48561e-17 1.88073e-20 BessellI
53021 1.44727e-17 1.85324e-20 BessellI
53022 1.40986e-17 1.82601e-20 BessellI
53023 1.37338e-17 1.79905e-20 BessellI
53024 1.3378e-17 1.77235e-20 BessellI
53025 1.30309e-17 1.7459e-20 BessellI
53026 1.26925e-17 1.71972e-20 BessellI
53027 1.23624e-17 1.69378e-20 BessellI
53028 1.20405e-17 1.6681e-20 BessellI
53029 1.17267e-17 1.64268e-20 BessellI
53030 1.14207e-17 1.6175e-20 BessellI
53031 1.11223e-17 1.59258e-20 BessellI
53032 1.08313e-17 1.56791e-20 BessellI
53033 1.05477e-17 1.54349e-20 BessellI
53034 1.02711e-17 1.51932e-20 BessellI
53035 1.00016e-17 1.49539e-20 BessellI
53036 9.73874e-18 1.47172e-20 BessellI
53037 9.48256e-18 1.4483e-20 BessellI
53038 9.23284e-18 1.42512e-20 BessellI
53039 8.98943e-18 1.4022e-20 BessellI
52685.7 1.36522e-15 1.39161e-17 BessellR
52686.7 1.39024e-15 1.38706e-17 BessellR
52687.7 1.41553e-15 1.38196e-17 BessellR
52688.7 1.44107e-15 1.37631e-17 BessellR
52689.7 1.46686e-15 1.37013e-17 BessellR
52690.7 1.4929e-15 1.36343e-17 BessellR
52691.7 1.51918e-15 1.35623e-17 BessellR
52692.7 1.54569e-15 1.34856e-17 BessellR
52693.7 1.57242e-15 1.34045e-17 BessellR
52694.7 1.59936e-15 1.33192e-17 BessellR
52695.7 1.6265e-15 1.32302e-17 BessellR
52696.7 1.65383e-15 1.31379e-17 BessellR
52697.7 1.68134e-15 1.30428e-17 BessellR
52698.7 1.70901e-15 1.29455e-17 BessellR
52699.7 1.73684e-15 1.28466e-17 BessellR
52700.7 1.76481e-15 1.27468e-17 BessellR
52701.7 1.7929e-15 1.26468e-17 BessellR
52702.7 1.8211e-15 1.25476e-17 BessellR
52703.7 1.8494e-15 1.24502e-17 BessellR
52704.7 1.87776e-15 1.23554e-17 BessellR
52705.7 1.90618e-15 1.22646e-17 BessellR
52706.7 1.93463e-15 1.21787e-17 BessellR
52707.7 1.9631e-15 1.20993e-17 BessellR
52708.7 1.99155e-15 1.20275e-17 BessellR
52709.7 2.01998e-15 1.19648e-17 BessellR
52710.7 2.04834e-15 1.19127e-17 BessellR
52711.7 2.07662e-15 1.18727e-17 BessellR
52712.7 2.10479e-15 1.18463e-17 BessellR
52713.7 2.13281e-15 1.1835e-17 BessellR
52714.7 2.16067e-15 1.18402e-17 BessellR
52715.7 2.18832e-15 1.18634e-17 BessellR
52716.7 2.21573e-15 1.19058e-17 BessellR
52717.7 2.24286e-15 1.19686e-17 BessellR
52718.7 2.26969e-15 1.20528e-17 BessellR
52719.7 2.29616e-15 1.21592e-17 BessellR
52720.7 2.32225e-15 1.22884e-17 BessellR
52721.7 2.3479e-15 1.24408e-17 BessellR
52722.7 2.37307e-15 1.26164e-17 BessellR
52723.7 2.39772e-15 1.28152e-17 BessellR
52724.7 2.4218e-15 1.30366e-17 BessellR
52725.7 2.44526e-15 1.32801e-17 BessellR
52726.7 2.46804e-15 1.35449e-17 BessellR
52727.7 2.49009e-15 1.38296e-17 BessellR
52728.7 2.51136e-15 1.41332e-17 BessellR
52729.7 2.53179e-15 1.44539e-17 BessellR
52730.7 2.55131e-15 1.47902e-17 BessellR
52731.7 2.56987e-15 1.51401e-17 BessellR
52732.7 2.5874e-15 1.55017e-17 BessellR
52733.7 2.60383e-15 1.58729e-17 BessellR
52734.7 2.61911e-15 1.62514e-17 BessellR
52735.7 2.63316e-15 1.66349e-17 BessellR
52736.7 2.64591e-15 1.7021e-17 BessellR
52737.7 2.65729e-15 1.74071e-17 BessellR
52738.7 2.66722e-15 1.77908e-17 BessellR
52739.7 2.67565e-15 1.81694e-17 BessellR
52740.7 2.68249e-15 1.85401e-17 BessellR
52741.7 2.68767e-15 1.89004e-17 BessellR
52742.7 2.69111e-15 1.92475e-17 BessellR
52743.7 2.69276e-15 1.95786e-17 BessellR
52744.7 2.69253e-15 1.9891e-17 BessellR
52745.7 2.69036e-15 2.01821e-17 BessellR
52746.7 2.68619e-15 2.0449e-17 BessellR
52747.7 2.67995e-15 2.06893e-17 BessellR
52748.7 2.67158e-15 2.09003e-17 BessellR
52749.7 2.66103e-15 2.10796e-17 BessellR
52750.7 2.64824e-15 2.12249e-17 BessellR
52751.7 2.63319e-15 2.13341e-17 BessellR
52752.7 2.61582e-15 2.14051e-17 BessellR
52753.7 2.59612e-15 2.14364e-17 BessellR
52754.7 2.57406e-15 2.14263e-17 BessellR
52755.7 2.54964e-15 2.13736e-17 BessellR
52756.7 2.52285e-15 2.12775e-17 BessellR
52757.7 2.4937e-15 2.11373e-17 BessellR
52758.7 2.46223e-15 2.09529e-17 BessellR
52759.7 2.42846e-15 2.07244e-17 BessellR
52760.7 2.39244e-15 2.04524e-17 BessellR
52761.7 2.35425e-15 2.0138e-17 BessellR
52762.7 2.31395e-15 1.97825e-17 BessellR
52763.7 2.27163e-15 1.93879e-17 BessellR
52764.7 2.2274e-15 1.89564e-17 BessellR
52765.7 2.18138e-15 1.84907e-17 BessellR
52766.7 2.1337e-15 1.7994e-17 BessellR
52767.7 2.08451e-15 1.74696e-17 BessellR
52768.7 2.03396e-15 1.69214e-17 BessellR
52769.7 1.98222e-15 1.63534e-17 BessellR
52770.7 1.92947e-15 1.577e-17 BessellR
52771.7 1.8759e-15 1.51754e-17 BessellR
52772.7 1.82169e-15 1.45744e-17 BessellR
52773.7 1.76704e-15 1.39713e-17 BessellR
52774.7 1.71216e-15 1.33709e-17 BessellR
52775.7 1.65724e-15 1.27774e-17 BessellR
52776.7 1.6025e-15 1.21949e-17 BessellR
52777.7 1.54812e-15 1.16276e-17 BessellR
52778.7 1.49429e-15 1.10788e-17 BessellR
52779.7 1.44121e-15 1.05517e-17 BessellR
52780.7 1.38906e-15 1.00489e-17 BessellR
52781.7 1.338e-15 9.57268e-18 BessellR
52782.7 1.28818e-15 9.12441e-18 BessellR
52783.7 1.23975e-15 8.70509e-18 BessellR
52784.7 1.19285e-15 8.31506e-18 BessellR
52785.7 1.14758e-15 7.95406e-18 BessellR
52786.7 1.10404e-15 7.6213e-18 BessellR
52787.7 1.06233e-15 7.3155e-18 BessellR
52788.7 1.0225e-15 7.03497e-18 BessellR
52789.7 9.84615e-16 6.7777e-18 BessellR
52790.7 9.48709e-16 6.54146e-18 BessellR
52791.7 9.14807e-16 6.32389e-18 BessellR
52792.7 8.82916e-16 6.12262e-18 BessellR
52793.7 8.53034e-16 5.93532e-18 BessellR
52794.7 8.25145e-16 5.75981e-18 BessellR
52795.7 7.99221e-16 5.59405e-18 BessellR
52796.7 7.75225e-16 5.43624e-18 BessellR
52797.7 7.53111e-16 5.28479e-18 BessellR
52798.7 7.32823e-16 5.13834e-18 BessellR
52799.7 7.14301e-16 4.99578e-18 BessellR
52800.7 6.97476e-16 4.85619e-18 BessellR
52801.7 6.82277e-16 4.71884e-18 BessellR
52802.7 6.68627e-16 4.5832e-18 BessellR
52803.7 6.56448e-16 4.44888e-18 BessellR
52804.7 6.45659e-16 4.3156e-18 BessellR
52805.7 6.36178e-16 4.18321e-18 BessellR
52806.7 6.27921e-16 4.05165e-18 BessellR
52807.7 6.20807e-16 3.9209e-18 BessellR
52808.7 6.14753e-16 3.79103e-18 BessellR
52809.7 6.0968e-16 3.66213e-18 BessellR
52810.7 6.05508e-16 3.53432e-18 BessellR
52811.7 6.02161e-16 3.40775e-18 BessellR
52812.7 5.99564e-16 3.28257e-18 BessellR
52813.7 5.97646e-16 3.15896e-18 BessellR
52814.7 5.96337e-16 3.03706e-18 BessellR
52815.7 5.95572e-16 2.91705e-18 BessellR
52816.7 5.95288e-16 2.79906e-18 BessellR
52817.7 5.95424e-16 2.68326e-18 BessellR
52818.7 5.95926e-16 2.56978e-18 BessellR
52819.7 5.96739e-16 2.45873e-18 BessellR
52820.7 5.97813e-16 2.35024e-18 BessellR
52821.7 5.99102e-16 2.2444e-18 BessellR
52822.7 6.00562e-16 2.1413e-18 BessellR
52823.7 6.02152e-16 2.04102e-18 BessellR
52824.7 6.03834e-16 1.94363e-18 BessellR
52825.7 6.05574e-16 1.84919e-18 BessellR
52826.7 6.0734e-16 1.75773e-18 BessellR
52827.7 6.09101e-16 1.6693e-18 BessellR
52828.7 6.10832e-16 1.58393e-18 BessellR
52829.7 6.12508e-16 1.50163e-18 BessellR
52830.7 6.14106e-16 1.42243e-18 BessellR
52831.7 6.15606e-16 1.34632e-18 BessellR
52832.7 6.16992e-16 1.27333e-18 BessellR
52833.7 6.18246e-16 1.20344e-18 BessellR
52834.7 6.19354e-16 1.13665e-18 BessellR
52835.7 6.20305e-16 1.07295e-18 BessellR
52836.7 6.21087e-16 1.01234e-18 BessellR
52837.7 6.21692e-16 9.54807e-19 BessellR
52838.7 6.22111e-16 9.00333e-19 BessellR
52839.7 6.22337e-16 8.48907e-19 BessellR
52840.7 6.22367e-16 8.00515e-19 BessellR
52841.7 6.22195e-16 7.55139e-19 BessellR
52842.7 6.21818e-16 7.12762e-19 BessellR
52843.7 6.21235e-16 6.73363e-19 BessellR
52844.7 6.20444e-16 6.36916e-19 BessellR
52845.7 6.19444e-16 6.0339e-19 BessellR
52846.7 6.18237e-16 5.72745e-19 BessellR
52847.7 6.16823e-16 5.44931e-19 BessellR
52848.7 6.15203e-16 5.19887e-19 BessellR
52849.7 6.13381e-16 4.97532e-19 BessellR
52850.7 6.11358e-16 4.77773e-19 BessellR
52851.7 6.09139e-16 4.60493e-19 BessellR
52852.7 6.06726e-16 4.45558e-19 BessellR
52853.7 6.04125e-16 4.32817e-19 BessellR
52854.7 6.01338e-16 4.22101e-19 BessellR
52855.7 5.98371e-16 4.13229e-19 BessellR
52856.7 5.95228e-16 4.0601e-19 BessellR
52857.7 5.91915e-16 4.00253e-19 BessellR
52858.7 5.88437e-16 3.95765e-19 BessellR
52859.7 5.848e-16 3.92359e-19 BessellR
52860.7 5.81009e-16 3.8986e-19 BessellR
52861.7 5.77069e-16 3.88101e-19 BessellR
52862.7 5.72987e-16 3.86934e-19 BessellR
52863.7 5.68768e-16 3.8622e-19 BessellR
52864.7 5.64419e-16 3.85841e-19 BessellR
52865.7 5.59944e-16 3.8569e-19 BessellR
52866.7 5.5535e-16 3.85678e-19 BessellR
52867.7 5.50644e-16 3.85725e-19 BessellR
52868.7 5.4583e-16 3.85766e-19 BessellR
52869.7 5.40914e-16 3.85747e-19 BessellR
52870.7 5.35903e-16 3.85622e-19 BessellR
52871.7 5.30802e-16 3.85357e-19 BessellR
52872.7 5.25616e-16 3.84921e-19 BessellR
52873.7 5.20352e-16 3.84292e-19 BessellR
52874.7 5.15014e-16 3.83454e-19 BessellR
52875.7 5.09609e-16 3.82396e-19 BessellR
52876.7 5.0414e-16 3.81108e-19 BessellR
52877.7 4.98615e-16 3.79588e-19 BessellR
52878.7 4.93037e-16 3.77833e-19 BessellR
52879.7 4.87411e-16 3.75845e-19 BessellR
52880.7 4.81743e-16 3.73628e-19 BessellR
52881.7 4.76038e-16 3.71184e-19 BessellR
52882.7 4.70299e-16 3.68522e-19 BessellR
52883.7 4.64531e-16 3.65648e-19 BessellR
52884.7 4.58738e-16 3.62571e-19 BessellR
52885.7 4.52926e-16 3.59299e-19 BessellR
52886.7 4.47098e-16 3.55842e-19 BessellR
52887.7 4.41257e-16 3.5221e-19 BessellR
52888.7 4.35408e-16 3.48412e-19 BessellR
52889.7 4.29555e-16 3.4446e-19 BessellR
52890.7 4.237e-16 3.40363e-19 BessellR
52891.7 4.17848e-16 3.36132e-19 BessellR
52892.7 4.12002e-16 3.31777e-19 BessellR
52893.7 4.06165e-16 3.27308e-19 BessellR
52894.7 4.00341e-16 3.22735e-19 BessellR
52895.7 3.94531e-16 3.18068e-19 BessellR
52896.7 3.88739e-16 3.13316e-19 BessellR
52897.7 3.82968e-16 3.08489e-19 BessellR
52898.7 3.7722e-16 3.03596e-19 BessellR
52899.7 3.71498e-16 2.98646e-19 BessellR
52900.7 3.65804e-16 2.93646e-19 BessellR
52901.7 3.60141e-16 2.88606e-19 BessellR
52902.7 3.5451e-16 2.83532e-19 BessellR
52903.7 3.48913e-16 2.78433e-19 BessellR
52904.7 3.43354e-16 2.73316e-19 BessellR
52905.7 3.37833e-16 2.68187e-19 BessellR
52906.7 3.32352e-16 2.63053e-19 BessellR
52907.7 3.26912e-16 2.5792e-19 BessellR
52908.7 3.21517e-16 2.52795e-19 BessellR
52909.7 3.16166e-16 2.47682e-19 BessellR
52910.7 3.10861e-16 2.42588e-19 BessellR
52911.7 3.05604e-16 2.37516e-19 BessellR
52912.7 3.00396e-16 2.32473e-19 BessellR
52913.7 2.95237e-16 2.27462e-19 BessellR
52914.7 2.90129e-16 2.22488e-19 BessellR
52915.7 2.85074e-16 2.17555e-19 BessellR
52916.7 2.80071e-16 2.12665e-19 BessellR
52917.7 2.75121e-16 2.07824e-19 BessellR
52918.7 2.70226e-16 2.03033e-19 BessellR
52919.7 2.65386e-16 1.98296e-19 BessellR
52920.7 2.60602e-16 1.93616e-19 BessellR
52921.7 2.55874e-16 1.88995e-19 BessellR
52922.7 2.51202e-16 1.84435e-19 BessellR
52923.7 2.46588e-16 1.79939e-19 BessellR
52924.7 2.42031e-16 1.75509e-19 BessellR
52925.7 2.37532e-16 1.71145e-19 BessellR
52926.7 2.33091e-16 1.66851e-19 BessellR
52927.7 2.28708e-16 1.62627e-19 BessellR
52928.7 2.24384e-16 1.58475e-19 BessellR
52929.7 2.20118e-16 1.54395e-19 BessellR
52930.7 2.15911e-16 1.50389e-19 BessellR
52931.7 2.11762e-16 1.46458e-19 BessellR
52932.7 2.07673e-16 1.42601e-19 BessellR
52933.7 2.03642e-16 1.38821e-19 BessellR
52934.7 1.99669e-16 1.35116e-19 BessellR
52935.7 1.95755e-16 1.31488e-19 BessellR
52936.7 1.91899e-16 1.27937e-19 BessellR
52937.7 1.88101e-16 1.24463e-19 BessellR
52938.7 1.84362e-16 1.21066e-19 BessellR
52939.7 1.80679e-16 1.17745e-19 BessellR
52940.7 1.77055e-16 1.14501e-19 BessellR
52941.7 1.73487e-16 1.11334e-19 BessellR
52942.7 1.69976e-16 1.08242e-19 BessellR
52943.7 1.66521e-16 1.05227e-19 BessellR
52944.7 1.63123e-16 1.02286e-19 BessellR
52945.7 1.5978e-16 9.94211e-20 BessellR
52946.7 1.56493e-16 9.66299e-20 BessellR
52947.7 1.5326e-16 9.39122e-20 BessellR
52948.7 1.50081e-16 9.12675e-20 BessellR
52949.7 1.46957e-16 8.8695e-20 BessellR
52950.7 1.43886e-16 8.61938e-20 BessellR
52951.7 1.40868e-16 8.37631e-20 BessellR
52952.7 1.37902e-16 8.14021e-20 BessellR
52953.7 1.34988e-16 7.91099e-20 BessellR
52954.7 1.32126e-16 7.68854e-20 BessellR
52955.7 1.29314e-16 7.47278e-20 BessellR
52956.7 1.26553e-16 7.26359e-20 BessellR
52957.7 1.23842e-16 7.06087e-20 BessellR
52958.7 1.21179e-16 6.86452e-20 BessellR
52959.7 1.18566e-16 6.67442e-20 BessellR
52960.7 1.16e-16 6.49045e-20 BessellR
52961.7 1.13482e-16 6.31251e-20 BessellR
52962.7 1.11011e-16 6.14047e-20 BessellR
52963.7 1.08586e-16 5.97421e-20 BessellR
52964.7 1.06206e-16 5.8136e-20 BessellR
52965.7 1.03872e-16 5.65853e-20 BessellR
52966.7 1.01582e-16 5.50886e-20 BessellR
52967.7 9.93362e-17 5.36447e-20 BessellR
52968.7 9.71336e-17 5.22523e-20 BessellR
52969.7 9.49736e-17 5.091e-20 BessellR
52970.7 9.28557e-17 4.96165e-20 BessellR
52971.7 9.07793e-17 4.83705e-20 BessellR
52972.7 8.87437e-17 4.71707e-20 BessellR
52973.7 8.67484e-17 4.60156e-20 BessellR
52974.7 8.47927e-17 4.4904e-20 BessellR
52975.7 8.2876e-17 4.38345e-20 BessellR
52976.7 8.09978e-17 4.28057e-20 BessellR
52977.7 7.91574e-17 4.18162e-20 BessellR
52978.7 7.73542e-17 4.08647e-20 BessellR
52979.7 7.55878e-17 3.99499e-20 BessellR
52980.7 7.38574e-17 3.90704e-20 BessellR
52981.7 7.21624e-17 3.82248e-20 BessellR
52982.7 7.05024e-17 3.74119e-20 BessellR
52983.7 6.88767e-17 3.66304e-20 BessellR
52984.7 6.72848e-17 3.58789e-20 BessellR
52985.7 6.5726e-17 3.51561e-20 BessellR
52986.7 6.41998e-17 3.44609e-20 BessellR
52987.7 6.27058e-17 3.3792e-20 BessellR
52988.7 6.12432e-17 3.31482e-20 BessellR
52989.7 5.98115e-17 3.25283e-20 BessellR
52990.7 5.84103e-17 3.19312e-20 BessellR
52991.7 5.7039e-17 3.13558e-20 BessellR
52992.7 5.5697e-17 3.08009e-20 BessellR
52993.7 5.43838e-17 3.02655e-20 BessellR
52994.7 5.30989e-17 2.97486e-20 BessellR
52995.7 5.18418e-17 2.92493e-20 BessellR
52996.7 5.06119e-17 2.87665e-20 BessellR
52997.7 4.94088e-17 2.82994e-20 BessellR
52998.7 4.8232e-17 2.7847e-20 BessellR
52999.7 4.70809e-17 2.74086e-20 BessellR
53000.7 4.59552e-17 2.69834e-20 BessellR
53001.7 4.48542e-17 2.65705e-20 BessellR
53002.7 4.37776e-17 2.61692e-20 BessellR
53003.7 4.27248e-17 2.5779e-20 BessellR
53004.7 4.16955e-17 2.5399e-20 BessellR
53005.7 4.06891e-17 2.50287e-20 BessellR
53006.7 3.97052e-17 2.46675e-20 BessellR
53007.7 3.87434e-17 2.43149e-20 BessellR
53008.7 3.78032e-17 2.39703e-20 BessellR
53009.7 3.68843e-17 2.36332e-20 BessellR
53010.7 3.59861e-17 2.33031e-20 BessellR
53011.7 3.51083e-17 2.29798e-20 BessellR
53012.7 3.42504e-17 2.26626e-20 BessellR
53013.7 3.34121e-17 2.23513e-20 BessellR
53014.7 3.25929e-17 2.20455e-20 BessellR
53015.7 3.17925e-17 2.1745e-20 BessellR
53016.7 3.10105e-17 2.14493e-20 BessellR
53017.7 3.02465e-17 2.11582e-20 BessellR
53018.7 2.95001e-17 2.08714e-20 BessellR
53019.7 2.8771e-17 2.05888e-20 BessellR
53020.7 2.80588e-17 2.03101e-20 BessellR
53021.7 2.73632e-17 2.0035e-20 BessellR
53022.7 2.66838e-17 1.97635e-20 BessellR
53023.7 2.60202e-17 1.94953e-20 BessellR
53024.7 2.53722e-17 1.92302e-20 BessellR
53025.7 2.47393e-17 1.89682e-20 BessellR
53026.7 2.41214e-17 1.87092e-20 BessellR
53027.7 2.3518e-17 1.84529e-20 BessellR
53028.7 2.29288e-17 1.81993e-20 BessellR
53029.7 2.23536e-17 1.79483e-20 BessellR
53030.7 2.1792e-17 1.76999e-20 BessellR
53031.7 2.12438e-17 1.74538e-20 BessellR
53032.7 2.07086e-17 1.72102e-20 BessellR
53033.7 2.01862e-17 1.69688e-20 BessellR
53034.7 1.96762e-17 1.67297e-20 BessellR
53035.7 1.91785e-17 1.64929e-20 BessellR
53036.7 1.86927e-17 1.62582e-20 BessellR
53037.7 1.82186e-17 1.60256e-20 BessellR
53038.7 1.77559e-17 1.57951e-20 BessellR
52687 3.30194e-16 2.14029e-18 BessellV
52688 3.84452e-16 2.33033e-18 BessellV
52689 4.47423e-16 2.52396e-18 BessellV
52690 5.20436e-16 2.71728e-18 BessellV
52691 6.04994e-16 2.90517e-18 BessellV
52692 7.02786e-16 3.08102e-18 BessellV
52693 8.15693e-16 3.23663e-18 BessellV
52694 9.45786e-16 3.36204e-18 BessellV
52695 1.09531e-15 3.44564e-18 BessellV
52696 1.26667e-15 3.4745e-18 BessellV
52697 1.46233e-15 3.43539e-18 BessellV
52698 1.68478e-15 3.31699e-18 BessellV
52699 1.93637e-15 3.11473e-18 BessellV
52700 2.21911e-15 2.84121e-18 BessellV
52701 2.53448e-15 2.54915e-18 BessellV
52702 2.88306e-15 2.37125e-18 BessellV
52703 3.26423e-15 2.52219e-18 BessellV
52704 3.67575e-15 3.13521e-18 BessellV
52705 4.11341e-15 4.14251e-18 BessellV
52706 4.57075e-15 5.40419e-18 BessellV
52707 5.03895e-15 6.79472e-18 BessellV
52708 5.50698e-15 8.20337e-18 BessellV
52709 5.9621e-15 9.52784e-18 BessellV
52710 6.39063e-15 1.06775e-17 BessellV
52711 6.77905e-15 1.15822e-17 BessellV
52712 7.11521e-15 1.22015e-17 BessellV
52713 7.38942e-15 1.25293e-17 BessellV
52714 7.59527e-15 1.25927e-17 BessellV
52715 7.73008e-15 1.24435e-17 BessellV
52716 7.79478e-15 1.21449e-17 BessellV
52717 7.79344e-15 1.17581e-17 BessellV
52718 7.73255e-15 1.13312e-17 BessellV
52719 7.62012e-15 1.08942e-17 BessellV
52720 7.46486e-15 1.04599e-17 BessellV
52721 7.27554e-15 1.00285e-17 BessellV
52722 7.06039e-15 9.59443e-18 BessellV
52723 6.82687e-15 9.15073e-18 BessellV
52724 6.58141e-15 8.69267e-18 BessellV
52725 6.32945e-15 8.21865e-18 BessellV
52726 6.07541e-15 7.73011e-18 BessellV
52727 5.82279e-15 7.23071e-18 BessellV
52728 5.57433e-15 6.72546e-18 BessellV
52729 5.33207e-15 6.21986e-18 BessellV
52730 5.0975e-15 5.71938e-18 BessellV
52731 4.87166e-15 5.22904e-18 BessellV
52732 4.65521e-15 4.75322e-18 BessellV
52733 4.44855e-15 4.29563e-18 BessellV
52734 4.25185e-15 3.85934e-18 BessellV
52735 4.06509e-15 3.44685e-18 BessellV
52736 3.88817e-15 3.06024e-18 BessellV
52737 3.72086e-15 2.70137e-18 BessellV
52738 3.56287e-15 2.37201e-18 BessellV
52739 3.41389e-15 2.07411e-18 BessellV
52740 3.27353e-15 1.80995e-18 BessellV
52741 3.14144e-15 1.58241e-18 BessellV
52742 3.01722e-15 1.39484e-18 BessellV
52743 2.90049e-15 1.25068e-18 BessellV
52744 2.79085e-15 1.15221e-18 BessellV
52745 2.68793e-15 1.09884e-18 BessellV
52746 2.59137e-15 1.08596e-18 BessellV
52747 2.5008e-15 1.1055e-18 BessellV
52748 2.41589e-15 1.14806e-18 BessellV
52749 2.3363e-15 1.20502e-18 BessellV
52750 2.26171e-15 1.26951e-18 BessellV
52751 2.19183e-15 1.33662e-18 BessellV
52752 2.12637e-15 1.40298e-18 BessellV
52753 2.06506e-15 1.4664e-18 BessellV
52754 2.00763e-15 1.52554e-18 BessellV
52755 1.95383e-15 1.57958e-18 BessellV
52756 1.90345e-15 1.62809e-18 BessellV
52757 1.85624e-15 1.67092e-18 BessellV
52758 1.81202e-15 1.70807e-18 BessellV
52759 1.77057e-15 1.73965e-18 BessellV
52760 1.73171e-15 1.76585e-18 BessellV
52761 1.69527e-15 1.78693e-18 BessellV
52762 1.66108e-15 1.80315e-18 BessellV
52763 1.62898e-15 1.8148e-18 BessellV
52764 1.59883e-15 1.82217e-18 BessellV
52765 1.57048e-15 1.82556e-18 BessellV
52766 1.54382e-15 1.82526e-18 BessellV
52767 1.5187e-15 1.82155e-18 BessellV
52768 1.49503e-15 1.81471e-18 BessellV
52769 1.47269e-15 1.805e-18 BessellV
52770 1.45157e-15 1.79267e-18 BessellV
52771 1.43159e-15 1.77797e-18 BessellV
52772 1.41266e-15 1.7611e-18 BessellV
52773 1.39468e-15 1.7423e-18 BessellV
52774 1.37759e-15 1.72177e-18 BessellV
52775 1.36131e-15 1.69969e-18 BessellV
52776 1.34577e-15 1.67623e-18 BessellV
52777 1.33091e-15 1.65158e-18 BessellV
52778 1.31667e-15 1.62588e-18 BessellV
52779 1.30299e-15 1.59928e-18 BessellV
52780 1.28983e-15 1.57192e-18 BessellV
52781 1.27712e-15 1.54391e-18 BessellV
52782 1.26484e-15 1.51538e-18 BessellV
52783 1.25293e-15 1.48644e-18 BessellV
52784 1.24136e-15 1.45718e-18 BessellV
52785 1.2301e-15 1.42769e-18 BessellV
52786 1.21911e-15 1.39807e-18 BessellV
52787 1.20836e-15 1.36838e-18 BessellV
52788 1.19782e-15 1.3387e-18 BessellV
52789 1.18747e-15 1.30909e-18 BessellV
52790 1.17729e-15 1.27962e-18 BessellV
52791 1.16724e-15 1.25033e-18 BessellV
52792 1.15732e-15 1.22128e-18 BessellV
52793 1.14751e-15 1.19251e-18 BessellV
52794 1.13778e-15 1.16405e-18 BessellV
52795 1.12813e-15 1.13595e-18 BessellV
52796 1.11854e-15 1.10822e-18 BessellV
52797 1.10899e-15 1.08091e-18 BessellV
52798 1.09948e-15 1.05404e-18 BessellV
52799 1.09001e-15 1.02762e-18 BessellV
52800 1.08055e-15 1.00167e-18 BessellV
52801 1.0711e-15 9.76213e-19 BessellV
52802 1.06166e-15 9.51256e-19 BessellV
52803 1.05221e-15 9.2681e-19 BessellV
52804 1.04277e-15 9.02882e-19 BessellV
52805 1.03331e-15 8.7948e-19 BessellV
52806 1.02384e-15 8.56606e-19 BessellV
52807 1.01435e-15 8.34264e-19 BessellV
52808 1.00485e-15 8.12455e-19 BessellV
52809 9.95322e-16 7.91177e-19 BessellV
52810 9.85776e-16 7.70428e-19 BessellV
52811 9.76209e-16 7.50207e-19 BessellV
52812 9.66619e-16 7.30508e-19 BessellV
52813 9.57007e-16 7.11326e-19 BessellV
52814 9.47374e-16 6.92656e-19 BessellV
52815 9.37719e-16 6.74491e-19 BessellV
52816 9.28045e-16 6.56823e-19 BessellV
52817 9.18352e-16 6.39645e-19 BessellV
52818 9.08642e-16 6.22947e-19 BessellV
52819 8.98916e-16 6.06721e-19 BessellV
52820 8.89177e-16 5.90957e-19 BessellV
52821 8.79426e-16 5.75645e-19 BessellV
52822 8.69667e-16 5.60777e-19 BessellV
52823 8.599e-16 5.46341e-19 BessellV
52824 8.50129e-16 5.32326e-19 BessellV
52825 8.40355e-16 5.18724e-19 BessellV
52826 8.30583e-16 5.05522e-19 BessellV
52827 8.20813e-16 4.92711e-19 BessellV
52828 8.1105e-16 4.8028e-19 BessellV
52829 8.01295e-16 4.68219e-19 BessellV
52830 7.91552e-16 4.56516e-19 BessellV
52831 7.81823e-16 4.45161e-19 BessellV
52832 7.72111e-16 4.34145e-19 BessellV
52833 7.62419e-16 4.23458e-19 BessellV
52834 7.5275e-16 4.13088e-19 BessellV
52835 7.43105e-16 4.03026e-19 BessellV
52836 7.33489e-16 3.93264e-19 BessellV
52837 7.23904e-16 3.83791e-19 BessellV
52838 7.14351e-16 3.74598e-19 BessellV
52839 7.04835e-16 3.65676e-19 BessellV
52840 6.95357e-16 3.57017e-19 BessellV
52841 6.8592e-16 3.48612e-19 BessellV
52842 6.76526e-16 3.40452e-19 BessellV
52843 6.67179e-16 3.32531e-19 BessellV
52844 6.57879e-16 3.24839e-19 BessellV
52845 6.48629e-16 3.1737e-19 BessellV
52846 6.39432e-16 3.10116e-19 BessellV
52847 6.3029e-16 3.0307e-19 BessellV
52848 6.21204e-16 2.96225e-19 BessellV
52849 6.12177e-16 2.89575e-19 BessellV
52850 6.03211e-16 2.83114e-19 BessellV
52851 5.94306e-16 2.76835e-19 BessellV
52852 5.85466e-16 2.70732e-19 BessellV
52853 5.76692e-16 2.648e-19 BessellV
52854 5.67985e-16 2.59033e-19 BessellV
52855 5.59347e-16 2.53426e-19 BessellV
52856 5.50779e-16 2.47975e-19 BessellV
52857 5.42283e-16 2.42673e-19 BessellV
52858 5.33861e-16 2.37517e-19 BessellV
52859 5.25512e-16 2.32501e-19 BessellV
52860 5.17239e-16 2.27622e-19 BessellV
52861 5.09043e-16 2.22876e-19 BessellV
52862 5.00924e-16 2.18258e-19 BessellV
52863 4.92883e-16 2.13764e-19 BessellV
52864 4.84923e-16 2.09391e-19 BessellV
52865 4.77042e-16 2.05135e-19 BessellV
52866 4.69243e-16 2.00993e-19 BessellV
52867 4.61525e-16 1.96961e-19 BessellV
52868 4.5389e-16 1.93036e-19 BessellV
52869 4.46337e-16 1.89215e-19 BessellV
52870 4.38868e-16 1.85495e-19 BessellV
52871 4.31484e-16 1.81874e-19 BessellV
52872 4.24183e-16 1.78347e-19 BessellV
52873 4.16967e-16 1.74913e-19 BessellV
52874 4.09836e-16 1.71569e-19 BessellV
52875 4.0279e-16 1.68313e-19 BessellV
52876 3.9583e-16 1.65141e-19 BessellV
52877 3.88955e-16 1.62051e-19 BessellV
52878 3.82165e-16 1.59042e-19 BessellV
52879 3.75462e-16 1.56111e-19 BessellV
52880 3.68844e-16 1.53255e-19 BessellV
52881 3.62311e-16 1.50472e-19 BessellV
52882 3.55864e-16 1.47761e-19 BessellV
52883 3.49503e-16 1.4512e-19 BessellV
52884 3.43226e-16 1.42545e-19 BessellV
52885 3.37035e-16 1.40036e-19 BessellV
52886 3.30928e-16 1.37591e-19 BessellV
52887 3.24906e-16 1.35207e-19 BessellV
52888 3.18968e-16 1.32883e-19 BessellV
52889 3.13114e-16 1.30617e-19 BessellV
52890 3.07343e-16 1.28408e-19 BessellV
52891 3.01656e-16 1.26253e-19 BessellV
52892 2.96051e-16 1.24151e-19 BessellV
52893 2.90528e-16 1.22101e-19 BessellV
52894 2.85086e-16 1.201e-19 BessellV
52895 2.79726e-16 1.18148e-19 BessellV
52896 2.74447e-16 1.16243e-19 BessellV
52897 2.69248e-16 1.14383e-19 BessellV
52898 2.64128e-16 1.12567e-19 BessellV
52899 2.59087e-16 1.10794e-19 BessellV
52900 2.54124e-16 1.09062e-19 BessellV
52901 2.49239e-16 1.0737e-19 BessellV
52902 2.44431e-16 1.05716e-19 BessellV
52903 2.397e-16 1.041e-19 BessellV
52904 2.35044e-16 1.0252e-19 BessellV
52905 2.30463e-16 1.00975e-19 BessellV
52906 2.25956e-16 9.94639e-20 BessellV
52907 2.21523e-16 9.79852e-20 BessellV
52908 2.17163e-16 9.65382e-20 BessellV
52909 2.12875e-16 9.51216e-20 BessellV
52910 2.08658e-16 9.37345e-20 BessellV
52911 2.04512e-16 9.23759e-20 BessellV
52912 2.00436e-16 9.10448e-20 BessellV
52913 1.96429e-16 8.97403e-20 BessellV
52914 1.9249e-16 8.84614e-20 BessellV
52915 1.88619e-16 8.72073e-20 BessellV
52916 1.84814e-16 8.59771e-20 BessellV
52917 1.81075e-16 8.477e-20 BessellV
52918 1.77402e-16 8.35852e-20 BessellV
52919 1.73793e-16 8.2422e-20 BessellV
52920 1.70247e-16 8.12795e-20 BessellV
52921 1.66765e-16 8.01572e-20 BessellV
52922 1.63344e-16 7.90542e-20 BessellV
52923 1.59984e-16 7.797e-20 BessellV
52924 1.56685e-16 7.6904e-20 BessellV
52925 1.53445e-16 7.58554e-20 BessellV
52926 1.50264e-16 7.48237e-20 BessellV
52927 1.47142e-16 7.38085e-20 BessellV
52928 1.44076e-16 7.2809e-20 BessellV
52929 1.41066e-16 7.18249e-20 BessellV
52930 1.38113e-16 7.08556e-20 BessellV
52931 1.35214e-16 6.99006e-20 BessellV
52932 1.32369e-16 6.89596e-20 BessellV
52933 1.29577e-16 6.8032e-20 BessellV
52934 1.26838e-16 6.71175e-20 BessellV
52935 1.2415e-16 6.62157e-20 BessellV
52936 1.21513e-16 6.53262e-20 BessellV
52937 1.18927e-16 6.44486e-20 BessellV
52938 1.16389e-16 6.35826e-20 BessellV
52939 1.13901e-16 6.27279e-20 BessellV
52940 1.1146e-16 6.18843e-20 BessellV
52941 1.09066e-16 6.10513e-20 BessellV
52942 1.06719e-16 6.02287e-20 BessellV
52943 1.04417e-16 5.94163e-20 BessellV
52944 1.02161e-16 5.86138e-20 BessellV
52945 9.99479e-17 5.7821e-20 BessellV
52946 9.77788e-17 5.70376e-20 BessellV
52947 9.56524e-17 5.62635e-20 BessellV
52948 9.35681e-17 5.54984e-20 BessellV
52949 9.15251e-17 5.47422e-20 BessellV
52950 8.95228e-17 5.39946e-20 BessellV
52951 8.75605e-17 5.32556e-20 BessellV
52952 8.56375e-17 5.25249e-20 BessellV
52953 8.37531e-17 5.18024e-20 BessellV
52954 8.19067e-17 5.1088e-20 BessellV
52955 8.00976e-17 5.03814e-20 BessellV
52956 7.83252e-17 4.96827e-20 BessellV
52957 7.65889e-17 4.89916e-20 BessellV
52958 7.4888e-17 4.83081e-20 BessellV
52959 7.32218e-17 4.7632e-20 BessellV
52960 7.15899e-17 4.69633e-20 BessellV
52961 6.99915e-17 4.63019e-20 BessellV
52962 6.8426e-17 4.56476e-20 BessellV
52963 6.6893e-17 4.50003e-20 BessellV
52964 6.53917e-17 4.43601e-20 BessellV
52965 6.39217e-17 4.37268e-20 BessellV
52966 6.24823e-17 4.31003e-20 BessellV
52967 6.1073e-17 4.24806e-20 BessellV
52968 5.96932e-17 4.18676e-20 BessellV
52969 5.83424e-17 4.12613e-20 BessellV
52970 5.702e-17 4.06615e-20 BessellV
52971 5.57256e-17 4.00683e-20 BessellV
52972 5.44585e-17 3.94816e-20 BessellV
52973 5.32183e-17 3.89012e-20 BessellV
52974 5.20045e-17 3.83273e-20 BessellV
52975 5.08166e-17 3.77597e-20 BessellV
52976 4.9654e-17 3.71983e-20 BessellV
52977 4.85163e-17 3.66432e-20 BessellV
52978 4.7403e-17 3.60943e-20 BessellV
52979 4.63137e-17 3.55515e-20 BessellV
52980 4.52478e-17 3.50148e-20 BessellV
52981 4.4205e-17 3.44842e-20 BessellV
52982 4.31848e-17 3.39597e-20 BessellV
52983 4.21866e-17 3.34411e-20 BessellV
52984 4.12102e-17 3.29285e-20 BessellV
52985 4.0255e-17 3.24218e-20 BessellV
52986 3.93207e-17 3.1921e-20 BessellV
52987 3.84068e-17 3.1426e-20 BessellV
52988 3.7513e-17 3.09369e-20 BessellV
52989 3.66387e-17 3.04535e-20 BessellV
52990 3.57838e-17 2.99759e-20 BessellV
52991 3.49476e-17 2.9504e-20 BessellV
52992 3.41299e-17 2.90378e-20 BessellV
52993 3.33304e-17 2.85772e-20 BessellV
52994 3.25485e-17 2.81222e-20 BessellV
52995 3.1784e-17 2.76728e-20 BessellV
52996 3.10365e-17 2.7229e-20 BessellV
52997 3.03057e-17 2.67906e-20 BessellV
52998 2.95912e-17 2.63577e-20 BessellV
52999 2.88927e-17 2.59303e-20 BessellV
53000 2.82099e-17 2.55083e-20 BessellV
53001 2.75423e-17 2.50916e-20 BessellV
53002 2.68898e-17 2.46803e-20 BessellV
53003 2.6252e-17 2.42742e-20 BessellV
53004 2.56286e-17 2.38734e-20 BessellV
53005 2.50193e-17 2.34779e-20 BessellV
53006 2.44237e-17 2.30875e-20 BessellV
53007 2.38417e-17 2.27023e-20 BessellV
53008 2.32729e-17 2.23222e-20 BessellV
53009 2.2717e-17 2.19472e-20 BessellV
53010 2.21738e-17 2.15772e-20 BessellV
53011 2.1643e-17 2.12122e-20 BessellV
53012 2.11244e-17 2.08522e-20 BessellV
53013 2.06176e-17 2.04971e-20 BessellV
53014 2.01224e-17 2.01469e-20 BessellV
53015 1.96386e-17 1.98016e-20 BessellV
53016 1.91659e-17 1.9461e-20 BessellV
53017 1.87042e-17 1.91253e-20 BessellV
53018 1.8253e-17 1.87942e-20 BessellV
53019 1.78123e-17 1.84679e-20 BessellV
53020 1.73818e-17 1.81462e-20 BessellV
53021 1.69612e-17 1.78291e-20 BessellV
53022 1.65505e-17 1.75166e-20 BessellV
53023 1.61492e-17 1.72085e-20 BessellV
53024 1.57573e-17 1.6905e-20 BessellV
53025 1.53745e-17 1.6606e-20 BessellV
53026 1.50007e-17 1.63113e-20 BessellV
53027 1.46356e-17 1.6021e-20 BessellV
53028 1.4279e-17 1.5735e-20 BessellV
53029 1.39307e-17 1.54533e-20 BessellV
53030 1.35907e-17 1.51758e-20 BessellV
53031 1.32586e-17 1.49025e-20 BessellV
53032 1.29343e-17 1.46333e-20 BessellV
53033 1.26177e-17 1.43683e-20 BessellV
53034 1.23085e-17 1.41073e-20 BessellV
53035 1.20067e-17 1.38503e-20 BessellV
53036 1.17119e-17 1.35973e-20 BessellV
53037 1.14242e-17 1.33483e-20 BessellV
53038 1.11432e-17 1.31031e-20 BessellV
53039 1.08689e-17 1.28618e-20 BessellV
