53539.4 1.0032e-15 9.59644e-18 BessellB
53540.4 1.01241e-15 9.03865e-18 BessellB
53541.4 1.02129e-15 8.48955e-18 BessellB
53542.4 1.02983e-15 7.95077e-18 BessellB
53543.4 1.03801e-15 7.42398e-18 BessellB
53544.4 1.04581e-15 6.91089e-18 BessellB
53545.4 1.05323e-15 6.41326e-18 BessellB
53546.4 1.06024e-15 5.93292e-18 BessellB
53547.4 1.06683e-15 5.4718e-18 BessellB
53548.4 1.073e-15 5.03193e-18 BessellB
53549.4 1.07873e-15 4.61547e-18 BessellB
53550.4 1.08401e-15 4.22475e-18 BessellB
53551.4 1.08883e-15 3.86228e-18 BessellB
53552.4 1.09318e-15 3.53077e-18 BessellB
53553.4 1.09706e-15 3.23301e-18 BessellB
53554.4 1.10046e-15 2.97182e-18 BessellB
53555.4 1.10338e-15 2.74971e-18 BessellB
53556.4 1.1058e-15 2.56855e-18 BessellB
53557.4 1.10773e-15 2.42899e-18 BessellB
53558.4 1.10917e-15 2.33003e-18 BessellB
53559.4 1.11011e-15 2.26872e-18 BessellB
53560.4 1.11056e-15 2.24036e-18 BessellB
53561.4 1.11051e-15 2.23899e-18 BessellB
53562.4 1.10998e-15 2.25814e-18 BessellB
53563.4 1.10896e-15 2.29156e-18 BessellB
53564.4 1.10746e-15 2.33362e-18 BessellB
53565.4 1.10549e-15 2.3796e-18 BessellB
53566.4 1.10305e-15 2.42572e-18 BessellB
53567.4 1.10015e-15 2.46906e-18 BessellB
53568.4 1.0968e-15 2.50744e-18 BessellB
53569.4 1.09301e-15 2.53932e-18 BessellB
53570.4 1.08879e-15 2.56365e-18 BessellB
53571.4 1.08415e-15 2.57977e-18 BessellB
53572.4 1.07911e-15 2.58736e-18 BessellB
53573.4 1.07367e-15 2.58631e-18 BessellB
53574.4 1.06785e-15 2.57675e-18 BessellB
53575.4 1.06167e-15 2.55892e-18 BessellB
53576.4 1.05513e-15 2.5332e-18 BessellB
53577.4 1.04825e-15 2.50005e-18 BessellB
53578.4 1.04106e-15 2.45999e-18 BessellB
53579.4 1.03355e-15 2.41361e-18 BessellB
53580.4 1.02575e-15 2.3615e-18 BessellB
53581.4 1.01767e-15 2.30431e-18 BessellB
53582.4 1.00933e-15 2.24265e-18 BessellB
53583.4 1.00075e-15 2.17718e-18 BessellB
53584.4 9.91931e-16 2.10854e-18 BessellB
53585.4 9.82897e-16 2.03735e-18 BessellB
53586.4 9.73663e-16 1.96422e-18 BessellB
53587.4 9.64242e-16 1.88975e-18 BessellB
53588.4 9.54651e-16 1.81452e-18 BessellB
53589.4 9.44902e-16 1.73909e-18 BessellB
53590.4 9.35011e-16 1.66398e-18 BessellB
53591.4 9.24991e-16 1.58972e-18 BessellB
53592.4 9.14855e-16 1.51678e-18 BessellB
53593.4 9.04618e-16 1.44562e-18 BessellB
53594.4 8.94292e-16 1.37669e-18 BessellB
53595.4 8.83888e-16 1.31039e-18 BessellB
53596.4 8.7342e-16 1.24709e-18 BessellB
53597.4 8.62898e-16 1.18717e-18 BessellB
53598.4 8.52334e-16 1.13092e-18 BessellB
53599.4 8.41739e-16 1.07863e-18 BessellB
53600.4 8.31122e-16 1.03053e-18 BessellB
53601.4 8.20494e-16 9.86806e-19 BessellB
53602.4 8.09863e-16 9.47583e-19 BessellB
53603.4 7.99239e-16 9.12914e-19 BessellB
53604.4 7.88631e-16 8.82785e-19 BessellB
53605.4 7.78045e-16 8.57105e-19 BessellB
53606.4 7.67491e-16 8.35704e-19 BessellB
53607.4 7.56974e-16 8.18345e-19 BessellB
53608.4 7.46502e-16 8.04728e-19 BessellB
53609.4 7.36081e-16 7.94503e-19 BessellB
53610.4 7.25717e-16 7.87287e-19 BessellB
53611.4 7.15416e-16 7.82682e-19 BessellB
53612.4 7.05183e-16 7.80286e-19 BessellB
53613.4 6.95022e-16 7.79708e-19 BessellB
53614.4 6.84938e-16 7.8058e-19 BessellB
53615.4 6.74936e-16 7.82563e-19 BessellB
53616.4 6.65019e-16 7.85351e-19 BessellB
53617.4 6.5519e-16 7.88675e-19 BessellB
53618.4 6.45454e-16 7.92301e-19 BessellB
53619.4 6.35812e-16 7.96028e-19 BessellB
53620.4 6.26268e-16 7.9969e-19 BessellB
53621.4 6.16824e-16 8.03146e-19 BessellB
53622.4 6.07482e-16 8.06287e-19 BessellB
53623.4 5.98244e-16 8.09021e-19 BessellB
53624.4 5.89112e-16 8.1128e-19 BessellB
53625.4 5.80086e-16 8.13013e-19 BessellB
53626.4 5.7117e-16 8.14182e-19 BessellB
53627.4 5.62362e-16 8.14764e-19 BessellB
53628.4 5.53666e-16 8.14746e-19 BessellB
53629.4 5.4508e-16 8.14123e-19 BessellB
53630.4 5.36606e-16 8.12897e-19 BessellB
53631.4 5.28244e-16 8.11078e-19 BessellB
53632.4 5.19995e-16 8.08679e-19 BessellB
53633.4 5.11858e-16 8.05719e-19 BessellB
53634.4 5.03834e-16 8.02218e-19 BessellB
53635.4 4.95923e-16 7.982e-19 BessellB
53636.4 4.88123e-16 7.93689e-19 BessellB
53637.4 4.80436e-16 7.88714e-19 BessellB
53638.4 4.7286e-16 7.83301e-19 BessellB
53639.4 4.65396e-16 7.77478e-19 BessellB
53640.4 4.58041e-16 7.71275e-19 BessellB
53641.4 4.50797e-16 7.6472e-19 BessellB
53642.4 4.43662e-16 7.57843e-19 BessellB
53643.4 4.36635e-16 7.50671e-19 BessellB
53644.4 4.29716e-16 7.43234e-19 BessellB
53645.4 4.22903e-16 7.35559e-19 BessellB
53646.4 4.16196e-16 7.27675e-19 BessellB
53647.4 4.09593e-16 7.19609e-19 BessellB
53648.4 4.03095e-16 7.11388e-19 BessellB
53649.4 3.96699e-16 7.0304e-19 BessellB
53650.4 3.90404e-16 6.9459e-19 BessellB
53651.4 3.8421e-16 6.86065e-19 BessellB
53652.4 3.78115e-16 6.7749e-19 BessellB
53653.4 3.72118e-16 6.68891e-19 BessellB
53654.4 3.66217e-16 6.60293e-19 BessellB
53655.4 3.60413e-16 6.51721e-19 BessellB
53656.4 3.54703e-16 6.432e-19 BessellB
53657.4 3.49086e-16 6.34755e-19 BessellB
53658.4 3.43561e-16 6.26408e-19 BessellB
53659.4 3.38127e-16 6.18186e-19 BessellB
53660.4 3.32782e-16 6.1011e-19 BessellB
53661.4 3.27526e-16 6.02207e-19 BessellB
53662.4 3.22356e-16 5.94497e-19 BessellB
53663.4 3.17272e-16 5.87006e-19 BessellB
53664.4 3.12272e-16 5.79754e-19 BessellB
53665.4 3.07356e-16 5.72766e-19 BessellB
53666.4 3.02521e-16 5.66063e-19 BessellB
53667.4 2.97767e-16 5.59666e-19 BessellB
53668.4 2.93093e-16 5.53595e-19 BessellB
53669.4 2.88496e-16 5.47872e-19 BessellB
53670.4 2.83977e-16 5.42513e-19 BessellB
53671.4 2.79533e-16 5.37539e-19 BessellB
53672.4 2.75163e-16 5.32964e-19 BessellB
53673.4 2.70867e-16 5.28804e-19 BessellB
53674.4 2.66644e-16 5.25074e-19 BessellB
53675.4 2.62491e-16 5.21784e-19 BessellB
53676.4 2.58407e-16 5.18946e-19 BessellB
53677.4 2.54393e-16 5.16567e-19 BessellB
53678.4 2.50446e-16 5.14655e-19 BessellB
53679.4 2.46565e-16 5.13214e-19 BessellB
53680.4 2.42749e-16 5.12245e-19 BessellB
53681.4 2.38998e-16 5.1175e-19 BessellB
53682.4 2.35309e-16 5.11726e-19 BessellB
53683.4 2.31683e-16 5.12169e-19 BessellB
53684.4 2.28117e-16 5.13072e-19 BessellB
53685.4 2.24611e-16 5.14429e-19 BessellB
53686.4 2.21164e-16 5.16228e-19 BessellB
53687.4 2.17775e-16 5.1846e-19 BessellB
53688.4 2.14443e-16 5.2111e-19 BessellB
53689.4 2.11166e-16 5.24164e-19 BessellB
53690.4 2.07944e-16 5.27606e-19 BessellB
53691.4 2.04776e-16 5.31421e-19 BessellB
53692.4 2.01662e-16 5.3559e-19 BessellB
53693.4 1.98599e-16 5.40096e-19 BessellB
53694.4 1.95587e-16 5.44921e-19 BessellB
53695.4 1.92625e-16 5.50044e-19 BessellB
53696.4 1.89713e-16 5.55448e-19 BessellB
53697.4 1.86849e-16 5.61113e-19 BessellB
53698.4 1.84033e-16 5.67021e-19 BessellB
53699.4 1.81263e-16 5.73152e-19 BessellB
53700.4 1.7854e-16 5.79489e-19 BessellB
53701.4 1.75861e-16 5.86012e-19 BessellB
53702.4 1.73227e-16 5.92705e-19 BessellB
53703.4 1.70636e-16 5.9955e-19 BessellB
53704.4 1.68088e-16 6.0653e-19 BessellB
53705.4 1.65583e-16 6.13629e-19 BessellB
53706.4 1.63118e-16 6.20832e-19 BessellB
53707.4 1.60694e-16 6.28124e-19 BessellB
53708.4 1.58309e-16 6.3549e-19 BessellB
53709.4 1.55964e-16 6.42916e-19 BessellB
53710.4 1.53657e-16 6.5039e-19 BessellB
53711.4 1.51388e-16 6.57899e-19 BessellB
53712.4 1.49155e-16 6.65431e-19 BessellB
53713.4 1.46959e-16 6.72975e-19 BessellB
53714.4 1.44799e-16 6.80519e-19 BessellB
53715.4 1.42674e-16 6.88054e-19 BessellB
53716.4 1.40583e-16 6.9557e-19 BessellB
53717.4 1.38527e-16 7.03058e-19 BessellB
53718.4 1.36503e-16 7.10509e-19 BessellB
53719.4 1.34512e-16 7.17914e-19 BessellB
53720.4 1.32553e-16 7.25267e-19 BessellB
53721.4 1.30626e-16 7.3256e-19 BessellB
53722.4 1.2873e-16 7.39786e-19 BessellB
53723.4 1.26864e-16 7.46939e-19 BessellB
53724.4 1.25028e-16 7.54012e-19 BessellB
53725.4 1.23221e-16 7.61001e-19 BessellB
53726.4 1.21443e-16 7.67899e-19 BessellB
53727.4 1.19693e-16 7.74702e-19 BessellB
53728.4 1.17972e-16 7.81406e-19 BessellB
53729.4 1.16277e-16 7.88005e-19 BessellB
53730.4 1.1461e-16 7.94497e-19 BessellB
53731.4 1.12968e-16 8.00877e-19 BessellB
53732.4 1.11353e-16 8.07142e-19 BessellB
53733.4 1.09763e-16 8.13289e-19 BessellB
53734.4 1.08198e-16 8.19315e-19 BessellB
53735.4 1.06658e-16 8.25217e-19 BessellB
53736.4 1.05141e-16 8.30994e-19 BessellB
53737.4 1.03649e-16 8.36641e-19 BessellB
53738.4 1.0218e-16 8.42159e-19 BessellB
53739.4 1.00733e-16 8.47544e-19 BessellB
53740.4 9.93097e-17 8.52796e-19 BessellB
53741.4 9.7908e-17 8.57912e-19 BessellB
53742.4 9.65281e-17 8.62892e-19 BessellB
53743.4 9.51695e-17 8.67734e-19 BessellB
53744.4 9.38319e-17 8.72438e-19 BessellB
53745.4 9.25149e-17 8.77003e-19 BessellB
53746.4 9.12182e-17 8.81428e-19 BessellB
53747.4 8.99414e-17 8.85712e-19 BessellB
53748.4 8.86842e-17 8.89856e-19 BessellB
53749.4 8.74462e-17 8.93858e-19 BessellB
53750.4 8.62272e-17 8.97719e-19 BessellB
53751.4 8.50267e-17 9.01439e-19 BessellB
53752.4 8.38445e-17 9.05018e-19 BessellB
53753.4 8.26803e-17 9.08455e-19 BessellB
53754.4 8.15337e-17 9.11752e-19 BessellB
53755.4 8.04045e-17 9.14909e-19 BessellB
53756.4 7.92923e-17 9.17925e-19 BessellB
53757.4 7.81969e-17 9.20802e-19 BessellB
53758.4 7.7118e-17 9.2354e-19 BessellB
53759.4 7.60554e-17 9.26139e-19 BessellB
53760.4 7.50086e-17 9.28601e-19 BessellB
53761.4 7.39776e-17 9.30927e-19 BessellB
53762.4 7.29619e-17 9.33116e-19 BessellB
53539.4 1.9242e-16 1.03134e-18 BessellI
53540.4 1.95772e-16 1.01636e-18 BessellI
53541.4 1.99149e-16 1.00094e-18 BessellI
53542.4 2.02551e-16 9.85113e-19 BessellI
53543.4 2.05975e-16 9.68924e-19 BessellI
53544.4 2.0942e-16 9.5242e-19 BessellI
53545.4 2.12886e-16 9.35657e-19 BessellI
53546.4 2.16369e-16 9.18694e-19 BessellI
53547.4 2.19869e-16 9.01598e-19 BessellI
53548.4 2.23384e-16 8.84444e-19 BessellI
53549.4 2.26913e-16 8.67314e-19 BessellI
53550.4 2.30452e-16 8.50297e-19 BessellI
53551.4 2.34e-16 8.3349e-19 BessellI
53552.4 2.37555e-16 8.17e-19 BessellI
53553.4 2.41116e-16 8.0094e-19 BessellI
53554.4 2.44678e-16 7.85431e-19 BessellI
53555.4 2.48241e-16 7.70601e-19 BessellI
53556.4 2.51801e-16 7.56583e-19 BessellI
53557.4 2.55356e-16 7.43516e-19 BessellI
53558.4 2.58903e-16 7.31538e-19 BessellI
53559.4 2.6244e-16 7.20788e-19 BessellI
53560.4 2.65963e-16 7.11401e-19 BessellI
53561.4 2.69469e-16 7.03502e-19 BessellI
53562.4 2.72956e-16 6.97205e-19 BessellI
53563.4 2.7642e-16 6.92605e-19 BessellI
53564.4 2.79857e-16 6.8978e-19 BessellI
53565.4 2.83265e-16 6.8878e-19 BessellI
53566.4 2.86639e-16 6.89629e-19 BessellI
53567.4 2.89976e-16 6.92319e-19 BessellI
53568.4 2.93272e-16 6.96815e-19 BessellI
53569.4 2.96523e-16 7.03049e-19 BessellI
53570.4 2.99725e-16 7.10929e-19 BessellI
53571.4 3.02874e-16 7.20333e-19 BessellI
53572.4 3.05965e-16 7.31121e-19 BessellI
53573.4 3.08995e-16 7.43133e-19 BessellI
53574.4 3.11959e-16 7.56192e-19 BessellI
53575.4 3.14852e-16 7.70113e-19 BessellI
53576.4 3.1767e-16 7.84702e-19 BessellI
53577.4 3.20408e-16 7.99759e-19 BessellI
53578.4 3.2306e-16 8.15083e-19 BessellI
53579.4 3.25623e-16 8.3047e-19 BessellI
53580.4 3.28091e-16 8.45718e-19 BessellI
53581.4 3.30459e-16 8.60625e-19 BessellI
53582.4 3.32722e-16 8.74993e-19 BessellI
53583.4 3.34874e-16 8.88626e-19 BessellI
53584.4 3.36911e-16 9.01332e-19 BessellI
53585.4 3.38827e-16 9.12924e-19 BessellI
53586.4 3.40617e-16 9.2322e-19 BessellI
53587.4 3.42276e-16 9.3204e-19 BessellI
53588.4 3.43798e-16 9.39213e-19 BessellI
53589.4 3.45177e-16 9.44574e-19 BessellI
53590.4 3.4641e-16 9.47965e-19 BessellI
53591.4 3.4749e-16 9.49237e-19 BessellI
53592.4 3.48412e-16 9.4825e-19 BessellI
53593.4 3.49171e-16 9.44878e-19 BessellI
53594.4 3.49763e-16 9.39006e-19 BessellI
53595.4 3.50182e-16 9.30539e-19 BessellI
53596.4 3.50424e-16 9.19398e-19 BessellI
53597.4 3.50484e-16 9.0553e-19 BessellI
53598.4 3.50358e-16 8.88911e-19 BessellI
53599.4 3.50043e-16 8.69547e-19 BessellI
53600.4 3.49534e-16 8.47489e-19 BessellI
53601.4 3.48829e-16 8.22835e-19 BessellI
53602.4 3.47923e-16 7.95747e-19 BessellI
53603.4 3.46816e-16 7.6646e-19 BessellI
53604.4 3.45505e-16 7.35302e-19 BessellI
53605.4 3.43989e-16 7.02714e-19 BessellI
53606.4 3.42267e-16 6.69279e-19 BessellI
53607.4 3.40339e-16 6.35751e-19 BessellI
53608.4 3.38206e-16 6.03086e-19 BessellI
53609.4 3.35869e-16 5.72466e-19 BessellI
53610.4 3.33331e-16 5.45303e-19 BessellI
53611.4 3.30596e-16 5.23187e-19 BessellI
53612.4 3.27667e-16 5.07754e-19 BessellI
53613.4 3.24552e-16 5.00461e-19 BessellI
53614.4 3.21256e-16 5.02296e-19 BessellI
53615.4 3.17789e-16 5.1354e-19 BessellI
53616.4 3.1416e-16 5.33704e-19 BessellI
53617.4 3.1038e-16 5.61647e-19 BessellI
53618.4 3.06461e-16 5.95837e-19 BessellI
53619.4 3.02419e-16 6.346e-19 BessellI
53620.4 2.98268e-16 6.76306e-19 BessellI
53621.4 2.94026e-16 7.1948e-19 BessellI
53622.4 2.89712e-16 7.62847e-19 BessellI
53623.4 2.85346e-16 8.05355e-19 BessellI
53624.4 2.80949e-16 8.46184e-19 BessellI
53625.4 2.76545e-16 8.84749e-19 BessellI
53626.4 2.72156e-16 9.20709e-19 BessellI
53627.4 2.67808e-16 9.53969e-19 BessellI
53628.4 2.63525e-16 9.84677e-19 BessellI
53629.4 2.59332e-16 1.01321e-18 BessellI
53630.4 2.55254e-16 1.04015e-18 BessellI
53631.4 2.51315e-16 1.06623e-18 BessellI
53632.4 2.47538e-16 1.09222e-18 BessellI
53633.4 2.43944e-16 1.11889e-18 BessellI
53634.4 2.40553e-16 1.14686e-18 BessellI
53635.4 2.3738e-16 1.17649e-18 BessellI
53636.4 2.34441e-16 1.20779e-18 BessellI
53637.4 2.31745e-16 1.24039e-18 BessellI
53638.4 2.29299e-16 1.27353e-18 BessellI
53639.4 2.27106e-16 1.30611e-18 BessellI
53640.4 2.25165e-16 1.33674e-18 BessellI
53641.4 2.23471e-16 1.36392e-18 BessellI
53642.4 2.22015e-16 1.38607e-18 BessellI
53643.4 2.20783e-16 1.40173e-18 BessellI
53644.4 2.19761e-16 1.40959e-18 BessellI
53645.4 2.18927e-16 1.40862e-18 BessellI
53646.4 2.18261e-16 1.39809e-18 BessellI
53647.4 2.17738e-16 1.37765e-18 BessellI
53648.4 2.17332e-16 1.34731e-18 BessellI
53649.4 2.17017e-16 1.30747e-18 BessellI
53650.4 2.16767e-16 1.25887e-18 BessellI
53651.4 2.16553e-16 1.2026e-18 BessellI
53652.4 2.16351e-16 1.14006e-18 BessellI
53653.4 2.16136e-16 1.0729e-18 BessellI
53654.4 2.15884e-16 1.00301e-18 BessellI
53655.4 2.15573e-16 9.32481e-19 BessellI
53656.4 2.15185e-16 8.63551e-19 BessellI
53657.4 2.14702e-16 7.98554e-19 BessellI
53658.4 2.1411e-16 7.39826e-19 BessellI
53659.4 2.13396e-16 6.89545e-19 BessellI
53660.4 2.12549e-16 6.49486e-19 BessellI
53661.4 2.11564e-16 6.20725e-19 BessellI
53662.4 2.10433e-16 6.03369e-19 BessellI
53663.4 2.09154e-16 5.96481e-19 BessellI
53664.4 2.07724e-16 5.98256e-19 BessellI
53665.4 2.06144e-16 6.06397e-19 BessellI
53666.4 2.04416e-16 6.18518e-19 BessellI
53667.4 2.02543e-16 6.3245e-19 BessellI
53668.4 2.00528e-16 6.46393e-19 BessellI
53669.4 1.98377e-16 6.58952e-19 BessellI
53670.4 1.96096e-16 6.69114e-19 BessellI
53671.4 1.93692e-16 6.76189e-19 BessellI
53672.4 1.91171e-16 6.79752e-19 BessellI
53673.4 1.88542e-16 6.79588e-19 BessellI
53674.4 1.85812e-16 6.75645e-19 BessellI
53675.4 1.82989e-16 6.68001e-19 BessellI
53676.4 1.80082e-16 6.56829e-19 BessellI
53677.4 1.77098e-16 6.42376e-19 BessellI
53678.4 1.74047e-16 6.24951e-19 BessellI
53679.4 1.70935e-16 6.04905e-19 BessellI
53680.4 1.67771e-16 5.82624e-19 BessellI
53681.4 1.64563e-16 5.58527e-19 BessellI
53682.4 1.61317e-16 5.33058e-19 BessellI
53683.4 1.58041e-16 5.06689e-19 BessellI
53684.4 1.54742e-16 4.79921e-19 BessellI
53685.4 1.51427e-16 4.53286e-19 BessellI
53686.4 1.48101e-16 4.27352e-19 BessellI
53687.4 1.44771e-16 4.02723e-19 BessellI
53688.4 1.41443e-16 3.8004e-19 BessellI
53689.4 1.3812e-16 3.59961e-19 BessellI
53690.4 1.3481e-16 3.43135e-19 BessellI
53691.4 1.31515e-16 3.30148e-19 BessellI
53692.4 1.28241e-16 3.21454e-19 BessellI
53693.4 1.24991e-16 3.17303e-19 BessellI
53694.4 1.2177e-16 3.17691e-19 BessellI
53695.4 1.1858e-16 3.22357e-19 BessellI
53696.4 1.15425e-16 3.3083e-19 BessellI
53697.4 1.12307e-16 3.42506e-19 BessellI
53698.4 1.0923e-16 3.56737e-19 BessellI
53699.4 1.06196e-16 3.7289e-19 BessellI
53700.4 1.03206e-16 3.90394e-19 BessellI
53701.4 1.00264e-16 4.08753e-19 BessellI
53702.4 9.73694e-17 4.27552e-19 BessellI
53703.4 9.4525e-17 4.46448e-19 BessellI
53704.4 9.17317e-17 4.65166e-19 BessellI
53705.4 8.89909e-17 4.83484e-19 BessellI
53706.4 8.63032e-17 5.01226e-19 BessellI
53707.4 8.36696e-17 5.18255e-19 BessellI
53708.4 8.10907e-17 5.34464e-19 BessellI
53709.4 7.85668e-17 5.49772e-19 BessellI
53710.4 7.60985e-17 5.64118e-19 BessellI
53711.4 7.36858e-17 5.77458e-19 BessellI
53712.4 7.13289e-17 5.89765e-19 BessellI
53713.4 6.90277e-17 6.01022e-19 BessellI
53714.4 6.67822e-17 6.1122e-19 BessellI
53715.4 6.45922e-17 6.20363e-19 BessellI
53716.4 6.24572e-17 6.28457e-19 BessellI
53717.4 6.03771e-17 6.35517e-19 BessellI
53718.4 5.83513e-17 6.41562e-19 BessellI
53539.4 2.57086e-16 4.02486e-18 BessellR
53540.4 2.67168e-16 3.85521e-18 BessellR
53541.4 2.7752e-16 3.67029e-18 BessellR
53542.4 2.88128e-16 3.47046e-18 BessellR
53543.4 2.98976e-16 3.25631e-18 BessellR
53544.4 3.10044e-16 3.02872e-18 BessellR
53545.4 3.21308e-16 2.78886e-18 BessellR
53546.4 3.32742e-16 2.53823e-18 BessellR
53547.4 3.44315e-16 2.27874e-18 BessellR
53548.4 3.55992e-16 2.0127e-18 BessellR
53549.4 3.67736e-16 1.74297e-18 BessellR
53550.4 3.79506e-16 1.47318e-18 BessellR
53551.4 3.9126e-16 1.20819e-18 BessellR
53552.4 4.0295e-16 9.55338e-19 BessellR
53553.4 4.1453e-16 7.27603e-19 BessellR
53554.4 4.25953e-16 5.51463e-19 BessellR
53555.4 4.37169e-16 4.74431e-19 BessellR
53556.4 4.4813e-16 5.24758e-19 BessellR
53557.4 4.5879e-16 6.58588e-19 BessellR
53558.4 4.69105e-16 8.22154e-19 BessellR
53559.4 4.79034e-16 9.87992e-19 BessellR
53560.4 4.88537e-16 1.14384e-18 BessellR
53561.4 4.97582e-16 1.28378e-18 BessellR
53562.4 5.06139e-16 1.40471e-18 BessellR
53563.4 5.14184e-16 1.5051e-18 BessellR
53564.4 5.21699e-16 1.58435e-18 BessellR
53565.4 5.2867e-16 1.64257e-18 BessellR
53566.4 5.35088e-16 1.68039e-18 BessellR
53567.4 5.40951e-16 1.69885e-18 BessellR
53568.4 5.46261e-16 1.69933e-18 BessellR
53569.4 5.51023e-16 1.68345e-18 BessellR
53570.4 5.55247e-16 1.653e-18 BessellR
53571.4 5.58949e-16 1.60987e-18 BessellR
53572.4 5.62144e-16 1.55603e-18 BessellR
53573.4 5.64851e-16 1.49339e-18 BessellR
53574.4 5.67092e-16 1.42387e-18 BessellR
53575.4 5.6889e-16 1.34927e-18 BessellR
53576.4 5.70267e-16 1.27127e-18 BessellR
53577.4 5.71249e-16 1.19145e-18 BessellR
53578.4 5.71858e-16 1.11122e-18 BessellR
53579.4 5.72121e-16 1.03184e-18 BessellR
53580.4 5.72059e-16 9.5442e-19 BessellR
53581.4 5.71696e-16 8.79907e-19 BessellR
53582.4 5.71055e-16 8.09104e-19 BessellR
53583.4 5.70155e-16 7.42666e-19 BessellR
53584.4 5.69017e-16 6.81108e-19 BessellR
53585.4 5.6766e-16 6.24806e-19 BessellR
53586.4 5.66102e-16 5.74001e-19 BessellR
53587.4 5.64358e-16 5.28795e-19 BessellR
53588.4 5.62443e-16 4.8915e-19 BessellR
53589.4 5.60373e-16 4.54889e-19 BessellR
53590.4 5.58159e-16 4.25701e-19 BessellR
53591.4 5.55813e-16 4.01151e-19 BessellR
53592.4 5.53346e-16 3.80711e-19 BessellR
53593.4 5.50767e-16 3.63794e-19 BessellR
53594.4 5.48086e-16 3.49788e-19 BessellR
53595.4 5.4531e-16 3.38104e-19 BessellR
53596.4 5.42446e-16 3.282e-19 BessellR
53597.4 5.39502e-16 3.19607e-19 BessellR
53598.4 5.36483e-16 3.1194e-19 BessellR
53599.4 5.33393e-16 3.04896e-19 BessellR
53600.4 5.30239e-16 2.98252e-19 BessellR
53601.4 5.27024e-16 2.91855e-19 BessellR
53602.4 5.23752e-16 2.85613e-19 BessellR
53603.4 5.20427e-16 2.79481e-19 BessellR
53604.4 5.17051e-16 2.73452e-19 BessellR
53605.4 5.13628e-16 2.6755e-19 BessellR
53606.4 5.10161e-16 2.61818e-19 BessellR
53607.4 5.06651e-16 2.56311e-19 BessellR
53608.4 5.031e-16 2.51095e-19 BessellR
53609.4 4.99512e-16 2.46233e-19 BessellR
53610.4 4.95888e-16 2.41788e-19 BessellR
53611.4 4.92229e-16 2.37815e-19 BessellR
53612.4 4.88538e-16 2.34357e-19 BessellR
53613.4 4.84815e-16 2.31447e-19 BessellR
53614.4 4.81062e-16 2.29102e-19 BessellR
53615.4 4.77281e-16 2.27324e-19 BessellR
53616.4 4.73474e-16 2.26101e-19 BessellR
53617.4 4.6964e-16 2.25406e-19 BessellR
53618.4 4.65783e-16 2.25202e-19 BessellR
53619.4 4.61902e-16 2.2544e-19 BessellR
53620.4 4.58e-16 2.26066e-19 BessellR
53621.4 4.54076e-16 2.2702e-19 BessellR
53622.4 4.50134e-16 2.28241e-19 BessellR
53623.4 4.46173e-16 2.29666e-19 BessellR
53624.4 4.42196e-16 2.31235e-19 BessellR
53625.4 4.38202e-16 2.32891e-19 BessellR
53626.4 4.34194e-16 2.3458e-19 BessellR
53627.4 4.30172e-16 2.36253e-19 BessellR
53628.4 4.26138e-16 2.37866e-19 BessellR
53629.4 4.22093e-16 2.39382e-19 BessellR
53630.4 4.18038e-16 2.40766e-19 BessellR
53631.4 4.13974e-16 2.41991e-19 BessellR
53632.4 4.09903e-16 2.43032e-19 BessellR
53633.4 4.05825e-16 2.43871e-19 BessellR
53634.4 4.01741e-16 2.44492e-19 BessellR
53635.4 3.97654e-16 2.44885e-19 BessellR
53636.4 3.93563e-16 2.45042e-19 BessellR
53637.4 3.8947e-16 2.44958e-19 BessellR
53638.4 3.85377e-16 2.44632e-19 BessellR
53639.4 3.81284e-16 2.44064e-19 BessellR
53640.4 3.77192e-16 2.43258e-19 BessellR
53641.4 3.73103e-16 2.4222e-19 BessellR
53642.4 3.69017e-16 2.40956e-19 BessellR
53643.4 3.64936e-16 2.39474e-19 BessellR
53644.4 3.6086e-16 2.37786e-19 BessellR
53645.4 3.56791e-16 2.35902e-19 BessellR
53646.4 3.5273e-16 2.33835e-19 BessellR
53647.4 3.48678e-16 2.31597e-19 BessellR
53648.4 3.44636e-16 2.29204e-19 BessellR
53649.4 3.40604e-16 2.26669e-19 BessellR
53650.4 3.36584e-16 2.24009e-19 BessellR
53651.4 3.32576e-16 2.21239e-19 BessellR
53652.4 3.28583e-16 2.18376e-19 BessellR
53653.4 3.24603e-16 2.15437e-19 BessellR
53654.4 3.20639e-16 2.12437e-19 BessellR
53655.4 3.16691e-16 2.09395e-19 BessellR
53656.4 3.1276e-16 2.06329e-19 BessellR
53657.4 3.08847e-16 2.03254e-19 BessellR
53658.4 3.04953e-16 2.00189e-19 BessellR
53659.4 3.01077e-16 1.97151e-19 BessellR
53660.4 2.97222e-16 1.94156e-19 BessellR
53661.4 2.93388e-16 1.91223e-19 BessellR
53662.4 2.89575e-16 1.88366e-19 BessellR
53663.4 2.85785e-16 1.85603e-19 BessellR
53664.4 2.82017e-16 1.82947e-19 BessellR
53665.4 2.78273e-16 1.80415e-19 BessellR
53666.4 2.74553e-16 1.7802e-19 BessellR
53667.4 2.70858e-16 1.75774e-19 BessellR
53668.4 2.67188e-16 1.73689e-19 BessellR
53669.4 2.63543e-16 1.71777e-19 BessellR
53670.4 2.59925e-16 1.70045e-19 BessellR
53671.4 2.56334e-16 1.68501e-19 BessellR
53672.4 2.5277e-16 1.67152e-19 BessellR
53673.4 2.49233e-16 1.66002e-19 BessellR
53674.4 2.45725e-16 1.65054e-19 BessellR
53675.4 2.42245e-16 1.64308e-19 BessellR
53676.4 2.38794e-16 1.63764e-19 BessellR
53677.4 2.35372e-16 1.6342e-19 BessellR
53678.4 2.3198e-16 1.63272e-19 BessellR
53679.4 2.28618e-16 1.63314e-19 BessellR
53680.4 2.25285e-16 1.6354e-19 BessellR
53681.4 2.21983e-16 1.63941e-19 BessellR
53682.4 2.18712e-16 1.6451e-19 BessellR
53683.4 2.15472e-16 1.65235e-19 BessellR
53684.4 2.12263e-16 1.66107e-19 BessellR
53685.4 2.09085e-16 1.67115e-19 BessellR
53686.4 2.05939e-16 1.68247e-19 BessellR
53687.4 2.02824e-16 1.69492e-19 BessellR
53688.4 1.99742e-16 1.70838e-19 BessellR
53689.4 1.96691e-16 1.72275e-19 BessellR
53690.4 1.93672e-16 1.7379e-19 BessellR
53691.4 1.90685e-16 1.75373e-19 BessellR
53692.4 1.87731e-16 1.77014e-19 BessellR
53693.4 1.84808e-16 1.78701e-19 BessellR
53694.4 1.81919e-16 1.80425e-19 BessellR
53695.4 1.79061e-16 1.82178e-19 BessellR
53696.4 1.76236e-16 1.8395e-19 BessellR
53697.4 1.73443e-16 1.85732e-19 BessellR
53698.4 1.70682e-16 1.87518e-19 BessellR
53699.4 1.67954e-16 1.89299e-19 BessellR
53700.4 1.65258e-16 1.9107e-19 BessellR
53701.4 1.62594e-16 1.92824e-19 BessellR
53702.4 1.59963e-16 1.94555e-19 BessellR
53703.4 1.57364e-16 1.96257e-19 BessellR
53704.4 1.54796e-16 1.97927e-19 BessellR
53705.4 1.52261e-16 1.99559e-19 BessellR
53706.4 1.49757e-16 2.0115e-19 BessellR
53707.4 1.47285e-16 2.02696e-19 BessellR
53708.4 1.44845e-16 2.04194e-19 BessellR
53709.4 1.42436e-16 2.0564e-19 BessellR
53710.4 1.40058e-16 2.07032e-19 BessellR
53711.4 1.37712e-16 2.08368e-19 BessellR
53712.4 1.35397e-16 2.09646e-19 BessellR
53713.4 1.33112e-16 2.10864e-19 BessellR
53714.4 1.30858e-16 2.1202e-19 BessellR
53715.4 1.28635e-16 2.13114e-19 BessellR
53716.4 1.26442e-16 2.14144e-19 BessellR
53717.4 1.24279e-16 2.15108e-19 BessellR
53718.4 1.22146e-16 2.16008e-19 BessellR
53544.4 2.83356e-16 3.28881e-18 BessellV
53545.4 3.01678e-16 3.25143e-18 BessellV
53546.4 3.20881e-16 3.19495e-18 BessellV
53547.4 3.40951e-16 3.11826e-18 BessellV
53548.4 3.61864e-16 3.02056e-18 BessellV
53549.4 3.83581e-16 2.90139e-18 BessellV
53550.4 4.06051e-16 2.76073e-18 BessellV
53551.4 4.29209e-16 2.59911e-18 BessellV
53552.4 4.52974e-16 2.4177e-18 BessellV
53553.4 4.77251e-16 2.21844e-18 BessellV
53554.4 5.01927e-16 2.00416e-18 BessellV
53555.4 5.26878e-16 1.77886e-18 BessellV
53556.4 5.51963e-16 1.54802e-18 BessellV
53557.4 5.77033e-16 1.31934e-18 BessellV
53558.4 6.01926e-16 1.10398e-18 BessellV
53559.4 6.26477e-16 9.18802e-19 BessellV
53560.4 6.50515e-16 7.88019e-19 BessellV
53561.4 6.73872e-16 7.37151e-19 BessellV
53562.4 6.96382e-16 7.72344e-19 BessellV
53563.4 7.17889e-16 8.70439e-19 BessellV
53564.4 7.38248e-16 9.99309e-19 BessellV
53565.4 7.5733e-16 1.13503e-18 BessellV
53566.4 7.75023e-16 1.26318e-18 BessellV
53567.4 7.91236e-16 1.37553e-18 BessellV
53568.4 8.05898e-16 1.46763e-18 BessellV
53569.4 8.18963e-16 1.53738e-18 BessellV
53570.4 8.30405e-16 1.58433e-18 BessellV
53571.4 8.40221e-16 1.60918e-18 BessellV
53572.4 8.48426e-16 1.61351e-18 BessellV
53573.4 8.55056e-16 1.59952e-18 BessellV
53574.4 8.6016e-16 1.56982e-18 BessellV
53575.4 8.63803e-16 1.52731e-18 BessellV
53576.4 8.6606e-16 1.47497e-18 BessellV
53577.4 8.67014e-16 1.41577e-18 BessellV
53578.4 8.66754e-16 1.35253e-18 BessellV
53579.4 8.65372e-16 1.28784e-18 BessellV
53580.4 8.62964e-16 1.22399e-18 BessellV
53581.4 8.59623e-16 1.16285e-18 BessellV
53582.4 8.55441e-16 1.10587e-18 BessellV
53583.4 8.50509e-16 1.05405e-18 BessellV
53584.4 8.44911e-16 1.00789e-18 BessellV
53585.4 8.38729e-16 9.67467e-19 BessellV
53586.4 8.32039e-16 9.32453e-19 BessellV
53587.4 8.24911e-16 9.02233e-19 BessellV
53588.4 8.17411e-16 8.75991e-19 BessellV
53589.4 8.09598e-16 8.52818e-19 BessellV
53590.4 8.01526e-16 8.31801e-19 BessellV
53591.4 7.93244e-16 8.12093e-19 BessellV
53592.4 7.84797e-16 7.9296e-19 BessellV
53593.4 7.76223e-16 7.73805e-19 BessellV
53594.4 7.67558e-16 7.54172e-19 BessellV
53595.4 7.58832e-16 7.33743e-19 BessellV
53596.4 7.50072e-16 7.12321e-19 BessellV
53597.4 7.41302e-16 6.8982e-19 BessellV
53598.4 7.32542e-16 6.66242e-19 BessellV
53599.4 7.23811e-16 6.41662e-19 BessellV
53600.4 7.15122e-16 6.16216e-19 BessellV
53601.4 7.06489e-16 5.9009e-19 BessellV
53602.4 6.97923e-16 5.63507e-19 BessellV
53603.4 6.89433e-16 5.36719e-19 BessellV
53604.4 6.81026e-16 5.10006e-19 BessellV
53605.4 6.72707e-16 4.83671e-19 BessellV
53606.4 6.64483e-16 4.58032e-19 BessellV
53607.4 6.56356e-16 4.33426e-19 BessellV
53608.4 6.48329e-16 4.102e-19 BessellV
53609.4 6.40405e-16 3.8871e-19 BessellV
53610.4 6.32584e-16 3.69307e-19 BessellV
53611.4 6.24867e-16 3.52324e-19 BessellV
53612.4 6.17254e-16 3.38056e-19 BessellV
53613.4 6.09744e-16 3.26732e-19 BessellV
53614.4 6.02338e-16 3.18493e-19 BessellV
53615.4 5.95034e-16 3.13364e-19 BessellV
53616.4 5.87831e-16 3.1125e-19 BessellV
53617.4 5.80727e-16 3.11941e-19 BessellV
53618.4 5.73721e-16 3.15134e-19 BessellV
53619.4 5.66811e-16 3.20463e-19 BessellV
53620.4 5.59996e-16 3.27538e-19 BessellV
53621.4 5.53272e-16 3.35968e-19 BessellV
53622.4 5.46639e-16 3.45388e-19 BessellV
53623.4 5.40094e-16 3.55469e-19 BessellV
53624.4 5.33635e-16 3.65922e-19 BessellV
53625.4 5.27261e-16 3.76504e-19 BessellV
53626.4 5.20968e-16 3.87009e-19 BessellV
53627.4 5.14756e-16 3.97269e-19 BessellV
53628.4 5.08623e-16 4.07146e-19 BessellV
53629.4 5.02565e-16 4.16531e-19 BessellV
53630.4 4.96583e-16 4.25337e-19 BessellV
53631.4 4.90673e-16 4.33499e-19 BessellV
53632.4 4.84834e-16 4.40966e-19 BessellV
53633.4 4.79064e-16 4.47702e-19 BessellV
53634.4 4.73362e-16 4.53684e-19 BessellV
53635.4 4.67727e-16 4.58897e-19 BessellV
53636.4 4.62155e-16 4.63336e-19 BessellV
53637.4 4.56647e-16 4.67002e-19 BessellV
53638.4 4.512e-16 4.69905e-19 BessellV
53639.4 4.45814e-16 4.72056e-19 BessellV
53640.4 4.40486e-16 4.73475e-19 BessellV
53641.4 4.35216e-16 4.74182e-19 BessellV
53642.4 4.30003e-16 4.74204e-19 BessellV
53643.4 4.24845e-16 4.73568e-19 BessellV
53644.4 4.19742e-16 4.72305e-19 BessellV
53645.4 4.14692e-16 4.7045e-19 BessellV
53646.4 4.09694e-16 4.68037e-19 BessellV
53647.4 4.04747e-16 4.65103e-19 BessellV
53648.4 3.99851e-16 4.61688e-19 BessellV
53649.4 3.95004e-16 4.57832e-19 BessellV
53650.4 3.90207e-16 4.53577e-19 BessellV
53651.4 3.85457e-16 4.48967e-19 BessellV
53652.4 3.80755e-16 4.44046e-19 BessellV
53653.4 3.76099e-16 4.3886e-19 BessellV
53654.4 3.71489e-16 4.33456e-19 BessellV
53655.4 3.66925e-16 4.27882e-19 BessellV
53656.4 3.62405e-16 4.22187e-19 BessellV
53657.4 3.57929e-16 4.16421e-19 BessellV
53658.4 3.53497e-16 4.10633e-19 BessellV
53659.4 3.49108e-16 4.04877e-19 BessellV
53660.4 3.44762e-16 3.99202e-19 BessellV
53661.4 3.40458e-16 3.9366e-19 BessellV
53662.4 3.36195e-16 3.88304e-19 BessellV
53663.4 3.31974e-16 3.83183e-19 BessellV
53664.4 3.27794e-16 3.78349e-19 BessellV
53665.4 3.23654e-16 3.73849e-19 BessellV
53666.4 3.19555e-16 3.69731e-19 BessellV
53667.4 3.15495e-16 3.66039e-19 BessellV
53668.4 3.11474e-16 3.62813e-19 BessellV
53669.4 3.07493e-16 3.60091e-19 BessellV
53670.4 3.03551e-16 3.57906e-19 BessellV
53671.4 2.99647e-16 3.56285e-19 BessellV
53672.4 2.95781e-16 3.55251e-19 BessellV
53673.4 2.91953e-16 3.5482e-19 BessellV
53674.4 2.88163e-16 3.55002e-19 BessellV
53675.4 2.8441e-16 3.55801e-19 BessellV
53676.4 2.80695e-16 3.57214e-19 BessellV
53677.4 2.77016e-16 3.59234e-19 BessellV
53678.4 2.73374e-16 3.61846e-19 BessellV
53679.4 2.69769e-16 3.65031e-19 BessellV
53680.4 2.66199e-16 3.68767e-19 BessellV
53681.4 2.62666e-16 3.73027e-19 BessellV
53682.4 2.59169e-16 3.77779e-19 BessellV
53683.4 2.55707e-16 3.82992e-19 BessellV
53684.4 2.52281e-16 3.88633e-19 BessellV
53685.4 2.4889e-16 3.94665e-19 BessellV
53686.4 2.45533e-16 4.01054e-19 BessellV
53687.4 2.42212e-16 4.07764e-19 BessellV
53688.4 2.38925e-16 4.14761e-19 BessellV
53689.4 2.35673e-16 4.2201e-19 BessellV
53690.4 2.32454e-16 4.29477e-19 BessellV
53691.4 2.2927e-16 4.37132e-19 BessellV
53692.4 2.2612e-16 4.44944e-19 BessellV
53693.4 2.23003e-16 4.52884e-19 BessellV
53694.4 2.1992e-16 4.60924e-19 BessellV
53695.4 2.1687e-16 4.69039e-19 BessellV
53696.4 2.13852e-16 4.77204e-19 BessellV
53697.4 2.10868e-16 4.85397e-19 BessellV
53698.4 2.07917e-16 4.93597e-19 BessellV
53699.4 2.04998e-16 5.01784e-19 BessellV
53700.4 2.02111e-16 5.09939e-19 BessellV
53701.4 1.99256e-16 5.18046e-19 BessellV
53702.4 1.96434e-16 5.26088e-19 BessellV
53703.4 1.93643e-16 5.34052e-19 BessellV
53704.4 1.90883e-16 5.41924e-19 BessellV
53705.4 1.88155e-16 5.49691e-19 BessellV
53706.4 1.85458e-16 5.57343e-19 BessellV
53707.4 1.82792e-16 5.64869e-19 BessellV
53708.4 1.80157e-16 5.72259e-19 BessellV
53709.4 1.77552e-16 5.79506e-19 BessellV
53710.4 1.74977e-16 5.866e-19 BessellV
53711.4 1.72433e-16 5.93536e-19 BessellV
53712.4 1.69919e-16 6.00307e-19 BessellV
53713.4 1.67434e-16 6.06906e-19 BessellV
53714.4 1.64979e-16 6.1333e-19 BessellV
53715.4 1.62553e-16 6.19573e-19 BessellV
53716.4 1.60156e-16 6.25631e-19 BessellV
53717.4 1.57788e-16 6.31502e-19 BessellV
53718.4 1.55449e-16 6.37181e-19 BessellV
53719.4 1.53138e-16 6.42666e-19 BessellV
53720.4 1.50856e-16 6.47956e-19 BessellV
53721.4 1.48602e-16 6.53047e-19 BessellV
53722.4 1.46375e-16 6.5794e-19 BessellV
53723.4 1.44176e-16 6.62632e-19 BessellV
53724.4 1.42005e-16 6.67124e-19 BessellV
53725.4 1.39861e-16 6.71413e-19 BessellV
53726.4 1.37743e-16 6.75501e-19 BessellV
53727.4 1.35653e-16 6.79388e-19 BessellV
53728.4 1.33589e-16 6.83073e-19 BessellV
53729.4 1.31551e-16 6.86557e-19 BessellV
53730.4 1.29539e-16 6.89841e-19 BessellV
53731.4 1.27554e-16 6.92926e-19 BessellV
53732.4 1.25594e-16 6.95813e-19 BessellV
53733.4 1.23659e-16 6.98504e-19 BessellV
53734.4 1.21749e-16 7.00999e-19 BessellV
53735.4 1.19865e-16 7.033e-19 BessellV
53736.4 1.18005e-16 7.0541e-19 BessellV
53737.4 1.1617e-16 7.0733e-19 BessellV
53738.4 1.14359e-16 7.09063e-19 BessellV
53739.4 1.12573e-16 7.10609e-19 BessellV
53740.4 1.1081e-16 7.11972e-19 BessellV
53741.4 1.09071e-16 7.13154e-19 BessellV
53742.4 1.07355e-16 7.14157e-19 BessellV
53743.4 1.05662e-16 7.14984e-19 BessellV
53744.4 1.03992e-16 7.15637e-19 BessellV
53745.4 1.02346e-16 7.16119e-19 BessellV
53746.4 1.00721e-16 7.16433e-19 BessellV
53747.4 9.91191e-17 7.16582e-19 BessellV
53748.4 9.7539e-17 7.16567e-19 BessellV
53749.4 9.59808e-17 7.16393e-19 BessellV
53750.4 9.44443e-17 7.16062e-19 BessellV
53751.4 9.29291e-17 7.15577e-19 BessellV
53752.4 9.14352e-17 7.14941e-19 BessellV
53753.4 8.99621e-17 7.14157e-19 BessellV
53754.4 8.85099e-17 7.13228e-19 BessellV
53755.4 8.70781e-17 7.12157e-19 BessellV
53756.4 8.56666e-17 7.10946e-19 BessellV
53757.4 8.42752e-17 7.096e-19 BessellV
53758.4 8.29037e-17 7.08121e-19 BessellV
53759.4 8.15518e-17 7.06513e-19 BessellV
53760.4 8.02194e-17 7.04777e-19 BessellV
53761.4 7.89061e-17 7.02918e-19 BessellV
53762.4 7.76118e-17 7.00938e-19 BessellV
