55761.3 5.59617e-17 1.84139e-18 BessellB
55762.3 6.60844e-17 2.03679e-18 BessellB
55763.3 7.79257e-17 2.23926e-18 BessellB
55764.3 9.17406e-17 2.44484e-18 BessellB
55765.3 1.07808e-16 2.64813e-18 BessellB
55766.3 1.26428e-16 2.84206e-18 BessellB
55767.3 1.47911e-16 3.01765e-18 BessellB
55768.3 1.72569e-16 3.16396e-18 BessellB
55769.3 2.00694e-16 3.26824e-18 BessellB
55770.3 2.32529e-16 3.31636e-18 BessellB
55771.3 2.68226e-16 3.29398e-18 BessellB
55772.3 3.07798e-16 3.18831e-18 BessellB
55773.3 3.51051e-16 2.99129e-18 BessellB
55774.3 3.9751e-16 2.70418e-18 BessellB
55775.3 4.46348e-16 2.34465e-18 BessellB
55776.3 4.96323e-16 1.95779e-18 BessellB
55777.3 5.45764e-16 1.63045e-18 BessellB
55778.3 5.9261e-16 1.48288e-18 BessellB
55779.3 6.34533e-16 1.56796e-18 BessellB
55780.3 6.69164e-16 1.78811e-18 BessellB
55781.3 6.94363e-16 2.00764e-18 BessellB
55782.3 7.08525e-16 2.1462e-18 BessellB
55783.3 7.10808e-16 2.18037e-18 BessellB
55784.3 7.01258e-16 2.12556e-18 BessellB
55785.3 6.80768e-16 2.01699e-18 BessellB
55786.3 6.50911e-16 1.89114e-18 BessellB
55787.3 6.1369e-16 1.77133e-18 BessellB
55788.3 5.71271e-16 1.66318e-18 BessellB
55789.3 5.25757e-16 1.56043e-18 BessellB
55790.3 4.79024e-16 1.45483e-18 BessellB
55791.3 4.32638e-16 1.34275e-18 BessellB
55792.3 3.87827e-16 1.22667e-18 BessellB
55793.3 3.45498e-16 1.11344e-18 BessellB
55794.3 3.06276e-16 1.01128e-18 BessellB
55795.3 2.70553e-16 9.2691e-19 BessellB
55796.3 2.38539e-16 8.63179e-19 BessellB
55797.3 2.10305e-16 8.1815e-19 BessellB
55798.3 1.85823e-16 7.85993e-19 BessellB
55799.3 1.64992e-16 7.59228e-19 BessellB
55800.3 1.47667e-16 7.30936e-19 BessellB
55801.3 1.33669e-16 6.96089e-19 BessellB
55802.3 1.22804e-16 6.5204e-19 BessellB
55803.3 1.14868e-16 5.9868e-19 BessellB
55804.3 1.09656e-16 5.38822e-19 BessellB
55805.3 1.06964e-16 4.79277e-19 BessellB
55806.3 1.06595e-16 4.3272e-19 BessellB
55807.3 1.08357e-16 4.17926e-19 BessellB
55808.3 1.12067e-16 4.51583e-19 BessellB
55809.3 1.1755e-16 5.354e-19 BessellB
55810.3 1.24643e-16 6.58492e-19 BessellB
55811.3 1.33187e-16 8.08932e-19 BessellB
55812.3 1.43036e-16 9.78295e-19 BessellB
55813.3 1.54052e-16 1.16113e-18 BessellB
55814.3 1.66103e-16 1.35377e-18 BessellB
55815.3 1.79068e-16 1.55362e-18 BessellB
55816.3 1.92832e-16 1.75865e-18 BessellB
55817.3 2.07288e-16 1.96725e-18 BessellB
55818.3 2.22335e-16 2.17807e-18 BessellB
55819.3 2.37879e-16 2.38994e-18 BessellB
55820.3 2.53835e-16 2.60185e-18 BessellB
55821.3 2.7012e-16 2.8129e-18 BessellB
55822.3 2.86658e-16 3.0223e-18 BessellB
55823.3 3.0338e-16 3.22934e-18 BessellB
55824.3 3.20221e-16 3.43338e-18 BessellB
55825.3 3.37119e-16 3.63387e-18 BessellB
55826.3 3.54019e-16 3.83032e-18 BessellB
55827.3 3.70871e-16 4.02226e-18 BessellB
55828.3 3.87626e-16 4.20933e-18 BessellB
55829.3 4.0424e-16 4.39118e-18 BessellB
55830.3 4.20675e-16 4.56751e-18 BessellB
55831.3 4.36894e-16 4.73806e-18 BessellB
55832.3 4.52863e-16 4.90262e-18 BessellB
55833.3 4.68552e-16 5.06102e-18 BessellB
55834.3 4.83934e-16 5.21308e-18 BessellB
55835.3 4.98985e-16 5.35871e-18 BessellB
55836.3 5.13683e-16 5.49781e-18 BessellB
55837.3 5.28007e-16 5.6303e-18 BessellB
55838.3 5.41941e-16 5.75616e-18 BessellB
55839.3 5.55468e-16 5.87535e-18 BessellB
55840.3 5.68577e-16 5.98787e-18 BessellB
55841.3 5.81256e-16 6.09375e-18 BessellB
55842.3 5.93494e-16 6.19301e-18 BessellB
55843.3 6.05284e-16 6.28571e-18 BessellB
55844.3 6.16619e-16 6.37191e-18 BessellB
55845.3 6.27494e-16 6.45168e-18 BessellB
55846.3 6.37906e-16 6.52511e-18 BessellB
55847.3 6.47851e-16 6.59229e-18 BessellB
55848.3 6.57328e-16 6.65334e-18 BessellB
55849.3 6.66337e-16 6.70836e-18 BessellB
55850.3 6.74879e-16 6.75748e-18 BessellB
55851.3 6.82955e-16 6.80082e-18 BessellB
55852.3 6.90567e-16 6.83852e-18 BessellB
55853.3 6.97718e-16 6.87072e-18 BessellB
55854.3 7.04413e-16 6.89755e-18 BessellB
55855.3 7.10656e-16 6.91916e-18 BessellB
55856.3 7.16451e-16 6.93571e-18 BessellB
55857.3 7.21805e-16 6.94734e-18 BessellB
55858.3 7.26724e-16 6.9542e-18 BessellB
55859.3 7.31214e-16 6.95644e-18 BessellB
55860.3 7.35282e-16 6.95423e-18 BessellB
55861.3 7.38936e-16 6.94772e-18 BessellB
55862.3 7.42183e-16 6.93705e-18 BessellB
55863.3 7.45031e-16 6.92239e-18 BessellB
55864.3 7.47488e-16 6.90388e-18 BessellB
55865.3 7.49564e-16 6.88169e-18 BessellB
55866.3 7.51265e-16 6.85596e-18 BessellB
55867.3 7.52602e-16 6.82684e-18 BessellB
55868.3 7.53584e-16 6.79449e-18 BessellB
55869.3 7.54218e-16 6.75903e-18 BessellB
55870.3 7.54515e-16 6.72063e-18 BessellB
55871.3 7.54483e-16 6.67943e-18 BessellB
55872.3 7.54132e-16 6.63555e-18 BessellB
55873.3 7.5347e-16 6.58915e-18 BessellB
55874.3 7.52508e-16 6.54035e-18 BessellB
55875.3 7.51255e-16 6.48928e-18 BessellB
55876.3 7.49719e-16 6.43608e-18 BessellB
55877.3 7.4791e-16 6.38087e-18 BessellB
55878.3 7.45837e-16 6.32378e-18 BessellB
55879.3 7.43509e-16 6.26492e-18 BessellB
55880.3 7.40936e-16 6.20441e-18 BessellB
55881.3 7.38125e-16 6.14236e-18 BessellB
55882.3 7.35086e-16 6.07889e-18 BessellB
55883.3 7.31828e-16 6.0141e-18 BessellB
55884.3 7.28358e-16 5.94811e-18 BessellB
55885.3 7.24687e-16 5.881e-18 BessellB
55886.3 7.20821e-16 5.81287e-18 BessellB
55887.3 7.1677e-16 5.74384e-18 BessellB
55888.3 7.12541e-16 5.67397e-18 BessellB
55889.3 7.08142e-16 5.60337e-18 BessellB
55890.3 7.03581e-16 5.53213e-18 BessellB
55891.3 6.98867e-16 5.46031e-18 BessellB
55892.3 6.94005e-16 5.38801e-18 BessellB
55893.3 6.89005e-16 5.3153e-18 BessellB
55894.3 6.83872e-16 5.24225e-18 BessellB
55895.3 6.78615e-16 5.16894e-18 BessellB
55896.3 6.73239e-16 5.09543e-18 BessellB
55897.3 6.67752e-16 5.02179e-18 BessellB
55898.3 6.6216e-16 4.94809e-18 BessellB
55899.3 6.5647e-16 4.87438e-18 BessellB
55900.3 6.50689e-16 4.80072e-18 BessellB
55901.3 6.44821e-16 4.72717e-18 BessellB
55902.3 6.38873e-16 4.65377e-18 BessellB
55903.3 6.32851e-16 4.58059e-18 BessellB
55904.3 6.26761e-16 4.50766e-18 BessellB
55905.3 6.20608e-16 4.43504e-18 BessellB
55906.3 6.14397e-16 4.36276e-18 BessellB
55907.3 6.08134e-16 4.29087e-18 BessellB
55908.3 6.01823e-16 4.21941e-18 BessellB
55909.3 5.9547e-16 4.1484e-18 BessellB
55910.3 5.89079e-16 4.0779e-18 BessellB
55911.3 5.82654e-16 4.00793e-18 BessellB
55912.3 5.76201e-16 3.93852e-18 BessellB
55913.3 5.69723e-16 3.8697e-18 BessellB
55914.3 5.63225e-16 3.80149e-18 BessellB
55915.3 5.56711e-16 3.73393e-18 BessellB
55916.3 5.50184e-16 3.66704e-18 BessellB
55917.3 5.43648e-16 3.60083e-18 BessellB
55918.3 5.37107e-16 3.53534e-18 BessellB
55919.3 5.30564e-16 3.47057e-18 BessellB
55920.3 5.24023e-16 3.40655e-18 BessellB
55921.3 5.17487e-16 3.34329e-18 BessellB
55922.3 5.10958e-16 3.2808e-18 BessellB
55923.3 5.04441e-16 3.21911e-18 BessellB
55924.3 4.97937e-16 3.15821e-18 BessellB
55925.3 4.9145e-16 3.09813e-18 BessellB
55926.3 4.84982e-16 3.03887e-18 BessellB
55927.3 4.78536e-16 2.98044e-18 BessellB
55928.3 4.72113e-16 2.92284e-18 BessellB
55929.3 4.65717e-16 2.86609e-18 BessellB
55930.3 4.5935e-16 2.81019e-18 BessellB
55931.3 4.53013e-16 2.75514e-18 BessellB
55932.3 4.46709e-16 2.70095e-18 BessellB
55933.3 4.4044e-16 2.64761e-18 BessellB
55934.3 4.34207e-16 2.59514e-18 BessellB
55935.3 4.28012e-16 2.54352e-18 BessellB
55936.3 4.21857e-16 2.49276e-18 BessellB
55937.3 4.15743e-16 2.44287e-18 BessellB
55938.3 4.09672e-16 2.39383e-18 BessellB
55939.3 4.03645e-16 2.34565e-18 BessellB
55940.3 3.97663e-16 2.29832e-18 BessellB
55941.3 3.91728e-16 2.25183e-18 BessellB
55942.3 3.85841e-16 2.2062e-18 BessellB
55943.3 3.80003e-16 2.1614e-18 BessellB
55944.3 3.74215e-16 2.11744e-18 BessellB
55945.3 3.68478e-16 2.07431e-18 BessellB
55946.3 3.62793e-16 2.032e-18 BessellB
55947.3 3.5716e-16 1.9905e-18 BessellB
55948.3 3.51581e-16 1.94982e-18 BessellB
55949.3 3.46055e-16 1.90994e-18 BessellB
55950.3 3.40585e-16 1.87085e-18 BessellB
55951.3 3.35169e-16 1.83254e-18 BessellB
55952.3 3.2981e-16 1.79502e-18 BessellB
55953.3 3.24507e-16 1.75826e-18 BessellB
55954.3 3.1926e-16 1.72226e-18 BessellB
55955.3 3.14071e-16 1.68701e-18 BessellB
55956.3 3.08939e-16 1.65251e-18 BessellB
55957.3 3.03865e-16 1.61873e-18 BessellB
55958.3 2.98849e-16 1.58567e-18 BessellB
55959.3 2.93891e-16 1.55332e-18 BessellB
55960.3 2.88992e-16 1.52168e-18 BessellB
55961.3 2.8415e-16 1.49072e-18 BessellB
55962.3 2.79368e-16 1.46044e-18 BessellB
55963.3 2.74644e-16 1.43083e-18 BessellB
55964.3 2.69979e-16 1.40187e-18 BessellB
55965.3 2.65372e-16 1.37357e-18 BessellB
55966.3 2.60825e-16 1.34589e-18 BessellB
55967.3 2.56335e-16 1.31884e-18 BessellB
55968.3 2.51904e-16 1.2924e-18 BessellB
55969.3 2.47532e-16 1.26657e-18 BessellB
55970.3 2.43217e-16 1.24132e-18 BessellB
55971.3 2.3896e-16 1.21665e-18 BessellB
55972.3 2.34762e-16 1.19255e-18 BessellB
55973.3 2.3062e-16 1.169e-18 BessellB
55974.3 2.26536e-16 1.146e-18 BessellB
55975.3 2.22509e-16 1.12354e-18 BessellB
55976.3 2.18539e-16 1.10159e-18 BessellB
55977.3 2.14625e-16 1.08016e-18 BessellB
55978.3 2.10768e-16 1.05923e-18 BessellB
55979.3 2.06965e-16 1.03879e-18 BessellB
55980.3 2.03219e-16 1.01882e-18 BessellB
55981.3 1.99527e-16 9.99324e-19 BessellB
55982.3 1.9589e-16 9.80284e-19 BessellB
55983.3 1.92307e-16 9.6169e-19 BessellB
55984.3 1.88778e-16 9.43531e-19 BessellB
55985.3 1.85303e-16 9.25798e-19 BessellB
55986.3 1.8188e-16 9.0848e-19 BessellB
55987.3 1.7851e-16 8.91567e-19 BessellB
55988.3 1.75192e-16 8.75048e-19 BessellB
55989.3 1.71925e-16 8.58914e-19 BessellB
55990.3 1.6871e-16 8.43155e-19 BessellB
55991.3 1.65545e-16 8.27762e-19 BessellB
55992.3 1.6243e-16 8.12725e-19 BessellB
55993.3 1.59365e-16 7.98035e-19 BessellB
55994.3 1.56349e-16 7.83682e-19 BessellB
55995.3 1.53381e-16 7.69658e-19 BessellB
55996.3 1.50462e-16 7.55954e-19 BessellB
55997.3 1.4759e-16 7.42562e-19 BessellB
55998.3 1.44766e-16 7.29472e-19 BessellB
55999.3 1.41988e-16 7.16676e-19 BessellB
56000.3 1.39256e-16 7.04167e-19 BessellB
56001.3 1.36569e-16 6.91936e-19 BessellB
56002.3 1.33927e-16 6.79976e-19 BessellB
56003.3 1.3133e-16 6.68279e-19 BessellB
56004.3 1.28777e-16 6.56837e-19 BessellB
56005.3 1.26267e-16 6.45644e-19 BessellB
56006.3 1.238e-16 6.34693e-19 BessellB
56007.3 1.21375e-16 6.23976e-19 BessellB
56008.3 1.18992e-16 6.13487e-19 BessellB
56009.3 1.1665e-16 6.03219e-19 BessellB
56010.3 1.14349e-16 5.93166e-19 BessellB
56011.3 1.12087e-16 5.83321e-19 BessellB
56012.3 1.09866e-16 5.7368e-19 BessellB
56013.3 1.07683e-16 5.64235e-19 BessellB
56014.3 1.05539e-16 5.54982e-19 BessellB
56015.3 1.03434e-16 5.45915e-19 BessellB
56016.3 1.01365e-16 5.37028e-19 BessellB
56017.3 9.93336e-17 5.28316e-19 BessellB
56018.3 9.73386e-17 5.19774e-19 BessellB
56019.3 9.53794e-17 5.11398e-19 BessellB
56020.3 9.34557e-17 5.03183e-19 BessellB
56021.3 9.15669e-17 4.95124e-19 BessellB
56022.3 8.97124e-17 4.87217e-19 BessellB
56023.3 8.78918e-17 4.79457e-19 BessellB
56024.3 8.61046e-17 4.71841e-19 BessellB
56025.3 8.43502e-17 4.64364e-19 BessellB
56026.3 8.26282e-17 4.57023e-19 BessellB
56027.3 8.09381e-17 4.49813e-19 BessellB
56028.3 7.92794e-17 4.42733e-19 BessellB
56029.3 7.76515e-17 4.35776e-19 BessellB
56030.3 7.60541e-17 4.28942e-19 BessellB
56031.3 7.44867e-17 4.22226e-19 BessellB
56032.3 7.29487e-17 4.15625e-19 BessellB
56033.3 7.14398e-17 4.09136e-19 BessellB
56034.3 6.99594e-17 4.02757e-19 BessellB
56035.3 6.85071e-17 3.96484e-19 BessellB
56036.3 6.70824e-17 3.90315e-19 BessellB
56037.3 6.56849e-17 3.84247e-19 BessellB
56038.3 6.43142e-17 3.78279e-19 BessellB
56039.3 6.29698e-17 3.72407e-19 BessellB
56040.3 6.16513e-17 3.66629e-19 BessellB
56041.3 6.03582e-17 3.60942e-19 BessellB
56042.3 5.90901e-17 3.55346e-19 BessellB
55761.3 3.31995e-15 9.13926e-18 BessellU
55762.3 3.09822e-15 8.42296e-18 BessellU
55763.3 2.88845e-15 7.75298e-18 BessellU
55764.3 2.69014e-15 7.12688e-18 BessellU
55765.3 2.50279e-15 6.54234e-18 BessellU
55766.3 2.32592e-15 5.99715e-18 BessellU
55767.3 2.15908e-15 5.4892e-18 BessellU
55768.3 2.00181e-15 5.01648e-18 BessellU
55769.3 1.8537e-15 4.57706e-18 BessellU
55770.3 1.71434e-15 4.16914e-18 BessellU
55771.3 1.58332e-15 3.79096e-18 BessellU
55772.3 1.46028e-15 3.44089e-18 BessellU
55773.3 1.34483e-15 3.11734e-18 BessellU
55774.3 1.23664e-15 2.81883e-18 BessellU
55775.3 1.13536e-15 2.54393e-18 BessellU
55776.3 1.04067e-15 2.29131e-18 BessellU
55777.3 9.52257e-16 2.05967e-18 BessellU
55778.3 8.69815e-16 1.84781e-18 BessellU
55779.3 7.93057e-16 1.65457e-18 BessellU
55780.3 7.21705e-16 1.47885e-18 BessellU
55781.3 6.55493e-16 1.31962e-18 BessellU
55782.3 5.94164e-16 1.17587e-18 BessellU
55783.3 5.37473e-16 1.04665e-18 BessellU
55784.3 4.85182e-16 9.31042e-19 BessellU
55785.3 4.37066e-16 8.28155e-19 BessellU
55786.3 3.92906e-16 7.37108e-19 BessellU
55787.3 3.52494e-16 6.57029e-19 BessellU
55788.3 3.1563e-16 5.87032e-19 BessellU
55789.3 2.82123e-16 5.26217e-19 BessellU
55790.3 2.51788e-16 4.73657e-19 BessellU
55791.3 2.24449e-16 4.28401e-19 BessellU
55792.3 1.99938e-16 3.89487e-19 BessellU
55793.3 1.78094e-16 3.55965e-19 BessellU
55794.3 1.58761e-16 3.26926e-19 BessellU
55795.3 1.41792e-16 3.01542e-19 BessellU
55796.3 1.27045e-16 2.79103e-19 BessellU
55797.3 1.14386e-16 2.5905e-19 BessellU
55798.3 1.03685e-16 2.41001e-19 BessellU
55799.3 9.48183e-17 2.24773e-19 BessellU
55800.3 8.76682e-17 2.10391e-19 BessellU
55801.3 8.2122e-17 1.98103e-19 BessellU
55802.3 7.80723e-17 1.88356e-19 BessellU
55803.3 7.54166e-17 1.81751e-19 BessellU
55804.3 7.40573e-17 1.78937e-19 BessellU
55805.3 7.39011e-17 1.80451e-19 BessellU
55806.3 7.48593e-17 1.86565e-19 BessellU
55807.3 7.68475e-17 1.97212e-19 BessellU
55808.3 7.97852e-17 2.12033e-19 BessellU
55809.3 8.35961e-17 2.30495e-19 BessellU
55810.3 8.82075e-17 2.52019e-19 BessellU
55811.3 9.35502e-17 2.76056e-19 BessellU
55812.3 9.95588e-17 3.02128e-19 BessellU
55813.3 1.06171e-16 3.29831e-19 BessellU
55814.3 1.13328e-16 3.58831e-19 BessellU
55815.3 1.20974e-16 3.88851e-19 BessellU
55816.3 1.29055e-16 4.1966e-19 BessellU
55817.3 1.37523e-16 4.51063e-19 BessellU
55818.3 1.46328e-16 4.82896e-19 BessellU
55819.3 1.55428e-16 5.15017e-19 BessellU
55820.3 1.64779e-16 5.47303e-19 BessellU
55821.3 1.74341e-16 5.79647e-19 BessellU
55822.3 1.84078e-16 6.11954e-19 BessellU
55823.3 1.93954e-16 6.4414e-19 BessellU
55824.3 2.03935e-16 6.76133e-19 BessellU
55825.3 2.13991e-16 7.07864e-19 BessellU
55826.3 2.24092e-16 7.39277e-19 BessellU
55827.3 2.34211e-16 7.70318e-19 BessellU
55828.3 2.44322e-16 8.00941e-19 BessellU
55829.3 2.54402e-16 8.31104e-19 BessellU
55830.3 2.64428e-16 8.60771e-19 BessellU
55831.3 2.7438e-16 8.89908e-19 BessellU
55832.3 2.84237e-16 9.18488e-19 BessellU
55833.3 2.93983e-16 9.46486e-19 BessellU
55834.3 3.03601e-16 9.73878e-19 BessellU
55835.3 3.13075e-16 1.00065e-18 BessellU
55836.3 3.22391e-16 1.02677e-18 BessellU
55837.3 3.31537e-16 1.05225e-18 BessellU
55838.3 3.40502e-16 1.07706e-18 BessellU
55839.3 3.49273e-16 1.10119e-18 BessellU
55840.3 3.57842e-16 1.12464e-18 BessellU
55841.3 3.662e-16 1.14741e-18 BessellU
55842.3 3.74338e-16 1.16948e-18 BessellU
55843.3 3.82251e-16 1.19086e-18 BessellU
55844.3 3.89931e-16 1.21154e-18 BessellU
55845.3 3.97373e-16 1.23153e-18 BessellU
55846.3 4.04573e-16 1.25083e-18 BessellU
55847.3 4.11527e-16 1.26943e-18 BessellU
55848.3 4.18231e-16 1.28735e-18 BessellU
55849.3 4.24682e-16 1.30458e-18 BessellU
55850.3 4.30879e-16 1.32113e-18 BessellU
55851.3 4.36819e-16 1.33701e-18 BessellU
55852.3 4.42503e-16 1.35222e-18 BessellU
55853.3 4.47928e-16 1.36677e-18 BessellU
55854.3 4.53095e-16 1.38067e-18 BessellU
55855.3 4.58004e-16 1.39392e-18 BessellU
55856.3 4.62657e-16 1.40653e-18 BessellU
55857.3 4.67053e-16 1.41852e-18 BessellU
55858.3 4.71194e-16 1.42988e-18 BessellU
55859.3 4.75082e-16 1.44064e-18 BessellU
55860.3 4.7872e-16 1.45079e-18 BessellU
55861.3 4.82108e-16 1.46035e-18 BessellU
55862.3 4.85251e-16 1.46933e-18 BessellU
55863.3 4.8815e-16 1.47774e-18 BessellU
55864.3 4.90809e-16 1.48558e-18 BessellU
55865.3 4.93231e-16 1.49287e-18 BessellU
55866.3 4.95419e-16 1.49962e-18 BessellU
55867.3 4.97378e-16 1.50584e-18 BessellU
55868.3 4.9911e-16 1.51153e-18 BessellU
55869.3 5.0062e-16 1.51672e-18 BessellU
55870.3 5.01911e-16 1.52139e-18 BessellU
55871.3 5.02989e-16 1.52558e-18 BessellU
55872.3 5.03856e-16 1.52929e-18 BessellU
55873.3 5.04518e-16 1.53252e-18 BessellU
55874.3 5.04979e-16 1.53529e-18 BessellU
55875.3 5.05243e-16 1.53761e-18 BessellU
55876.3 5.05314e-16 1.53949e-18 BessellU
55877.3 5.05199e-16 1.54094e-18 BessellU
55878.3 5.049e-16 1.54196e-18 BessellU
55879.3 5.04423e-16 1.54257e-18 BessellU
55880.3 5.03773e-16 1.54278e-18 BessellU
55881.3 5.02953e-16 1.54259e-18 BessellU
55882.3 5.0197e-16 1.54202e-18 BessellU
55883.3 5.00826e-16 1.54107e-18 BessellU
55884.3 4.99529e-16 1.53976e-18 BessellU
55885.3 4.9808e-16 1.53809e-18 BessellU
55886.3 4.96487e-16 1.53607e-18 BessellU
55887.3 4.94753e-16 1.53372e-18 BessellU
55888.3 4.92882e-16 1.53103e-18 BessellU
55889.3 4.9088e-16 1.52802e-18 BessellU
55890.3 4.88751e-16 1.5247e-18 BessellU
55891.3 4.86499e-16 1.52107e-18 BessellU
55892.3 4.84129e-16 1.51714e-18 BessellU
55893.3 4.81646e-16 1.51293e-18 BessellU
55894.3 4.79053e-16 1.50844e-18 BessellU
55895.3 4.76355e-16 1.50367e-18 BessellU
55896.3 4.73556e-16 1.49864e-18 BessellU
55897.3 4.70661e-16 1.49335e-18 BessellU
55898.3 4.67673e-16 1.48781e-18 BessellU
55899.3 4.64597e-16 1.48203e-18 BessellU
55900.3 4.61437e-16 1.47602e-18 BessellU
55901.3 4.58196e-16 1.46978e-18 BessellU
55902.3 4.54879e-16 1.46332e-18 BessellU
55903.3 4.51489e-16 1.45665e-18 BessellU
55904.3 4.48029e-16 1.44977e-18 BessellU
55905.3 4.44505e-16 1.44269e-18 BessellU
55906.3 4.40918e-16 1.43542e-18 BessellU
55907.3 4.37274e-16 1.42797e-18 BessellU
55908.3 4.33574e-16 1.42033e-18 BessellU
55909.3 4.29823e-16 1.41253e-18 BessellU
55910.3 4.26024e-16 1.40455e-18 BessellU
55911.3 4.2218e-16 1.39642e-18 BessellU
55912.3 4.18294e-16 1.38813e-18 BessellU
55913.3 4.14369e-16 1.3797e-18 BessellU
55914.3 4.10408e-16 1.37113e-18 BessellU
55915.3 4.06414e-16 1.36242e-18 BessellU
55916.3 4.02391e-16 1.35358e-18 BessellU
55917.3 3.9834e-16 1.34461e-18 BessellU
55918.3 3.94264e-16 1.33553e-18 BessellU
55919.3 3.90167e-16 1.32633e-18 BessellU
55920.3 3.8605e-16 1.31703e-18 BessellU
55921.3 3.81916e-16 1.30762e-18 BessellU
55922.3 3.77767e-16 1.29812e-18 BessellU
55923.3 3.73607e-16 1.28852e-18 BessellU
55924.3 3.69436e-16 1.27884e-18 BessellU
55925.3 3.65258e-16 1.26907e-18 BessellU
55926.3 3.61074e-16 1.25923e-18 BessellU
55927.3 3.56886e-16 1.24931e-18 BessellU
55928.3 3.52697e-16 1.23932e-18 BessellU
55929.3 3.48508e-16 1.22928e-18 BessellU
55930.3 3.44321e-16 1.21917e-18 BessellU
55931.3 3.40139e-16 1.20901e-18 BessellU
55932.3 3.35962e-16 1.1988e-18 BessellU
55933.3 3.31792e-16 1.18854e-18 BessellU
55934.3 3.27632e-16 1.17824e-18 BessellU
55935.3 3.23482e-16 1.1679e-18 BessellU
55936.3 3.19344e-16 1.15752e-18 BessellU
55937.3 3.1522e-16 1.14712e-18 BessellU
55938.3 3.1111e-16 1.13669e-18 BessellU
55939.3 3.07017e-16 1.12623e-18 BessellU
55940.3 3.02941e-16 1.11576e-18 BessellU
55941.3 2.98884e-16 1.10527e-18 BessellU
55942.3 2.94847e-16 1.09477e-18 BessellU
55943.3 2.90831e-16 1.08426e-18 BessellU
55944.3 2.86837e-16 1.07374e-18 BessellU
55945.3 2.82866e-16 1.06322e-18 BessellU
55946.3 2.78919e-16 1.0527e-18 BessellU
55947.3 2.74998e-16 1.04219e-18 BessellU
55948.3 2.71102e-16 1.03168e-18 BessellU
55949.3 2.67232e-16 1.02118e-18 BessellU
55950.3 2.6339e-16 1.01069e-18 BessellU
55951.3 2.59577e-16 1.00022e-18 BessellU
55952.3 2.55792e-16 9.89763e-19 BessellU
55953.3 2.52037e-16 9.79327e-19 BessellU
55954.3 2.48312e-16 9.68913e-19 BessellU
55955.3 2.44619e-16 9.58525e-19 BessellU
55956.3 2.40956e-16 9.48164e-19 BessellU
55957.3 2.37325e-16 9.37832e-19 BessellU
55958.3 2.33727e-16 9.27532e-19 BessellU
55959.3 2.30162e-16 9.17266e-19 BessellU
55960.3 2.2663e-16 9.07036e-19 BessellU
55961.3 2.23132e-16 8.96844e-19 BessellU
55962.3 2.19667e-16 8.86692e-19 BessellU
55963.3 2.16237e-16 8.76581e-19 BessellU
55964.3 2.12842e-16 8.66515e-19 BessellU
55965.3 2.09482e-16 8.56494e-19 BessellU
55966.3 2.06157e-16 8.4652e-19 BessellU
55967.3 2.02867e-16 8.36594e-19 BessellU
55968.3 1.99613e-16 8.26719e-19 BessellU
55969.3 1.96394e-16 8.16897e-19 BessellU
55970.3 1.93211e-16 8.07127e-19 BessellU
55971.3 1.90065e-16 7.97412e-19 BessellU
55972.3 1.86954e-16 7.87753e-19 BessellU
55973.3 1.8388e-16 7.78152e-19 BessellU
55974.3 1.80842e-16 7.68609e-19 BessellU
55975.3 1.7784e-16 7.59126e-19 BessellU
55976.3 1.74874e-16 7.49704e-19 BessellU
55977.3 1.71945e-16 7.40345e-19 BessellU
55978.3 1.69052e-16 7.31048e-19 BessellU
55979.3 1.66195e-16 7.21815e-19 BessellU
55980.3 1.63374e-16 7.12648e-19 BessellU
55981.3 1.60589e-16 7.03546e-19 BessellU
55982.3 1.57841e-16 6.94511e-19 BessellU
55983.3 1.55128e-16 6.85544e-19 BessellU
55984.3 1.52451e-16 6.76645e-19 BessellU
55985.3 1.49809e-16 6.67815e-19 BessellU
55986.3 1.47204e-16 6.59055e-19 BessellU
55987.3 1.44633e-16 6.50365e-19 BessellU
55988.3 1.42098e-16 6.41746e-19 BessellU
55989.3 1.39597e-16 6.33199e-19 BessellU
55990.3 1.37132e-16 6.24724e-19 BessellU
55991.3 1.34701e-16 6.16321e-19 BessellU
55992.3 1.32305e-16 6.07991e-19 BessellU
55993.3 1.29942e-16 5.99735e-19 BessellU
55994.3 1.27614e-16 5.91552e-19 BessellU
55995.3 1.2532e-16 5.83443e-19 BessellU
55996.3 1.23059e-16 5.75408e-19 BessellU
55997.3 1.20831e-16 5.67448e-19 BessellU
55998.3 1.18636e-16 5.59563e-19 BessellU
55999.3 1.16474e-16 5.51753e-19 BessellU
56000.3 1.14345e-16 5.44018e-19 BessellU
56001.3 1.12248e-16 5.36359e-19 BessellU
56002.3 1.10182e-16 5.28774e-19 BessellU
56003.3 1.08149e-16 5.21266e-19 BessellU
56004.3 1.06146e-16 5.13833e-19 BessellU
56005.3 1.04175e-16 5.06475e-19 BessellU
56006.3 1.02235e-16 4.99193e-19 BessellU
56007.3 1.00325e-16 4.91987e-19 BessellU
56008.3 9.84448e-17 4.84856e-19 BessellU
56009.3 9.65948e-17 4.77801e-19 BessellU
56010.3 9.47744e-17 4.70821e-19 BessellU
56011.3 9.29833e-17 4.63916e-19 BessellU
56012.3 9.12211e-17 4.57087e-19 BessellU
56013.3 8.94874e-17 4.50332e-19 BessellU
56014.3 8.77821e-17 4.43653e-19 BessellU
56015.3 8.61048e-17 4.37048e-19 BessellU
56016.3 8.44552e-17 4.30517e-19 BessellU
56017.3 8.28328e-17 4.2406e-19 BessellU
56018.3 8.12375e-17 4.17678e-19 BessellU
56019.3 7.96689e-17 4.11369e-19 BessellU
56020.3 7.81267e-17 4.05133e-19 BessellU
56021.3 7.66105e-17 3.9897e-19 BessellU
56022.3 7.51201e-17 3.9288e-19 BessellU
56023.3 7.36551e-17 3.86863e-19 BessellU
56024.3 7.22151e-17 3.80918e-19 BessellU
56025.3 7.07999e-17 3.75044e-19 BessellU
56026.3 6.94092e-17 3.69242e-19 BessellU
56027.3 6.80425e-17 3.6351e-19 BessellU
56028.3 6.66997e-17 3.5785e-19 BessellU
56029.3 6.53803e-17 3.52259e-19 BessellU
56030.3 6.40841e-17 3.46738e-19 BessellU
56031.3 6.28108e-17 3.41287e-19 BessellU
56032.3 6.15599e-17 3.35904e-19 BessellU
56033.3 6.03313e-17 3.3059e-19 BessellU
56034.3 5.91246e-17 3.25343e-19 BessellU
56035.3 5.79395e-17 3.20165e-19 BessellU
56036.3 5.67757e-17 3.15053e-19 BessellU
56037.3 5.56329e-17 3.10008e-19 BessellU
56038.3 5.45107e-17 3.05029e-19 BessellU
56039.3 5.34089e-17 3.00115e-19 BessellU
56040.3 5.23272e-17 2.95267e-19 BessellU
56041.3 5.12652e-17 2.90483e-19 BessellU
56042.3 5.02227e-17 2.85763e-19 BessellU
55761.3 4.71159e-17 1.77232e-18 BessellV
55762.3 5.51682e-17 1.94449e-18 BessellV
55763.3 6.45181e-17 2.12113e-18 BessellV
55764.3 7.53507e-17 2.29877e-18 BessellV
55765.3 8.78695e-17 2.4728e-18 BessellV
55766.3 1.02294e-16 2.63735e-18 BessellV
55767.3 1.18856e-16 2.78512e-18 BessellV
55768.3 1.37795e-16 2.9074e-18 BessellV
55769.3 1.59344e-16 2.99416e-18 BessellV
55770.3 1.83717e-16 3.03447e-18 BessellV
55771.3 2.11088e-16 3.01727e-18 BessellV
55772.3 2.41559e-16 2.93276e-18 BessellV
55773.3 2.75125e-16 2.77473e-18 BessellV
55774.3 3.11628e-16 2.54414e-18 BessellV
55775.3 3.50708e-16 2.25482e-18 BessellV
55776.3 3.91752e-16 1.9425e-18 BessellV
55777.3 4.33859e-16 1.67631e-18 BessellV
55778.3 4.75826e-16 1.55417e-18 BessellV
55779.3 5.16174e-16 1.6347e-18 BessellV
55780.3 5.53228e-16 1.86275e-18 BessellV
55781.3 5.85254e-16 2.12754e-18 BessellV
55782.3 6.10638e-16 2.34436e-18 BessellV
55783.3 6.28085e-16 2.47211e-18 BessellV
55784.3 6.36787e-16 2.50611e-18 BessellV
55785.3 6.36525e-16 2.46665e-18 BessellV
55786.3 6.27684e-16 2.38483e-18 BessellV
55787.3 6.11171e-16 2.28797e-18 BessellV
55788.3 5.88273e-16 2.19027e-18 BessellV
55789.3 5.60481e-16 2.09255e-18 BessellV
55790.3 5.29331e-16 1.98942e-18 BessellV
55791.3 4.96267e-16 1.87731e-18 BessellV
55792.3 4.62562e-16 1.75861e-18 BessellV
55793.3 4.29267e-16 1.64144e-18 BessellV
55794.3 3.97211e-16 1.53658e-18 BessellV
55795.3 3.67007e-16 1.45335e-18 BessellV
55796.3 3.39084e-16 1.39601e-18 BessellV
55797.3 3.13715e-16 1.36218e-18 BessellV
55798.3 2.91052e-16 1.34408e-18 BessellV
55799.3 2.7115e-16 1.33154e-18 BessellV
55800.3 2.53997e-16 1.31502e-18 BessellV
55801.3 2.39529e-16 1.28741e-18 BessellV
55802.3 2.27647e-16 1.2447e-18 BessellV
55803.3 2.18227e-16 1.18622e-18 BessellV
55804.3 2.11134e-16 1.11469e-18 BessellV
55805.3 2.06222e-16 1.03686e-18 BessellV
55806.3 2.03345e-16 9.64414e-19 BessellV
55807.3 2.02355e-16 9.14713e-19 BessellV
55808.3 2.03106e-16 9.08799e-19 BessellV
55809.3 2.05458e-16 9.63817e-19 BessellV
55810.3 2.09275e-16 1.08434e-18 BessellV
55811.3 2.14428e-16 1.26259e-18 BessellV
55812.3 2.20793e-16 1.48613e-18 BessellV
55813.3 2.28252e-16 1.74357e-18 BessellV
55814.3 2.36693e-16 2.02616e-18 BessellV
55815.3 2.46013e-16 2.32747e-18 BessellV
55816.3 2.56111e-16 2.64271e-18 BessellV
55817.3 2.66895e-16 2.96814e-18 BessellV
55818.3 2.78278e-16 3.30082e-18 BessellV
55819.3 2.90176e-16 3.63828e-18 BessellV
55820.3 3.02514e-16 3.97846e-18 BessellV
55821.3 3.1522e-16 4.31957e-18 BessellV
55822.3 3.28225e-16 4.66006e-18 BessellV
55823.3 3.41468e-16 4.99855e-18 BessellV
55824.3 3.54891e-16 5.33384e-18 BessellV
55825.3 3.68438e-16 5.66484e-18 BessellV
55826.3 3.82059e-16 5.99061e-18 BessellV
55827.3 3.95708e-16 6.31028e-18 BessellV
55828.3 4.09341e-16 6.62312e-18 BessellV
55829.3 4.22918e-16 6.92845e-18 BessellV
55830.3 4.36403e-16 7.2257e-18 BessellV
55831.3 4.49761e-16 7.51434e-18 BessellV
55832.3 4.6296e-16 7.79393e-18 BessellV
55833.3 4.75974e-16 8.06409e-18 BessellV
55834.3 4.88774e-16 8.32451e-18 BessellV
55835.3 5.01339e-16 8.5749e-18 BessellV
55836.3 5.13646e-16 8.81504e-18 BessellV
55837.3 5.25676e-16 9.04476e-18 BessellV
55838.3 5.37411e-16 9.26392e-18 BessellV
55839.3 5.48837e-16 9.47243e-18 BessellV
55840.3 5.59938e-16 9.67023e-18 BessellV
55841.3 5.70704e-16 9.85728e-18 BessellV
55842.3 5.81124e-16 1.00336e-17 BessellV
55843.3 5.91187e-16 1.01992e-17 BessellV
55844.3 6.00888e-16 1.03541e-17 BessellV
55845.3 6.10218e-16 1.04985e-17 BessellV
55846.3 6.19174e-16 1.06324e-17 BessellV
55847.3 6.2775e-16 1.07559e-17 BessellV
55848.3 6.35944e-16 1.08693e-17 BessellV
55849.3 6.43753e-16 1.09725e-17 BessellV
55850.3 6.51176e-16 1.10658e-17 BessellV
55851.3 6.58213e-16 1.11495e-17 BessellV
55852.3 6.64864e-16 1.12235e-17 BessellV
55853.3 6.71131e-16 1.12883e-17 BessellV
55854.3 6.77014e-16 1.13439e-17 BessellV
55855.3 6.82516e-16 1.13906e-17 BessellV
55856.3 6.87641e-16 1.14286e-17 BessellV
55857.3 6.92392e-16 1.14582e-17 BessellV
55858.3 6.96773e-16 1.14795e-17 BessellV
55859.3 7.00788e-16 1.14928e-17 BessellV
55860.3 7.04442e-16 1.14984e-17 BessellV
55861.3 7.07741e-16 1.14965e-17 BessellV
55862.3 7.10689e-16 1.14873e-17 BessellV
55863.3 7.13293e-16 1.14711e-17 BessellV
55864.3 7.15559e-16 1.14481e-17 BessellV
55865.3 7.17493e-16 1.14186e-17 BessellV
55866.3 7.19101e-16 1.13827e-17 BessellV
55867.3 7.20391e-16 1.13409e-17 BessellV
55868.3 7.2137e-16 1.12932e-17 BessellV
55869.3 7.22044e-16 1.12399e-17 BessellV
55870.3 7.22421e-16 1.11813e-17 BessellV
55871.3 7.22507e-16 1.11176e-17 BessellV
55872.3 7.22311e-16 1.10491e-17 BessellV
55873.3 7.2184e-16 1.09759e-17 BessellV
55874.3 7.21101e-16 1.08982e-17 BessellV
55875.3 7.20101e-16 1.08164e-17 BessellV
55876.3 7.18849e-16 1.07306e-17 BessellV
55877.3 7.17351e-16 1.0641e-17 BessellV
55878.3 7.15616e-16 1.05478e-17 BessellV
55879.3 7.13651e-16 1.04513e-17 BessellV
55880.3 7.11462e-16 1.03516e-17 BessellV
55881.3 7.09059e-16 1.0249e-17 BessellV
55882.3 7.06447e-16 1.01435e-17 BessellV
55883.3 7.03634e-16 1.00355e-17 BessellV
55884.3 7.00628e-16 9.92506e-18 BessellV
55885.3 6.97436e-16 9.81237e-18 BessellV
55886.3 6.94065e-16 9.69761e-18 BessellV
55887.3 6.90522e-16 9.58095e-18 BessellV
55888.3 6.86813e-16 9.46254e-18 BessellV
55889.3 6.82946e-16 9.34255e-18 BessellV
55890.3 6.78927e-16 9.22113e-18 BessellV
55891.3 6.74763e-16 9.09841e-18 BessellV
55892.3 6.7046e-16 8.97455e-18 BessellV
55893.3 6.66025e-16 8.84969e-18 BessellV
55894.3 6.61464e-16 8.72395e-18 BessellV
55895.3 6.56783e-16 8.59746e-18 BessellV
55896.3 6.51989e-16 8.47035e-18 BessellV
55897.3 6.47087e-16 8.34273e-18 BessellV
55898.3 6.42082e-16 8.21472e-18 BessellV
55899.3 6.36982e-16 8.08644e-18 BessellV
55900.3 6.3179e-16 7.95798e-18 BessellV
55901.3 6.26513e-16 7.82945e-18 BessellV
55902.3 6.21156e-16 7.70095e-18 BessellV
55903.3 6.15724e-16 7.57257e-18 BessellV
55904.3 6.10222e-16 7.4444e-18 BessellV
55905.3 6.04654e-16 7.31653e-18 BessellV
55906.3 5.99027e-16 7.18903e-18 BessellV
55907.3 5.93344e-16 7.06199e-18 BessellV
55908.3 5.8761e-16 6.93548e-18 BessellV
55909.3 5.8183e-16 6.80958e-18 BessellV
55910.3 5.76007e-16 6.68434e-18 BessellV
55911.3 5.70146e-16 6.55984e-18 BessellV
55912.3 5.64251e-16 6.43614e-18 BessellV
55913.3 5.58325e-16 6.31329e-18 BessellV
55914.3 5.52373e-16 6.19135e-18 BessellV
55915.3 5.46399e-16 6.07037e-18 BessellV
55916.3 5.40405e-16 5.95039e-18 BessellV
55917.3 5.34396e-16 5.83148e-18 BessellV
55918.3 5.28374e-16 5.71365e-18 BessellV
55919.3 5.22344e-16 5.59697e-18 BessellV
55920.3 5.16307e-16 5.48147e-18 BessellV
55921.3 5.10267e-16 5.36717e-18 BessellV
55922.3 5.04228e-16 5.25412e-18 BessellV
55923.3 4.98191e-16 5.14234e-18 BessellV
55924.3 4.9216e-16 5.03187e-18 BessellV
55925.3 4.86136e-16 4.92273e-18 BessellV
55926.3 4.80124e-16 4.81493e-18 BessellV
55927.3 4.74124e-16 4.70852e-18 BessellV
55928.3 4.6814e-16 4.60349e-18 BessellV
55929.3 4.62174e-16 4.49988e-18 BessellV
55930.3 4.56227e-16 4.3977e-18 BessellV
55931.3 4.50302e-16 4.29696e-18 BessellV
55932.3 4.444e-16 4.19767e-18 BessellV
55933.3 4.38525e-16 4.09985e-18 BessellV
55934.3 4.32677e-16 4.00351e-18 BessellV
55935.3 4.26857e-16 3.90865e-18 BessellV
55936.3 4.21069e-16 3.81528e-18 BessellV
55937.3 4.15313e-16 3.7234e-18 BessellV
55938.3 4.09591e-16 3.63302e-18 BessellV
55939.3 4.03904e-16 3.54415e-18 BessellV
55940.3 3.98254e-16 3.45677e-18 BessellV
55941.3 3.92641e-16 3.3709e-18 BessellV
55942.3 3.87068e-16 3.28653e-18 BessellV
55943.3 3.81535e-16 3.20366e-18 BessellV
55944.3 3.76043e-16 3.12228e-18 BessellV
55945.3 3.70593e-16 3.0424e-18 BessellV
55946.3 3.65187e-16 2.96401e-18 BessellV
55947.3 3.59825e-16 2.8871e-18 BessellV
55948.3 3.54508e-16 2.81166e-18 BessellV
55949.3 3.49236e-16 2.73769e-18 BessellV
55950.3 3.44012e-16 2.66519e-18 BessellV
55951.3 3.38834e-16 2.59413e-18 BessellV
55952.3 3.33704e-16 2.52452e-18 BessellV
55953.3 3.28623e-16 2.45634e-18 BessellV
55954.3 3.2359e-16 2.38959e-18 BessellV
55955.3 3.18607e-16 2.32425e-18 BessellV
55956.3 3.13674e-16 2.2603e-18 BessellV
55957.3 3.08792e-16 2.19775e-18 BessellV
55958.3 3.03959e-16 2.13657e-18 BessellV
55959.3 2.99178e-16 2.07676e-18 BessellV
55960.3 2.94448e-16 2.0183e-18 BessellV
55961.3 2.8977e-16 1.96117e-18 BessellV
55962.3 2.85143e-16 1.90538e-18 BessellV
55963.3 2.80569e-16 1.85089e-18 BessellV
55964.3 2.76046e-16 1.7977e-18 BessellV
55965.3 2.71575e-16 1.74579e-18 BessellV
55966.3 2.67157e-16 1.69515e-18 BessellV
55967.3 2.62791e-16 1.64576e-18 BessellV
55968.3 2.58477e-16 1.59762e-18 BessellV
55969.3 2.54216e-16 1.55069e-18 BessellV
55970.3 2.50006e-16 1.50498e-18 BessellV
55971.3 2.45849e-16 1.46046e-18 BessellV
55972.3 2.41744e-16 1.41712e-18 BessellV
55973.3 2.37692e-16 1.37494e-18 BessellV
55974.3 2.33691e-16 1.33391e-18 BessellV
55975.3 2.29741e-16 1.29402e-18 BessellV
55976.3 2.25844e-16 1.25524e-18 BessellV
55977.3 2.21998e-16 1.21757e-18 BessellV
55978.3 2.18203e-16 1.18099e-18 BessellV
55979.3 2.14458e-16 1.14547e-18 BessellV
55980.3 2.10765e-16 1.11102e-18 BessellV
55981.3 2.07122e-16 1.0776e-18 BessellV
55982.3 2.0353e-16 1.04522e-18 BessellV
55983.3 1.99987e-16 1.01384e-18 BessellV
55984.3 1.96494e-16 9.83461e-19 BessellV
55985.3 1.9305e-16 9.54062e-19 BessellV
55986.3 1.89655e-16 9.25628e-19 BessellV
55987.3 1.86309e-16 8.98144e-19 BessellV
55988.3 1.83011e-16 8.71595e-19 BessellV
55989.3 1.79761e-16 8.45965e-19 BessellV
55990.3 1.76558e-16 8.21238e-19 BessellV
55991.3 1.73403e-16 7.974e-19 BessellV
55992.3 1.70295e-16 7.74433e-19 BessellV
55993.3 1.67233e-16 7.52322e-19 BessellV
55994.3 1.64217e-16 7.31052e-19 BessellV
55995.3 1.61246e-16 7.10606e-19 BessellV
55996.3 1.58321e-16 6.90966e-19 BessellV
55997.3 1.5544e-16 6.72118e-19 BessellV
55998.3 1.52604e-16 6.54043e-19 BessellV
55999.3 1.49812e-16 6.36725e-19 BessellV
56000.3 1.47063e-16 6.20145e-19 BessellV
56001.3 1.44357e-16 6.04287e-19 BessellV
56002.3 1.41694e-16 5.89132e-19 BessellV
56003.3 1.39073e-16 5.74661e-19 BessellV
56004.3 1.36494e-16 5.60856e-19 BessellV
56005.3 1.33956e-16 5.47697e-19 BessellV
56006.3 1.31458e-16 5.35165e-19 BessellV
56007.3 1.29001e-16 5.2324e-19 BessellV
56008.3 1.26584e-16 5.11902e-19 BessellV
56009.3 1.24206e-16 5.01131e-19 BessellV
56010.3 1.21868e-16 4.90906e-19 BessellV
56011.3 1.19567e-16 4.81205e-19 BessellV
56012.3 1.17305e-16 4.72008e-19 BessellV
56013.3 1.1508e-16 4.63295e-19 BessellV
56014.3 1.12893e-16 4.55043e-19 BessellV
56015.3 1.10741e-16 4.47231e-19 BessellV
56016.3 1.08627e-16 4.39839e-19 BessellV
56017.3 1.06547e-16 4.32845e-19 BessellV
56018.3 1.04503e-16 4.26229e-19 BessellV
56019.3 1.02494e-16 4.19969e-19 BessellV
56020.3 1.00519e-16 4.14047e-19 BessellV
56021.3 9.85785e-17 4.08441e-19 BessellV
56022.3 9.6671e-17 4.03133e-19 BessellV
56023.3 9.47965e-17 3.98104e-19 BessellV
56024.3 9.29544e-17 3.93335e-19 BessellV
56025.3 9.11444e-17 3.88808e-19 BessellV
56026.3 8.93661e-17 3.84507e-19 BessellV
56027.3 8.76189e-17 3.80414e-19 BessellV
56028.3 8.59025e-17 3.76514e-19 BessellV
56029.3 8.42164e-17 3.72792e-19 BessellV
56030.3 8.25602e-17 3.69233e-19 BessellV
56031.3 8.09333e-17 3.65824e-19 BessellV
56032.3 7.93355e-17 3.62551e-19 BessellV
56033.3 7.77663e-17 3.59403e-19 BessellV
56034.3 7.62253e-17 3.56366e-19 BessellV
56035.3 7.4712e-17 3.53432e-19 BessellV
56036.3 7.3226e-17 3.50589e-19 BessellV
56037.3 7.17669e-17 3.47827e-19 BessellV
56038.3 7.03343e-17 3.45138e-19 BessellV
56039.3 6.89279e-17 3.42514e-19 BessellV
56040.3 6.75471e-17 3.39947e-19 BessellV
56041.3 6.61917e-17 3.37429e-19 BessellV
56042.3 6.48611e-17 3.34955e-19 BessellV
