56485.9 3.09078e-16 1.23118e-17 BessellU
56486.9 4.41113e-16 1.64874e-17 BessellU
56487.9 6.29189e-16 2.19708e-17 BessellU
56488.9 8.96879e-16 2.9113e-17 BessellU
56489.9 1.27751e-15 3.83247e-17 BessellU
56490.9 1.81804e-15 5.00614e-17 BessellU
56491.9 2.58433e-15 6.47839e-17 BessellU
56492.9 3.66805e-15 8.2877e-17 BessellU
56493.9 5.19527e-15 1.04497e-16 BessellU
56494.9 7.33614e-15 1.29317e-16 BessellU
56495.9 1.03132e-14 1.56131e-16 BessellU
56496.9 1.44022e-14 1.82356e-16 BessellU
56497.9 1.99133e-14 2.03625e-16 BessellU
56498.9 2.71304e-14 2.14108e-16 BessellU
56499.9 3.6182e-14 2.08969e-16 BessellU
56500.9 4.68368e-14 1.90732e-16 BessellU
56501.9 5.8293e-14 1.76741e-16 BessellU
56502.9 6.91468e-14 1.85393e-16 BessellU
56503.9 7.77392e-14 2.02393e-16 BessellU
56504.9 8.28051e-14 2.00931e-16 BessellU
56505.9 8.39804e-14 1.74775e-16 BessellU
56506.9 8.17892e-14 1.35246e-16 BessellU
56507.9 7.72253e-14 9.66378e-17 BessellU
56508.9 7.13077e-14 6.76707e-17 BessellU
56509.9 6.4838e-14 5.01688e-17 BessellU
56510.9 5.835e-14 4.0986e-17 BessellU
56511.9 5.21559e-14 3.56791e-17 BessellU
56512.9 4.64142e-14 3.15158e-17 BessellU
56513.9 4.11884e-14 2.75823e-17 BessellU
56514.9 3.64866e-14 2.37996e-17 BessellU
56515.9 3.22879e-14 2.03082e-17 BessellU
56516.9 2.85573e-14 1.72421e-17 BessellU
56517.9 2.52539e-14 1.46736e-17 BessellU
56518.9 2.23363e-14 1.26137e-17 BessellU
56519.9 1.97643e-14 1.10248e-17 BessellU
56520.9 1.75004e-14 9.83631e-18 BessellU
56521.9 1.55103e-14 8.96024e-18 BessellU
56522.9 1.3763e-14 8.30772e-18 BessellU
56523.9 1.22305e-14 7.80188e-18 BessellU
56524.9 1.08876e-14 7.3843e-18 BessellU
56525.9 9.71204e-15 7.01531e-18 BessellU
56526.9 8.68379e-15 6.67077e-18 BessellU
56527.9 7.78513e-15 6.33785e-18 BessellU
56528.9 7.00027e-15 6.01123e-18 BessellU
56529.9 6.31523e-15 5.69013e-18 BessellU
56530.9 5.71762e-15 5.37626e-18 BessellU
56531.9 5.19646e-15 5.0725e-18 BessellU
56532.9 4.74207e-15 4.78196e-18 BessellU
56533.9 4.34588e-15 4.50751e-18 BessellU
56534.9 4.00035e-15 4.25144e-18 BessellU
56535.9 3.69884e-15 4.01529e-18 BessellU
56536.9 3.43551e-15 3.79982e-18 BessellU
56537.9 3.20522e-15 3.60499e-18 BessellU
56538.9 3.00347e-15 3.43007e-18 BessellU
56539.9 2.82635e-15 3.27374e-18 BessellU
56540.9 2.6704e-15 3.13424e-18 BessellU
56541.9 2.53262e-15 3.00949e-18 BessellU
56542.9 2.41041e-15 2.89734e-18 BessellU
56543.9 2.30151e-15 2.7956e-18 BessellU
56544.9 2.20394e-15 2.70221e-18 BessellU
56545.9 2.11601e-15 2.61533e-18 BessellU
56546.9 2.03627e-15 2.53335e-18 BessellU
56547.9 1.96344e-15 2.45494e-18 BessellU
56548.9 1.89645e-15 2.37903e-18 BessellU
56549.9 1.83438e-15 2.30483e-18 BessellU
56550.9 1.77645e-15 2.23174e-18 BessellU
56551.9 1.722e-15 2.1594e-18 BessellU
56552.9 1.67047e-15 2.0876e-18 BessellU
56553.9 1.62138e-15 2.01625e-18 BessellU
56554.9 1.57435e-15 1.94539e-18 BessellU
56555.9 1.52905e-15 1.87514e-18 BessellU
56556.9 1.48522e-15 1.80566e-18 BessellU
56557.9 1.44264e-15 1.73716e-18 BessellU
56558.9 1.40114e-15 1.66988e-18 BessellU
56559.9 1.36057e-15 1.60406e-18 BessellU
56560.9 1.32084e-15 1.53993e-18 BessellU
56561.9 1.28185e-15 1.47772e-18 BessellU
56562.9 1.24354e-15 1.41765e-18 BessellU
56563.9 1.20587e-15 1.3599e-18 BessellU
56564.9 1.16881e-15 1.30464e-18 BessellU
56565.9 1.13234e-15 1.25198e-18 BessellU
56566.9 1.09645e-15 1.20203e-18 BessellU
56567.9 1.06114e-15 1.15485e-18 BessellU
56568.9 1.02641e-15 1.11047e-18 BessellU
56569.9 9.92271e-16 1.06888e-18 BessellU
56570.9 9.58733e-16 1.03005e-18 BessellU
56571.9 9.25808e-16 9.93897e-19 BessellU
56572.9 8.9351e-16 9.60332e-19 BessellU
56573.9 8.61853e-16 9.29229e-19 BessellU
56574.9 8.3085e-16 9.00448e-19 BessellU
56575.9 8.00516e-16 8.73827e-19 BessellU
56576.9 7.70863e-16 8.49196e-19 BessellU
56577.9 7.41901e-16 8.26375e-19 BessellU
56578.9 7.13641e-16 8.05182e-19 BessellU
56579.9 6.86091e-16 7.85437e-19 BessellU
56580.9 6.59257e-16 7.66963e-19 BessellU
56581.9 6.33144e-16 7.49592e-19 BessellU
56582.9 6.07756e-16 7.33166e-19 BessellU
56583.9 5.83093e-16 7.17537e-19 BessellU
56584.9 5.59156e-16 7.02573e-19 BessellU
56585.9 5.35943e-16 6.88153e-19 BessellU
56586.9 5.1345e-16 6.74173e-19 BessellU
56587.9 4.91672e-16 6.60539e-19 BessellU
56588.9 4.70604e-16 6.47174e-19 BessellU
56589.9 4.50237e-16 6.3401e-19 BessellU
56590.9 4.30563e-16 6.20993e-19 BessellU
56591.9 4.11573e-16 6.0808e-19 BessellU
56592.9 3.93255e-16 5.95234e-19 BessellU
56593.9 3.75599e-16 5.8243e-19 BessellU
56594.9 3.5859e-16 5.6965e-19 BessellU
56595.9 3.42218e-16 5.56882e-19 BessellU
56596.9 3.26467e-16 5.44118e-19 BessellU
56597.9 3.11323e-16 5.31357e-19 BessellU
56598.9 2.96772e-16 5.18602e-19 BessellU
56599.9 2.82799e-16 5.05857e-19 BessellU
56600.9 2.69389e-16 4.93132e-19 BessellU
56601.9 2.56526e-16 4.80434e-19 BessellU
56602.9 2.44194e-16 4.67778e-19 BessellU
56603.9 2.32378e-16 4.55174e-19 BessellU
56604.9 2.21062e-16 4.42637e-19 BessellU
56605.9 2.10229e-16 4.30181e-19 BessellU
56606.9 1.99866e-16 4.17819e-19 BessellU
56607.9 1.89955e-16 4.05566e-19 BessellU
56608.9 1.80482e-16 3.93435e-19 BessellU
56609.9 1.71431e-16 3.81439e-19 BessellU
56610.9 1.62787e-16 3.69591e-19 BessellU
56611.9 1.54536e-16 3.57903e-19 BessellU
56612.9 1.46663e-16 3.46387e-19 BessellU
56613.9 1.39153e-16 3.35052e-19 BessellU
56614.9 1.31993e-16 3.23909e-19 BessellU
56615.9 1.25169e-16 3.12966e-19 BessellU
56616.9 1.18667e-16 3.02231e-19 BessellU
56617.9 1.12475e-16 2.9171e-19 BessellU
56618.9 1.06581e-16 2.81411e-19 BessellU
56619.9 1.00971e-16 2.71339e-19 BessellU
56620.9 9.56336e-17 2.61497e-19 BessellU
56621.9 9.05577e-17 2.5189e-19 BessellU
56622.9 8.57319e-17 2.4252e-19 BessellU
56623.9 8.11453e-17 2.33389e-19 BessellU
56624.9 7.67874e-17 2.245e-19 BessellU
56625.9 7.2648e-17 2.15852e-19 BessellU
56626.9 6.87173e-17 2.07447e-19 BessellU
56627.9 6.4986e-17 1.99283e-19 BessellU
56628.9 6.14449e-17 1.91359e-19 BessellU
56629.9 5.80852e-17 1.83675e-19 BessellU
56630.9 5.48985e-17 1.76228e-19 BessellU
56631.9 5.18767e-17 1.69016e-19 BessellU
56632.9 4.90121e-17 1.62036e-19 BessellU
56633.9 4.62971e-17 1.55285e-19 BessellU
56634.9 4.37246e-17 1.4876e-19 BessellU
56635.9 4.12877e-17 1.42457e-19 BessellU
56636.9 3.89798e-17 1.36373e-19 BessellU
56637.9 3.67945e-17 1.30502e-19 BessellU
56638.9 3.47259e-17 1.24841e-19 BessellU
56639.9 3.27682e-17 1.19386e-19 BessellU
56640.9 3.09157e-17 1.14131e-19 BessellU
56641.9 2.91634e-17 1.09072e-19 BessellU
56642.9 2.75059e-17 1.04204e-19 BessellU
56643.9 2.59387e-17 9.9522e-20 BessellU
56644.9 2.4457e-17 9.50215e-20 BessellU
56645.9 2.30565e-17 9.06974e-20 BessellU
56646.9 2.1733e-17 8.65445e-20 BessellU
56647.9 2.04824e-17 8.25578e-20 BessellU
56648.9 1.93011e-17 7.87325e-20 BessellU
56649.9 1.81853e-17 7.50636e-20 BessellU
56650.9 1.71317e-17 7.1546e-20 BessellU
56651.9 1.61369e-17 6.8175e-20 BessellU
56652.9 1.51978e-17 6.49457e-20 BessellU
56653.9 1.43114e-17 6.18533e-20 BessellU
56654.9 1.3475e-17 5.88932e-20 BessellU
56485.9 8.89552e-15 9.8586e-18 BessellI
56486.9 9.00369e-15 9.79128e-18 BessellI
56487.9 9.11188e-15 9.72068e-18 BessellI
56488.9 9.22003e-15 9.64686e-18 BessellI
56489.9 9.32809e-15 9.56988e-18 BessellI
56490.9 9.43601e-15 9.48979e-18 BessellI
56491.9 9.54371e-15 9.40669e-18 BessellI
56492.9 9.65116e-15 9.32066e-18 BessellI
56493.9 9.75827e-15 9.23181e-18 BessellI
56494.9 9.86499e-15 9.14023e-18 BessellI
56495.9 9.97125e-15 9.04608e-18 BessellI
56496.9 1.0077e-14 8.94948e-18 BessellI
56497.9 1.01821e-14 8.85059e-18 BessellI
56498.9 1.02866e-14 8.74959e-18 BessellI
56499.9 1.03903e-14 8.64667e-18 BessellI
56500.9 1.04932e-14 8.54203e-18 BessellI
56501.9 1.05952e-14 8.4359e-18 BessellI
56502.9 1.06962e-14 8.32853e-18 BessellI
56503.9 1.07961e-14 8.22019e-18 BessellI
56504.9 1.08949e-14 8.11115e-18 BessellI
56505.9 1.09924e-14 8.00175e-18 BessellI
56506.9 1.10886e-14 7.89229e-18 BessellI
56507.9 1.11834e-14 7.78316e-18 BessellI
56508.9 1.12766e-14 7.67472e-18 BessellI
56509.9 1.13682e-14 7.56737e-18 BessellI
56510.9 1.14581e-14 7.46156e-18 BessellI
56511.9 1.15462e-14 7.35772e-18 BessellI
56512.9 1.16324e-14 7.25634e-18 BessellI
56513.9 1.17165e-14 7.1579e-18 BessellI
56514.9 1.17985e-14 7.0629e-18 BessellI
56515.9 1.18782e-14 6.97189e-18 BessellI
56516.9 1.19556e-14 6.88538e-18 BessellI
56517.9 1.20305e-14 6.80392e-18 BessellI
56518.9 1.21028e-14 6.72804e-18 BessellI
56519.9 1.21723e-14 6.65828e-18 BessellI
56520.9 1.2239e-14 6.59515e-18 BessellI
56521.9 1.23028e-14 6.53914e-18 BessellI
56522.9 1.23635e-14 6.49071e-18 BessellI
56523.9 1.24209e-14 6.45028e-18 BessellI
56524.9 1.24751e-14 6.41821e-18 BessellI
56525.9 1.25257e-14 6.3948e-18 BessellI
56526.9 1.25727e-14 6.38031e-18 BessellI
56527.9 1.2616e-14 6.37487e-18 BessellI
56528.9 1.26554e-14 6.37858e-18 BessellI
56529.9 1.26908e-14 6.39144e-18 BessellI
56530.9 1.27221e-14 6.41333e-18 BessellI
56531.9 1.2749e-14 6.4441e-18 BessellI
56532.9 1.27716e-14 6.48346e-18 BessellI
56533.9 1.27895e-14 6.53108e-18 BessellI
56534.9 1.28028e-14 6.58653e-18 BessellI
56535.9 1.28112e-14 6.64931e-18 BessellI
56536.9 1.28145e-14 6.71886e-18 BessellI
56537.9 1.28128e-14 6.79457e-18 BessellI
56538.9 1.28057e-14 6.87578e-18 BessellI
56539.9 1.27932e-14 6.96178e-18 BessellI
56540.9 1.27751e-14 7.05183e-18 BessellI
56541.9 1.27513e-14 7.14517e-18 BessellI
56542.9 1.27216e-14 7.24101e-18 BessellI
56543.9 1.26859e-14 7.33855e-18 BessellI
56544.9 1.26441e-14 7.43696e-18 BessellI
56545.9 1.25959e-14 7.53542e-18 BessellI
56546.9 1.25413e-14 7.6331e-18 BessellI
56547.9 1.248e-14 7.72915e-18 BessellI
56548.9 1.24121e-14 7.82274e-18 BessellI
56549.9 1.23372e-14 7.91301e-18 BessellI
56550.9 1.22554e-14 7.99913e-18 BessellI
56551.9 1.21663e-14 8.08025e-18 BessellI
56552.9 1.207e-14 8.15553e-18 BessellI
56553.9 1.19663e-14 8.22412e-18 BessellI
56554.9 1.1855e-14 8.28518e-18 BessellI
56555.9 1.17361e-14 8.33788e-18 BessellI
56556.9 1.16093e-14 8.38139e-18 BessellI
56557.9 1.14746e-14 8.4149e-18 BessellI
56558.9 1.1332e-14 8.43761e-18 BessellI
56559.9 1.11811e-14 8.44875e-18 BessellI
56560.9 1.10221e-14 8.44757e-18 BessellI
56561.9 1.08548e-14 8.43335e-18 BessellI
56562.9 1.06792e-14 8.40545e-18 BessellI
56563.9 1.04951e-14 8.36324e-18 BessellI
56564.9 1.03026e-14 8.30621e-18 BessellI
56565.9 1.01016e-14 8.2339e-18 BessellI
56566.9 9.89221e-15 8.14597e-18 BessellI
56567.9 9.67443e-15 8.0422e-18 BessellI
56568.9 9.44834e-15 7.92247e-18 BessellI
56569.9 9.21408e-15 7.78685e-18 BessellI
56570.9 8.97182e-15 7.63551e-18 BessellI
56571.9 8.72178e-15 7.46881e-18 BessellI
56572.9 8.46426e-15 7.28728e-18 BessellI
56573.9 8.19964e-15 7.09158e-18 BessellI
56574.9 7.92835e-15 6.88254e-18 BessellI
56575.9 7.65093e-15 6.6611e-18 BessellI
56576.9 7.36801e-15 6.42833e-18 BessellI
56577.9 7.08033e-15 6.18539e-18 BessellI
56578.9 6.78873e-15 5.93353e-18 BessellI
56579.9 6.49417e-15 5.67407e-18 BessellI
56580.9 6.19772e-15 5.40845e-18 BessellI
56581.9 5.90056e-15 5.13823e-18 BessellI
56582.9 5.60395e-15 4.86516e-18 BessellI
56583.9 5.30928e-15 4.59129e-18 BessellI
56584.9 5.01797e-15 4.319e-18 BessellI
56585.9 4.73149e-15 4.05109e-18 BessellI
56586.9 4.45135e-15 3.79081e-18 BessellI
56587.9 4.179e-15 3.54173e-18 BessellI
56588.9 3.91588e-15 3.3076e-18 BessellI
56589.9 3.66328e-15 3.09192e-18 BessellI
56590.9 3.4224e-15 2.89749e-18 BessellI
56591.9 3.19425e-15 2.72587e-18 BessellI
56592.9 2.97964e-15 2.57688e-18 BessellI
56593.9 2.77915e-15 2.44839e-18 BessellI
56594.9 2.59315e-15 2.33655e-18 BessellI
56595.9 2.42173e-15 2.23632e-18 BessellI
56596.9 2.26477e-15 2.1423e-18 BessellI
56597.9 2.12193e-15 2.04953e-18 BessellI
56598.9 1.99266e-15 1.95414e-18 BessellI
56599.9 1.87626e-15 1.85373e-18 BessellI
56600.9 1.77187e-15 1.74743e-18 BessellI
56601.9 1.67856e-15 1.63589e-18 BessellI
56602.9 1.59533e-15 1.52096e-18 BessellI
56603.9 1.52115e-15 1.40545e-18 BessellI
56604.9 1.45498e-15 1.29278e-18 BessellI
56605.9 1.39583e-15 1.18664e-18 BessellI
56606.9 1.34274e-15 1.09063e-18 BessellI
56607.9 1.29482e-15 1.00782e-18 BessellI
56608.9 1.25125e-15 9.40404e-19 BessellI
56609.9 1.21131e-15 8.89242e-19 BessellI
56610.9 1.17434e-15 8.53734e-19 BessellI
56611.9 1.13977e-15 8.31955e-19 BessellI
56612.9 1.10711e-15 8.21119e-19 BessellI
56613.9 1.07596e-15 8.18187e-19 BessellI
56614.9 1.04597e-15 8.20386e-19 BessellI
56615.9 1.01686e-15 8.25516e-19 BessellI
56616.9 9.88424e-16 8.32055e-19 BessellI
56617.9 9.60476e-16 8.39104e-19 BessellI
56618.9 9.32894e-16 8.46272e-19 BessellI
56619.9 9.05584e-16 8.53529e-19 BessellI
56620.9 8.78486e-16 8.61073e-19 BessellI
56621.9 8.51565e-16 8.69207e-19 BessellI
56622.9 8.24804e-16 8.78246e-19 BessellI
56623.9 7.98205e-16 8.88444e-19 BessellI
56624.9 7.71782e-16 8.99957e-19 BessellI
56625.9 7.45558e-16 9.12814e-19 BessellI
56626.9 7.19561e-16 9.26923e-19 BessellI
56627.9 6.93827e-16 9.42083e-19 BessellI
56628.9 6.68392e-16 9.58009e-19 BessellI
56629.9 6.43293e-16 9.74356e-19 BessellI
56630.9 6.18569e-16 9.90752e-19 BessellI
56631.9 5.94257e-16 1.00682e-18 BessellI
56632.9 5.70389e-16 1.02219e-18 BessellI
56633.9 5.47e-16 1.03653e-18 BessellI
56634.9 5.24118e-16 1.04954e-18 BessellI
56635.9 5.01769e-16 1.06097e-18 BessellI
56636.9 4.79977e-16 1.07062e-18 BessellI
56637.9 4.58761e-16 1.07832e-18 BessellI
56638.9 4.38138e-16 1.08397e-18 BessellI
56639.9 4.18121e-16 1.08747e-18 BessellI
56640.9 3.98721e-16 1.08881e-18 BessellI
56641.9 3.79943e-16 1.08797e-18 BessellI
56642.9 3.61792e-16 1.08498e-18 BessellI
56643.9 3.44271e-16 1.07989e-18 BessellI
56644.9 3.27378e-16 1.07278e-18 BessellI
56645.9 3.1111e-16 1.06372e-18 BessellI
56646.9 2.95463e-16 1.05282e-18 BessellI
56647.9 2.80428e-16 1.0402e-18 BessellI
56648.9 2.65998e-16 1.02596e-18 BessellI
56649.9 2.52162e-16 1.01025e-18 BessellI
56650.9 2.3891e-16 9.93178e-19 BessellI
56651.9 2.26228e-16 9.74881e-19 BessellI
56652.9 2.14103e-16 9.55487e-19 BessellI
56653.9 2.02522e-16 9.35123e-19 BessellI
56654.9 1.91469e-16 9.13914e-19 BessellI
56655.9 1.80928e-16 8.9198e-19 BessellI
56656.9 1.70885e-16 8.69438e-19 BessellI
56657.9 1.61323e-16 8.46399e-19 BessellI
56483.3 6.32385e-18 1.61139e-19 BessellB
56484.3 1.045e-17 2.50822e-19 BessellB
56485.3 1.72723e-17 3.89006e-19 BessellB
56486.3 2.85567e-17 6.00844e-19 BessellB
56487.3 4.72288e-17 9.23681e-19 BessellB
56488.3 7.81378e-17 1.41224e-18 BessellB
56489.3 1.29325e-16 2.14533e-18 BessellB
56490.3 2.14125e-16 3.23388e-18 BessellB
56491.3 3.54643e-16 4.82882e-18 BessellB
56492.3 5.87472e-16 7.12519e-18 BessellB
56493.3 9.72989e-16 1.03535e-17 BessellB
56494.3 1.61013e-15 1.47401e-17 BessellB
56495.3 2.65888e-15 2.04028e-17 BessellB
56496.3 4.37135e-15 2.71361e-17 BessellB
56497.3 7.12572e-15 3.40752e-17 BessellB
56498.3 1.14367e-14 3.94876e-17 BessellB
56499.3 1.78713e-14 4.18526e-17 BessellB
56500.3 2.67523e-14 4.4428e-17 BessellB
56501.3 3.76166e-14 5.58842e-17 BessellB
56502.3 4.88252e-14 7.14387e-17 BessellB
56503.3 5.80877e-14 7.68596e-17 BessellB
56504.3 6.38117e-14 7.07211e-17 BessellB
56505.3 6.58796e-14 6.26171e-17 BessellB
56506.3 6.51961e-14 5.80514e-17 BessellB
56507.3 6.28613e-14 5.50655e-17 BessellB
56508.3 5.97221e-14 5.12673e-17 BessellB
56509.3 5.63049e-14 4.63317e-17 BessellB
56510.3 5.28972e-14 4.08598e-17 BessellB
56511.3 4.964e-14 3.54901e-17 BessellB
56512.3 4.65932e-14 3.06451e-17 BessellB
56513.3 4.37745e-14 2.65346e-17 BessellB
56514.3 4.11811e-14 2.32148e-17 BessellB
56515.3 3.88004e-14 2.06411e-17 BessellB
56516.3 3.66161e-14 1.87075e-17 BessellB
56517.3 3.46109e-14 1.72787e-17 BessellB
56518.3 3.27681e-14 1.6217e-17 BessellB
56519.3 3.10719e-14 1.54018e-17 BessellB
56520.3 2.95079e-14 1.47393e-17 BessellB
56521.3 2.80628e-14 1.41633e-17 BessellB
56522.3 2.67248e-14 1.36315e-17 BessellB
56523.3 2.54833e-14 1.31197e-17 BessellB
56524.3 2.43286e-14 1.26162e-17 BessellB
56525.3 2.32522e-14 1.21177e-17 BessellB
56526.3 2.22464e-14 1.16256e-17 BessellB
56527.3 2.13045e-14 1.11442e-17 BessellB
56528.3 2.04202e-14 1.06787e-17 BessellB
56529.3 1.95882e-14 1.02345e-17 BessellB
56530.3 1.88036e-14 9.81654e-18 BessellB
56531.3 1.8062e-14 9.42842e-18 BessellB
56532.3 1.73597e-14 9.07271e-18 BessellB
56533.3 1.66931e-14 8.75057e-18 BessellB
56534.3 1.60593e-14 8.46188e-18 BessellB
56535.3 1.54554e-14 8.2053e-18 BessellB
56536.3 1.48792e-14 7.97852e-18 BessellB
56537.3 1.43284e-14 7.77845e-18 BessellB
56538.3 1.3801e-14 7.6015e-18 BessellB
56539.3 1.32956e-14 7.44385e-18 BessellB
56540.3 1.28104e-14 7.30163e-18 BessellB
56541.3 1.23441e-14 7.17114e-18 BessellB
56542.3 1.18956e-14 7.04895e-18 BessellB
56543.3 1.14638e-14 6.93204e-18 BessellB
56544.3 1.10476e-14 6.8178e-18 BessellB
56545.3 1.06463e-14 6.70407e-18 BessellB
56546.3 1.0259e-14 6.58912e-18 BessellB
56547.3 9.88513e-15 6.47164e-18 BessellB
56548.3 9.52396e-15 6.35065e-18 BessellB
56549.3 9.17496e-15 6.22551e-18 BessellB
56550.3 8.8376e-15 6.09587e-18 BessellB
56551.3 8.51143e-15 5.96159e-18 BessellB
56552.3 8.196e-15 5.82272e-18 BessellB
56553.3 7.89093e-15 5.67947e-18 BessellB
56554.3 7.59585e-15 5.53217e-18 BessellB
56555.3 7.31043e-15 5.38124e-18 BessellB
56556.3 7.03435e-15 5.22716e-18 BessellB
56557.3 6.76732e-15 5.07044e-18 BessellB
56558.3 6.50905e-15 4.91166e-18 BessellB
56559.3 6.2593e-15 4.75136e-18 BessellB
56560.3 6.0178e-15 4.5901e-18 BessellB
56561.3 5.78434e-15 4.42845e-18 BessellB
56562.3 5.55867e-15 4.26693e-18 BessellB
56563.3 5.34058e-15 4.10606e-18 BessellB
56564.3 5.12987e-15 3.94631e-18 BessellB
56565.3 4.92633e-15 3.78814e-18 BessellB
56566.3 4.72977e-15 3.63196e-18 BessellB
56567.3 4.53998e-15 3.47817e-18 BessellB
56568.3 4.3568e-15 3.3271e-18 BessellB
56569.3 4.18003e-15 3.17908e-18 BessellB
56570.3 4.0095e-15 3.03437e-18 BessellB
56571.3 3.84503e-15 2.89324e-18 BessellB
56572.3 3.68646e-15 2.75588e-18 BessellB
56573.3 3.53361e-15 2.62248e-18 BessellB
56574.3 3.38632e-15 2.49319e-18 BessellB
56575.3 3.24444e-15 2.36815e-18 BessellB
56576.3 3.1078e-15 2.24744e-18 BessellB
56577.3 2.97625e-15 2.13114e-18 BessellB
56578.3 2.84963e-15 2.0193e-18 BessellB
56579.3 2.7278e-15 1.91196e-18 BessellB
56580.3 2.61061e-15 1.80912e-18 BessellB
56581.3 2.49792e-15 1.71079e-18 BessellB
56582.3 2.38958e-15 1.61693e-18 BessellB
56583.3 2.28546e-15 1.5275e-18 BessellB
56584.3 2.18542e-15 1.44247e-18 BessellB
56585.3 2.08932e-15 1.36177e-18 BessellB
56586.3 1.99705e-15 1.28532e-18 BessellB
56587.3 1.90846e-15 1.21304e-18 BessellB
56588.3 1.82344e-15 1.14484e-18 BessellB
56589.3 1.74187e-15 1.08062e-18 BessellB
56590.3 1.66362e-15 1.02028e-18 BessellB
56591.3 1.58858e-15 9.63683e-19 BessellB
56592.3 1.51664e-15 9.10724e-19 BessellB
56593.3 1.44769e-15 8.61272e-19 BessellB
56594.3 1.38161e-15 8.15192e-19 BessellB
56595.3 1.31831e-15 7.72347e-19 BessellB
56596.3 1.25769e-15 7.32591e-19 BessellB
56597.3 1.19964e-15 6.95776e-19 BessellB
56598.3 1.14407e-15 6.61749e-19 BessellB
56599.3 1.09089e-15 6.30354e-19 BessellB
56600.3 1.04e-15 6.0143e-19 BessellB
56601.3 9.91317e-16 5.74818e-19 BessellB
56602.3 9.44757e-16 5.50354e-19 BessellB
56603.3 9.00238e-16 5.27877e-19 BessellB
56604.3 8.57678e-16 5.07228e-19 BessellB
56605.3 8.17e-16 4.88249e-19 BessellB
56606.3 7.78129e-16 4.70789e-19 BessellB
56607.3 7.40994e-16 4.54699e-19 BessellB
56608.3 7.05522e-16 4.3984e-19 BessellB
56609.3 6.71648e-16 4.2608e-19 BessellB
56610.3 6.39305e-16 4.13294e-19 BessellB
56611.3 6.08431e-16 4.01369e-19 BessellB
56612.3 5.78964e-16 3.90198e-19 BessellB
56613.3 5.50845e-16 3.79687e-19 BessellB
56614.3 5.24019e-16 3.69748e-19 BessellB
56615.3 4.9843e-16 3.60306e-19 BessellB
56616.3 4.74026e-16 3.5129e-19 BessellB
56617.3 4.50755e-16 3.42643e-19 BessellB
56618.3 4.28571e-16 3.34312e-19 BessellB
56619.3 4.07424e-16 3.26252e-19 BessellB
56620.3 3.87271e-16 3.18424e-19 BessellB
56621.3 3.68068e-16 3.10798e-19 BessellB
56622.3 3.49772e-16 3.03344e-19 BessellB
56623.3 3.32345e-16 2.96042e-19 BessellB
56624.3 3.15748e-16 2.88872e-19 BessellB
56625.3 2.99942e-16 2.8182e-19 BessellB
56626.3 2.84895e-16 2.74875e-19 BessellB
56627.3 2.7057e-16 2.68028e-19 BessellB
56628.3 2.56935e-16 2.61271e-19 BessellB
56629.3 2.4396e-16 2.54601e-19 BessellB
56630.3 2.31613e-16 2.48014e-19 BessellB
56631.3 2.19867e-16 2.41509e-19 BessellB
56632.3 2.08693e-16 2.35084e-19 BessellB
56633.3 1.98066e-16 2.28741e-19 BessellB
56634.3 1.8796e-16 2.22479e-19 BessellB
56635.3 1.7835e-16 2.16301e-19 BessellB
56636.3 1.69214e-16 2.10207e-19 BessellB
56637.3 1.60529e-16 2.04201e-19 BessellB
56638.3 1.52275e-16 1.98284e-19 BessellB
56639.3 1.4443e-16 1.92459e-19 BessellB
56640.3 1.36976e-16 1.86728e-19 BessellB
56641.3 1.29893e-16 1.81092e-19 BessellB
56642.3 1.23165e-16 1.75555e-19 BessellB
56643.3 1.16775e-16 1.70119e-19 BessellB
56644.3 1.10705e-16 1.64784e-19 BessellB
56645.3 1.04941e-16 1.59554e-19 BessellB
56646.3 9.94678e-17 1.54429e-19 BessellB
56647.3 9.42715e-17 1.49411e-19 BessellB
56648.3 8.93386e-17 1.44502e-19 BessellB
56649.3 8.46563e-17 1.39701e-19 BessellB
56650.3 8.02123e-17 1.35009e-19 BessellB
56651.3 7.59949e-17 1.30428e-19 BessellB
56652.3 7.19931e-17 1.25957e-19 BessellB
56653.3 6.81963e-17 1.21597e-19 BessellB
56654.3 6.45942e-17 1.17347e-19 BessellB
56655.3 6.11774e-17 1.13207e-19 BessellB
56656.3 5.79365e-17 1.09177e-19 BessellB
56657.3 5.48629e-17 1.05256e-19 BessellB
56658.3 5.19481e-17 1.01443e-19 BessellB
56659.3 4.91843e-17 9.77369e-20 BessellB
56660.3 4.65639e-17 9.41372e-20 BessellB
56661.3 4.40797e-17 9.06424e-20 BessellB
56662.3 4.17249e-17 8.72512e-20 BessellB
56663.3 3.94928e-17 8.39622e-20 BessellB
56664.3 3.73774e-17 8.07739e-20 BessellB
56665.3 3.53726e-17 7.76847e-20 BessellB
56666.3 3.34729e-17 7.46928e-20 BessellB
56667.3 3.1673e-17 7.17965e-20 BessellB
56668.3 2.99677e-17 6.8994e-20 BessellB
56669.3 2.83522e-17 6.62834e-20 BessellB
56670.3 2.68219e-17 6.36629e-20 BessellB
56671.3 2.53725e-17 6.11305e-20 BessellB
56672.3 2.39997e-17 5.86841e-20 BessellB
56673.3 2.26997e-17 5.63218e-20 BessellB
56674.3 2.14687e-17 5.40416e-20 BessellB
56675.3 2.0303e-17 5.18415e-20 BessellB
56676.3 1.91994e-17 4.97194e-20 BessellB
56677.3 1.81546e-17 4.76732e-20 BessellB
56678.3 1.71656e-17 4.5701e-20 BessellB
56679.3 1.62294e-17 4.38008e-20 BessellB
56680.3 1.53433e-17 4.19704e-20 BessellB
56681.3 1.45047e-17 4.0208e-20 BessellB
56682.3 1.37111e-17 3.85115e-20 BessellB
56683.3 1.29601e-17 3.6879e-20 BessellB
56684.3 1.22495e-17 3.53085e-20 BessellB
56685.3 1.15772e-17 3.37982e-20 BessellB
56686.3 1.09411e-17 3.23462e-20 BessellB
56687.3 1.03394e-17 3.09505e-20 BessellB
56688.3 9.77019e-18 2.96095e-20 BessellB
56689.3 9.2318e-18 2.83213e-20 BessellB
56690.3 8.72258e-18 2.70842e-20 BessellB
56691.3 8.24099e-18 2.58964e-20 BessellB
56692.3 7.78556e-18 2.47563e-20 BessellB
56693.3 7.35489e-18 2.36623e-20 BessellB
56694.3 6.94766e-18 2.26127e-20 BessellB
56695.3 6.56263e-18 2.16061e-20 BessellB
56696.3 6.1986e-18 2.06408e-20 BessellB
56697.3 5.85446e-18 1.97153e-20 BessellB
56698.3 5.52913e-18 1.88283e-20 BessellB
56699.3 5.22162e-18 1.79784e-20 BessellB
56700.3 4.93095e-18 1.71641e-20 BessellB
56701.3 4.65622e-18 1.63842e-20 BessellB
56702.3 4.39658e-18 1.56373e-20 BessellB
56703.3 4.15121e-18 1.49222e-20 BessellB
56704.3 3.91934e-18 1.42378e-20 BessellB
56705.3 3.70025e-18 1.35827e-20 BessellB
56706.3 3.49323e-18 1.29559e-20 BessellB
56707.3 3.29763e-18 1.23563e-20 BessellB
56708.3 3.11284e-18 1.17828e-20 BessellB
56709.3 2.93826e-18 1.12343e-20 BessellB
56710.3 2.77335e-18 1.071e-20 BessellB
56711.3 2.61757e-18 1.02087e-20 BessellB
56712.3 2.47042e-18 9.72961e-21 BessellB
56713.3 2.33144e-18 9.2718e-21 BessellB
56714.3 2.20019e-18 8.83439e-21 BessellB
56715.3 2.07623e-18 8.41655e-21 BessellB
56716.3 1.95916e-18 8.01747e-21 BessellB
56717.3 1.84862e-18 7.63637e-21 BessellB
56718.3 1.74423e-18 7.27249e-21 BessellB
56719.3 1.64567e-18 6.92513e-21 BessellB
56720.3 1.55262e-18 6.59357e-21 BessellB
56721.3 1.46476e-18 6.27715e-21 BessellB
56722.3 1.38182e-18 5.97522e-21 BessellB
56723.3 1.30352e-18 5.68717e-21 BessellB
56724.3 1.2296e-18 5.41239e-21 BessellB
56725.3 1.15983e-18 5.15032e-21 BessellB
56726.3 1.09398e-18 4.9004e-21 BessellB
56727.3 1.03182e-18 4.6621e-21 BessellB
56728.3 9.73154e-19 4.43491e-21 BessellB
56729.3 9.17788e-19 4.21835e-21 BessellB
56730.3 8.65538e-19 4.01194e-21 BessellB
56731.3 8.16232e-19 3.81524e-21 BessellB
56732.3 7.69704e-19 3.62781e-21 BessellB
56733.3 7.25801e-19 3.44924e-21 BessellB
56734.3 6.84376e-19 3.27913e-21 BessellB
56735.3 6.45292e-19 3.11711e-21 BessellB
56736.3 6.08417e-19 2.96281e-21 BessellB
56737.3 5.73628e-19 2.81587e-21 BessellB
56738.3 5.40808e-19 2.67596e-21 BessellB
56739.3 5.09848e-19 2.54277e-21 BessellB
56740.3 4.80642e-19 2.41598e-21 BessellB
56741.3 4.53094e-19 2.29531e-21 BessellB
56742.3 4.27109e-19 2.18046e-21 BessellB
56743.3 4.02601e-19 2.07117e-21 BessellB
56744.3 3.79485e-19 1.96719e-21 BessellB
56745.3 3.57685e-19 1.86827e-21 BessellB
56746.3 3.37125e-19 1.77416e-21 BessellB
56747.3 3.17736e-19 1.68465e-21 BessellB
56748.3 2.99452e-19 1.59952e-21 BessellB
56749.3 2.82211e-19 1.51857e-21 BessellB
56750.3 2.65954e-19 1.44159e-21 BessellB
56751.3 2.50625e-19 1.3684e-21 BessellB
56752.3 2.36172e-19 1.29882e-21 BessellB
56753.3 2.22545e-19 1.23269e-21 BessellB
56754.3 2.09698e-19 1.16982e-21 BessellB
56755.3 1.97586e-19 1.11008e-21 BessellB
56756.3 1.86167e-19 1.0533e-21 BessellB
56757.3 1.75403e-19 9.99351e-22 BessellB
56758.3 1.65257e-19 9.48093e-22 BessellB
56759.3 1.55692e-19 8.99397e-22 BessellB
56760.3 1.46676e-19 8.53138e-22 BessellB
56761.3 1.38179e-19 8.09198e-22 BessellB
56762.3 1.30169e-19 7.67465e-22 BessellB
56763.3 1.22621e-19 7.27832e-22 BessellB
56764.3 1.15506e-19 6.90196e-22 BessellB
56765.3 1.08801e-19 6.5446e-22 BessellB
56766.3 1.02483e-19 6.2053e-22 BessellB
56767.3 9.65281e-20 5.88319e-22 BessellB
56768.3 9.09169e-20 5.57741e-22 BessellB
56769.3 8.56294e-20 5.28717e-22 BessellB
56770.3 8.06471e-20 5.01169e-22 BessellB
56771.3 7.59526e-20 4.75025e-22 BessellB
56772.3 7.15294e-20 4.50214e-22 BessellB
56773.3 6.73618e-20 4.26672e-22 BessellB
56774.3 6.34354e-20 4.04334e-22 BessellB
56775.3 5.97361e-20 3.83142e-22 BessellB
56776.3 5.62511e-20 3.63037e-22 BessellB
56777.3 5.29679e-20 3.43965e-22 BessellB
56778.3 4.9875e-20 3.25874e-22 BessellB
56779.3 4.69615e-20 3.08716e-22 BessellB
56780.3 4.42169e-20 2.92444e-22 BessellB
56781.3 4.16317e-20 2.77012e-22 BessellB
56782.3 3.91966e-20 2.62379e-22 BessellB
56783.3 3.6903e-20 2.48504e-22 BessellB
56784.3 3.47427e-20 2.35349e-22 BessellB
56785.3 3.2708e-20 2.22877e-22 BessellB
56786.3 3.07918e-20 2.11054e-22 BessellB
56787.3 2.8987e-20 1.99847e-22 BessellB
56788.3 2.72873e-20 1.89224e-22 BessellB
56789.3 2.56867e-20 1.79155e-22 BessellB
56790.3 2.41794e-20 1.69613e-22 BessellB
56791.3 2.27599e-20 1.6057e-22 BessellB
56792.3 2.14233e-20 1.52001e-22 BessellB
56793.3 2.01646e-20 1.43881e-22 BessellB
56794.3 1.89795e-20 1.36187e-22 BessellB
56795.3 1.78636e-20 1.28899e-22 BessellB
56796.3 1.68129e-20 1.21993e-22 BessellB
56797.3 1.58236e-20 1.15452e-22 BessellB
56798.3 1.48922e-20 1.09255e-22 BessellB
56799.3 1.40153e-20 1.03386e-22 BessellB
56800.3 1.31897e-20 9.78274e-23 BessellB
56801.3 1.24124e-20 9.25627e-23 BessellB
56802.3 1.16807e-20 8.75768e-23 BessellB
56803.3 1.09919e-20 8.28554e-23 BessellB
56804.3 1.03435e-20 7.83846e-23 BessellB
56805.3 9.7331e-21 7.41515e-23 BessellB
56806.3 9.15852e-21 7.01435e-23 BessellB
56807.3 8.61767e-21 6.63489e-23 BessellB
56808.3 8.10858e-21 6.27566e-23 BessellB
56809.3 7.6294e-21 5.9356e-23 BessellB
56810.3 7.17839e-21 5.61369e-23 BessellB
56811.3 6.75389e-21 5.309e-23 BessellB
56812.3 6.35435e-21 5.02061e-23 BessellB
56813.3 5.97833e-21 4.74767e-23 BessellB
56814.3 5.62444e-21 4.48936e-23 BessellB
56815.3 5.29138e-21 4.24491e-23 BessellB
56816.3 4.97795e-21 4.01359e-23 BessellB
56817.3 4.68298e-21 3.79471e-23 BessellB
56818.3 4.4054e-21 3.5876e-23 BessellB
56819.3 4.14419e-21 3.39165e-23 BessellB
56820.3 3.89839e-21 3.20626e-23 BessellB
56821.3 3.6671e-21 3.03088e-23 BessellB
56822.3 3.44946e-21 2.86496e-23 BessellB
56823.3 3.24467e-21 2.70801e-23 BessellB
56824.3 3.05197e-21 2.55955e-23 BessellB
56825.3 2.87067e-21 2.41913e-23 BessellB
56826.3 2.70008e-21 2.28632e-23 BessellB
56827.3 2.53958e-21 2.16071e-23 BessellB
56828.3 2.38858e-21 2.04191e-23 BessellB
56829.3 2.24651e-21 1.92957e-23 BessellB
56830.3 2.11285e-21 1.82334e-23 BessellB
56831.3 1.9871e-21 1.72288e-23 BessellB
56832.3 1.86881e-21 1.6279e-23 BessellB
56833.3 1.75752e-21 1.53809e-23 BessellB
56834.3 1.65283e-21 1.45318e-23 BessellB
56835.3 1.55434e-21 1.3729e-23 BessellB
56836.3 1.4617e-21 1.29701e-23 BessellB
56837.3 1.37456e-21 1.22526e-23 BessellB
56838.3 1.29258e-21 1.15744e-23 BessellB
56839.3 1.21548e-21 1.09334e-23 BessellB
56840.3 1.14295e-21 1.03274e-23 BessellB
56841.3 1.07473e-21 9.75468e-24 BessellB
56842.3 1.01056e-21 9.21336e-24 BessellB
56843.3 9.50212e-22 8.70177e-24 BessellB
56844.3 8.9345e-22 8.21828e-24 BessellB
56845.3 8.40063e-22 7.76138e-24 BessellB
56846.3 7.89853e-22 7.32961e-24 BessellB
56847.3 7.42631e-22 6.92161e-24 BessellB
56848.3 6.9822e-22 6.5361e-24 BessellB
56849.3 6.56454e-22 6.17184e-24 BessellB
56850.3 6.17176e-22 5.82767e-24 BessellB
56851.3 5.80238e-22 5.50251e-24 BessellB
56852.3 5.45501e-22 5.19531e-24 BessellB
56853.3 5.12836e-22 4.90509e-24 BessellB
56854.3 4.82119e-22 4.63093e-24 BessellB
56855.3 4.53234e-22 4.37194e-24 BessellB
56856.3 4.26073e-22 4.1273e-24 BessellB
56857.3 4.00533e-22 3.89622e-24 BessellB
56858.3 3.76517e-22 3.67795e-24 BessellB
56859.3 3.53936e-22 3.4718e-24 BessellB
56860.3 3.32704e-22 3.27709e-24 BessellB
56861.3 3.12741e-22 3.09321e-24 BessellB
56862.3 2.93971e-22 2.91954e-24 BessellB
56863.3 2.76323e-22 2.75554e-24 BessellB
56864.3 2.5973e-22 2.60067e-24 BessellB
56865.3 2.4413e-22 2.45443e-24 BessellB
56866.3 2.29463e-22 2.31634e-24 BessellB
56867.3 2.15675e-22 2.18595e-24 BessellB
56868.3 2.02711e-22 2.06283e-24 BessellB
56869.3 1.90524e-22 1.94659e-24 BessellB
56870.3 1.79067e-22 1.83684e-24 BessellB
56871.3 1.68296e-22 1.73323e-24 BessellB
56872.3 1.58171e-22 1.63541e-24 BessellB
56873.3 1.48653e-22 1.54307e-24 BessellB
56874.3 1.39705e-22 1.4559e-24 BessellB
56875.3 1.31295e-22 1.37361e-24 BessellB
56876.3 1.23388e-22 1.29593e-24 BessellB
56877.3 1.15956e-22 1.22261e-24 BessellB
56878.3 1.0897e-22 1.15341e-24 BessellB
56879.3 1.02404e-22 1.08809e-24 BessellB
56880.3 9.62317e-23 1.02644e-24 BessellB
56881.3 9.04302e-23 9.68257e-25 BessellB
56882.3 8.49773e-23 9.13346e-25 BessellB
56883.3 7.98521e-23 8.61524e-25 BessellB
56884.3 7.50349e-23 8.1262e-25 BessellB
56885.3 7.05073e-23 7.66471e-25 BessellB
56886.3 6.62521e-23 7.22922e-25 BessellB
56887.3 6.22527e-23 6.81829e-25 BessellB
56888.3 5.8494e-23 6.43055e-25 BessellB
56889.3 5.49615e-23 6.06469e-25 BessellB
56890.3 5.16416e-23 5.71949e-25 BessellB
56891.3 4.85215e-23 5.39379e-25 BessellB
56892.3 4.55894e-23 5.08651e-25 BessellB
56893.3 4.28339e-23 4.7966e-25 BessellB
56894.3 4.02444e-23 4.5231e-25 BessellB
56895.3 3.78109e-23 4.26508e-25 BessellB
56896.3 3.55241e-23 4.02168e-25 BessellB
56897.3 3.33752e-23 3.79207e-25 BessellB
56898.3 3.13559e-23 3.57547e-25 BessellB
56899.3 2.94583e-23 3.37117e-25 BessellB
56900.3 2.76752e-23 3.17845e-25 BessellB
56901.3 2.59997e-23 2.99668e-25 BessellB
56902.3 2.44254e-23 2.82523e-25 BessellB
56903.3 2.29461e-23 2.66352e-25 BessellB
56904.3 2.15561e-23 2.51101e-25 BessellB
56905.3 2.025e-23 2.36717e-25 BessellB
56483.3 9.2818e-20 3.10502e-21 BessellR
56484.3 1.84443e-19 5.80292e-21 BessellR
56485.3 3.66762e-19 1.08022e-20 BessellR
56486.3 7.30045e-19 2.00196e-20 BessellR
56487.3 1.45524e-18 3.69133e-20 BessellR
56488.3 2.9063e-18 6.76541e-20 BessellR
56489.3 5.81812e-18 1.23088e-19 BessellR
56490.3 1.16814e-17 2.21874e-19 BessellR
56491.3 2.35347e-17 3.95117e-19 BessellR
56492.3 4.76032e-17 6.92068e-19 BessellR
56493.3 9.66952e-17 1.18385e-18 BessellR
56494.3 1.97224e-16 1.9543e-18 BessellR
56495.3 4.03485e-16 3.04759e-18 BessellR
56496.3 8.2535e-16 4.30978e-18 BessellR
56497.3 1.67555e-15 5.10265e-18 BessellR
56498.3 3.32303e-15 4.96826e-18 BessellR
56499.3 6.25143e-15 9.81469e-18 BessellR
56500.3 1.06748e-14 2.02583e-17 BessellR
56501.3 1.58545e-14 2.42277e-17 BessellR
56502.3 2.02714e-14 2.47593e-17 BessellR
56503.3 2.30196e-14 3.63924e-17 BessellR
56504.3 2.43115e-14 4.59599e-17 BessellR
56505.3 2.47529e-14 4.78517e-17 BessellR
56506.3 2.48058e-14 4.46503e-17 BessellR
56507.3 2.47189e-14 3.93688e-17 BessellR
56508.3 2.46046e-14 3.38455e-17 BessellR
56509.3 2.45068e-14 2.89847e-17 BessellR
56510.3 2.44382e-14 2.51484e-17 BessellR
56511.3 2.43986e-14 2.23929e-17 BessellR
56512.3 2.43827e-14 2.05922e-17 BessellR
56513.3 2.43837e-14 1.95215e-17 BessellR
56514.3 2.43948e-14 1.89338e-17 BessellR
56515.3 2.44099e-14 1.86167e-17 BessellR
56516.3 2.44235e-14 1.84166e-17 BessellR
56517.3 2.44312e-14 1.82363e-17 BessellR
56518.3 2.4429e-14 1.80224e-17 BessellR
56519.3 2.44139e-14 1.77507e-17 BessellR
56520.3 2.43834e-14 1.74158e-17 BessellR
56521.3 2.43356e-14 1.70231e-17 BessellR
56522.3 2.42691e-14 1.65839e-17 BessellR
56523.3 2.41828e-14 1.61122e-17 BessellR
56524.3 2.40761e-14 1.56228e-17 BessellR
56525.3 2.39488e-14 1.51297e-17 BessellR
56526.3 2.38008e-14 1.46456e-17 BessellR
56527.3 2.36322e-14 1.41814e-17 BessellR
56528.3 2.34436e-14 1.37458e-17 BessellR
56529.3 2.32354e-14 1.33451e-17 BessellR
56530.3 2.30083e-14 1.29833e-17 BessellR
56531.3 2.27633e-14 1.26622e-17 BessellR
56532.3 2.25011e-14 1.23817e-17 BessellR
56533.3 2.22227e-14 1.21398e-17 BessellR
56534.3 2.19293e-14 1.19331e-17 BessellR
56535.3 2.16217e-14 1.17574e-17 BessellR
56536.3 2.13012e-14 1.16077e-17 BessellR
56537.3 2.09687e-14 1.14788e-17 BessellR
56538.3 2.06255e-14 1.13656e-17 BessellR
56539.3 2.02725e-14 1.12631e-17 BessellR
56540.3 1.99109e-14 1.11669e-17 BessellR
56541.3 1.95417e-14 1.10729e-17 BessellR
56542.3 1.91659e-14 1.09778e-17 BessellR
56543.3 1.87845e-14 1.08788e-17 BessellR
56544.3 1.83984e-14 1.07736e-17 BessellR
56545.3 1.80087e-14 1.06605e-17 BessellR
56546.3 1.76161e-14 1.05382e-17 BessellR
56547.3 1.72215e-14 1.04059e-17 BessellR
56548.3 1.68257e-14 1.02632e-17 BessellR
56549.3 1.64295e-14 1.01099e-17 BessellR
56550.3 1.60336e-14 9.94605e-18 BessellR
56551.3 1.56386e-14 9.77207e-18 BessellR
56552.3 1.52451e-14 9.58841e-18 BessellR
56553.3 1.48539e-14 9.39571e-18 BessellR
56554.3 1.44653e-14 9.19469e-18 BessellR
56555.3 1.40799e-14 8.98615e-18 BessellR
56556.3 1.36983e-14 8.77096e-18 BessellR
56557.3 1.33207e-14 8.54998e-18 BessellR
56558.3 1.29476e-14 8.32412e-18 BessellR
56559.3 1.25794e-14 8.09426e-18 BessellR
56560.3 1.22163e-14 7.86129e-18 BessellR
56561.3 1.18588e-14 7.62607e-18 BessellR
56562.3 1.15069e-14 7.38943e-18 BessellR
56563.3 1.1161e-14 7.15216e-18 BessellR
56564.3 1.08213e-14 6.91502e-18 BessellR
56565.3 1.04879e-14 6.67872e-18 BessellR
56566.3 1.0161e-14 6.44393e-18 BessellR
56567.3 9.84068e-15 6.21128e-18 BessellR
56568.3 9.52709e-15 5.98133e-18 BessellR
56569.3 9.22029e-15 5.75462e-18 BessellR
56570.3 8.92035e-15 5.53162e-18 BessellR
56571.3 8.62732e-15 5.31279e-18 BessellR
56572.3 8.34122e-15 5.0985e-18 BessellR
56573.3 8.06206e-15 4.88912e-18 BessellR
56574.3 7.78984e-15 4.68495e-18 BessellR
56575.3 7.52454e-15 4.48625e-18 BessellR
56576.3 7.26614e-15 4.29328e-18 BessellR
56577.3 7.01459e-15 4.10621e-18 BessellR
56578.3 6.76983e-15 3.92522e-18 BessellR
56579.3 6.53182e-15 3.75043e-18 BessellR
56580.3 6.30047e-15 3.58195e-18 BessellR
56581.3 6.07571e-15 3.41985e-18 BessellR
56582.3 5.85746e-15 3.26417e-18 BessellR
56583.3 5.64561e-15 3.11493e-18 BessellR
56584.3 5.44008e-15 2.97214e-18 BessellR
56585.3 5.24075e-15 2.83576e-18 BessellR
56586.3 5.04753e-15 2.70575e-18 BessellR
56587.3 4.86031e-15 2.58205e-18 BessellR
56588.3 4.67895e-15 2.46456e-18 BessellR
56589.3 4.50336e-15 2.35318e-18 BessellR
56590.3 4.3334e-15 2.2478e-18 BessellR
56591.3 4.16897e-15 2.14828e-18 BessellR
56592.3 4.00992e-15 2.05446e-18 BessellR
56593.3 3.85615e-15 1.96618e-18 BessellR
56594.3 3.70752e-15 1.88325e-18 BessellR
56595.3 3.56391e-15 1.80549e-18 BessellR
56596.3 3.42519e-15 1.73269e-18 BessellR
56597.3 3.29124e-15 1.66464e-18 BessellR
56598.3 3.16194e-15 1.6011e-18 BessellR
56599.3 3.03715e-15 1.54185e-18 BessellR
56600.3 2.91676e-15 1.48664e-18 BessellR
56601.3 2.80064e-15 1.43524e-18 BessellR
56602.3 2.68868e-15 1.38741e-18 BessellR
56603.3 2.58074e-15 1.34288e-18 BessellR
56604.3 2.47672e-15 1.30142e-18 BessellR
56605.3 2.3765e-15 1.2628e-18 BessellR
56606.3 2.27997e-15 1.22677e-18 BessellR
56607.3 2.187e-15 1.19311e-18 BessellR
56608.3 2.0975e-15 1.1616e-18 BessellR
56609.3 2.01134e-15 1.13203e-18 BessellR
56610.3 1.92844e-15 1.10422e-18 BessellR
56611.3 1.84867e-15 1.07796e-18 BessellR
56612.3 1.77194e-15 1.05311e-18 BessellR
56613.3 1.69815e-15 1.02948e-18 BessellR
56614.3 1.6272e-15 1.00695e-18 BessellR
56615.3 1.559e-15 9.85381e-19 BessellR
56616.3 1.49345e-15 9.64653e-19 BessellR
56617.3 1.43046e-15 9.44661e-19 BessellR
56618.3 1.36994e-15 9.25311e-19 BessellR
56619.3 1.31181e-15 9.06519e-19 BessellR
56620.3 1.25599e-15 8.88212e-19 BessellR
56621.3 1.20239e-15 8.70326e-19 BessellR
56622.3 1.15093e-15 8.52808e-19 BessellR
56623.3 1.10154e-15 8.35608e-19 BessellR
56624.3 1.05414e-15 8.18689e-19 BessellR
56625.3 1.00865e-15 8.02016e-19 BessellR
56626.3 9.65021e-16 7.85563e-19 BessellR
56627.3 9.23167e-16 7.69306e-19 BessellR
56628.3 8.83028e-16 7.53229e-19 BessellR
56629.3 8.44538e-16 7.37317e-19 BessellR
56630.3 8.07636e-16 7.2156e-19 BessellR
56631.3 7.72262e-16 7.05951e-19 BessellR
56632.3 7.38357e-16 6.90485e-19 BessellR
56633.3 7.05866e-16 6.75159e-19 BessellR
56634.3 6.74733e-16 6.59972e-19 BessellR
56635.3 6.44907e-16 6.44926e-19 BessellR
56636.3 6.16336e-16 6.30023e-19 BessellR
56637.3 5.88971e-16 6.15264e-19 BessellR
56638.3 5.62766e-16 6.00655e-19 BessellR
56639.3 5.37673e-16 5.86198e-19 BessellR
56640.3 5.1365e-16 5.719e-19 BessellR
56641.3 4.90654e-16 5.57766e-19 BessellR
56642.3 4.68643e-16 5.43799e-19 BessellR
56643.3 4.47577e-16 5.30007e-19 BessellR
56644.3 4.2742e-16 5.16393e-19 BessellR
56645.3 4.08133e-16 5.02964e-19 BessellR
56646.3 3.89682e-16 4.89724e-19 BessellR
56647.3 3.72032e-16 4.76678e-19 BessellR
56648.3 3.55151e-16 4.6383e-19 BessellR
56649.3 3.39006e-16 4.51185e-19 BessellR
56650.3 3.23568e-16 4.38747e-19 BessellR
56651.3 3.08808e-16 4.26519e-19 BessellR
56652.3 2.94696e-16 4.14504e-19 BessellR
56653.3 2.81206e-16 4.02706e-19 BessellR
56654.3 2.68312e-16 3.91126e-19 BessellR
56655.3 2.55989e-16 3.79767e-19 BessellR
56656.3 2.44213e-16 3.6863e-19 BessellR
56657.3 2.3296e-16 3.57717e-19 BessellR
56658.3 2.22209e-16 3.47029e-19 BessellR
56659.3 2.11938e-16 3.36567e-19 BessellR
56660.3 2.02126e-16 3.2633e-19 BessellR
56661.3 1.92755e-16 3.16319e-19 BessellR
56662.3 1.83804e-16 3.06533e-19 BessellR
56663.3 1.75257e-16 2.96973e-19 BessellR
56664.3 1.67095e-16 2.87636e-19 BessellR
56665.3 1.59302e-16 2.78522e-19 BessellR
56666.3 1.51861e-16 2.69629e-19 BessellR
56667.3 1.44759e-16 2.60956e-19 BessellR
56668.3 1.37979e-16 2.52501e-19 BessellR
56669.3 1.31508e-16 2.44262e-19 BessellR
56670.3 1.25331e-16 2.36236e-19 BessellR
56671.3 1.19438e-16 2.28421e-19 BessellR
56672.3 1.13813e-16 2.20814e-19 BessellR
56673.3 1.08447e-16 2.13413e-19 BessellR
56674.3 1.03327e-16 2.06215e-19 BessellR
56675.3 9.8443e-17 1.99216e-19 BessellR
56676.3 9.37837e-17 1.92414e-19 BessellR
56677.3 8.93394e-17 1.85805e-19 BessellR
56678.3 8.51006e-17 1.79386e-19 BessellR
56679.3 8.1058e-17 1.73154e-19 BessellR
56680.3 7.72028e-17 1.67104e-19 BessellR
56681.3 7.35266e-17 1.61235e-19 BessellR
56682.3 7.00214e-17 1.55541e-19 BessellR
56683.3 6.66795e-17 1.5002e-19 BessellR
56684.3 6.34934e-17 1.44668e-19 BessellR
56685.3 6.04561e-17 1.3948e-19 BessellR
56686.3 5.75609e-17 1.34455e-19 BessellR
56687.3 5.48014e-17 1.29587e-19 BessellR
56688.3 5.21712e-17 1.24873e-19 BessellR
56689.3 4.96646e-17 1.2031e-19 BessellR
56690.3 4.72759e-17 1.15894e-19 BessellR
56691.3 4.49997e-17 1.11621e-19 BessellR
56692.3 4.28309e-17 1.07487e-19 BessellR
56693.3 4.07644e-17 1.0349e-19 BessellR
56694.3 3.87956e-17 9.96252e-20 BessellR
56695.3 3.69201e-17 9.58895e-20 BessellR
56696.3 3.51334e-17 9.22795e-20 BessellR
56697.3 3.34316e-17 8.87916e-20 BessellR
56698.3 3.18105e-17 8.54226e-20 BessellR
56699.3 3.02667e-17 8.2169e-20 BessellR
56700.3 2.87963e-17 7.90276e-20 BessellR
56701.3 2.7396e-17 7.59953e-20 BessellR
56702.3 2.60626e-17 7.30688e-20 BessellR
56703.3 2.4793e-17 7.0245e-20 BessellR
56704.3 2.3584e-17 6.75209e-20 BessellR
56705.3 2.2433e-17 6.48935e-20 BessellR
56706.3 2.13372e-17 6.23598e-20 BessellR
56707.3 2.0294e-17 5.9917e-20 BessellR
56708.3 1.93009e-17 5.75622e-20 BessellR
56709.3 1.83556e-17 5.52928e-20 BessellR
56710.3 1.74559e-17 5.3106e-20 BessellR
56711.3 1.65995e-17 5.09991e-20 BessellR
56712.3 1.57844e-17 4.89697e-20 BessellR
56713.3 1.50087e-17 4.70153e-20 BessellR
56714.3 1.42706e-17 4.51333e-20 BessellR
56715.3 1.35681e-17 4.33214e-20 BessellR
56716.3 1.28997e-17 4.15773e-20 BessellR
56717.3 1.22637e-17 3.98987e-20 BessellR
56718.3 1.16586e-17 3.82835e-20 BessellR
56719.3 1.10829e-17 3.67294e-20 BessellR
56720.3 1.05352e-17 3.52344e-20 BessellR
56721.3 1.00142e-17 3.37965e-20 BessellR
56722.3 9.51856e-18 3.24137e-20 BessellR
56723.3 9.0471e-18 3.1084e-20 BessellR
56724.3 8.59865e-18 2.98057e-20 BessellR
56725.3 8.17212e-18 2.8577e-20 BessellR
56726.3 7.76644e-18 2.7396e-20 BessellR
56727.3 7.38063e-18 2.6261e-20 BessellR
56728.3 7.01372e-18 2.51705e-20 BessellR
56729.3 6.6648e-18 2.41229e-20 BessellR
56730.3 6.333e-18 2.31165e-20 BessellR
56731.3 6.0175e-18 2.21499e-20 BessellR
56732.3 5.71751e-18 2.12217e-20 BessellR
56733.3 5.43229e-18 2.03304e-20 BessellR
56734.3 5.1611e-18 1.94746e-20 BessellR
56735.3 4.90328e-18 1.86532e-20 BessellR
56736.3 4.65818e-18 1.78647e-20 BessellR
56737.3 4.42517e-18 1.71079e-20 BessellR
56738.3 4.20367e-18 1.63817e-20 BessellR
56739.3 3.99313e-18 1.56849e-20 BessellR
56740.3 3.793e-18 1.50164e-20 BessellR
56741.3 3.60277e-18 1.43752e-20 BessellR
56742.3 3.42198e-18 1.37601e-20 BessellR
56743.3 3.25015e-18 1.31702e-20 BessellR
56744.3 3.08684e-18 1.26045e-20 BessellR
56745.3 2.93165e-18 1.20621e-20 BessellR
56746.3 2.78417e-18 1.1542e-20 BessellR
56747.3 2.64402e-18 1.10435e-20 BessellR
56748.3 2.51085e-18 1.05657e-20 BessellR
56749.3 2.3843e-18 1.01076e-20 BessellR
56750.3 2.26407e-18 9.66872e-21 BessellR
56751.3 2.14983e-18 9.24813e-21 BessellR
56752.3 2.04129e-18 8.84513e-21 BessellR
56753.3 1.93818e-18 8.45905e-21 BessellR
56754.3 1.84021e-18 8.08919e-21 BessellR
56755.3 1.74715e-18 7.73491e-21 BessellR
56756.3 1.65874e-18 7.3956e-21 BessellR
56757.3 1.57476e-18 7.07064e-21 BessellR
56758.3 1.49498e-18 6.75946e-21 BessellR
56759.3 1.41921e-18 6.46151e-21 BessellR
56760.3 1.34724e-18 6.17625e-21 BessellR
56761.3 1.27888e-18 5.90315e-21 BessellR
56762.3 1.21395e-18 5.64173e-21 BessellR
56763.3 1.15229e-18 5.39152e-21 BessellR
56764.3 1.09373e-18 5.15204e-21 BessellR
56765.3 1.03812e-18 4.92286e-21 BessellR
56766.3 9.85304e-19 4.70355e-21 BessellR
56767.3 9.35152e-19 4.49371e-21 BessellR
56768.3 8.87528e-19 4.29295e-21 BessellR
56769.3 8.42306e-19 4.10088e-21 BessellR
56770.3 7.99368e-19 3.91715e-21 BessellR
56771.3 7.58598e-19 3.74141e-21 BessellR
56772.3 7.19888e-19 3.57333e-21 BessellR
56773.3 6.83135e-19 3.41258e-21 BessellR
56774.3 6.48242e-19 3.25885e-21 BessellR
56775.3 6.15115e-19 3.11186e-21 BessellR
56776.3 5.83666e-19 2.97131e-21 BessellR
56777.3 5.5381e-19 2.83694e-21 BessellR
56778.3 5.25469e-19 2.70848e-21 BessellR
56779.3 4.98565e-19 2.58568e-21 BessellR
56780.3 4.73027e-19 2.4683e-21 BessellR
56781.3 4.48786e-19 2.35611e-21 BessellR
56782.3 4.25776e-19 2.24888e-21 BessellR
56783.3 4.03936e-19 2.14642e-21 BessellR
56784.3 3.83207e-19 2.0485e-21 BessellR
56785.3 3.63534e-19 1.95494e-21 BessellR
56786.3 3.44861e-19 1.86555e-21 BessellR
56787.3 3.27141e-19 1.78014e-21 BessellR
56788.3 3.10323e-19 1.69855e-21 BessellR
56789.3 2.94363e-19 1.62061e-21 BessellR
56790.3 2.79217e-19 1.54616e-21 BessellR
56791.3 2.64845e-19 1.47506e-21 BessellR
56792.3 2.51206e-19 1.40714e-21 BessellR
56793.3 2.38264e-19 1.34229e-21 BessellR
56794.3 2.25984e-19 1.28035e-21 BessellR
56795.3 2.14332e-19 1.22121e-21 BessellR
56796.3 2.03276e-19 1.16474e-21 BessellR
56797.3 1.92786e-19 1.11083e-21 BessellR
56798.3 1.82834e-19 1.05935e-21 BessellR
56799.3 1.73391e-19 1.01021e-21 BessellR
56800.3 1.64433e-19 9.63306e-22 BessellR
56801.3 1.55934e-19 9.1853e-22 BessellR
56802.3 1.47871e-19 8.75793e-22 BessellR
56803.3 1.40221e-19 8.35003e-22 BessellR
56804.3 1.32965e-19 7.96074e-22 BessellR
56805.3 1.26082e-19 7.58924e-22 BessellR
56806.3 1.19552e-19 7.23473e-22 BessellR
56807.3 1.13358e-19 6.89645e-22 BessellR
56808.3 1.07483e-19 6.57369e-22 BessellR
56809.3 1.01911e-19 6.26573e-22 BessellR
56810.3 9.66248e-20 5.97193e-22 BessellR
56811.3 9.16113e-20 5.69165e-22 BessellR
56812.3 8.68562e-20 5.42427e-22 BessellR
56813.3 8.23462e-20 5.16922e-22 BessellR
56814.3 7.80688e-20 4.92594e-22 BessellR
56815.3 7.40122e-20 4.69391e-22 BessellR
56816.3 7.01649e-20 4.4726e-22 BessellR
56817.3 6.65164e-20 4.26155e-22 BessellR
56818.3 6.30563e-20 4.06028e-22 BessellR
56819.3 5.97751e-20 3.86835e-22 BessellR
56820.3 5.66635e-20 3.68533e-22 BessellR
56821.3 5.37128e-20 3.51082e-22 BessellR
56822.3 5.09149e-20 3.34444e-22 BessellR
56823.3 4.82618e-20 3.18581e-22 BessellR
56824.3 4.5746e-20 3.03458e-22 BessellR
56825.3 4.33606e-20 2.8904e-22 BessellR
56826.3 4.10988e-20 2.75297e-22 BessellR
56827.3 3.89543e-20 2.62196e-22 BessellR
56828.3 3.6921e-20 2.49709e-22 BessellR
56829.3 3.49932e-20 2.37807e-22 BessellR
56830.3 3.31654e-20 2.26464e-22 BessellR
56831.3 3.14326e-20 2.15653e-22 BessellR
56832.3 2.97897e-20 2.0535e-22 BessellR
56833.3 2.82323e-20 1.95531e-22 BessellR
56834.3 2.67557e-20 1.86176e-22 BessellR
56835.3 2.5356e-20 1.7726e-22 BessellR
56836.3 2.4029e-20 1.68766e-22 BessellR
56837.3 2.27711e-20 1.60672e-22 BessellR
56838.3 2.15787e-20 1.52961e-22 BessellR
56839.3 2.04484e-20 1.45615e-22 BessellR
56840.3 1.93769e-20 1.38616e-22 BessellR
56841.3 1.83613e-20 1.31949e-22 BessellR
56842.3 1.73986e-20 1.25598e-22 BessellR
56843.3 1.64861e-20 1.19549e-22 BessellR
56844.3 1.56212e-20 1.13786e-22 BessellR
56845.3 1.48015e-20 1.08298e-22 BessellR
56846.3 1.40245e-20 1.03071e-22 BessellR
56847.3 1.32881e-20 9.80923e-23 BessellR
56848.3 1.25901e-20 9.33511e-23 BessellR
56849.3 1.19287e-20 8.8836e-23 BessellR
56850.3 1.13018e-20 8.45364e-23 BessellR
56851.3 1.07076e-20 8.04421e-23 BessellR
56852.3 1.01446e-20 7.65436e-23 BessellR
56853.3 9.61095e-21 7.28315e-23 BessellR
56854.3 9.10527e-21 6.92971e-23 BessellR
56855.3 8.62606e-21 6.59321e-23 BessellR
56856.3 8.17194e-21 6.27284e-23 BessellR
56857.3 7.74161e-21 5.96785e-23 BessellR
56858.3 7.33383e-21 5.67749e-23 BessellR
56859.3 6.94742e-21 5.40109e-23 BessellR
56860.3 6.58127e-21 5.13799e-23 BessellR
56861.3 6.23432e-21 4.88754e-23 BessellR
56862.3 5.90557e-21 4.64915e-23 BessellR
56863.3 5.59408e-21 4.42226e-23 BessellR
56864.3 5.29893e-21 4.2063e-23 BessellR
56865.3 5.01929e-21 4.00077e-23 BessellR
56866.3 4.75433e-21 3.80516e-23 BessellR
56867.3 4.50329e-21 3.619e-23 BessellR
56868.3 4.26544e-21 3.44185e-23 BessellR
56869.3 4.0401e-21 3.27327e-23 BessellR
56870.3 3.82661e-21 3.11285e-23 BessellR
56871.3 3.62435e-21 2.96021e-23 BessellR
56872.3 3.43272e-21 2.81497e-23 BessellR
56873.3 3.25119e-21 2.67678e-23 BessellR
56874.3 3.07921e-21 2.54529e-23 BessellR
56875.3 2.91628e-21 2.4202e-23 BessellR
56876.3 2.76194e-21 2.30118e-23 BessellR
56877.3 2.61573e-21 2.18796e-23 BessellR
56878.3 2.47723e-21 2.08024e-23 BessellR
56879.3 2.34603e-21 1.97778e-23 BessellR
56880.3 2.22174e-21 1.88031e-23 BessellR
56881.3 2.10401e-21 1.78759e-23 BessellR
56882.3 1.9925e-21 1.69939e-23 BessellR
56883.3 1.88686e-21 1.61551e-23 BessellR
56884.3 1.78681e-21 1.53572e-23 BessellR
56885.3 1.69204e-21 1.45983e-23 BessellR
56886.3 1.60227e-21 1.38766e-23 BessellR
56887.3 1.51724e-21 1.31901e-23 BessellR
56888.3 1.43671e-21 1.25373e-23 BessellR
56889.3 1.36044e-21 1.19165e-23 BessellR
56890.3 1.28819e-21 1.13261e-23 BessellR
56891.3 1.21977e-21 1.07647e-23 BessellR
56892.3 1.15497e-21 1.02309e-23 BessellR
56893.3 1.09359e-21 9.72324e-24 BessellR
56894.3 1.03547e-21 9.24056e-24 BessellR
56895.3 9.80419e-22 8.78161e-24 BessellR
56896.3 9.28285e-22 8.34525e-24 BessellR
56897.3 8.78912e-22 7.93036e-24 BessellR
56898.3 8.32155e-22 7.53592e-24 BessellR
56899.3 7.87875e-22 7.16091e-24 BessellR
56900.3 7.45942e-22 6.80439e-24 BessellR
56901.3 7.06233e-22 6.46546e-24 BessellR
56902.3 6.68629e-22 6.14327e-24 BessellR
56903.3 6.33019e-22 5.83698e-24 BessellR
56904.3 5.99299e-22 5.54583e-24 BessellR
56905.3 5.67368e-22 5.26908e-24 BessellR
56483.3 1.38849e-17 4.47524e-19 BessellV
56484.3 2.11702e-17 6.43776e-19 BessellV
56485.3 3.2273e-17 9.22334e-19 BessellV
56486.3 4.91975e-17 1.31546e-18 BessellV
56487.3 7.50082e-17 1.8666e-18 BessellV
56488.3 1.14397e-16 2.63317e-18 BessellV
56489.3 1.7456e-16 3.68912e-18 BessellV
56490.3 2.66548e-16 5.12601e-18 BessellV
56491.3 4.07353e-16 7.05037e-18 BessellV
56492.3 6.23097e-16 9.57237e-18 BessellV
56493.3 9.53839e-16 1.27777e-17 BessellV
56494.3 1.46059e-15 1.66686e-17 BessellV
56495.3 2.2349e-15 2.10577e-17 BessellV
56496.3 3.4101e-15 2.54088e-17 BessellV
56497.3 5.16966e-15 2.86891e-17 BessellV
56498.3 7.73918e-15 2.95366e-17 BessellV
56499.3 1.13348e-14 2.76131e-17 BessellV
56500.3 1.60353e-14 2.69258e-17 BessellV
56501.3 2.15927e-14 3.27895e-17 BessellV
56502.3 2.73288e-14 3.91845e-17 BessellV
56503.3 3.23348e-14 3.952e-17 BessellV
56504.3 3.59277e-14 3.88346e-17 BessellV
56505.3 3.79514e-14 4.38367e-17 BessellV
56506.3 3.86836e-14 5.01293e-17 BessellV
56507.3 3.85551e-14 5.25308e-17 BessellV
56508.3 3.79462e-14 5.04538e-17 BessellV
56509.3 3.71203e-14 4.53995e-17 BessellV
56510.3 3.62348e-14 3.90719e-17 BessellV
56511.3 3.53729e-14 3.2768e-17 BessellV
56512.3 3.45728e-14 2.73275e-17 BessellV
56513.3 3.38469e-14 2.32136e-17 BessellV
56514.3 3.31945e-14 2.05577e-17 BessellV
56515.3 3.2608e-14 1.91782e-17 BessellV
56516.3 3.20775e-14 1.86815e-17 BessellV
56517.3 3.15924e-14 1.8647e-17 BessellV
56518.3 3.11427e-14 1.87591e-17 BessellV
56519.3 3.07192e-14 1.88325e-17 BessellV
56520.3 3.03139e-14 1.87802e-17 BessellV
56521.3 2.99202e-14 1.85769e-17 BessellV
56522.3 2.95322e-14 1.82309e-17 BessellV
56523.3 2.91453e-14 1.77679e-17 BessellV
56524.3 2.87559e-14 1.72208e-17 BessellV
56525.3 2.83609e-14 1.6624e-17 BessellV
56526.3 2.79583e-14 1.60105e-17 BessellV
56527.3 2.75465e-14 1.54095e-17 BessellV
56528.3 2.71243e-14 1.48457e-17 BessellV
56529.3 2.66911e-14 1.43378e-17 BessellV
56530.3 2.62468e-14 1.38989e-17 BessellV
56531.3 2.57914e-14 1.35356e-17 BessellV
56532.3 2.53252e-14 1.3249e-17 BessellV
56533.3 2.48487e-14 1.3035e-17 BessellV
56534.3 2.43627e-14 1.28857e-17 BessellV
56535.3 2.3868e-14 1.27903e-17 BessellV
56536.3 2.33655e-14 1.27371e-17 BessellV
56537.3 2.28562e-14 1.27137e-17 BessellV
56538.3 2.23412e-14 1.27087e-17 BessellV
56539.3 2.18215e-14 1.27118e-17 BessellV
56540.3 2.12983e-14 1.2714e-17 BessellV
56541.3 2.07725e-14 1.27082e-17 BessellV
56542.3 2.02452e-14 1.26888e-17 BessellV
56543.3 1.97175e-14 1.26515e-17 BessellV
56544.3 1.91905e-14 1.25934e-17 BessellV
56545.3 1.86649e-14 1.25127e-17 BessellV
56546.3 1.81418e-14 1.24084e-17 BessellV
56547.3 1.7622e-14 1.22804e-17 BessellV
56548.3 1.71063e-14 1.21291e-17 BessellV
56549.3 1.65956e-14 1.19553e-17 BessellV
56550.3 1.60904e-14 1.17603e-17 BessellV
56551.3 1.55914e-14 1.15455e-17 BessellV
56552.3 1.50993e-14 1.13127e-17 BessellV
56553.3 1.46146e-14 1.10636e-17 BessellV
56554.3 1.41377e-14 1.08e-17 BessellV
56555.3 1.36691e-14 1.05239e-17 BessellV
56556.3 1.32092e-14 1.0237e-17 BessellV
56557.3 1.27583e-14 9.94128e-18 BessellV
56558.3 1.23167e-14 9.63835e-18 BessellV
56559.3 1.18847e-14 9.32995e-18 BessellV
56560.3 1.14625e-14 9.01766e-18 BessellV
56561.3 1.10502e-14 8.70299e-18 BessellV
56562.3 1.06479e-14 8.38732e-18 BessellV
56563.3 1.02559e-14 8.07196e-18 BessellV
56564.3 9.87407e-15 7.75809e-18 BessellV
56565.3 9.50252e-15 7.44679e-18 BessellV
56566.3 9.14125e-15 7.13906e-18 BessellV
56567.3 8.79024e-15 6.83577e-18 BessellV
56568.3 8.44945e-15 6.53772e-18 BessellV
56569.3 8.1188e-15 6.2456e-18 BessellV
56570.3 7.79823e-15 5.96003e-18 BessellV
56571.3 7.48762e-15 5.68152e-18 BessellV
56572.3 7.18686e-15 5.41055e-18 BessellV
56573.3 6.89581e-15 5.14747e-18 BessellV
56574.3 6.61433e-15 4.89262e-18 BessellV
56575.3 6.34227e-15 4.64622e-18 BessellV
56576.3 6.07944e-15 4.40848e-18 BessellV
56577.3 5.82568e-15 4.17954e-18 BessellV
56578.3 5.5808e-15 3.95947e-18 BessellV
56579.3 5.34462e-15 3.74833e-18 BessellV
56580.3 5.11693e-15 3.54613e-18 BessellV
56581.3 4.89754e-15 3.35283e-18 BessellV
56582.3 4.68623e-15 3.16836e-18 BessellV
56583.3 4.48282e-15 2.99264e-18 BessellV
56584.3 4.28708e-15 2.82555e-18 BessellV
56585.3 4.0988e-15 2.66693e-18 BessellV
56586.3 3.91779e-15 2.51663e-18 BessellV
56587.3 3.74382e-15 2.37447e-18 BessellV
56588.3 3.5767e-15 2.24024e-18 BessellV
56589.3 3.41621e-15 2.11374e-18 BessellV
56590.3 3.26214e-15 1.99473e-18 BessellV
56591.3 3.1143e-15 1.88297e-18 BessellV
56592.3 2.97248e-15 1.77823e-18 BessellV
56593.3 2.83649e-15 1.68023e-18 BessellV
56594.3 2.70612e-15 1.58872e-18 BessellV
56595.3 2.58119e-15 1.50342e-18 BessellV
56596.3 2.46151e-15 1.42405e-18 BessellV
56597.3 2.34689e-15 1.35032e-18 BessellV
56598.3 2.23715e-15 1.28194e-18 BessellV
56599.3 2.13212e-15 1.21862e-18 BessellV
56600.3 2.03163e-15 1.16006e-18 BessellV
56601.3 1.9355e-15 1.10596e-18 BessellV
56602.3 1.84357e-15 1.05602e-18 BessellV
56603.3 1.75568e-15 1.00995e-18 BessellV
56604.3 1.67168e-15 9.67458e-19 BessellV
56605.3 1.59141e-15 9.28251e-19 BessellV
56606.3 1.51474e-15 8.92055e-19 BessellV
56607.3 1.4415e-15 8.58601e-19 BessellV
56608.3 1.37158e-15 8.27633e-19 BessellV
56609.3 1.30483e-15 7.98906e-19 BessellV
56610.3 1.24113e-15 7.72192e-19 BessellV
56611.3 1.18035e-15 7.47276e-19 BessellV
56612.3 1.12236e-15 7.2396e-19 BessellV
56613.3 1.06706e-15 7.02063e-19 BessellV
56614.3 1.01433e-15 6.81418e-19 BessellV
56615.3 9.64065e-16 6.61878e-19 BessellV
56616.3 9.16152e-16 6.43307e-19 BessellV
56617.3 8.70493e-16 6.25587e-19 BessellV
56618.3 8.26992e-16 6.08613e-19 BessellV
56619.3 7.85554e-16 5.92293e-19 BessellV
56620.3 7.46089e-16 5.76547e-19 BessellV
56621.3 7.0851e-16 5.61307e-19 BessellV
56622.3 6.72734e-16 5.46513e-19 BessellV
56623.3 6.3868e-16 5.32116e-19 BessellV
56624.3 6.06271e-16 5.18074e-19 BessellV
56625.3 5.75433e-16 5.04352e-19 BessellV
56626.3 5.46095e-16 4.9092e-19 BessellV
56627.3 5.18188e-16 4.77756e-19 BessellV
56628.3 4.91647e-16 4.64841e-19 BessellV
56629.3 4.6641e-16 4.5216e-19 BessellV
56630.3 4.42415e-16 4.39701e-19 BessellV
56631.3 4.19606e-16 4.27455e-19 BessellV
56632.3 3.97927e-16 4.15417e-19 BessellV
56633.3 3.77326e-16 4.03581e-19 BessellV
56634.3 3.57751e-16 3.91945e-19 BessellV
56635.3 3.39154e-16 3.80508e-19 BessellV
56636.3 3.21488e-16 3.69269e-19 BessellV
56637.3 3.04711e-16 3.58228e-19 BessellV
56638.3 2.88778e-16 3.47385e-19 BessellV
56639.3 2.7365e-16 3.36743e-19 BessellV
56640.3 2.59288e-16 3.26302e-19 BessellV
56641.3 2.45655e-16 3.16063e-19 BessellV
56642.3 2.32715e-16 3.0603e-19 BessellV
56643.3 2.20435e-16 2.96202e-19 BessellV
56644.3 2.08783e-16 2.86581e-19 BessellV
56645.3 1.97728e-16 2.77169e-19 BessellV
56646.3 1.8724e-16 2.67967e-19 BessellV
56647.3 1.77293e-16 2.58974e-19 BessellV
56648.3 1.67858e-16 2.50193e-19 BessellV
56649.3 1.58911e-16 2.41622e-19 BessellV
56650.3 1.50427e-16 2.33262e-19 BessellV
56651.3 1.42384e-16 2.25112e-19 BessellV
56652.3 1.34759e-16 2.17173e-19 BessellV
56653.3 1.27531e-16 2.09442e-19 BessellV
56654.3 1.20681e-16 2.01918e-19 BessellV
56655.3 1.14189e-16 1.94601e-19 BessellV
56656.3 1.08037e-16 1.87488e-19 BessellV
56657.3 1.02208e-16 1.80578e-19 BessellV
56658.3 9.66861e-17 1.73867e-19 BessellV
56659.3 9.14551e-17 1.67354e-19 BessellV
56660.3 8.65002e-17 1.61037e-19 BessellV
56661.3 8.18074e-17 1.54911e-19 BessellV
56662.3 7.73632e-17 1.48975e-19 BessellV
56663.3 7.31549e-17 1.43226e-19 BessellV
56664.3 6.91703e-17 1.37659e-19 BessellV
56665.3 6.53978e-17 1.32271e-19 BessellV
56666.3 6.18266e-17 1.2706e-19 BessellV
56667.3 5.84461e-17 1.22021e-19 BessellV
56668.3 5.52465e-17 1.17152e-19 BessellV
56669.3 5.22184e-17 1.12447e-19 BessellV
56670.3 4.93528e-17 1.07904e-19 BessellV
56671.3 4.66412e-17 1.03518e-19 BessellV
56672.3 4.40755e-17 9.92865e-20 BessellV
56673.3 4.16482e-17 9.52047e-20 BessellV
56674.3 3.93519e-17 9.1269e-20 BessellV
56675.3 3.71798e-17 8.74756e-20 BessellV
56676.3 3.51253e-17 8.38206e-20 BessellV
56677.3 3.31821e-17 8.03002e-20 BessellV
56678.3 3.13444e-17 7.69105e-20 BessellV
56679.3 2.96067e-17 7.36479e-20 BessellV
56680.3 2.79635e-17 7.05086e-20 BessellV
56681.3 2.64099e-17 6.74888e-20 BessellV
56682.3 2.49411e-17 6.4585e-20 BessellV
56683.3 2.35525e-17 6.17935e-20 BessellV
56684.3 2.22399e-17 5.91108e-20 BessellV
56685.3 2.09992e-17 5.65334e-20 BessellV
56686.3 1.98266e-17 5.40579e-20 BessellV
56687.3 1.87184e-17 5.16809e-20 BessellV
56688.3 1.76711e-17 4.93992e-20 BessellV
56689.3 1.66814e-17 4.72094e-20 BessellV
56690.3 1.57463e-17 4.51085e-20 BessellV
56691.3 1.48628e-17 4.30934e-20 BessellV
56692.3 1.4028e-17 4.11611e-20 BessellV
56693.3 1.32395e-17 3.93085e-20 BessellV
56694.3 1.24946e-17 3.75329e-20 BessellV
56695.3 1.17909e-17 3.58315e-20 BessellV
56696.3 1.11263e-17 3.42016e-20 BessellV
56697.3 1.04987e-17 3.26404e-20 BessellV
56698.3 9.90587e-18 3.11455e-20 BessellV
56699.3 9.34608e-18 2.97144e-20 BessellV
56700.3 8.81747e-18 2.83446e-20 BessellV
56701.3 8.31834e-18 2.70338e-20 BessellV
56702.3 7.84708e-18 2.57797e-20 BessellV
56703.3 7.40215e-18 2.45801e-20 BessellV
56704.3 6.9821e-18 2.34329e-20 BessellV
56705.3 6.58558e-18 2.23359e-20 BessellV
56706.3 6.21127e-18 2.12873e-20 BessellV
56707.3 5.85796e-18 2.02851e-20 BessellV
56708.3 5.52449e-18 1.93273e-20 BessellV
56709.3 5.20976e-18 1.84123e-20 BessellV
56710.3 4.91274e-18 1.75382e-20 BessellV
56711.3 4.63243e-18 1.67034e-20 BessellV
56712.3 4.36793e-18 1.59062e-20 BessellV
56713.3 4.11834e-18 1.51451e-20 BessellV
56714.3 3.88284e-18 1.44186e-20 BessellV
56715.3 3.66064e-18 1.37252e-20 BessellV
56716.3 3.45101e-18 1.30635e-20 BessellV
56717.3 3.25325e-18 1.24322e-20 BessellV
56718.3 3.06668e-18 1.18299e-20 BessellV
56719.3 2.8907e-18 1.12555e-20 BessellV
56720.3 2.7247e-18 1.07077e-20 BessellV
56721.3 2.56812e-18 1.01854e-20 BessellV
56722.3 2.42044e-18 9.68745e-21 BessellV
56723.3 2.28116e-18 9.2128e-21 BessellV
56724.3 2.14981e-18 8.76042e-21 BessellV
56725.3 2.02594e-18 8.32933e-21 BessellV
56726.3 1.90913e-18 7.91859e-21 BessellV
56727.3 1.79899e-18 7.52729e-21 BessellV
56728.3 1.69513e-18 7.15456e-21 BessellV
56729.3 1.59721e-18 6.79957e-21 BessellV
56730.3 1.50488e-18 6.46152e-21 BessellV
56731.3 1.41784e-18 6.13965e-21 BessellV
56732.3 1.33578e-18 5.83322e-21 BessellV
56733.3 1.25843e-18 5.54153e-21 BessellV
56734.3 1.18551e-18 5.2639e-21 BessellV
56735.3 1.11677e-18 4.99969e-21 BessellV
56736.3 1.05199e-18 4.74828e-21 BessellV
56737.3 9.90919e-19 4.50908e-21 BessellV
56738.3 9.33365e-19 4.28153e-21 BessellV
56739.3 8.79122e-19 4.06508e-21 BessellV
56740.3 8.28002e-19 3.85921e-21 BessellV
56741.3 7.79827e-19 3.66344e-21 BessellV
56742.3 7.3443e-19 3.47728e-21 BessellV
56743.3 6.91652e-19 3.30029e-21 BessellV
56744.3 6.51343e-19 3.13203e-21 BessellV
56745.3 6.13362e-19 2.97209e-21 BessellV
56746.3 5.77577e-19 2.82007e-21 BessellV
56747.3 5.43861e-19 2.6756e-21 BessellV
56748.3 5.12097e-19 2.53832e-21 BessellV
56749.3 4.82172e-19 2.40788e-21 BessellV
56750.3 4.53981e-19 2.28395e-21 BessellV
56751.3 4.27425e-19 2.16623e-21 BessellV
56752.3 4.02409e-19 2.0544e-21 BessellV
56753.3 3.78845e-19 1.9482e-21 BessellV
56754.3 3.56649e-19 1.84734e-21 BessellV
56755.3 3.35744e-19 1.75156e-21 BessellV
56756.3 3.16054e-19 1.66062e-21 BessellV
56757.3 2.9751e-19 1.57428e-21 BessellV
56758.3 2.80045e-19 1.49231e-21 BessellV
56759.3 2.63597e-19 1.41451e-21 BessellV
56760.3 2.48108e-19 1.34066e-21 BessellV
56761.3 2.33522e-19 1.27058e-21 BessellV
56762.3 2.19788e-19 1.20407e-21 BessellV
56763.3 2.06854e-19 1.14096e-21 BessellV
56764.3 1.94677e-19 1.08108e-21 BessellV
56765.3 1.83211e-19 1.02427e-21 BessellV
56766.3 1.72415e-19 9.70382e-22 BessellV
56767.3 1.62251e-19 9.19262e-22 BessellV
56768.3 1.52681e-19 8.70776e-22 BessellV
56769.3 1.43672e-19 8.24791e-22 BessellV
56770.3 1.35191e-19 7.81182e-22 BessellV
56771.3 1.27207e-19 7.3983e-22 BessellV
56772.3 1.19691e-19 7.0062e-22 BessellV
56773.3 1.12616e-19 6.63445e-22 BessellV
56774.3 1.05957e-19 6.28202e-22 BessellV
56775.3 9.96882e-20 5.94792e-22 BessellV
56776.3 9.37882e-20 5.63124e-22 BessellV
56777.3 8.8235e-20 5.33109e-22 BessellV
56778.3 8.30084e-20 5.04662e-22 BessellV
56779.3 7.80894e-20 4.77703e-22 BessellV
56780.3 7.34599e-20 4.52157e-22 BessellV
56781.3 6.91032e-20 4.27951e-22 BessellV
56782.3 6.50031e-20 4.05017e-22 BessellV
56783.3 6.11448e-20 3.83289e-22 BessellV
56784.3 5.7514e-20 3.62705e-22 BessellV
56785.3 5.40975e-20 3.43206e-22 BessellV
56786.3 5.08827e-20 3.24737e-22 BessellV
56787.3 4.78577e-20 3.07245e-22 BessellV
56788.3 4.50115e-20 2.90678e-22 BessellV
56789.3 4.23335e-20 2.74989e-22 BessellV
56790.3 3.98139e-20 2.60132e-22 BessellV
56791.3 3.74433e-20 2.46064e-22 BessellV
56792.3 3.52131e-20 2.32744e-22 BessellV
56793.3 3.31149e-20 2.20133e-22 BessellV
56794.3 3.1141e-20 2.08195e-22 BessellV
56795.3 2.9284e-20 1.96893e-22 BessellV
56796.3 2.75372e-20 1.86195e-22 BessellV
56797.3 2.5894e-20 1.76069e-22 BessellV
56798.3 2.43482e-20 1.66485e-22 BessellV
56799.3 2.28942e-20 1.57414e-22 BessellV
56800.3 2.15266e-20 1.48831e-22 BessellV
56801.3 2.02402e-20 1.40708e-22 BessellV
56802.3 1.90302e-20 1.33021e-22 BessellV
56803.3 1.78922e-20 1.25749e-22 BessellV
56804.3 1.68219e-20 1.18868e-22 BessellV
56805.3 1.58153e-20 1.12358e-22 BessellV
56806.3 1.48685e-20 1.06199e-22 BessellV
56807.3 1.39782e-20 1.00373e-22 BessellV
56808.3 1.31408e-20 9.48624e-23 BessellV
56809.3 1.23534e-20 8.96499e-23 BessellV
56810.3 1.16129e-20 8.47198e-23 BessellV
56811.3 1.09166e-20 8.00571e-23 BessellV
56812.3 1.02618e-20 7.56475e-23 BessellV
56813.3 9.64607e-21 7.14775e-23 BessellV
56814.3 9.06711e-21 6.75343e-23 BessellV
56815.3 8.52272e-21 6.38058e-23 BessellV
56816.3 8.01086e-21 6.02804e-23 BessellV
56817.3 7.52958e-21 5.69472e-23 BessellV
56818.3 7.07708e-21 5.3796e-23 BessellV
56819.3 6.65164e-21 5.08169e-23 BessellV
56820.3 6.25165e-21 4.80007e-23 BessellV
56821.3 5.87559e-21 4.53386e-23 BessellV
56822.3 5.52205e-21 4.28223e-23 BessellV
56823.3 5.18968e-21 4.0444e-23 BessellV
56824.3 4.87723e-21 3.81961e-23 BessellV
56825.3 4.58349e-21 3.60717e-23 BessellV
56826.3 4.30737e-21 3.4064e-23 BessellV
56827.3 4.0478e-21 3.21667e-23 BessellV
56828.3 3.8038e-21 3.03739e-23 BessellV
56829.3 3.57444e-21 2.86798e-23 BessellV
56830.3 3.35885e-21 2.70791e-23 BessellV
56831.3 3.15621e-21 2.55667e-23 BessellV
56832.3 2.96573e-21 2.41379e-23 BessellV
56833.3 2.7867e-21 2.2788e-23 BessellV
56834.3 2.61843e-21 2.15127e-23 BessellV
56835.3 2.46028e-21 2.0308e-23 BessellV
56836.3 2.31163e-21 1.91701e-23 BessellV
56837.3 2.17193e-21 1.80952e-23 BessellV
56838.3 2.04064e-21 1.70799e-23 BessellV
56839.3 1.91724e-21 1.6121e-23 BessellV
56840.3 1.80128e-21 1.52154e-23 BessellV
56841.3 1.6923e-21 1.43601e-23 BessellV
56842.3 1.58989e-21 1.35524e-23 BessellV
56843.3 1.49365e-21 1.27896e-23 BessellV
56844.3 1.40321e-21 1.20693e-23 BessellV
56845.3 1.31823e-21 1.13892e-23 BessellV
56846.3 1.23837e-21 1.07471e-23 BessellV
56847.3 1.16333e-21 1.01407e-23 BessellV
56848.3 1.09281e-21 9.56827e-24 BessellV
56849.3 1.02656e-21 9.02781e-24 BessellV
56850.3 9.64303e-22 8.51759e-24 BessellV
56851.3 9.05809e-22 8.03592e-24 BessellV
56852.3 8.5085e-22 7.58122e-24 BessellV
56853.3 7.99211e-22 7.15201e-24 BessellV
56854.3 7.50695e-22 6.74688e-24 BessellV
56855.3 7.05113e-22 6.36447e-24 BessellV
56856.3 6.62287e-22 6.00354e-24 BessellV
56857.3 6.22053e-22 5.66289e-24 BessellV
56858.3 5.84254e-22 5.3414e-24 BessellV
56859.3 5.48743e-22 5.03799e-24 BessellV
56860.3 5.15382e-22 4.75166e-24 BessellV
56861.3 4.84042e-22 4.48145e-24 BessellV
56862.3 4.54601e-22 4.22648e-24 BessellV
56863.3 4.26944e-22 3.98589e-24 BessellV
56864.3 4.00963e-22 3.75887e-24 BessellV
56865.3 3.76557e-22 3.54467e-24 BessellV
56866.3 3.53632e-22 3.34258e-24 BessellV
56867.3 3.32098e-22 3.1519e-24 BessellV
56868.3 3.1187e-22 2.97202e-24 BessellV
56869.3 2.92869e-22 2.80231e-24 BessellV
56870.3 2.75023e-22 2.64221e-24 BessellV
56871.3 2.5826e-22 2.49119e-24 BessellV
56872.3 2.42515e-22 2.34872e-24 BessellV
56873.3 2.27727e-22 2.21434e-24 BessellV
56874.3 2.13837e-22 2.08758e-24 BessellV
56875.3 2.00792e-22 1.96802e-24 BessellV
56876.3 1.88539e-22 1.85526e-24 BessellV
56877.3 1.77032e-22 1.7489e-24 BessellV
56878.3 1.66225e-22 1.6486e-24 BessellV
56879.3 1.56076e-22 1.554e-24 BessellV
56880.3 1.46544e-22 1.46479e-24 BessellV
56881.3 1.37592e-22 1.38066e-24 BessellV
56882.3 1.29185e-22 1.30132e-24 BessellV
56883.3 1.2129e-22 1.22651e-24 BessellV
56884.3 1.13877e-22 1.15597e-24 BessellV
56885.3 1.06914e-22 1.08945e-24 BessellV
56886.3 1.00377e-22 1.02674e-24 BessellV
56887.3 9.42373e-23 9.67607e-25 BessellV
56888.3 8.84722e-23 9.11856e-25 BessellV
56889.3 8.30587e-23 8.59294e-25 BessellV
56890.3 7.79755e-23 8.09739e-25 BessellV
56891.3 7.32023e-23 7.63022e-25 BessellV
56892.3 6.87205e-23 7.18982e-25 BessellV
56893.3 6.45122e-23 6.77465e-25 BessellV
56894.3 6.05608e-23 6.38329e-25 BessellV
56895.3 5.68507e-23 6.01438e-25 BessellV
56896.3 5.33672e-23 5.66665e-25 BessellV
56897.3 5.00965e-23 5.33888e-25 BessellV
56898.3 4.70256e-23 5.02994e-25 BessellV
56899.3 4.41424e-23 4.73876e-25 BessellV
56900.3 4.14355e-23 4.46432e-25 BessellV
56901.3 3.88941e-23 4.20567e-25 BessellV
56902.3 3.65081e-23 3.9619e-25 BessellV
56903.3 3.4268e-23 3.73218e-25 BessellV
56904.3 3.2165e-23 3.51568e-25 BessellV
56905.3 3.01907e-23 3.31166e-25 BessellV
56906.3 2.83372e-23 3.11941e-25 BessellV
56907.3 2.65972e-23 2.93824e-25 BessellV
56908.3 2.49637e-23 2.76753e-25 BessellV
56909.3 2.34302e-23 2.60668e-25 BessellV
56910.3 2.19907e-23 2.45511e-25 BessellV
56911.3 2.06394e-23 2.31231e-25 BessellV
56912.3 1.93709e-23 2.17775e-25 BessellV
56913.3 1.81801e-23 2.05098e-25 BessellV
56914.3 1.70623e-23 1.93155e-25 BessellV
56915.3 1.60131e-23 1.81903e-25 BessellV
56916.3 1.50282e-23 1.71302e-25 BessellV
56917.3 1.41037e-23 1.61315e-25 BessellV
56918.3 1.3236e-23 1.51907e-25 BessellV
56919.3 1.24215e-23 1.43045e-25 BessellV
56920.3 1.16569e-23 1.34696e-25 BessellV
56921.3 1.09393e-23 1.26832e-25 BessellV
56922.3 1.02658e-23 1.19424e-25 BessellV
56923.3 9.63362e-24 1.12447e-25 BessellV
56924.3 9.04028e-24 1.05875e-25 BessellV
56925.3 8.48338e-24 9.96846e-26 BessellV
56926.3 7.9607e-24 9.38542e-26 BessellV
56927.3 7.47014e-24 8.8363e-26 BessellV
56928.3 7.00973e-24 8.31912e-26 BessellV
56929.3 6.57763e-24 7.83204e-26 BessellV
56930.3 6.17209e-24 7.37333e-26 BessellV
56931.3 5.79149e-24 6.94133e-26 BessellV
56932.3 5.43431e-24 6.5345e-26 BessellV
56933.3 5.0991e-24 6.15139e-26 BessellV
56934.3 4.78451e-24 5.79062e-26 BessellV
56935.3 4.48928e-24 5.4509e-26 BessellV
56936.3 4.21223e-24 5.131e-26 BessellV
56937.3 3.95223e-24 4.82977e-26 BessellV
56938.3 3.70824e-24 4.54614e-26 BessellV
56939.3 3.47928e-24 4.27907e-26 BessellV
56940.3 3.26442e-24 4.02761e-26 BessellV
56941.3 3.0628e-24 3.79086e-26 BessellV
56942.3 2.8736e-24 3.56794e-26 BessellV
56943.3 2.69606e-24 3.35807e-26 BessellV
56944.3 2.52946e-24 3.16049e-26 BessellV
56945.3 2.37313e-24 2.97446e-26 BessellV
56946.3 2.22644e-24 2.79934e-26 BessellV
56947.3 2.0888e-24 2.63447e-26 BessellV
56948.3 1.95965e-24 2.47926e-26 BessellV
56949.3 1.83846e-24 2.33316e-26 BessellV
56950.3 1.72476e-24 2.19562e-26 BessellV
56951.3 1.61806e-24 2.06614e-26 BessellV
56952.3 1.51796e-24 1.94427e-26 BessellV
56953.3 1.42403e-24 1.82955e-26 BessellV
56954.3 1.3359e-24 1.72157e-26 BessellV
56955.3 1.25321e-24 1.61993e-26 BessellV
56956.3 1.17563e-24 1.52426e-26 BessellV
56957.3 1.10284e-24 1.43422e-26 BessellV
56958.3 1.03455e-24 1.34947e-26 BessellV
56959.3 9.70479e-25 1.2697e-26 BessellV
56960.3 9.10366e-25 1.19463e-26 BessellV
56961.3 8.53968e-25 1.12398e-26 BessellV
56962.3 8.01057e-25 1.05748e-26 BessellV
56963.3 7.51417e-25 9.94902e-27 BessellV
56964.3 7.04846e-25 9.3601e-27 BessellV
56965.3 6.61156e-25 8.80588e-27 BessellV
56966.3 6.20168e-25 8.28433e-27 BessellV
56967.3 5.81715e-25 7.79353e-27 BessellV
56968.3 5.45642e-25 7.33168e-27 BessellV
56969.3 5.11801e-25 6.89708e-27 BessellV
56970.3 4.80054e-25 6.48813e-27 BessellV
56971.3 4.50273e-25 6.10332e-27 BessellV
56485.9 9.72265e-15 7.54292e-18 i
56486.9 9.84056e-15 7.48767e-18 i
56487.9 9.95848e-15 7.42996e-18 i
56488.9 1.00764e-14 7.36982e-18 i
56489.9 1.01942e-14 7.30732e-18 i
56490.9 1.03118e-14 7.24254e-18 i
56491.9 1.04292e-14 7.17555e-18 i
56492.9 1.05463e-14 7.10646e-18 i
56493.9 1.06631e-14 7.03536e-18 i
56494.9 1.07794e-14 6.96238e-18 i
56495.9 1.08953e-14 6.88765e-18 i
56496.9 1.10105e-14 6.81131e-18 i
56497.9 1.11251e-14 6.73354e-18 i
56498.9 1.1239e-14 6.65449e-18 i
56499.9 1.13521e-14 6.57439e-18 i
56500.9 1.14643e-14 6.49343e-18 i
56501.9 1.15755e-14 6.41185e-18 i
56502.9 1.16857e-14 6.32992e-18 i
56503.9 1.17947e-14 6.2479e-18 i
56504.9 1.19024e-14 6.1661e-18 i
56505.9 1.20088e-14 6.08484e-18 i
56506.9 1.21137e-14 6.00447e-18 i
56507.9 1.22171e-14 5.92535e-18 i
56508.9 1.23188e-14 5.84788e-18 i
56509.9 1.24188e-14 5.77248e-18 i
56510.9 1.25169e-14 5.69958e-18 i
56511.9 1.2613e-14 5.62964e-18 i
56512.9 1.2707e-14 5.56314e-18 i
56513.9 1.27988e-14 5.50056e-18 i
56514.9 1.28883e-14 5.44241e-18 i
56515.9 1.29753e-14 5.38917e-18 i
56516.9 1.30597e-14 5.34136e-18 i
56517.9 1.31413e-14 5.29946e-18 i
56518.9 1.32202e-14 5.26394e-18 i
56519.9 1.3296e-14 5.23524e-18 i
56520.9 1.33688e-14 5.21378e-18 i
56521.9 1.34383e-14 5.19991e-18 i
56522.9 1.35043e-14 5.19392e-18 i
56523.9 1.35669e-14 5.19608e-18 i
56524.9 1.36257e-14 5.20653e-18 i
56525.9 1.36807e-14 5.22538e-18 i
56526.9 1.37317e-14 5.25262e-18 i
56527.9 1.37785e-14 5.28818e-18 i
56528.9 1.3821e-14 5.33189e-18 i
56529.9 1.38591e-14 5.3835e-18 i
56530.9 1.38924e-14 5.44268e-18 i
56531.9 1.3921e-14 5.50902e-18 i
56532.9 1.39446e-14 5.58204e-18 i
56533.9 1.3963e-14 5.66119e-18 i
56534.9 1.39761e-14 5.74586e-18 i
56535.9 1.39836e-14 5.83539e-18 i
56536.9 1.39854e-14 5.92908e-18 i
56537.9 1.39814e-14 6.02617e-18 i
56538.9 1.39712e-14 6.12588e-18 i
56539.9 1.39548e-14 6.22739e-18 i
56540.9 1.39319e-14 6.32986e-18 i
56541.9 1.39023e-14 6.43243e-18 i
56542.9 1.38658e-14 6.5342e-18 i
56543.9 1.38223e-14 6.63429e-18 i
56544.9 1.37714e-14 6.73178e-18 i
56545.9 1.3713e-14 6.82574e-18 i
56546.9 1.36468e-14 6.91525e-18 i
56547.9 1.35727e-14 6.99939e-18 i
56548.9 1.34905e-14 7.07724e-18 i
56549.9 1.33998e-14 7.1479e-18 i
56550.9 1.33005e-14 7.21048e-18 i
56551.9 1.31923e-14 7.26414e-18 i
56552.9 1.3075e-14 7.30807e-18 i
56553.9 1.29485e-14 7.34153e-18 i
56554.9 1.28124e-14 7.36385e-18 i
56555.9 1.26665e-14 7.37445e-18 i
56556.9 1.25107e-14 7.37287e-18 i
56557.9 1.23448e-14 7.35879e-18 i
56558.9 1.21685e-14 7.33204e-18 i
56559.9 1.19817e-14 7.29264e-18 i
56560.9 1.17843e-14 7.24081e-18 i
56561.9 1.1576e-14 7.17699e-18 i
56562.9 1.1357e-14 7.10186e-18 i
56563.9 1.1127e-14 7.01634e-18 i
56564.9 1.08861e-14 6.92154e-18 i
56565.9 1.06344e-14 6.81881e-18 i
56566.9 1.0372e-14 6.7096e-18 i
56567.9 1.0099e-14 6.59545e-18 i
56568.9 9.81581e-15 6.47787e-18 i
56569.9 9.52271e-15 6.35819e-18 i
56570.9 9.22022e-15 6.23748e-18 i
56571.9 8.90892e-15 6.11637e-18 i
56572.9 8.58955e-15 5.99492e-18 i
56573.9 8.26293e-15 5.8726e-18 i
56574.9 7.93006e-15 5.74821e-18 i
56575.9 7.59206e-15 5.61993e-18 i
56576.9 7.25019e-15 5.48549e-18 i
56577.9 6.90582e-15 5.34234e-18 i
56578.9 6.56045e-15 5.18795e-18 i
56579.9 6.21569e-15 5.02008e-18 i
56580.9 5.8732e-15 4.83711e-18 i
56581.9 5.53471e-15 4.6383e-18 i
56582.9 5.20196e-15 4.42404e-18 i
56583.9 4.87667e-15 4.19595e-18 i
56584.9 4.56049e-15 3.95693e-18 i
56585.9 4.255e-15 3.71106e-18 i
56586.9 3.96161e-15 3.46342e-18 i
56587.9 3.6816e-15 3.21972e-18 i
56588.9 3.41601e-15 2.98586e-18 i
56589.9 3.16571e-15 2.76733e-18 i
56590.9 2.93128e-15 2.56861e-18 i
56591.9 2.7131e-15 2.39257e-18 i
56592.9 2.51129e-15 2.24e-18 i
56593.9 2.32575e-15 2.10953e-18 i
56594.9 2.15618e-15 1.99791e-18 i
56595.9 2.00206e-15 1.90062e-18 i
56596.9 1.86273e-15 1.8127e-18 i
56597.9 1.73741e-15 1.72954e-18 i
56598.9 1.62519e-15 1.64736e-18 i
56599.9 1.52511e-15 1.56355e-18 i
56600.9 1.43616e-15 1.47669e-18 i
56601.9 1.35733e-15 1.38642e-18 i
56602.9 1.2876e-15 1.29323e-18 i
56603.9 1.22598e-15 1.19829e-18 i
56604.9 1.17152e-15 1.1032e-18 i
56605.9 1.12332e-15 1.00982e-18 i
56606.9 1.08056e-15 9.20107e-19 i
56607.9 1.04248e-15 8.36025e-19 i
56608.9 1.00836e-15 7.59412e-19 i
56609.9 9.776e-16 6.9188e-19 i
56610.9 9.4963e-16 6.34689e-19 i
56611.9 9.23964e-16 5.88593e-19 i
56612.9 9.00176e-16 5.53705e-19 i
56613.9 8.77898e-16 5.29428e-19 i
56614.9 8.56817e-16 5.14526e-19 i
56615.9 8.36668e-16 5.07339e-19 i
56616.9 8.17233e-16 5.06072e-19 i
56617.9 7.98329e-16 5.09051e-19 i
56618.9 7.79813e-16 5.14888e-19 i
56619.9 7.61567e-16 5.22535e-19 i
56620.9 7.43504e-16 5.3127e-19 i
56621.9 7.25557e-16 5.40639e-19 i
56622.9 7.07679e-16 5.5039e-19 i
56623.9 6.89839e-16 5.60406e-19 i
56624.9 6.72019e-16 5.70656e-19 i
56625.9 6.54212e-16 5.81144e-19 i
56626.9 6.36421e-16 5.91885e-19 i
56627.9 6.18655e-16 6.02883e-19 i
56628.9 6.00929e-16 6.14116e-19 i
56629.9 5.83261e-16 6.25538e-19 i
56630.9 5.65673e-16 6.37072e-19 i
56631.9 5.48188e-16 6.48618e-19 i
56632.9 5.30831e-16 6.60058e-19 i
56633.9 5.13627e-16 6.71264e-19 i
56634.9 4.96601e-16 6.82101e-19 i
56635.9 4.79776e-16 6.92435e-19 i
56636.9 4.63176e-16 7.0214e-19 i
56637.9 4.46822e-16 7.11096e-19 i
56638.9 4.30736e-16 7.19199e-19 i
56639.9 4.14935e-16 7.26356e-19 i
56640.9 3.99438e-16 7.32492e-19 i
56641.9 3.84258e-16 7.37547e-19 i
56642.9 3.69411e-16 7.41475e-19 i
56643.9 3.54907e-16 7.44245e-19 i
56644.9 3.40757e-16 7.45842e-19 i
56645.9 3.26969e-16 7.4626e-19 i
56646.9 3.13549e-16 7.45509e-19 i
56647.9 3.00503e-16 7.43605e-19 i
56648.9 2.87834e-16 7.40576e-19 i
56649.9 2.75545e-16 7.36457e-19 i
56650.9 2.63637e-16 7.31289e-19 i
56651.9 2.52109e-16 7.2512e-19 i
56652.9 2.40959e-16 7.18e-19 i
56653.9 2.30186e-16 7.09984e-19 i
56654.9 2.19785e-16 7.0113e-19 i
56655.9 2.09753e-16 6.91496e-19 i
56656.9 2.00085e-16 6.81145e-19 i
56657.9 1.90775e-16 6.70135e-19 i
56658.9 1.81817e-16 6.58528e-19 i
56659.9 1.73204e-16 6.46384e-19 i
56660.9 1.64928e-16 6.33761e-19 i
56661.9 1.56983e-16 6.20719e-19 i
56662.9 1.49359e-16 6.07312e-19 i
56663.9 1.4205e-16 5.93594e-19 i
56664.9 1.35045e-16 5.79619e-19 i
56665.9 1.28338e-16 5.65435e-19 i
56666.9 1.21919e-16 5.5109e-19 i
56667.9 1.15779e-16 5.3663e-19 i
56668.9 1.0991e-16 5.22095e-19 i
56669.9 1.04302e-16 5.07526e-19 i
56670.9 9.89471e-17 4.92961e-19 i
56671.9 9.38362e-17 4.78434e-19 i
56672.9 8.89608e-17 4.63977e-19 i
56673.9 8.43121e-17 4.49621e-19 i
56674.9 7.98818e-17 4.35391e-19 i
56675.9 7.56616e-17 4.21314e-19 i
56676.9 7.16432e-17 4.07411e-19 i
56677.9 6.78187e-17 3.93704e-19 i
56678.9 6.41803e-17 3.8021e-19 i
56679.9 6.07203e-17 3.66947e-19 i
56680.9 5.74314e-17 3.53928e-19 i
56681.9 5.43063e-17 3.41166e-19 i
56682.9 5.13379e-17 3.28672e-19 i
56683.9 4.85194e-17 3.16455e-19 i
56684.9 4.58443e-17 3.04524e-19 i
56685.9 4.33062e-17 2.92884e-19 i
56686.9 4.08988e-17 2.81541e-19 i
56687.9 3.86162e-17 2.70497e-19 i
56688.9 3.64527e-17 2.59757e-19 i
56689.9 3.44026e-17 2.49321e-19 i
56690.9 3.24607e-17 2.3919e-19 i
56691.9 3.06218e-17 2.29364e-19 i
56692.9 2.88809e-17 2.19842e-19 i
56693.9 2.72333e-17 2.10621e-19 i
56694.9 2.56745e-17 2.01699e-19 i
56695.9 2.42001e-17 1.93074e-19 i
56696.9 2.28058e-17 1.8474e-19 i
56697.9 2.14878e-17 1.76695e-19 i
56698.9 2.0242e-17 1.68933e-19 i
56699.9 1.9065e-17 1.61449e-19 i
56700.9 1.79531e-17 1.54238e-19 i
56701.9 1.6903e-17 1.47295e-19 i
56702.9 1.59115e-17 1.40613e-19 i
56703.9 1.49756e-17 1.34187e-19 i
56704.9 1.40924e-17 1.2801e-19 i
56705.9 1.3259e-17 1.22075e-19 i
56706.9 1.24729e-17 1.16377e-19 i
56707.9 1.17314e-17 1.10908e-19 i
56708.9 1.10323e-17 1.05663e-19 i
56709.9 1.03733e-17 1.00634e-19 i
56710.9 9.75207e-18 9.58143e-20 i
56711.9 9.16669e-18 9.11984e-20 i
56712.9 8.61517e-18 8.67791e-20 i
56713.9 8.09564e-18 8.255e-20 i
56714.9 7.60636e-18 7.85046e-20 i
56715.9 7.14563e-18 7.46366e-20 i
56716.9 6.71187e-18 7.09397e-20 i
56717.9 6.30358e-18 6.74078e-20 i
56718.9 5.91933e-18 6.40348e-20 i
56719.9 5.55776e-18 6.08148e-20 i
56720.9 5.2176e-18 5.7742e-20 i
56721.9 4.89763e-18 5.48108e-20 i
56722.9 4.59669e-18 5.20156e-20 i
56723.9 4.31371e-18 4.9351e-20 i
56724.9 4.04765e-18 4.68118e-20 i
56725.9 3.79754e-18 4.43929e-20 i
56726.9 3.56246e-18 4.20893e-20 i
56727.9 3.34153e-18 3.98963e-20 i
56728.9 3.13395e-18 3.78092e-20 i
56729.9 2.93893e-18 3.58235e-20 i
56730.9 2.75573e-18 3.39348e-20 i
56731.9 2.58366e-18 3.21389e-20 i
56732.9 2.42207e-18 3.04317e-20 i
56733.9 2.27035e-18 2.88094e-20 i
56734.9 2.1279e-18 2.7268e-20 i
56735.9 1.99418e-18 2.58041e-20 i
56736.9 1.86867e-18 2.4414e-20 i
56737.9 1.75089e-18 2.30944e-20 i
56738.9 1.64036e-18 2.1842e-20 i
56739.9 1.53665e-18 2.06537e-20 i
56740.9 1.43936e-18 1.95265e-20 i
56741.9 1.34811e-18 1.84574e-20 i
56742.9 1.26251e-18 1.74439e-20 i
56743.9 1.18224e-18 1.64831e-20 i
56744.9 1.10697e-18 1.55726e-20 i
56745.9 1.0364e-18 1.47098e-20 i
56746.9 9.70242e-19 1.38926e-20 i
56747.9 9.08224e-19 1.31186e-20 i
56748.9 8.50096e-19 1.23857e-20 i
56749.9 7.95619e-19 1.16919e-20 i
56750.9 7.44569e-19 1.10353e-20 i
56751.9 6.96735e-19 1.04139e-20 i
56752.9 6.51921e-19 9.82597e-21 i
56753.9 6.09938e-19 9.26986e-21 i
56754.9 5.70612e-19 8.74392e-21 i
56755.9 5.33779e-19 8.24662e-21 i
56756.9 4.99284e-19 7.77648e-21 i
56757.9 4.66981e-19 7.33209e-21 i
56758.9 4.36734e-19 6.91213e-21 i
56759.9 4.08416e-19 6.51533e-21 i
56760.9 3.81904e-19 6.14046e-21 i
56761.9 3.57087e-19 5.78638e-21 i
56762.9 3.33857e-19 5.45199e-21 i
56763.9 3.12116e-19 5.13625e-21 i
56764.9 2.9177e-19 4.83817e-21 i
56765.9 2.72731e-19 4.5568e-21 i
56766.9 2.54916e-19 4.29125e-21 i
56767.9 2.38248e-19 4.04068e-21 i
56768.9 2.22654e-19 3.80427e-21 i
56769.9 2.08067e-19 3.58125e-21 i
56770.9 1.94423e-19 3.37091e-21 i
56771.9 1.81661e-19 3.17254e-21 i
56772.9 1.69726e-19 2.9855e-21 i
56773.9 1.58564e-19 2.80915e-21 i
56774.9 1.48127e-19 2.64293e-21 i
56775.9 1.38368e-19 2.48626e-21 i
56776.9 1.29244e-19 2.33861e-21 i
56777.9 1.20714e-19 2.19949e-21 i
56778.9 1.1274e-19 2.06842e-21 i
56779.9 1.05287e-19 1.94496e-21 i
56780.9 9.832e-20 1.82866e-21 i
56781.9 9.18087e-20 1.71915e-21 i
56782.9 8.57236e-20 1.61602e-21 i
56783.9 8.00371e-20 1.51892e-21 i
56784.9 7.47236e-20 1.42751e-21 i
56785.9 6.97588e-20 1.34147e-21 i
56786.9 6.51202e-20 1.26049e-21 i
56787.9 6.07866e-20 1.18428e-21 i
56788.9 5.67383e-20 1.11258e-21 i
56789.9 5.29566e-20 1.04511e-21 i
56790.9 4.94244e-20 9.81643e-22 i
56791.9 4.61253e-20 9.21942e-22 i
56792.9 4.30441e-20 8.65793e-22 i
56793.9 4.01666e-20 8.12989e-22 i
56794.9 3.74795e-20 7.63336e-22 i
56795.9 3.49704e-20 7.16651e-22 i
56796.9 3.26275e-20 6.72762e-22 i
56797.9 3.04401e-20 6.31506e-22 i
56798.9 2.8398e-20 5.92728e-22 i
56799.9 2.64915e-20 5.56283e-22 i
56800.9 2.47118e-20 5.22035e-22 i
56801.9 2.30505e-20 4.89855e-22 i
56802.9 2.14999e-20 4.59619e-22 i
56803.9 2.00526e-20 4.31215e-22 i
56804.9 1.87019e-20 4.04533e-22 i
56805.9 1.74413e-20 3.79472e-22 i
56806.9 1.6265e-20 3.55934e-22 i
56807.9 1.51673e-20 3.3383e-22 i
56808.9 1.4143e-20 3.13075e-22 i
56809.9 1.31873e-20 2.93587e-22 i
56810.9 1.22957e-20 2.75291e-22 i
56811.9 1.14638e-20 2.58116e-22 i
56812.9 1.06877e-20 2.41994e-22 i
56813.9 9.96376e-21 2.26862e-22 i
56814.9 9.28844e-21 2.12661e-22 i
56815.9 8.65852e-21 1.99334e-22 i
56816.9 8.07099e-21 1.86829e-22 i
56817.9 7.523e-21 1.75096e-22 i
56818.9 7.01193e-21 1.64088e-22 i
56819.9 6.53531e-21 1.53762e-22 i
56820.9 6.09084e-21 1.44075e-22 i
56821.9 5.67637e-21 1.34989e-22 i
56822.9 5.28989e-21 1.26468e-22 i
56823.9 4.92953e-21 1.18477e-22 i
56824.9 4.59353e-21 1.10983e-22 i
56825.9 4.28027e-21 1.03956e-22 i
56826.9 3.98822e-21 9.73676e-23 i
56827.9 3.71596e-21 9.11909e-23 i
56828.9 3.46215e-21 8.54006e-23 i
56829.9 3.22555e-21 7.99729e-23 i
56830.9 3.00501e-21 7.48854e-23 i
56831.9 2.79945e-21 7.01171e-23 i
56832.9 2.60785e-21 6.56484e-23 i
56833.9 2.42928e-21 6.14607e-23 i
56834.9 2.26285e-21 5.75366e-23 i
56835.9 2.10775e-21 5.38598e-23 i
56836.9 1.96321e-21 5.0415e-23 i
56837.9 1.82852e-21 4.71877e-23 i
56838.9 1.70301e-21 4.41644e-23 i
56839.9 1.58606e-21 4.13324e-23 i
56840.9 1.47709e-21 3.86797e-23 i
56841.9 1.37556e-21 3.61952e-23 i
56842.9 1.28097e-21 3.38684e-23 i
56843.9 1.19284e-21 3.16894e-23 i
56844.9 1.11073e-21 2.96489e-23 i
56845.9 1.03425e-21 2.77383e-23 i
56846.9 9.62997e-22 2.59493e-23 i
56847.9 8.96626e-22 2.42745e-23 i
56848.9 8.34802e-22 2.27065e-23 i
56849.9 7.77217e-22 2.12386e-23 i
56850.9 7.23581e-22 1.98646e-23 i
56851.9 6.73625e-22 1.85785e-23 i
56852.9 6.27098e-22 1.73748e-23 i
56853.9 5.83767e-22 1.62482e-23 i
56854.9 5.43414e-22 1.51939e-23 i
56855.9 5.05834e-22 1.42072e-23 i
56856.9 4.70839e-22 1.3284e-23 i
56857.9 4.38252e-22 1.24202e-23 i
56858.9 4.07908e-22 1.16119e-23 i
56859.9 3.79654e-22 1.08557e-23 i
56860.9 3.53347e-22 1.01483e-23 i
56861.9 3.28853e-22 9.48647e-24 i
56862.9 3.06048e-22 8.8674e-24 i
56863.9 2.84816e-22 8.28833e-24 i
56864.9 2.6505e-22 7.74672e-24 i
56865.9 2.46648e-22 7.24016e-24 i
56866.9 2.29518e-22 6.7664e-24 i
56867.9 2.13571e-22 6.32336e-24 i
56868.9 1.98727e-22 5.90905e-24 i
56869.9 1.8491e-22 5.52164e-24 i
56870.9 1.72048e-22 5.15939e-24 i
56871.9 1.60077e-22 4.82069e-24 i
56872.9 1.48935e-22 4.50403e-24 i
56873.9 1.38565e-22 4.20798e-24 i
56874.9 1.28913e-22 3.93122e-24 i
56875.9 1.19931e-22 3.67251e-24 i
56876.9 1.11571e-22 3.43067e-24 i
56877.9 1.03791e-22 3.20462e-24 i
56878.9 9.65519e-23 2.99334e-24 i
56879.9 8.9815e-23 2.79587e-24 i
56880.9 8.35461e-23 2.61131e-24 i
56881.9 7.77128e-23 2.43884e-24 i
56882.9 7.22849e-23 2.27767e-24 i
56883.9 6.72345e-23 2.12706e-24 i
56884.9 6.25354e-23 1.98633e-24 i
56885.9 5.81634e-23 1.85483e-24 i
56886.9 5.40956e-23 1.73197e-24 i
56887.9 5.03112e-23 1.61719e-24 i
56888.9 4.67904e-23 1.50995e-24 i
56889.9 4.35149e-23 1.40977e-24 i
56890.9 4.04678e-23 1.31618e-24 i
56891.9 3.76331e-23 1.22876e-24 i
56892.9 3.49962e-23 1.1471e-24 i
56893.9 3.25434e-23 1.07083e-24 i
56894.9 3.02617e-23 9.99592e-25 i
56895.9 2.81394e-23 9.33057e-25 i
56896.9 2.61653e-23 8.70919e-25 i
56897.9 2.43291e-23 8.12889e-25 i
56898.9 2.26214e-23 7.58698e-25 i
56899.9 2.1033e-23 7.08093e-25 i
56900.9 1.95557e-23 6.6084e-25 i
56901.9 1.81818e-23 6.16718e-25 i
56902.9 1.6904e-23 5.75521e-25 i
56903.9 1.57157e-23 5.37058e-25 i
56904.9 1.46106e-23 5.01147e-25 i
56905.9 1.35829e-23 4.67621e-25 i
56485.8 6.6681e-15 1.63803e-17 r
56486.8 7.15079e-15 1.64903e-17 r
56487.8 7.66215e-15 1.653e-17 r
56488.8 8.20313e-15 1.64923e-17 r
56489.8 8.77456e-15 1.63705e-17 r
56490.8 9.37717e-15 1.61583e-17 r
56491.8 1.00116e-14 1.58503e-17 r
56492.8 1.06782e-14 1.54425e-17 r
56493.8 1.13774e-14 1.4933e-17 r
56494.8 1.2109e-14 1.43227e-17 r
56495.8 1.28728e-14 1.36174e-17 r
56496.8 1.36683e-14 1.28293e-17 r
56497.8 1.44944e-14 1.19804e-17 r
56498.8 1.53497e-14 1.11071e-17 r
56499.8 1.62322e-14 1.02661e-17 r
56500.8 1.71394e-14 9.54041e-18 r
56501.8 1.80679e-14 9.03893e-18 r
56502.8 1.90136e-14 8.87846e-18 r
56503.8 1.99716e-14 9.14067e-18 r
56504.8 2.09358e-14 9.82938e-18 r
56505.8 2.18991e-14 1.08685e-17 r
56506.8 2.2853e-14 1.21375e-17 r
56507.8 2.37879e-14 1.35054e-17 r
56508.8 2.46927e-14 1.4846e-17 r
56509.8 2.55549e-14 1.60408e-17 r
56510.8 2.63609e-14 1.69797e-17 r
56511.8 2.7096e-14 1.75631e-17 r
56512.8 2.77446e-14 1.7709e-17 r
56513.8 2.82911e-14 1.73655e-17 r
56514.8 2.87205e-14 1.65308e-17 r
56515.8 2.90193e-14 1.52839e-17 r
56516.8 2.91767e-14 1.38304e-17 r
56517.8 2.91854e-14 1.25538e-17 r
56518.8 2.90435e-14 1.19931e-17 r
56519.8 2.87549e-14 1.25673e-17 r
56520.8 2.83299e-14 1.41955e-17 r
56521.8 2.77852e-14 1.63832e-17 r
56522.8 2.71434e-14 1.85959e-17 r
56523.8 2.64309e-14 2.04382e-17 r
56524.8 2.56768e-14 2.16729e-17 r
56525.8 2.49101e-14 2.22036e-17 r
56526.8 2.4158e-14 2.20524e-17 r
56527.8 2.34435e-14 2.13354e-17 r
56528.8 2.2785e-14 2.02317e-17 r
56529.8 2.21949e-14 1.89495e-17 r
56530.8 2.16803e-14 1.76899e-17 r
56531.8 2.12432e-14 1.66114e-17 r
56532.8 2.08812e-14 1.58025e-17 r
56533.8 2.05888e-14 1.52714e-17 r
56534.8 2.03582e-14 1.49614e-17 r
56535.8 2.01802e-14 1.47842e-17 r
56536.8 2.00451e-14 1.46524e-17 r
56537.8 1.99432e-14 1.44985e-17 r
56538.8 1.9865e-14 1.42808e-17 r
56539.8 1.98022e-14 1.39812e-17 r
56540.8 1.97469e-14 1.3599e-17 r
56541.8 1.96926e-14 1.31453e-17 r
56542.8 1.96335e-14 1.26382e-17 r
56543.8 1.9565e-14 1.20987e-17 r
56544.8 1.94833e-14 1.15485e-17 r
56545.8 1.93855e-14 1.10079e-17 r
56546.8 1.92695e-14 1.04949e-17 r
56547.8 1.91337e-14 1.00235e-17 r
56548.8 1.89773e-14 9.6042e-18 r
56549.8 1.87999e-14 9.24274e-18 r
56550.8 1.86014e-14 8.94075e-18 r
56551.8 1.83823e-14 8.69592e-18 r
56552.8 1.81432e-14 8.50272e-18 r
56553.8 1.7885e-14 8.35341e-18 r
56554.8 1.76087e-14 8.23899e-18 r
56555.8 1.73157e-14 8.15012e-18 r
56556.8 1.70071e-14 8.07791e-18 r
56557.8 1.66845e-14 8.01436e-18 r
56558.8 1.63492e-14 7.95269e-18 r
56559.8 1.60026e-14 7.88741e-18 r
56560.8 1.56463e-14 7.8143e-18 r
56561.8 1.52816e-14 7.73031e-18 r
56562.8 1.491e-14 7.63339e-18 r
56563.8 1.45328e-14 7.52236e-18 r
56564.8 1.41512e-14 7.39675e-18 r
56565.8 1.37667e-14 7.25664e-18 r
56566.8 1.33802e-14 7.10255e-18 r
56567.8 1.2993e-14 6.93535e-18 r
56568.8 1.26061e-14 6.75613e-18 r
56569.8 1.22204e-14 6.56613e-18 r
56570.8 1.18369e-14 6.36674e-18 r
56571.8 1.14564e-14 6.15936e-18 r
56572.8 1.10796e-14 5.94542e-18 r
56573.8 1.07073e-14 5.72635e-18 r
56574.8 1.03401e-14 5.50352e-18 r
56575.8 9.97849e-15 5.27824e-18 r
56576.8 9.62302e-15 5.05178e-18 r
56577.8 9.27412e-15 4.82529e-18 r
56578.8 8.93218e-15 4.59987e-18 r
56579.8 8.59753e-15 4.37651e-18 r
56580.8 8.27046e-15 4.15612e-18 r
56581.8 7.9512e-15 3.93952e-18 r
56582.8 7.63994e-15 3.72744e-18 r
56583.8 7.33683e-15 3.52052e-18 r
56584.8 7.04199e-15 3.31934e-18 r
56585.8 6.75549e-15 3.12439e-18 r
56586.8 6.47737e-15 2.93607e-18 r
56587.8 6.20766e-15 2.75476e-18 r
56588.8 5.94635e-15 2.58074e-18 r
56589.8 5.69339e-15 2.41424e-18 r
56590.8 5.44873e-15 2.25546e-18 r
56591.8 5.21229e-15 2.10453e-18 r
56592.8 4.98397e-15 1.96154e-18 r
56593.8 4.76367e-15 1.82657e-18 r
56594.8 4.55126e-15 1.69963e-18 r
56595.8 4.3466e-15 1.58073e-18 r
56596.8 4.14954e-15 1.46982e-18 r
56597.8 3.95993e-15 1.36686e-18 r
56598.8 3.77759e-15 1.27175e-18 r
56599.8 3.60236e-15 1.18438e-18 r
56600.8 3.43406e-15 1.10461e-18 r
56601.8 3.27251e-15 1.03226e-18 r
56602.8 3.11752e-15 9.67102e-19 r
56603.8 2.96891e-15 9.0888e-19 r
56604.8 2.82649e-15 8.5728e-19 r
56605.8 2.69006e-15 8.11938e-19 r
56606.8 2.55945e-15 7.72439e-19 r
56607.8 2.43445e-15 7.38317e-19 r
56608.8 2.3149e-15 7.09069e-19 r
56609.8 2.20059e-15 6.84163e-19 r
56610.8 2.09135e-15 6.63053e-19 r
56611.8 1.98699e-15 6.45197e-19 r
56612.8 1.88734e-15 6.30071e-19 r
56613.8 1.79223e-15 6.17183e-19 r
56614.8 1.70148e-15 6.06084e-19 r
56615.8 1.61492e-15 5.9637e-19 r
56616.8 1.53239e-15 5.8769e-19 r
56617.8 1.45374e-15 5.79744e-19 r
56618.8 1.3788e-15 5.7228e-19 r
56619.8 1.30743e-15 5.65092e-19 r
56620.8 1.23947e-15 5.58015e-19 r
56621.8 1.17479e-15 5.50917e-19 r
56622.8 1.11325e-15 5.437e-19 r
56623.8 1.0547e-15 5.36291e-19 r
56624.8 9.99033e-16 5.28639e-19 r
56625.8 9.4611e-16 5.20712e-19 r
56626.8 8.95812e-16 5.1249e-19 r
56627.8 8.48023e-16 5.03969e-19 r
56628.8 8.0263e-16 4.95152e-19 r
56629.8 7.59524e-16 4.86051e-19 r
56630.8 7.18601e-16 4.76683e-19 r
56631.8 6.7976e-16 4.67068e-19 r
56632.8 6.42904e-16 4.57231e-19 r
56633.8 6.07941e-16 4.47198e-19 r
56634.8 5.7478e-16 4.36997e-19 r
56635.8 5.43337e-16 4.26657e-19 r
56636.8 5.13529e-16 4.16205e-19 r
56637.8 4.85278e-16 4.0567e-19 r
56638.8 4.58508e-16 3.95078e-19 r
56639.8 4.33146e-16 3.84457e-19 r
56640.8 4.09124e-16 3.7383e-19 r
56641.8 3.86376e-16 3.63223e-19 r
56642.8 3.64839e-16 3.52657e-19 r
56643.8 3.44451e-16 3.42154e-19 r
56644.8 3.25156e-16 3.31733e-19 r
56645.8 3.06898e-16 3.21411e-19 r
56646.8 2.89625e-16 3.11207e-19 r
56647.8 2.73287e-16 3.01134e-19 r
56648.8 2.57835e-16 2.91206e-19 r
56649.8 2.43225e-16 2.81436e-19 r
56650.8 2.29413e-16 2.71835e-19 r
56651.8 2.16357e-16 2.62411e-19 r
56652.8 2.04018e-16 2.53174e-19 r
56653.8 1.92359e-16 2.4413e-19 r
56654.8 1.81344e-16 2.35286e-19 r
56655.8 1.70939e-16 2.26647e-19 r
56656.8 1.61112e-16 2.18217e-19 r
56657.8 1.51832e-16 2.09999e-19 r
56658.8 1.4307e-16 2.01995e-19 r
56659.8 1.34798e-16 1.94208e-19 r
56660.8 1.2699e-16 1.86637e-19 r
56661.8 1.19622e-16 1.79284e-19 r
56662.8 1.12668e-16 1.72147e-19 r
56663.8 1.06107e-16 1.65226e-19 r
56664.8 9.9918e-17 1.58519e-19 r
56665.8 9.40799e-17 1.52025e-19 r
56666.8 8.85737e-17 1.45741e-19 r
56667.8 8.33814e-17 1.39665e-19 r
56668.8 7.84856e-17 1.33792e-19 r
56669.8 7.38699e-17 1.28121e-19 r
56670.8 6.95189e-17 1.22648e-19 r
56671.8 6.54179e-17 1.17368e-19 r
56672.8 6.1553e-17 1.12278e-19 r
56673.8 5.7911e-17 1.07374e-19 r
56674.8 5.44795e-17 1.02652e-19 r
56675.8 5.12466e-17 9.81062e-20 r
56676.8 4.82012e-17 9.37334e-20 r
56677.8 4.53328e-17 8.95288e-20 r
56678.8 4.26314e-17 8.54879e-20 r
56679.8 4.00875e-17 8.1606e-20 r
56680.8 3.76921e-17 7.78785e-20 r
56681.8 3.54369e-17 7.4301e-20 r
56682.8 3.33139e-17 7.08687e-20 r
56683.8 3.13154e-17 6.75772e-20 r
56684.8 2.94345e-17 6.44219e-20 r
56685.8 2.76643e-17 6.13984e-20 r
56686.8 2.59986e-17 5.85023e-20 r
56687.8 2.44312e-17 5.57293e-20 r
56688.8 2.29566e-17 5.3075e-20 r
56689.8 2.15693e-17 5.05353e-20 r
56690.8 2.02643e-17 4.8106e-20 r
56691.8 1.90368e-17 4.57832e-20 r
56692.8 1.78824e-17 4.3563e-20 r
56693.8 1.67968e-17 4.14413e-20 r
56694.8 1.57759e-17 3.94146e-20 r
56485.9 2.26641e-17 8.46265e-18 u
56486.9 3.95045e-17 1.37435e-17 u
56487.9 6.88722e-17 2.22145e-17 u
56488.9 1.2009e-16 3.57052e-17 u
56489.9 2.09408e-16 5.69988e-17 u
56490.9 3.65111e-16 9.02247e-17 u
56491.9 6.36288e-16 1.41283e-16 u
56492.9 1.10766e-15 2.1809e-16 u
56493.9 1.92385e-15 3.30055e-16 u
56494.9 3.32665e-15 4.85401e-16 u
56495.9 5.7041e-15 6.83546e-16 u
56496.9 9.63036e-15 8.98789e-16 u
56497.9 1.58195e-14 1.05656e-15 u
56498.9 2.48247e-14 1.0286e-15 u
56499.9 3.63438e-14 7.15939e-16 u
56500.9 4.85446e-14 2.77367e-16 u
56501.9 5.85881e-14 4.08332e-16 u
56502.9 6.44773e-14 5.63113e-16 u
56503.9 6.61465e-14 5.09386e-16 u
56504.9 6.47721e-14 3.8075e-16 u
56505.9 6.16657e-14 2.75692e-16 u
56506.9 5.77686e-14 2.19037e-16 u
56507.9 5.36318e-14 1.92918e-16 u
56508.9 4.9542e-14 1.76542e-16 u
56509.9 4.56344e-14 1.61144e-16 u
56510.9 4.19655e-14 1.45154e-16 u
56511.9 3.8552e-14 1.29107e-16 u
56512.9 3.53922e-14 1.13729e-16 u
56513.9 3.24754e-14 9.94953e-17 u
56514.9 2.97878e-14 8.6632e-17 u
56515.9 2.73141e-14 7.51975e-17 u
56516.9 2.50393e-14 6.5154e-17 u
56517.9 2.29489e-14 5.64141e-17 u
56518.9 2.10293e-14 4.88687e-17 u
56519.9 1.92675e-14 4.24016e-17 u
56520.9 1.76515e-14 3.6897e-17 u
56521.9 1.61703e-14 3.22424e-17 u
56522.9 1.48133e-14 2.83301e-17 u
56523.9 1.3571e-14 2.50577e-17 u
56524.9 1.24344e-14 2.23285e-17 u
56525.9 1.13951e-14 2.00521e-17 u
56526.9 1.04456e-14 1.8146e-17 u
56527.9 9.57858e-15 1.65366e-17 u
56528.9 8.78751e-15 1.51606e-17 u
56529.9 8.06625e-15 1.39651e-17 u
56530.9 7.40912e-15 1.29082e-17 u
56531.9 6.81087e-15 1.19575e-17 u
56532.9 6.26666e-15 1.10892e-17 u
56533.9 5.77199e-15 1.02868e-17 u
56534.9 5.32271e-15 9.53944e-18 u
56535.9 4.91499e-15 8.84074e-18 u
56536.9 4.5453e-15 8.18758e-18 u
56537.9 4.21036e-15 7.57922e-18 u
56538.9 3.90717e-15 7.01647e-18 u
56539.9 3.63295e-15 6.50109e-18 u
56540.9 3.38514e-15 6.03524e-18 u
56541.9 3.16138e-15 5.62091e-18 u
56542.9 2.95951e-15 5.2595e-18 u
56543.9 2.77753e-15 4.95134e-18 u
56544.9 2.61361e-15 4.69534e-18 u
56545.9 2.46607e-15 4.48875e-18 u
56546.9 2.33335e-15 4.32721e-18 u
56547.9 2.21406e-15 4.20494e-18 u
56548.9 2.10688e-15 4.11524e-18 u
56549.9 2.01063e-15 4.05102e-18 u
56550.9 1.92421e-15 4.00533e-18 u
56551.9 1.84665e-15 3.97183e-18 u
56552.9 1.77701e-15 3.945e-18 u
56553.9 1.71449e-15 3.92032e-18 u
56554.9 1.65833e-15 3.89428e-18 u
56555.9 1.60782e-15 3.86429e-18 u
56556.9 1.56237e-15 3.82865e-18 u
56557.9 1.52138e-15 3.78639e-18 u
56558.9 1.48436e-15 3.7372e-18 u
56559.9 1.45082e-15 3.68132e-18 u
56560.9 1.42036e-15 3.61947e-18 u
56561.9 1.39259e-15 3.55275e-18 u
56562.9 1.36717e-15 3.48262e-18 u
56563.9 1.34379e-15 3.41079e-18 u
56564.9 1.32217e-15 3.33923e-18 u
56565.9 1.30207e-15 3.27004e-18 u
56566.9 1.28326e-15 3.20547e-18 u
56567.9 1.26554e-15 3.14778e-18 u
56568.9 1.24874e-15 3.09916e-18 u
56569.9 1.23271e-15 3.06167e-18 u
56570.9 1.2173e-15 3.03709e-18 u
56571.9 1.2024e-15 3.02683e-18 u
56572.9 1.1879e-15 3.03187e-18 u
56573.9 1.1737e-15 3.05266e-18 u
56574.9 1.15973e-15 3.08914e-18 u
56575.9 1.14592e-15 3.14076e-18 u
56576.9 1.1322e-15 3.20656e-18 u
56577.9 1.11854e-15 3.28524e-18 u
56578.9 1.10489e-15 3.3753e-18 u
56579.9 1.0912e-15 3.4751e-18 u
56580.9 1.07747e-15 3.58297e-18 u
56581.9 1.06366e-15 3.69725e-18 u
56582.9 1.04975e-15 3.81638e-18 u
56583.9 1.03574e-15 3.93889e-18 u
56584.9 1.02162e-15 4.06343e-18 u
56585.9 1.00738e-15 4.18879e-18 u
56586.9 9.9302e-16 4.31387e-18 u
56587.9 9.78542e-16 4.43773e-18 u
56588.9 9.63948e-16 4.5595e-18 u
56589.9 9.49245e-16 4.67846e-18 u
56590.9 9.34439e-16 4.79396e-18 u
56591.9 9.19539e-16 4.90547e-18 u
56592.9 9.04555e-16 5.01252e-18 u
56593.9 8.89497e-16 5.11472e-18 u
56594.9 8.74376e-16 5.21175e-18 u
56595.9 8.59205e-16 5.30335e-18 u
56596.9 8.43997e-16 5.3893e-18 u
56597.9 8.28762e-16 5.46946e-18 u
56598.9 8.13516e-16 5.54369e-18 u
56599.9 7.9827e-16 5.61193e-18 u
56600.9 7.83037e-16 5.67413e-18 u
56601.9 7.6783e-16 5.73028e-18 u
56602.9 7.52662e-16 5.78038e-18 u
56603.9 7.37545e-16 5.82449e-18 u
56604.9 7.2249e-16 5.86266e-18 u
56605.9 7.0751e-16 5.89498e-18 u
56606.9 6.92615e-16 5.92153e-18 u
56607.9 6.77816e-16 5.94244e-18 u
56608.9 6.63124e-16 5.95782e-18 u
56609.9 6.48549e-16 5.96781e-18 u
56610.9 6.34099e-16 5.97257e-18 u
56611.9 6.19784e-16 5.97224e-18 u
56612.9 6.05611e-16 5.96698e-18 u
56613.9 5.9159e-16 5.95697e-18 u
56614.9 5.77726e-16 5.94236e-18 u
56615.9 5.64027e-16 5.92334e-18 u
56616.9 5.505e-16 5.90009e-18 u
56617.9 5.37149e-16 5.87278e-18 u
56618.9 5.23981e-16 5.84159e-18 u
56619.9 5.10999e-16 5.8067e-18 u
56620.9 4.98209e-16 5.7683e-18 u
56621.9 4.85615e-16 5.72656e-18 u
56622.9 4.73219e-16 5.68166e-18 u
56623.9 4.61026e-16 5.63377e-18 u
56624.9 4.49037e-16 5.58307e-18 u
56625.9 4.37255e-16 5.52973e-18 u
56626.9 4.25681e-16 5.47391e-18 u
56627.9 4.14318e-16 5.41579e-18 u
56628.9 4.03166e-16 5.35552e-18 u
56629.9 3.92227e-16 5.29325e-18 u
56630.9 3.815e-16 5.22915e-18 u
56631.9 3.70986e-16 5.16336e-18 u
56632.9 3.60685e-16 5.09603e-18 u
56633.9 3.50597e-16 5.02729e-18 u
56634.9 3.40721e-16 4.95729e-18 u
56635.9 3.31056e-16 4.88615e-18 u
56636.9 3.21601e-16 4.814e-18 u
56637.9 3.12355e-16 4.74097e-18 u
56638.9 3.03316e-16 4.66717e-18 u
56639.9 2.94483e-16 4.59272e-18 u
56640.9 2.85854e-16 4.51772e-18 u
56641.9 2.77427e-16 4.44228e-18 u
56642.9 2.692e-16 4.3665e-18 u
56643.9 2.61171e-16 4.29048e-18 u
56644.9 2.53336e-16 4.21431e-18 u
