55865.3 4.59171e-17 6.62751e-18 BessellU
55866.3 5.76887e-17 7.70657e-18 BessellU
55867.3 7.2324e-17 8.88399e-18 BessellU
55868.3 9.0445e-17 1.01363e-17 BessellU
55869.3 1.12764e-16 1.14225e-17 BessellU
55870.3 1.40067e-16 1.26773e-17 BessellU
55871.3 1.73165e-16 1.3806e-17 BessellU
55872.3 2.12798e-16 1.46796e-17 BessellU
55873.3 2.59468e-16 1.51374e-17 BessellU
55874.3 3.13162e-16 1.50015e-17 BessellU
55875.3 3.72967e-16 1.41131e-17 BessellU
55876.3 4.36612e-16 1.23958e-17 BessellU
55877.3 5.00076e-16 9.93497e-18 BessellU
55878.3 5.57567e-16 7.03598e-18 BessellU
55879.3 6.02209e-16 4.20035e-18 BessellU
55880.3 6.27573e-16 2.00067e-18 BessellU
55881.3 6.29628e-16 9.84979e-19 BessellU
55882.3 6.08133e-16 9.98971e-19 BessellU
55883.3 5.66657e-16 1.08786e-18 BessellU
55884.3 5.11231e-16 1.17466e-18 BessellU
55885.3 4.48494e-16 1.25501e-18 BessellU
55886.3 3.84214e-16 1.23414e-18 BessellU
55887.3 3.22599e-16 1.09502e-18 BessellU
55888.3 2.66244e-16 9.0977e-19 BessellU
55889.3 2.16439e-16 7.96109e-19 BessellU
55890.3 1.73557e-16 8.32482e-19 BessellU
55891.3 1.37402e-16 9.7288e-19 BessellU
55892.3 1.07463e-16 1.13155e-18 BessellU
55893.3 8.30834e-17 1.26149e-18 BessellU
55894.3 6.35658e-17 1.3473e-18 BessellU
55895.3 4.82309e-17 1.38861e-18 BessellU
55896.3 3.64476e-17 1.39137e-18 BessellU
55897.3 2.7647e-17 1.36359e-18 BessellU
55898.3 2.13256e-17 1.31329e-18 BessellU
55899.3 1.70434e-17 1.24759e-18 BessellU
55900.3 1.44198e-17 1.17231e-18 BessellU
55901.3 1.31282e-17 1.09184e-18 BessellU
55902.3 1.28897e-17 1.00931e-18 BessellU
55903.3 1.34677e-17 9.2673e-19 BessellU
55904.3 1.46629e-17 8.45194e-19 BessellU
55905.3 1.63081e-17 7.65144e-19 BessellU
55906.3 1.82642e-17 6.86576e-19 BessellU
55907.3 2.04163e-17 6.09239e-19 BessellU
55908.3 2.26705e-17 5.32792e-19 BessellU
55909.3 2.49505e-17 4.5693e-19 BessellU
55910.3 2.71955e-17 3.81484e-19 BessellU
55911.3 2.93577e-17 3.0653e-19 BessellU
55912.3 3.14003e-17 2.32604e-19 BessellU
55913.3 3.32958e-17 1.61421e-19 BessellU
55914.3 3.50248e-17 9.94287e-20 BessellU
55915.3 3.6574e-17 7.45086e-20 BessellU
55916.3 3.79359e-17 1.13331e-19 BessellU
55917.3 3.91073e-17 1.77059e-19 BessellU
55918.3 4.00885e-17 2.45842e-19 BessellU
55919.3 4.08829e-17 3.15064e-19 BessellU
55920.3 4.1496e-17 3.8314e-19 BessellU
55921.3 4.19353e-17 4.49264e-19 BessellU
55922.3 4.22094e-17 5.12911e-19 BessellU
55923.3 4.23281e-17 5.73694e-19 BessellU
55924.3 4.23016e-17 6.31314e-19 BessellU
55925.3 4.21406e-17 6.85533e-19 BessellU
55926.3 4.18561e-17 7.36172e-19 BessellU
55927.3 4.14588e-17 7.83096e-19 BessellU
55928.3 4.09597e-17 8.26215e-19 BessellU
55929.3 4.03691e-17 8.65479e-19 BessellU
55930.3 3.96971e-17 9.00872e-19 BessellU
55931.3 3.89537e-17 9.32409e-19 BessellU
55932.3 3.81479e-17 9.60135e-19 BessellU
55933.3 3.72887e-17 9.84121e-19 BessellU
55934.3 3.63842e-17 1.00446e-18 BessellU
55935.3 3.54422e-17 1.02125e-18 BessellU
55865.1 9.58456e-18 5.48974e-20 BessellI
55866.1 1.23981e-17 6.65043e-20 BessellI
55867.1 1.60305e-17 8.01327e-20 BessellI
55868.1 2.07168e-17 9.59585e-20 BessellI
55869.1 2.67574e-17 1.14088e-19 BessellI
55870.1 3.45352e-17 1.34507e-19 BessellI
55871.1 4.4536e-17 1.57005e-19 BessellI
55872.1 5.73714e-17 1.81084e-19 BessellI
55873.1 7.38045e-17 2.05835e-19 BessellI
55874.1 9.4775e-17 2.29807e-19 BessellI
55875.1 1.21418e-16 2.50876e-19 BessellI
55876.1 1.55064e-16 2.66192e-19 BessellI
55877.1 1.97214e-16 2.72299e-19 BessellI
55878.1 2.49439e-16 2.65667e-19 BessellI
55879.1 3.13203e-16 2.44033e-19 BessellI
55880.1 3.89547e-16 2.09558e-19 BessellI
55881.1 4.78623e-16 1.75988e-19 BessellI
55882.1 5.79137e-16 1.75776e-19 BessellI
55883.1 6.87818e-16 2.28366e-19 BessellI
55884.1 7.99211e-16 3.12112e-19 BessellI
55885.1 9.06067e-16 4.06529e-19 BessellI
55886.1 1.00048e-15 5.05916e-19 BessellI
55887.1 1.07553e-15 6.08637e-19 BessellI
55888.1 1.12675e-15 7.06425e-19 BessellI
55889.1 1.15287e-15 7.83857e-19 BessellI
55890.1 1.1556e-15 8.26466e-19 BessellI
55891.1 1.13867e-15 8.27985e-19 BessellI
55892.1 1.10668e-15 7.91893e-19 BessellI
55893.1 1.06421e-15 7.28706e-19 BessellI
55894.1 1.01524e-15 6.52081e-19 BessellI
55895.1 9.62912e-16 5.75589e-19 BessellI
55896.1 9.09591e-16 5.10408e-19 BessellI
55897.1 8.56919e-16 4.63434e-19 BessellI
55898.1 8.05989e-16 4.35883e-19 BessellI
55899.1 7.57478e-16 4.23653e-19 BessellI
55900.1 7.11771e-16 4.19939e-19 BessellI
55901.1 6.69045e-16 4.1825e-19 BessellI
55902.1 6.29344e-16 4.13967e-19 BessellI
55903.1 5.92619e-16 4.04498e-19 BessellI
55904.1 5.58765e-16 3.88885e-19 BessellI
55905.1 5.27647e-16 3.67381e-19 BessellI
55906.1 4.99108e-16 3.4121e-19 BessellI
55907.1 4.72986e-16 3.12538e-19 BessellI
55908.1 4.49115e-16 2.84643e-19 BessellI
55909.1 4.27334e-16 2.62137e-19 BessellI
55910.1 4.07487e-16 2.50703e-19 BessellI
55911.1 3.89424e-16 2.55416e-19 BessellI
55912.1 3.73005e-16 2.7808e-19 BessellI
55913.1 3.58096e-16 3.16548e-19 BessellI
55914.1 3.44571e-16 3.66816e-19 BessellI
55915.1 3.32316e-16 4.25096e-19 BessellI
55916.1 3.21219e-16 4.88507e-19 BessellI
55917.1 3.11181e-16 5.55001e-19 BessellI
55918.1 3.02106e-16 6.23117e-19 BessellI
55919.1 2.93907e-16 6.91786e-19 BessellI
55920.1 2.86504e-16 7.60206e-19 BessellI
55921.1 2.79822e-16 8.27753e-19 BessellI
55922.1 2.7379e-16 8.93936e-19 BessellI
55923.1 2.68345e-16 9.58364e-19 BessellI
55924.1 2.63428e-16 1.02072e-18 BessellI
55925.1 2.58985e-16 1.08075e-18 BessellI
55926.1 2.54964e-16 1.13826e-18 BessellI
55927.1 2.51321e-16 1.19307e-18 BessellI
55928.1 2.48012e-16 1.24507e-18 BessellI
55929.1 2.45e-16 1.29417e-18 BessellI
55930.1 2.42248e-16 1.3403e-18 BessellI
55931.1 2.39724e-16 1.38341e-18 BessellI
55932.1 2.37398e-16 1.42349e-18 BessellI
55933.1 2.35244e-16 1.46053e-18 BessellI
55934.1 2.33236e-16 1.49455e-18 BessellI
55935.1 2.31353e-16 1.52557e-18 BessellI
55936.1 2.29574e-16 1.55363e-18 BessellI
55937.1 2.27881e-16 1.57878e-18 BessellI
55938.1 2.26258e-16 1.60108e-18 BessellI
55939.1 2.24689e-16 1.6206e-18 BessellI
55940.1 2.23162e-16 1.6374e-18 BessellI
55941.1 2.21665e-16 1.65156e-18 BessellI
55942.1 2.20186e-16 1.66318e-18 BessellI
55943.1 2.18718e-16 1.67233e-18 BessellI
55944.1 2.17252e-16 1.6791e-18 BessellI
55945.1 2.1578e-16 1.68359e-18 BessellI
55946.1 2.14296e-16 1.68589e-18 BessellI
55947.1 2.12796e-16 1.68609e-18 BessellI
55948.1 2.11274e-16 1.68428e-18 BessellI
55949.1 2.09726e-16 1.68057e-18 BessellI
55950.1 2.0815e-16 1.67505e-18 BessellI
55951.1 2.06543e-16 1.66781e-18 BessellI
55952.1 2.04903e-16 1.65895e-18 BessellI
55953.1 2.03228e-16 1.64855e-18 BessellI
55954.1 2.01517e-16 1.63671e-18 BessellI
55955.1 1.9977e-16 1.62351e-18 BessellI
55956.1 1.97985e-16 1.60905e-18 BessellI
55957.1 1.96164e-16 1.59341e-18 BessellI
55958.1 1.94306e-16 1.57666e-18 BessellI
55959.1 1.92412e-16 1.5589e-18 BessellI
55960.1 1.90483e-16 1.54019e-18 BessellI
55961.1 1.88519e-16 1.52062e-18 BessellI
55962.1 1.86522e-16 1.50026e-18 BessellI
55963.1 1.84493e-16 1.47917e-18 BessellI
55964.1 1.82434e-16 1.45743e-18 BessellI
55965.1 1.80345e-16 1.4351e-18 BessellI
55966.1 1.78229e-16 1.41224e-18 BessellI
55967.1 1.76087e-16 1.38892e-18 BessellI
55968.1 1.73921e-16 1.36519e-18 BessellI
55969.1 1.71733e-16 1.34111e-18 BessellI
55970.1 1.69524e-16 1.31672e-18 BessellI
55971.1 1.67297e-16 1.29209e-18 BessellI
55972.1 1.65054e-16 1.26725e-18 BessellI
55973.1 1.62795e-16 1.24226e-18 BessellI
55974.1 1.60523e-16 1.21715e-18 BessellI
55975.1 1.58241e-16 1.19198e-18 BessellI
55976.1 1.55949e-16 1.16676e-18 BessellI
55977.1 1.5365e-16 1.14155e-18 BessellI
55978.1 1.51345e-16 1.11637e-18 BessellI
55979.1 1.49037e-16 1.09127e-18 BessellI
55980.1 1.46726e-16 1.06626e-18 BessellI
55981.1 1.44414e-16 1.04138e-18 BessellI
55982.1 1.42104e-16 1.01665e-18 BessellI
55983.1 1.39797e-16 9.92099e-19 BessellI
55984.1 1.37494e-16 9.67751e-19 BessellI
55985.1 1.35197e-16 9.43625e-19 BessellI
55986.1 1.32906e-16 9.19741e-19 BessellI
55987.1 1.30625e-16 8.96118e-19 BessellI
55988.1 1.28353e-16 8.72771e-19 BessellI
55989.1 1.26093e-16 8.49717e-19 BessellI
55990.1 1.23845e-16 8.26969e-19 BessellI
55991.1 1.21611e-16 8.04541e-19 BessellI
55992.1 1.19391e-16 7.82442e-19 BessellI
55993.1 1.17187e-16 7.60684e-19 BessellI
55994.1 1.15e-16 7.39276e-19 BessellI
55995.1 1.1283e-16 7.18226e-19 BessellI
55996.1 1.10679e-16 6.9754e-19 BessellI
55997.1 1.08547e-16 6.77225e-19 BessellI
55998.1 1.06436e-16 6.57286e-19 BessellI
55999.1 1.04345e-16 6.37728e-19 BessellI
56000.1 1.02276e-16 6.18553e-19 BessellI
56001.1 1.0023e-16 5.99765e-19 BessellI
56002.1 9.82059e-17 5.81365e-19 BessellI
56003.1 9.62055e-17 5.63356e-19 BessellI
56004.1 9.4229e-17 5.45736e-19 BessellI
56005.1 9.22768e-17 5.28508e-19 BessellI
56006.1 9.03494e-17 5.11669e-19 BessellI
56007.1 8.84472e-17 4.9522e-19 BessellI
56008.1 8.65704e-17 4.79158e-19 BessellI
56009.1 8.47194e-17 4.63481e-19 BessellI
56010.1 8.28945e-17 4.48188e-19 BessellI
56011.1 8.10958e-17 4.33276e-19 BessellI
56012.1 7.93236e-17 4.1874e-19 BessellI
56013.1 7.7578e-17 4.04579e-19 BessellI
56014.1 7.58592e-17 3.90787e-19 BessellI
56015.1 7.41672e-17 3.77362e-19 BessellI
56016.1 7.25021e-17 3.64297e-19 BessellI
56017.1 7.0864e-17 3.5159e-19 BessellI
56018.1 6.92529e-17 3.39236e-19 BessellI
56019.1 6.76687e-17 3.27228e-19 BessellI
56020.1 6.61114e-17 3.15563e-19 BessellI
56021.1 6.45811e-17 3.04234e-19 BessellI
56022.1 6.30775e-17 2.93237e-19 BessellI
56023.1 6.16007e-17 2.82565e-19 BessellI
56024.1 6.01504e-17 2.72214e-19 BessellI
56025.1 5.87266e-17 2.62177e-19 BessellI
56026.1 5.7329e-17 2.52449e-19 BessellI
56027.1 5.59577e-17 2.43023e-19 BessellI
56028.1 5.46122e-17 2.33895e-19 BessellI
56029.1 5.32925e-17 2.25057e-19 BessellI
56030.1 5.19984e-17 2.16505e-19 BessellI
56031.1 5.07296e-17 2.08231e-19 BessellI
56032.1 4.94859e-17 2.00231e-19 BessellI
56033.1 4.8267e-17 1.92497e-19 BessellI
56034.1 4.70727e-17 1.85025e-19 BessellI
56035.1 4.59027e-17 1.77808e-19 BessellI
56036.1 4.47568e-17 1.7084e-19 BessellI
56037.1 4.36346e-17 1.64116e-19 BessellI
56038.1 4.25359e-17 1.5763e-19 BessellI
56039.1 4.14604e-17 1.51375e-19 BessellI
56040.1 4.04078e-17 1.45347e-19 BessellI
56041.1 3.93778e-17 1.39539e-19 BessellI
56042.1 3.83701e-17 1.33947e-19 BessellI
56043.1 3.73843e-17 1.28564e-19 BessellI
56044.1 3.64202e-17 1.23385e-19 BessellI
56045.1 3.54774e-17 1.18405e-19 BessellI
56046.1 3.45556e-17 1.13618e-19 BessellI
56047.1 3.36544e-17 1.09019e-19 BessellI
56048.1 3.27737e-17 1.04604e-19 BessellI
56049.1 3.19129e-17 1.00366e-19 BessellI
56050.1 3.10719e-17 9.6302e-20 BessellI
56051.1 3.02502e-17 9.24057e-20 BessellI
56052.1 2.94476e-17 8.86727e-20 BessellI
56053.1 2.86637e-17 8.50981e-20 BessellI
56054.1 2.78981e-17 8.16774e-20 BessellI
56055.1 2.71507e-17 7.8406e-20 BessellI
56056.1 2.64209e-17 7.52792e-20 BessellI
56057.1 2.57086e-17 7.22926e-20 BessellI
56058.1 2.50134e-17 6.94417e-20 BessellI
56059.1 2.43349e-17 6.67223e-20 BessellI
56060.1 2.36728e-17 6.413e-20 BessellI
56061.1 2.30269e-17 6.16606e-20 BessellI
56062.1 2.23969e-17 5.93098e-20 BessellI
56063.1 2.17823e-17 5.70737e-20 BessellI
56064.1 2.11829e-17 5.4948e-20 BessellI
56065.1 2.05984e-17 5.29287e-20 BessellI
56066.1 2.00285e-17 5.10118e-20 BessellI
56067.1 1.94728e-17 4.91934e-20 BessellI
56068.1 1.89312e-17 4.74695e-20 BessellI
56069.1 1.84032e-17 4.58362e-20 BessellI
56070.1 1.78887e-17 4.42897e-20 BessellI
56071.1 1.73873e-17 4.28262e-20 BessellI
56072.1 1.68987e-17 4.14419e-20 BessellI
56073.1 1.64227e-17 4.01331e-20 BessellI
56074.1 1.5959e-17 3.88961e-20 BessellI
56075.1 1.55072e-17 3.77274e-20 BessellI
56076.1 1.50673e-17 3.66233e-20 BessellI
56077.1 1.46388e-17 3.55804e-20 BessellI
56078.1 1.42216e-17 3.45953e-20 BessellI
56079.1 1.38153e-17 3.36646e-20 BessellI
56080.1 1.34197e-17 3.27852e-20 BessellI
56081.1 1.30347e-17 3.19537e-20 BessellI
56082.1 1.26598e-17 3.11672e-20 BessellI
56083.1 1.2295e-17 3.04228e-20 BessellI
56084.1 1.19399e-17 2.97175e-20 BessellI
56085.1 1.15944e-17 2.90487e-20 BessellI
56086.1 1.12581e-17 2.84137e-20 BessellI
56087.1 1.0931e-17 2.781e-20 BessellI
56088.1 1.06127e-17 2.72354e-20 BessellI
56089.1 1.0303e-17 2.66875e-20 BessellI
56090.1 1.00019e-17 2.61643e-20 BessellI
56091.1 9.70889e-18 2.56638e-20 BessellI
56092.1 9.42397e-18 2.51841e-20 BessellI
56093.1 9.14688e-18 2.47235e-20 BessellI
56094.1 8.87744e-18 2.42803e-20 BessellI
56095.1 8.61545e-18 2.38531e-20 BessellI
56096.1 8.36073e-18 2.34406e-20 BessellI
56097.1 8.11309e-18 2.30413e-20 BessellI
56098.1 7.87236e-18 2.26542e-20 BessellI
56099.1 7.63836e-18 2.22782e-20 BessellI
56100.1 7.41091e-18 2.19122e-20 BessellI
56101.1 7.18986e-18 2.15554e-20 BessellI
56102.1 6.97504e-18 2.12071e-20 BessellI
56103.1 6.76629e-18 2.08663e-20 BessellI
56104.1 6.56345e-18 2.05326e-20 BessellI
56105.1 6.36636e-18 2.02052e-20 BessellI
56106.1 6.17488e-18 1.98837e-20 BessellI
56107.1 5.98886e-18 1.95676e-20 BessellI
56108.1 5.80816e-18 1.92565e-20 BessellI
56109.1 5.63264e-18 1.89499e-20 BessellI
56110.1 5.46215e-18 1.86476e-20 BessellI
56111.1 5.29657e-18 1.83492e-20 BessellI
56112.1 5.13577e-18 1.80546e-20 BessellI
56113.1 4.97961e-18 1.77634e-20 BessellI
56114.1 4.82797e-18 1.74756e-20 BessellI
56115.1 4.68074e-18 1.71908e-20 BessellI
56116.1 4.53779e-18 1.69091e-20 BessellI
56117.1 4.399e-18 1.66303e-20 BessellI
56118.1 4.26427e-18 1.63542e-20 BessellI
56119.1 4.13348e-18 1.60808e-20 BessellI
55865.1 4.40436e-18 6.6156e-20 BessellB
55866.1 6.33856e-18 8.91445e-20 BessellB
55867.1 9.11409e-18 1.19445e-19 BessellB
55868.1 1.30919e-17 1.59e-19 BessellB
55869.1 1.87837e-17 2.10033e-19 BessellB
55870.1 2.69116e-17 2.74897e-19 BessellB
55871.1 3.84868e-17 3.55754e-19 BessellB
55872.1 5.49087e-17 4.53932e-19 BessellB
55873.1 7.80794e-17 5.68805e-19 BessellB
55874.1 1.10511e-16 6.96006e-19 BessellB
55875.1 1.55369e-16 8.2494e-19 BessellB
55876.1 2.1632e-16 9.36121e-19 BessellB
55877.1 2.96988e-16 1.0002e-18 BessellB
55878.1 3.99707e-16 9.82847e-19 BessellB
55879.1 5.23462e-16 8.61099e-19 BessellB
55880.1 6.61489e-16 6.53656e-19 BessellB
55881.1 8.00174e-16 4.54544e-19 BessellB
55882.1 9.21427e-16 3.93531e-19 BessellB
55883.1 1.00872e-15 4.1696e-19 BessellB
55884.1 1.05337e-15 4.07738e-19 BessellB
55885.1 1.05654e-15 3.78028e-19 BessellB
55886.1 1.0265e-15 3.76203e-19 BessellB
55887.1 9.73953e-16 3.99463e-19 BessellB
55888.1 9.08651e-16 4.16742e-19 BessellB
55889.1 8.37955e-16 4.12655e-19 BessellB
55890.1 7.66777e-16 3.88135e-19 BessellB
55891.1 6.98097e-16 3.5033e-19 BessellB
55892.1 6.33554e-16 3.06909e-19 BessellB
55893.1 5.73932e-16 2.64056e-19 BessellB
55894.1 5.19498e-16 2.26135e-19 BessellB
55895.1 4.70216e-16 1.95815e-19 BessellB
55896.1 4.25888e-16 1.74152e-19 BessellB
55897.1 3.8623e-16 1.60611e-19 BessellB
55898.1 3.50922e-16 1.53374e-19 BessellB
55899.1 3.19634e-16 1.5007e-19 BessellB
55900.1 2.92038e-16 1.48546e-19 BessellB
55901.1 2.67824e-16 1.47258e-19 BessellB
55902.1 2.46692e-16 1.45284e-19 BessellB
55903.1 2.28367e-16 1.42192e-19 BessellB
55904.1 2.12587e-16 1.37888e-19 BessellB
55905.1 1.99111e-16 1.32505e-19 BessellB
55906.1 1.87717e-16 1.26338e-19 BessellB
55907.1 1.78198e-16 1.19803e-19 BessellB
55908.1 1.70362e-16 1.13417e-19 BessellB
55909.1 1.64033e-16 1.0778e-19 BessellB
55910.1 1.5905e-16 1.03541e-19 BessellB
55911.1 1.55264e-16 1.01314e-19 BessellB
55912.1 1.52538e-16 1.01561e-19 BessellB
55913.1 1.50745e-16 1.04484e-19 BessellB
55914.1 1.49771e-16 1.0998e-19 BessellB
55915.1 1.49511e-16 1.17713e-19 BessellB
55916.1 1.49868e-16 1.27232e-19 BessellB
55917.1 1.50754e-16 1.38075e-19 BessellB
55918.1 1.5209e-16 1.49831e-19 BessellB
55919.1 1.53802e-16 1.62157e-19 BessellB
55920.1 1.55825e-16 1.74778e-19 BessellB
55921.1 1.58099e-16 1.87479e-19 BessellB
55922.1 1.6057e-16 2.0009e-19 BessellB
55923.1 1.63189e-16 2.12481e-19 BessellB
55924.1 1.65913e-16 2.24549e-19 BessellB
55925.1 1.68702e-16 2.36215e-19 BessellB
55926.1 1.71521e-16 2.47418e-19 BessellB
55927.1 1.7434e-16 2.58113e-19 BessellB
55928.1 1.77131e-16 2.68264e-19 BessellB
55929.1 1.79869e-16 2.77849e-19 BessellB
55930.1 1.82533e-16 2.86851e-19 BessellB
55931.1 1.85105e-16 2.9526e-19 BessellB
55932.1 1.87569e-16 3.03074e-19 BessellB
55933.1 1.89911e-16 3.10293e-19 BessellB
55934.1 1.92119e-16 3.16922e-19 BessellB
55935.1 1.94185e-16 3.22969e-19 BessellB
55936.1 1.96099e-16 3.28446e-19 BessellB
55937.1 1.97856e-16 3.33365e-19 BessellB
55938.1 1.99451e-16 3.37741e-19 BessellB
55939.1 2.0088e-16 3.41592e-19 BessellB
55940.1 2.02142e-16 3.44934e-19 BessellB
55941.1 2.03234e-16 3.47786e-19 BessellB
55942.1 2.04156e-16 3.50168e-19 BessellB
55943.1 2.0491e-16 3.52099e-19 BessellB
55944.1 2.05495e-16 3.536e-19 BessellB
55945.1 2.05915e-16 3.5469e-19 BessellB
55946.1 2.06171e-16 3.5539e-19 BessellB
55947.1 2.06267e-16 3.5572e-19 BessellB
55948.1 2.06206e-16 3.55699e-19 BessellB
55949.1 2.05992e-16 3.55348e-19 BessellB
55950.1 2.05629e-16 3.54686e-19 BessellB
55951.1 2.05122e-16 3.5373e-19 BessellB
55952.1 2.04476e-16 3.52501e-19 BessellB
55953.1 2.03695e-16 3.51015e-19 BessellB
55954.1 2.02785e-16 3.49289e-19 BessellB
55955.1 2.01751e-16 3.47341e-19 BessellB
55956.1 2.00598e-16 3.45186e-19 BessellB
55957.1 1.99331e-16 3.4284e-19 BessellB
55958.1 1.97956e-16 3.40317e-19 BessellB
55959.1 1.96479e-16 3.37633e-19 BessellB
55960.1 1.94904e-16 3.34799e-19 BessellB
55961.1 1.93237e-16 3.31829e-19 BessellB
55962.1 1.91484e-16 3.28736e-19 BessellB
55963.1 1.89649e-16 3.25531e-19 BessellB
55964.1 1.87738e-16 3.22224e-19 BessellB
55965.1 1.85756e-16 3.18827e-19 BessellB
55966.1 1.83707e-16 3.15349e-19 BessellB
55967.1 1.81598e-16 3.118e-19 BessellB
55968.1 1.79432e-16 3.08188e-19 BessellB
55969.1 1.77214e-16 3.04521e-19 BessellB
55970.1 1.74949e-16 3.00808e-19 BessellB
55971.1 1.72641e-16 2.97054e-19 BessellB
55972.1 1.70294e-16 2.93268e-19 BessellB
55973.1 1.67912e-16 2.89454e-19 BessellB
55974.1 1.655e-16 2.8562e-19 BessellB
55975.1 1.63061e-16 2.8177e-19 BessellB
55976.1 1.60598e-16 2.7791e-19 BessellB
55977.1 1.58116e-16 2.74044e-19 BessellB
55978.1 1.55618e-16 2.70176e-19 BessellB
55979.1 1.53107e-16 2.6631e-19 BessellB
55980.1 1.50586e-16 2.62451e-19 BessellB
55981.1 1.48058e-16 2.58601e-19 BessellB
55982.1 1.45526e-16 2.54763e-19 BessellB
55983.1 1.42993e-16 2.5094e-19 BessellB
55984.1 1.40461e-16 2.47135e-19 BessellB
55985.1 1.37933e-16 2.4335e-19 BessellB
55986.1 1.35411e-16 2.39588e-19 BessellB
55987.1 1.32897e-16 2.35849e-19 BessellB
55988.1 1.30393e-16 2.32136e-19 BessellB
55989.1 1.27902e-16 2.28451e-19 BessellB
55990.1 1.25425e-16 2.24794e-19 BessellB
55991.1 1.22963e-16 2.21168e-19 BessellB
55992.1 1.20519e-16 2.17572e-19 BessellB
55993.1 1.18094e-16 2.14009e-19 BessellB
55994.1 1.15689e-16 2.10479e-19 BessellB
55995.1 1.13306e-16 2.06982e-19 BessellB
55996.1 1.10946e-16 2.0352e-19 BessellB
55997.1 1.08611e-16 2.00093e-19 BessellB
55998.1 1.063e-16 1.96702e-19 BessellB
55999.1 1.04015e-16 1.93346e-19 BessellB
56000.1 1.01758e-16 1.90027e-19 BessellB
56001.1 9.95276e-17 1.86745e-19 BessellB
56002.1 9.73263e-17 1.83499e-19 BessellB
56003.1 9.51541e-17 1.80291e-19 BessellB
56004.1 9.30117e-17 1.7712e-19 BessellB
56005.1 9.08996e-17 1.73986e-19 BessellB
56006.1 8.88183e-17 1.7089e-19 BessellB
56007.1 8.67681e-17 1.67831e-19 BessellB
56008.1 8.47495e-17 1.64809e-19 BessellB
56009.1 8.27626e-17 1.61825e-19 BessellB
56010.1 8.08078e-17 1.58879e-19 BessellB
56011.1 7.88852e-17 1.5597e-19 BessellB
56012.1 7.6995e-17 1.53099e-19 BessellB
56013.1 7.51373e-17 1.50264e-19 BessellB
56014.1 7.33121e-17 1.47467e-19 BessellB
56015.1 7.15195e-17 1.44707e-19 BessellB
56016.1 6.97595e-17 1.41983e-19 BessellB
56017.1 6.80319e-17 1.39297e-19 BessellB
56018.1 6.63368e-17 1.36647e-19 BessellB
56019.1 6.4674e-17 1.34034e-19 BessellB
56020.1 6.30433e-17 1.31456e-19 BessellB
56021.1 6.14446e-17 1.28915e-19 BessellB
56022.1 5.98777e-17 1.2641e-19 BessellB
56023.1 5.83423e-17 1.2394e-19 BessellB
56024.1 5.68383e-17 1.21506e-19 BessellB
56025.1 5.53654e-17 1.19108e-19 BessellB
56026.1 5.39232e-17 1.16744e-19 BessellB
56027.1 5.25116e-17 1.14415e-19 BessellB
56028.1 5.11301e-17 1.12121e-19 BessellB
56029.1 4.97784e-17 1.09862e-19 BessellB
56030.1 4.84563e-17 1.07636e-19 BessellB
56031.1 4.71633e-17 1.05445e-19 BessellB
56032.1 4.58991e-17 1.03287e-19 BessellB
56033.1 4.46633e-17 1.01163e-19 BessellB
56034.1 4.34555e-17 9.90725e-20 BessellB
56035.1 4.22753e-17 9.70147e-20 BessellB
56036.1 4.11224e-17 9.49897e-20 BessellB
56037.1 3.99963e-17 9.29973e-20 BessellB
56038.1 3.88966e-17 9.10371e-20 BessellB
56039.1 3.78228e-17 8.91089e-20 BessellB
56040.1 3.67747e-17 8.72124e-20 BessellB
56041.1 3.57517e-17 8.53474e-20 BessellB
56042.1 3.47534e-17 8.35137e-20 BessellB
56043.1 3.37794e-17 8.17108e-20 BessellB
56044.1 3.28293e-17 7.99386e-20 BessellB
56045.1 3.19027e-17 7.81968e-20 BessellB
56046.1 3.0999e-17 7.6485e-20 BessellB
56047.1 3.01179e-17 7.4803e-20 BessellB
56048.1 2.9259e-17 7.31506e-20 BessellB
56049.1 2.84217e-17 7.15273e-20 BessellB
56050.1 2.76058e-17 6.9933e-20 BessellB
56051.1 2.68108e-17 6.83672e-20 BessellB
56052.1 2.60362e-17 6.68298e-20 BessellB
56053.1 2.52817e-17 6.53204e-20 BessellB
56054.1 2.45468e-17 6.38387e-20 BessellB
56055.1 2.38311e-17 6.23843e-20 BessellB
56056.1 2.31343e-17 6.09571e-20 BessellB
56057.1 2.24558e-17 5.95566e-20 BessellB
56058.1 2.17954e-17 5.81825e-20 BessellB
56059.1 2.11525e-17 5.68346e-20 BessellB
56060.1 2.05269e-17 5.55125e-20 BessellB
56061.1 1.99182e-17 5.42159e-20 BessellB
56062.1 1.93259e-17 5.29445e-20 BessellB
56063.1 1.87497e-17 5.16979e-20 BessellB
56064.1 1.81892e-17 5.04758e-20 BessellB
56065.1 1.76441e-17 4.92779e-20 BessellB
56066.1 1.7114e-17 4.8104e-20 BessellB
56067.1 1.65985e-17 4.69535e-20 BessellB
56068.1 1.60973e-17 4.58263e-20 BessellB
56069.1 1.56101e-17 4.4722e-20 BessellB
56070.1 1.51365e-17 4.36403e-20 BessellB
56071.1 1.46762e-17 4.25808e-20 BessellB
56072.1 1.42288e-17 4.15433e-20 BessellB
56073.1 1.37941e-17 4.05273e-20 BessellB
56074.1 1.33718e-17 3.95327e-20 BessellB
56075.1 1.29614e-17 3.85589e-20 BessellB
56076.1 1.25628e-17 3.76059e-20 BessellB
56077.1 1.21756e-17 3.66731e-20 BessellB
56078.1 1.17995e-17 3.57603e-20 BessellB
56079.1 1.14343e-17 3.48672e-20 BessellB
56080.1 1.10796e-17 3.39934e-20 BessellB
56081.1 1.07353e-17 3.31387e-20 BessellB
56082.1 1.04009e-17 3.23027e-20 BessellB
56083.1 1.00764e-17 3.14851e-20 BessellB
56084.1 9.76131e-18 3.06856e-20 BessellB
56085.1 9.45552e-18 2.99039e-20 BessellB
56086.1 9.15873e-18 2.91397e-20 BessellB
56087.1 8.87072e-18 2.83926e-20 BessellB
56088.1 8.59125e-18 2.76625e-20 BessellB
56089.1 8.32008e-18 2.69489e-20 BessellB
56090.1 8.05699e-18 2.62515e-20 BessellB
56091.1 7.80176e-18 2.55702e-20 BessellB
56092.1 7.55418e-18 2.49046e-20 BessellB
56093.1 7.31403e-18 2.42543e-20 BessellB
56094.1 7.08112e-18 2.36192e-20 BessellB
56095.1 6.85523e-18 2.29989e-20 BessellB
56096.1 6.63619e-18 2.23931e-20 BessellB
56097.1 6.42378e-18 2.18017e-20 BessellB
56098.1 6.21784e-18 2.12242e-20 BessellB
56099.1 6.01817e-18 2.06604e-20 BessellB
56100.1 5.82461e-18 2.01101e-20 BessellB
56101.1 5.63697e-18 1.9573e-20 BessellB
56102.1 5.45509e-18 1.90488e-20 BessellB
56103.1 5.27881e-18 1.85373e-20 BessellB
56104.1 5.10796e-18 1.80382e-20 BessellB
56105.1 4.94239e-18 1.75512e-20 BessellB
56106.1 4.78194e-18 1.70762e-20 BessellB
56107.1 4.62648e-18 1.66128e-20 BessellB
56108.1 4.47584e-18 1.61609e-20 BessellB
56109.1 4.3299e-18 1.57201e-20 BessellB
56110.1 4.18852e-18 1.52903e-20 BessellB
56111.1 4.05156e-18 1.48712e-20 BessellB
56112.1 3.91889e-18 1.44626e-20 BessellB
56113.1 3.79038e-18 1.40642e-20 BessellB
56114.1 3.66592e-18 1.36759e-20 BessellB
56115.1 3.54539e-18 1.32974e-20 BessellB
56116.1 3.42866e-18 1.29285e-20 BessellB
56117.1 3.31562e-18 1.25691e-20 BessellB
56118.1 3.20616e-18 1.22188e-20 BessellB
56119.1 3.10019e-18 1.18775e-20 BessellB
55862.5 6.20012e-18 4.00724e-20 BessellR
55863.5 8.13159e-18 4.97483e-20 BessellR
55864.5 1.06596e-17 6.15207e-20 BessellR
55865.5 1.39664e-17 7.57479e-20 BessellR
55866.5 1.82891e-17 9.28073e-20 BessellR
55867.5 2.39352e-17 1.13073e-19 BessellR
55868.5 3.13036e-17 1.36876e-19 BessellR
55869.5 4.09093e-17 1.64448e-19 BessellR
55870.5 5.34151e-17 1.95832e-19 BessellR
55871.5 6.96693e-17 2.30752e-19 BessellR
55872.5 9.07499e-17 2.68436e-19 BessellR
55873.5 1.18012e-16 3.07393e-19 BessellR
55874.5 1.53132e-16 3.45138e-19 BessellR
55875.5 1.98141e-16 3.77934e-19 BessellR
55876.5 2.55415e-16 4.00645e-19 BessellR
55877.5 3.27592e-16 4.06992e-19 BessellR
55878.5 4.17346e-16 3.90724e-19 BessellR
55879.5 5.26961e-16 3.48936e-19 BessellR
55880.5 6.57602e-16 2.90614e-19 BessellR
55881.5 8.08319e-16 2.54956e-19 BessellR
55882.5 9.74927e-16 2.99986e-19 BessellR
55883.5 1.14921e-15 4.08196e-19 BessellR
55884.5 1.31912e-15 5.18185e-19 BessellR
55885.5 1.4705e-15 5.9473e-19 BessellR
55886.5 1.59011e-15 6.35815e-19 BessellR
55887.5 1.66891e-15 6.623e-19 BessellR
55888.5 1.70396e-15 6.92367e-19 BessellR
55889.5 1.69825e-15 7.22391e-19 BessellR
55890.5 1.65884e-15 7.36068e-19 BessellR
55891.5 1.59451e-15 7.22728e-19 BessellR
55892.5 1.51385e-15 6.83459e-19 BessellR
55893.5 1.42408e-15 6.27514e-19 BessellR
55894.5 1.33077e-15 5.66766e-19 BessellR
55895.5 1.23786e-15 5.11496e-19 BessellR
55896.5 1.14794e-15 4.67889e-19 BessellR
55897.5 1.06263e-15 4.37174e-19 BessellR
55898.5 9.82818e-16 4.16576e-19 BessellR
55899.5 9.08898e-16 4.0156e-19 BessellR
55900.5 8.40954e-16 3.88035e-19 BessellR
55901.5 7.78864e-16 3.73545e-19 BessellR
55902.5 7.22386e-16 3.57583e-19 BessellR
55903.5 6.71208e-16 3.41493e-19 BessellR
55904.5 6.24985e-16 3.28234e-19 BessellR
55905.5 5.83361e-16 3.2193e-19 BessellR
55906.5 5.45982e-16 3.26864e-19 BessellR
55907.5 5.12504e-16 3.45972e-19 BessellR
55908.5 4.82599e-16 3.79751e-19 BessellR
55909.5 4.55959e-16 4.26523e-19 BessellR
55910.5 4.32291e-16 4.83576e-19 BessellR
55911.5 4.11326e-16 5.48155e-19 BessellR
55912.5 3.92811e-16 6.1789e-19 BessellR
55913.5 3.76514e-16 6.90879e-19 BessellR
55914.5 3.62217e-16 7.65619e-19 BessellR
55915.5 3.49723e-16 8.40926e-19 BessellR
55916.5 3.38847e-16 9.15856e-19 BessellR
55917.5 3.2942e-16 9.89652e-19 BessellR
55918.5 3.21288e-16 1.0617e-18 BessellR
55919.5 3.14308e-16 1.13151e-18 BessellR
55920.5 3.0835e-16 1.19869e-18 BessellR
55921.5 3.03294e-16 1.2629e-18 BessellR
55922.5 2.99031e-16 1.32391e-18 BessellR
55923.5 2.95463e-16 1.38152e-18 BessellR
55924.5 2.92497e-16 1.43557e-18 BessellR
55925.5 2.90052e-16 1.48597e-18 BessellR
55926.5 2.88053e-16 1.53266e-18 BessellR
55927.5 2.86432e-16 1.5756e-18 BessellR
55928.5 2.85127e-16 1.61477e-18 BessellR
55929.5 2.84084e-16 1.65021e-18 BessellR
55930.5 2.83253e-16 1.68194e-18 BessellR
55931.5 2.82589e-16 1.71003e-18 BessellR
55932.5 2.82052e-16 1.73455e-18 BessellR
55933.5 2.81606e-16 1.75557e-18 BessellR
55934.5 2.81219e-16 1.77321e-18 BessellR
55935.5 2.80865e-16 1.78755e-18 BessellR
55936.5 2.80517e-16 1.79872e-18 BessellR
55937.5 2.80154e-16 1.80683e-18 BessellR
55938.5 2.79757e-16 1.81201e-18 BessellR
55939.5 2.7931e-16 1.81438e-18 BessellR
55940.5 2.788e-16 1.81406e-18 BessellR
55941.5 2.78214e-16 1.8112e-18 BessellR
55942.5 2.77541e-16 1.80592e-18 BessellR
55943.5 2.76776e-16 1.79835e-18 BessellR
55944.5 2.75909e-16 1.78863e-18 BessellR
55945.5 2.74937e-16 1.77687e-18 BessellR
55946.5 2.73856e-16 1.76322e-18 BessellR
55947.5 2.72663e-16 1.74779e-18 BessellR
55948.5 2.71356e-16 1.7307e-18 BessellR
55949.5 2.69934e-16 1.71208e-18 BessellR
55950.5 2.68398e-16 1.69204e-18 BessellR
55951.5 2.66749e-16 1.6707e-18 BessellR
55952.5 2.64988e-16 1.64816e-18 BessellR
55953.5 2.63116e-16 1.62454e-18 BessellR
55954.5 2.61138e-16 1.59992e-18 BessellR
55955.5 2.59055e-16 1.57442e-18 BessellR
55956.5 2.56871e-16 1.54813e-18 BessellR
55957.5 2.5459e-16 1.52114e-18 BessellR
55958.5 2.52215e-16 1.49352e-18 BessellR
55959.5 2.49751e-16 1.46538e-18 BessellR
55960.5 2.47202e-16 1.43678e-18 BessellR
55961.5 2.44573e-16 1.4078e-18 BessellR
55962.5 2.41867e-16 1.37852e-18 BessellR
55963.5 2.39091e-16 1.34899e-18 BessellR
55964.5 2.36247e-16 1.31929e-18 BessellR
55965.5 2.33341e-16 1.28947e-18 BessellR
55966.5 2.30378e-16 1.25959e-18 BessellR
55967.5 2.27363e-16 1.22971e-18 BessellR
55968.5 2.24299e-16 1.19987e-18 BessellR
55969.5 2.21191e-16 1.17012e-18 BessellR
55970.5 2.18045e-16 1.1405e-18 BessellR
55971.5 2.14863e-16 1.11106e-18 BessellR
55972.5 2.11651e-16 1.08184e-18 BessellR
55973.5 2.08413e-16 1.05286e-18 BessellR
55974.5 2.05152e-16 1.02416e-18 BessellR
55975.5 2.01873e-16 9.95766e-19 BessellR
55976.5 1.98579e-16 9.67713e-19 BessellR
55977.5 1.95275e-16 9.40021e-19 BessellR
55978.5 1.91963e-16 9.12714e-19 BessellR
55979.5 1.88647e-16 8.85812e-19 BessellR
55980.5 1.85331e-16 8.59333e-19 BessellR
55981.5 1.82018e-16 8.33294e-19 BessellR
55982.5 1.7871e-16 8.07708e-19 BessellR
55983.5 1.7541e-16 7.82591e-19 BessellR
55984.5 1.72122e-16 7.57951e-19 BessellR
55985.5 1.68847e-16 7.33799e-19 BessellR
55986.5 1.65589e-16 7.10143e-19 BessellR
55987.5 1.62349e-16 6.8699e-19 BessellR
55988.5 1.5913e-16 6.64345e-19 BessellR
55989.5 1.55934e-16 6.42213e-19 BessellR
55990.5 1.52763e-16 6.20595e-19 BessellR
55991.5 1.49619e-16 5.99495e-19 BessellR
55992.5 1.46503e-16 5.78912e-19 BessellR
55993.5 1.43417e-16 5.58848e-19 BessellR
55994.5 1.40362e-16 5.39301e-19 BessellR
55995.5 1.3734e-16 5.20269e-19 BessellR
55996.5 1.34353e-16 5.01749e-19 BessellR
55997.5 1.31401e-16 4.8374e-19 BessellR
55998.5 1.28485e-16 4.66236e-19 BessellR
55999.5 1.25606e-16 4.49233e-19 BessellR
56000.5 1.22766e-16 4.32726e-19 BessellR
56001.5 1.19965e-16 4.1671e-19 BessellR
56002.5 1.17204e-16 4.01178e-19 BessellR
56003.5 1.14483e-16 3.86125e-19 BessellR
56004.5 1.11802e-16 3.71544e-19 BessellR
56005.5 1.09164e-16 3.57427e-19 BessellR
56006.5 1.06567e-16 3.43767e-19 BessellR
56007.5 1.04012e-16 3.30557e-19 BessellR
56008.5 1.015e-16 3.17788e-19 BessellR
56009.5 9.90301e-17 3.05453e-19 BessellR
56010.5 9.66032e-17 2.93543e-19 BessellR
56011.5 9.42192e-17 2.8205e-19 BessellR
56012.5 9.18781e-17 2.70966e-19 BessellR
56013.5 8.95799e-17 2.60281e-19 BessellR
56014.5 8.73246e-17 2.49987e-19 BessellR
56015.5 8.5112e-17 2.40076e-19 BessellR
56016.5 8.29421e-17 2.30538e-19 BessellR
56017.5 8.08146e-17 2.21364e-19 BessellR
56018.5 7.87293e-17 2.12547e-19 BessellR
56019.5 7.66861e-17 2.04076e-19 BessellR
56020.5 7.46845e-17 1.95943e-19 BessellR
56021.5 7.27243e-17 1.88139e-19 BessellR
56022.5 7.08051e-17 1.80656e-19 BessellR
56023.5 6.89266e-17 1.73484e-19 BessellR
56024.5 6.70884e-17 1.66615e-19 BessellR
56025.5 6.529e-17 1.6004e-19 BessellR
56026.5 6.35311e-17 1.5375e-19 BessellR
56027.5 6.18112e-17 1.47737e-19 BessellR
56028.5 6.01298e-17 1.41992e-19 BessellR
56029.5 5.84864e-17 1.36506e-19 BessellR
56030.5 5.68805e-17 1.31272e-19 BessellR
56031.5 5.53117e-17 1.26281e-19 BessellR
56032.5 5.37793e-17 1.21524e-19 BessellR
56033.5 5.22829e-17 1.16993e-19 BessellR
56034.5 5.08219e-17 1.1268e-19 BessellR
56035.5 4.93958e-17 1.08577e-19 BessellR
56036.5 4.8004e-17 1.04675e-19 BessellR
56037.5 4.6646e-17 1.00968e-19 BessellR
56038.5 4.53211e-17 9.74457e-20 BessellR
56039.5 4.40289e-17 9.41019e-20 BessellR
56040.5 4.27687e-17 9.09283e-20 BessellR
56041.5 4.154e-17 8.79173e-20 BessellR
56042.5 4.03422e-17 8.50615e-20 BessellR
56043.5 3.91747e-17 8.23533e-20 BessellR
56044.5 3.80369e-17 7.97855e-20 BessellR
56045.5 3.69284e-17 7.7351e-20 BessellR
56046.5 3.58484e-17 7.50428e-20 BessellR
56047.5 3.47965e-17 7.2854e-20 BessellR
56048.5 3.37721e-17 7.07779e-20 BessellR
56049.5 3.27745e-17 6.88081e-20 BessellR
56050.5 3.18034e-17 6.69383e-20 BessellR
56051.5 3.0858e-17 6.51624e-20 BessellR
56052.5 2.99379e-17 6.34746e-20 BessellR
56053.5 2.90425e-17 6.18692e-20 BessellR
56054.5 2.81712e-17 6.03408e-20 BessellR
56055.5 2.73236e-17 5.88843e-20 BessellR
56056.5 2.64991e-17 5.74947e-20 BessellR
56057.5 2.56972e-17 5.61674e-20 BessellR
56058.5 2.49173e-17 5.4898e-20 BessellR
56059.5 2.41591e-17 5.36822e-20 BessellR
56060.5 2.34218e-17 5.25162e-20 BessellR
56061.5 2.27052e-17 5.13962e-20 BessellR
56062.5 2.20086e-17 5.03189e-20 BessellR
56063.5 2.13317e-17 4.92809e-20 BessellR
56064.5 2.06739e-17 4.82793e-20 BessellR
56065.5 2.00347e-17 4.73112e-20 BessellR
56066.5 1.94138e-17 4.63742e-20 BessellR
56067.5 1.88106e-17 4.54659e-20 BessellR
56068.5 1.82247e-17 4.4584e-20 BessellR
56069.5 1.76558e-17 4.37266e-20 BessellR
56070.5 1.71033e-17 4.28919e-20 BessellR
56071.5 1.65668e-17 4.2078e-20 BessellR
56072.5 1.6046e-17 4.12837e-20 BessellR
56073.5 1.55404e-17 4.05074e-20 BessellR
56074.5 1.50496e-17 3.97479e-20 BessellR
56075.5 1.45733e-17 3.9004e-20 BessellR
56076.5 1.41111e-17 3.82749e-20 BessellR
56077.5 1.36626e-17 3.75594e-20 BessellR
56078.5 1.32274e-17 3.68569e-20 BessellR
56079.5 1.28052e-17 3.61666e-20 BessellR
56080.5 1.23957e-17 3.54879e-20 BessellR
56081.5 1.19984e-17 3.48201e-20 BessellR
56082.5 1.16131e-17 3.41628e-20 BessellR
56083.5 1.12394e-17 3.35154e-20 BessellR
56084.5 1.08771e-17 3.28777e-20 BessellR
56085.5 1.05258e-17 3.22492e-20 BessellR
56086.5 1.01851e-17 3.16297e-20 BessellR
56087.5 9.8549e-18 3.10189e-20 BessellR
56088.5 9.5348e-18 3.04165e-20 BessellR
56089.5 9.22452e-18 2.98224e-20 BessellR
56090.5 8.9238e-18 2.92364e-20 BessellR
56091.5 8.63236e-18 2.86584e-20 BessellR
56092.5 8.34995e-18 2.80881e-20 BessellR
56093.5 8.0763e-18 2.75256e-20 BessellR
56094.5 7.81117e-18 2.69708e-20 BessellR
56095.5 7.55431e-18 2.64234e-20 BessellR
56096.5 7.30547e-18 2.58836e-20 BessellR
56097.5 7.06444e-18 2.53513e-20 BessellR
56098.5 6.83098e-18 2.48263e-20 BessellR
56099.5 6.60487e-18 2.43087e-20 BessellR
56100.5 6.38589e-18 2.37985e-20 BessellR
56101.5 6.17384e-18 2.32955e-20 BessellR
56102.5 5.96851e-18 2.27999e-20 BessellR
56103.5 5.76971e-18 2.23115e-20 BessellR
56104.5 5.57723e-18 2.18304e-20 BessellR
56105.5 5.3909e-18 2.13565e-20 BessellR
56106.5 5.21052e-18 2.08898e-20 BessellR
56107.5 5.03593e-18 2.04304e-20 BessellR
56108.5 4.86693e-18 1.99781e-20 BessellR
56109.5 4.70338e-18 1.9533e-20 BessellR
56110.5 4.54509e-18 1.9095e-20 BessellR
56111.5 4.39192e-18 1.86642e-20 BessellR
56112.5 4.2437e-18 1.82404e-20 BessellR
56113.5 4.10029e-18 1.78238e-20 BessellR
56114.5 3.96154e-18 1.74142e-20 BessellR
56115.5 3.8273e-18 1.70116e-20 BessellR
56116.5 3.69744e-18 1.6616e-20 BessellR
56117.5 3.57182e-18 1.62273e-20 BessellR
56118.5 3.45031e-18 1.58456e-20 BessellR
55865.1 1.46179e-17 6.33755e-20 BessellV
55866.1 1.91734e-17 7.80352e-20 BessellV
55867.1 2.51294e-17 9.5594e-20 BessellV
55868.1 3.29084e-17 1.16421e-19 BessellV
55869.1 4.30559e-17 1.40832e-19 BessellV
55870.1 5.62738e-17 1.69028e-19 BessellV
55871.1 7.34607e-17 2.00992e-19 BessellV
55872.1 9.57585e-17 2.36352e-19 BessellV
55873.1 1.24604e-16 2.74183e-19 BessellV
55874.1 1.61778e-16 3.12765e-19 BessellV
55875.1 2.09442e-16 3.49294e-19 BessellV
55876.1 2.70136e-16 3.79638e-19 BessellV
55877.1 3.46696e-16 3.98289e-19 BessellV
55878.1 4.42025e-16 3.98902e-19 BessellV
55879.1 5.58631e-16 3.76215e-19 BessellV
55880.1 6.9784e-16 3.31141e-19 BessellV
55881.1 8.58664e-16 2.82672e-19 BessellV
55882.1 1.03647e-15 2.80164e-19 BessellV
55883.1 1.22198e-15 3.53019e-19 BessellV
55884.1 1.40134e-15 4.56081e-19 BessellV
55885.1 1.55813e-15 5.36067e-19 BessellV
55886.1 1.67699e-15 5.69037e-19 BessellV
55887.1 1.74773e-15 5.62006e-19 BessellV
55888.1 1.76773e-15 5.41062e-19 BessellV
55889.1 1.74163e-15 5.27881e-19 BessellV
55890.1 1.67881e-15 5.23532e-19 BessellV
55891.1 1.59038e-15 5.16022e-19 BessellV
55892.1 1.48674e-15 4.95785e-19 BessellV
55893.1 1.37635e-15 4.61003e-19 BessellV
55894.1 1.26539e-15 4.1523e-19 BessellV
55895.1 1.158e-15 3.63964e-19 BessellV
55896.1 1.05674e-15 3.12509e-19 BessellV
55897.1 9.62983e-16 2.65078e-19 BessellV
55898.1 8.77338e-16 2.24576e-19 BessellV
55899.1 7.99892e-16 1.92598e-19 BessellV
55900.1 7.30421e-16 1.69422e-19 BessellV
55901.1 6.68518e-16 1.54066e-19 BessellV
55902.1 6.13681e-16 1.44632e-19 BessellV
55903.1 5.65365e-16 1.38967e-19 BessellV
55904.1 5.23017e-16 1.35285e-19 BessellV
55905.1 4.86097e-16 1.3245e-19 BessellV
55906.1 4.54089e-16 1.29963e-19 BessellV
55907.1 4.26506e-16 1.2782e-19 BessellV
55908.1 4.02896e-16 1.26348e-19 BessellV
55909.1 3.82839e-16 1.26044e-19 BessellV
55910.1 3.65947e-16 1.27436e-19 BessellV
55911.1 3.51867e-16 1.30937e-19 BessellV
55912.1 3.40273e-16 1.36753e-19 BessellV
55913.1 3.30868e-16 1.44853e-19 BessellV
55914.1 3.23384e-16 1.55013e-19 BessellV
55915.1 3.17574e-16 1.66887e-19 BessellV
55916.1 3.13216e-16 1.8009e-19 BessellV
55917.1 3.10108e-16 1.94243e-19 BessellV
55918.1 3.08069e-16 2.09007e-19 BessellV
55919.1 3.06933e-16 2.24092e-19 BessellV
55920.1 3.06553e-16 2.39254e-19 BessellV
55921.1 3.06797e-16 2.54293e-19 BessellV
55922.1 3.07545e-16 2.69051e-19 BessellV
55923.1 3.08691e-16 2.83397e-19 BessellV
55924.1 3.10142e-16 2.97232e-19 BessellV
55925.1 3.11813e-16 3.10477e-19 BessellV
55926.1 3.1363e-16 3.23073e-19 BessellV
55927.1 3.15528e-16 3.34978e-19 BessellV
55928.1 3.1745e-16 3.46163e-19 BessellV
55929.1 3.19347e-16 3.56608e-19 BessellV
55930.1 3.21175e-16 3.66306e-19 BessellV
55931.1 3.22898e-16 3.75255e-19 BessellV
55932.1 3.24484e-16 3.8346e-19 BessellV
55933.1 3.25907e-16 3.90933e-19 BessellV
55934.1 3.27145e-16 3.97688e-19 BessellV
55935.1 3.28179e-16 4.03745e-19 BessellV
55936.1 3.28997e-16 4.09123e-19 BessellV
55937.1 3.29586e-16 4.13848e-19 BessellV
55938.1 3.2994e-16 4.17943e-19 BessellV
55939.1 3.30051e-16 4.21436e-19 BessellV
55940.1 3.29918e-16 4.24353e-19 BessellV
55941.1 3.29539e-16 4.26722e-19 BessellV
55942.1 3.28915e-16 4.2857e-19 BessellV
55943.1 3.28047e-16 4.29925e-19 BessellV
55944.1 3.26941e-16 4.30814e-19 BessellV
55945.1 3.256e-16 4.31264e-19 BessellV
55946.1 3.2403e-16 4.313e-19 BessellV
55947.1 3.22239e-16 4.30949e-19 BessellV
55948.1 3.20233e-16 4.30233e-19 BessellV
55949.1 3.1802e-16 4.29178e-19 BessellV
55950.1 3.1561e-16 4.27805e-19 BessellV
55951.1 3.1301e-16 4.26136e-19 BessellV
55952.1 3.10231e-16 4.24193e-19 BessellV
55953.1 3.07282e-16 4.21993e-19 BessellV
55954.1 3.04172e-16 4.19557e-19 BessellV
55955.1 3.00911e-16 4.16901e-19 BessellV
55956.1 2.97509e-16 4.14043e-19 BessellV
55957.1 2.93975e-16 4.10997e-19 BessellV
55958.1 2.90319e-16 4.0778e-19 BessellV
55959.1 2.8655e-16 4.04403e-19 BessellV
55960.1 2.82679e-16 4.00882e-19 BessellV
55961.1 2.78713e-16 3.97227e-19 BessellV
55962.1 2.74662e-16 3.9345e-19 BessellV
55963.1 2.70535e-16 3.89562e-19 BessellV
55964.1 2.66339e-16 3.85573e-19 BessellV
55965.1 2.62084e-16 3.81492e-19 BessellV
55966.1 2.57778e-16 3.77328e-19 BessellV
55967.1 2.53427e-16 3.73089e-19 BessellV
55968.1 2.49039e-16 3.68782e-19 BessellV
55969.1 2.44622e-16 3.64414e-19 BessellV
55970.1 2.40182e-16 3.59993e-19 BessellV
55971.1 2.35726e-16 3.55523e-19 BessellV
55972.1 2.3126e-16 3.51012e-19 BessellV
55973.1 2.26789e-16 3.46464e-19 BessellV
55974.1 2.22319e-16 3.41885e-19 BessellV
55975.1 2.17857e-16 3.37279e-19 BessellV
55976.1 2.13406e-16 3.3265e-19 BessellV
55977.1 2.08971e-16 3.28003e-19 BessellV
55978.1 2.04557e-16 3.23342e-19 BessellV
55979.1 2.00169e-16 3.1867e-19 BessellV
55980.1 1.95809e-16 3.13992e-19 BessellV
55981.1 1.91482e-16 3.09309e-19 BessellV
55982.1 1.87191e-16 3.04626e-19 BessellV
55983.1 1.82939e-16 2.99945e-19 BessellV
55984.1 1.7873e-16 2.95269e-19 BessellV
55985.1 1.74566e-16 2.90602e-19 BessellV
55986.1 1.70448e-16 2.85944e-19 BessellV
55987.1 1.66381e-16 2.813e-19 BessellV
55988.1 1.62365e-16 2.76671e-19 BessellV
55989.1 1.58404e-16 2.72059e-19 BessellV
55990.1 1.54497e-16 2.67466e-19 BessellV
55991.1 1.50648e-16 2.62896e-19 BessellV
55992.1 1.46856e-16 2.58348e-19 BessellV
55993.1 1.43125e-16 2.53827e-19 BessellV
55994.1 1.39453e-16 2.49332e-19 BessellV
55995.1 1.35844e-16 2.44866e-19 BessellV
55996.1 1.32296e-16 2.40431e-19 BessellV
55997.1 1.28811e-16 2.36028e-19 BessellV
55998.1 1.2539e-16 2.31659e-19 BessellV
55999.1 1.22032e-16 2.27324e-19 BessellV
56000.1 1.18739e-16 2.23026e-19 BessellV
56001.1 1.1551e-16 2.18766e-19 BessellV
56002.1 1.12344e-16 2.14544e-19 BessellV
56003.1 1.09244e-16 2.10363e-19 BessellV
56004.1 1.06207e-16 2.06222e-19 BessellV
56005.1 1.03234e-16 2.02124e-19 BessellV
56006.1 1.00325e-16 1.9807e-19 BessellV
56007.1 9.74792e-17 1.94059e-19 BessellV
56008.1 9.46964e-17 1.90093e-19 BessellV
56009.1 9.19762e-17 1.86174e-19 BessellV
56010.1 8.93179e-17 1.823e-19 BessellV
56011.1 8.67211e-17 1.78475e-19 BessellV
56012.1 8.41851e-17 1.74697e-19 BessellV
56013.1 8.17092e-17 1.70967e-19 BessellV
56014.1 7.92928e-17 1.67287e-19 BessellV
56015.1 7.69352e-17 1.63657e-19 BessellV
56016.1 7.46355e-17 1.60076e-19 BessellV
56017.1 7.23929e-17 1.56546e-19 BessellV
56018.1 7.02067e-17 1.53067e-19 BessellV
56019.1 6.8076e-17 1.49639e-19 BessellV
56020.1 6.59999e-17 1.46262e-19 BessellV
56021.1 6.39776e-17 1.42937e-19 BessellV
56022.1 6.20081e-17 1.39664e-19 BessellV
56023.1 6.00906e-17 1.36442e-19 BessellV
56024.1 5.82241e-17 1.33272e-19 BessellV
56025.1 5.64076e-17 1.30154e-19 BessellV
56026.1 5.46403e-17 1.27089e-19 BessellV
56027.1 5.29212e-17 1.24075e-19 BessellV
56028.1 5.12493e-17 1.21112e-19 BessellV
56029.1 4.96237e-17 1.18202e-19 BessellV
56030.1 4.80434e-17 1.15343e-19 BessellV
56031.1 4.65076e-17 1.12536e-19 BessellV
56032.1 4.50152e-17 1.09779e-19 BessellV
56033.1 4.35653e-17 1.07074e-19 BessellV
56034.1 4.21569e-17 1.04419e-19 BessellV
56035.1 4.07892e-17 1.01814e-19 BessellV
56036.1 3.94613e-17 9.92598e-20 BessellV
56037.1 3.81721e-17 9.67549e-20 BessellV
56038.1 3.69207e-17 9.42992e-20 BessellV
56039.1 3.57064e-17 9.18924e-20 BessellV
56040.1 3.45282e-17 8.95341e-20 BessellV
56041.1 3.33851e-17 8.72237e-20 BessellV
56042.1 3.22765e-17 8.49608e-20 BessellV
56043.1 3.12013e-17 8.2745e-20 BessellV
56044.1 3.01587e-17 8.05757e-20 BessellV
56045.1 2.9148e-17 7.84524e-20 BessellV
56046.1 2.81682e-17 7.63746e-20 BessellV
56047.1 2.72186e-17 7.43417e-20 BessellV
56048.1 2.62985e-17 7.23532e-20 BessellV
56049.1 2.54069e-17 7.04086e-20 BessellV
56050.1 2.45432e-17 6.85072e-20 BessellV
56051.1 2.37066e-17 6.66484e-20 BessellV
56052.1 2.28963e-17 6.48317e-20 BessellV
56053.1 2.21117e-17 6.30565e-20 BessellV
56054.1 2.1352e-17 6.13221e-20 BessellV
56055.1 2.06165e-17 5.96279e-20 BessellV
56056.1 1.99046e-17 5.79733e-20 BessellV
56057.1 1.92156e-17 5.63578e-20 BessellV
56058.1 1.85488e-17 5.47805e-20 BessellV
56059.1 1.79036e-17 5.3241e-20 BessellV
56060.1 1.72794e-17 5.17386e-20 BessellV
56061.1 1.66756e-17 5.02727e-20 BessellV
56062.1 1.60915e-17 4.88426e-20 BessellV
56063.1 1.55266e-17 4.74476e-20 BessellV
56064.1 1.49803e-17 4.60872e-20 BessellV
56065.1 1.44521e-17 4.47608e-20 BessellV
56066.1 1.39414e-17 4.34676e-20 BessellV
56067.1 1.34477e-17 4.22071e-20 BessellV
56068.1 1.29705e-17 4.09786e-20 BessellV
56069.1 1.25093e-17 3.97816e-20 BessellV
56070.1 1.20636e-17 3.86153e-20 BessellV
56071.1 1.16329e-17 3.74792e-20 BessellV
56072.1 1.12167e-17 3.63727e-20 BessellV
56073.1 1.08147e-17 3.52952e-20 BessellV
56074.1 1.04263e-17 3.4246e-20 BessellV
56075.1 1.00512e-17 3.32246e-20 BessellV
56076.1 9.68886e-18 3.22304e-20 BessellV
56077.1 9.33895e-18 3.12627e-20 BessellV
56078.1 9.00107e-18 3.03211e-20 BessellV
56079.1 8.67482e-18 2.9405e-20 BessellV
56080.1 8.35984e-18 2.85137e-20 BessellV
56081.1 8.05576e-18 2.76468e-20 BessellV
56082.1 7.76224e-18 2.68036e-20 BessellV
56083.1 7.47893e-18 2.59837e-20 BessellV
56084.1 7.2055e-18 2.51865e-20 BessellV
56085.1 6.94163e-18 2.44115e-20 BessellV
56086.1 6.687e-18 2.36581e-20 BessellV
56087.1 6.44132e-18 2.29259e-20 BessellV
56088.1 6.20428e-18 2.22143e-20 BessellV
56089.1 5.97561e-18 2.15229e-20 BessellV
56090.1 5.75501e-18 2.08512e-20 BessellV
56091.1 5.54224e-18 2.01986e-20 BessellV
56092.1 5.33702e-18 1.95647e-20 BessellV
56093.1 5.1391e-18 1.89491e-20 BessellV
56094.1 4.94823e-18 1.83513e-20 BessellV
56095.1 4.76419e-18 1.77709e-20 BessellV
56096.1 4.58673e-18 1.72073e-20 BessellV
56097.1 4.41564e-18 1.66603e-20 BessellV
56098.1 4.25069e-18 1.61293e-20 BessellV
56099.1 4.09169e-18 1.56139e-20 BessellV
56100.1 3.93842e-18 1.51138e-20 BessellV
56101.1 3.79069e-18 1.46286e-20 BessellV
56102.1 3.64831e-18 1.41578e-20 BessellV
56103.1 3.51109e-18 1.3701e-20 BessellV
56104.1 3.37886e-18 1.3258e-20 BessellV
56105.1 3.25144e-18 1.28283e-20 BessellV
56106.1 3.12867e-18 1.24115e-20 BessellV
56107.1 3.01038e-18 1.20074e-20 BessellV
56108.1 2.89642e-18 1.16156e-20 BessellV
56109.1 2.78664e-18 1.12357e-20 BessellV
56110.1 2.68089e-18 1.08675e-20 BessellV
56111.1 2.57903e-18 1.05105e-20 BessellV
56112.1 2.48092e-18 1.01646e-20 BessellV
56113.1 2.38643e-18 9.82926e-21 BessellV
56114.1 2.29543e-18 9.50435e-21 BessellV
56115.1 2.20779e-18 9.18953e-21 BessellV
56116.1 2.12341e-18 8.88452e-21 BessellV
56117.1 2.04216e-18 8.58903e-21 BessellV
56118.1 1.96393e-18 8.3028e-21 BessellV
56119.1 1.88861e-18 8.02555e-21 BessellV
55865.1 2.67215e-17 2.28282e-19 SDSS_g
55866.1 3.39128e-17 2.71505e-19 SDSS_g
55867.1 4.30007e-17 3.21134e-19 SDSS_g
55868.1 5.44701e-17 3.7745e-19 SDSS_g
55869.1 6.89223e-17 4.40436e-19 SDSS_g
55870.1 8.70983e-17 5.09605e-19 SDSS_g
55871.1 1.09904e-16 5.83786e-19 SDSS_g
55872.1 1.38436e-16 6.60851e-19 SDSS_g
55873.1 1.73996e-16 7.37388e-19 SDSS_g
55874.1 2.18097e-16 8.08382e-19 SDSS_g
55875.1 2.72435e-16 8.66973e-19 SDSS_g
55876.1 3.38802e-16 9.04494e-19 SDSS_g
55877.1 4.18916e-16 9.11127e-19 SDSS_g
55878.1 5.14109e-16 8.77697e-19 SDSS_g
55879.1 6.24842e-16 7.99368e-19 SDSS_g
55880.1 7.50039e-16 6.822e-19 SDSS_g
55881.1 8.86328e-16 5.53387e-19 SDSS_g
55882.1 1.02744e-15 4.68501e-19 SDSS_g
55883.1 1.16414e-15 4.71943e-19 SDSS_g
55884.1 1.28518e-15 5.23089e-19 SDSS_g
55885.1 1.37937e-15 5.52732e-19 SDSS_g
55886.1 1.43813e-15 5.37454e-19 SDSS_g
55887.1 1.45766e-15 4.97806e-19 SDSS_g
55888.1 1.43952e-15 4.67162e-19 SDSS_g
55889.1 1.38962e-15 4.56203e-19 SDSS_g
55890.1 1.3162e-15 4.48769e-19 SDSS_g
55891.1 1.22786e-15 4.27823e-19 SDSS_g
55892.1 1.13216e-15 3.89708e-19 SDSS_g
55893.1 1.03499e-15 3.41135e-19 SDSS_g
55894.1 9.40505e-16 2.92547e-19 SDSS_g
55895.1 8.51353e-16 2.53168e-19 SDSS_g
55896.1 7.69046e-16 2.27671e-19 SDSS_g
55897.1 6.94271e-16 2.14807e-19 SDSS_g
55898.1 6.2717e-16 2.09478e-19 SDSS_g
55899.1 5.67535e-16 2.06637e-19 SDSS_g
55900.1 5.14956e-16 2.0353e-19 SDSS_g
55901.1 4.68917e-16 1.99805e-19 SDSS_g
55902.1 4.28851e-16 1.96771e-19 SDSS_g
55903.1 3.94187e-16 1.96522e-19 SDSS_g
55904.1 3.64369e-16 2.01027e-19 SDSS_g
55905.1 3.38869e-16 2.11346e-19 SDSS_g
55906.1 3.17196e-16 2.27313e-19 SDSS_g
55907.1 2.98898e-16 2.47813e-19 SDSS_g
55908.1 2.8356e-16 2.71335e-19 SDSS_g
55909.1 2.70808e-16 2.96403e-19 SDSS_g
55910.1 2.60303e-16 3.21797e-19 SDSS_g
55911.1 2.51739e-16 3.46594e-19 SDSS_g
55912.1 2.44843e-16 3.70158e-19 SDSS_g
55913.1 2.39371e-16 3.92089e-19 SDSS_g
55914.1 2.35105e-16 4.12188e-19 SDSS_g
55915.1 2.3185e-16 4.30415e-19 SDSS_g
55916.1 2.29435e-16 4.46856e-19 SDSS_g
55917.1 2.27708e-16 4.61699e-19 SDSS_g
55918.1 2.26536e-16 4.75208e-19 SDSS_g
55919.1 2.258e-16 4.877e-19 SDSS_g
55920.1 2.254e-16 4.99527e-19 SDSS_g
55921.1 2.25245e-16 5.11053e-19 SDSS_g
55922.1 2.25258e-16 5.22638e-19 SDSS_g
55923.1 2.25373e-16 5.34618e-19 SDSS_g
55924.1 2.25533e-16 5.4729e-19 SDSS_g
55925.1 2.25689e-16 5.60898e-19 SDSS_g
55926.1 2.25801e-16 5.75629e-19 SDSS_g
55927.1 2.25835e-16 5.91601e-19 SDSS_g
55928.1 2.25764e-16 6.08871e-19 SDSS_g
55929.1 2.25565e-16 6.27431e-19 SDSS_g
55930.1 2.2522e-16 6.47221e-19 SDSS_g
55931.1 2.24717e-16 6.68135e-19 SDSS_g
55932.1 2.24044e-16 6.90032e-19 SDSS_g
55933.1 2.23197e-16 7.12745e-19 SDSS_g
55934.1 2.2217e-16 7.3609e-19 SDSS_g
55935.1 2.20963e-16 7.59877e-19 SDSS_g
55936.1 2.19577e-16 7.83913e-19 SDSS_g
55937.1 2.18013e-16 8.0801e-19 SDSS_g
55938.1 2.16276e-16 8.31985e-19 SDSS_g
55939.1 2.14371e-16 8.55669e-19 SDSS_g
55940.1 2.12304e-16 8.78903e-19 SDSS_g
55941.1 2.10082e-16 9.01543e-19 SDSS_g
55942.1 2.07714e-16 9.23459e-19 SDSS_g
55943.1 2.05206e-16 9.44535e-19 SDSS_g
55944.1 2.02569e-16 9.64669e-19 SDSS_g
55945.1 1.9981e-16 9.83773e-19 SDSS_g
55946.1 1.9694e-16 1.00177e-18 SDSS_g
55947.1 1.93966e-16 1.01861e-18 SDSS_g
55948.1 1.90899e-16 1.03422e-18 SDSS_g
55949.1 1.87747e-16 1.04858e-18 SDSS_g
55950.1 1.84519e-16 1.06165e-18 SDSS_g
55951.1 1.81225e-16 1.07342e-18 SDSS_g
55952.1 1.77872e-16 1.08386e-18 SDSS_g
55953.1 1.7447e-16 1.09298e-18 SDSS_g
55954.1 1.71026e-16 1.10079e-18 SDSS_g
55955.1 1.67547e-16 1.10728e-18 SDSS_g
55956.1 1.64042e-16 1.11247e-18 SDSS_g
55957.1 1.60518e-16 1.1164e-18 SDSS_g
55958.1 1.56981e-16 1.11907e-18 SDSS_g
55959.1 1.53438e-16 1.12052e-18 SDSS_g
55960.1 1.49895e-16 1.12077e-18 SDSS_g
55865.1 2.40249e-17 1.59475e-19 SDSS_r
55866.1 3.03409e-17 1.89414e-19 SDSS_r
55867.1 3.82927e-17 2.23863e-19 SDSS_r
55868.1 4.82954e-17 2.63096e-19 SDSS_r
55869.1 6.08661e-17 3.07226e-19 SDSS_r
55870.1 7.66466e-17 3.56107e-19 SDSS_r
55871.1 9.64309e-17 4.09201e-19 SDSS_r
55872.1 1.21195e-16 4.6541e-19 SDSS_r
55873.1 1.52128e-16 5.22864e-19 SDSS_r
55874.1 1.90668e-16 5.78677e-19 SDSS_r
55875.1 2.38518e-16 6.28698e-19 SDSS_r
55876.1 2.97652e-16 6.67332e-19 SDSS_r
55877.1 3.70275e-16 6.87584e-19 SDSS_r
55878.1 4.58705e-16 6.81593e-19 SDSS_r
55879.1 5.65132e-16 6.42219e-19 SDSS_r
55880.1 6.91195e-16 5.66711e-19 SDSS_r
55881.1 8.37317e-16 4.65007e-19 SDSS_r
55882.1 1.00181e-15 3.77702e-19 SDSS_r
55883.1 1.17987e-15 3.8129e-19 SDSS_r
55884.1 1.36283e-15 4.84522e-19 SDSS_r
55885.1 1.53827e-15 6.05374e-19 SDSS_r
55886.1 1.69144e-15 6.86866e-19 SDSS_r
55887.1 1.80822e-15 7.22931e-19 SDSS_r
55888.1 1.87851e-15 7.44654e-19 SDSS_r
55889.1 1.89877e-15 7.81892e-19 SDSS_r
55890.1 1.87234e-15 8.28152e-19 SDSS_r
55891.1 1.80772e-15 8.54372e-19 SDSS_r
55892.1 1.71581e-15 8.41273e-19 SDSS_r
55893.1 1.60739e-15 7.89187e-19 SDSS_r
55894.1 1.49157e-15 7.11069e-19 SDSS_r
55895.1 1.37523e-15 6.23092e-19 SDSS_r
55896.1 1.26301e-15 5.38445e-19 SDSS_r
55897.1 1.15774e-15 4.64695e-19 SDSS_r
55898.1 1.06093e-15 4.03831e-19 SDSS_r
55899.1 9.73132e-16 3.54052e-19 SDSS_r
55900.1 8.94309e-16 3.1233e-19 SDSS_r
55901.1 8.24057e-16 2.76618e-19 SDSS_r
55902.1 7.61773e-16 2.4708e-19 SDSS_r
55903.1 7.06762e-16 2.26271e-19 SDSS_r
55904.1 6.58298e-16 2.18027e-19 SDSS_r
55905.1 6.15673e-16 2.24883e-19 SDSS_r
55906.1 5.78216e-16 2.4583e-19 SDSS_r
55907.1 5.45302e-16 2.76989e-19 SDSS_r
55908.1 5.16365e-16 3.13937e-19 SDSS_r
55909.1 4.90891e-16 3.5307e-19 SDSS_r
55910.1 4.68421e-16 3.91807e-19 SDSS_r
55911.1 4.48547e-16 4.28383e-19 SDSS_r
55912.1 4.30907e-16 4.61618e-19 SDSS_r
55913.1 4.15183e-16 4.90744e-19 SDSS_r
55914.1 4.01094e-16 5.15297e-19 SDSS_r
55915.1 3.88396e-16 5.35033e-19 SDSS_r
55916.1 3.76875e-16 5.4988e-19 SDSS_r
55917.1 3.66346e-16 5.59892e-19 SDSS_r
55918.1 3.56649e-16 5.65223e-19 SDSS_r
55919.1 3.47646e-16 5.66103e-19 SDSS_r
55920.1 3.39218e-16 5.62819e-19 SDSS_r
55921.1 3.31264e-16 5.55698e-19 SDSS_r
55922.1 3.23699e-16 5.45099e-19 SDSS_r
55923.1 3.16449e-16 5.31401e-19 SDSS_r
55924.1 3.09453e-16 5.14997e-19 SDSS_r
55925.1 3.02662e-16 4.96286e-19 SDSS_r
55926.1 2.96033e-16 4.75672e-19 SDSS_r
55927.1 2.89532e-16 4.53563e-19 SDSS_r
55928.1 2.83132e-16 4.30366e-19 SDSS_r
55929.1 2.76812e-16 4.06491e-19 SDSS_r
55930.1 2.70554e-16 3.82352e-19 SDSS_r
55931.1 2.64347e-16 3.5837e-19 SDSS_r
55932.1 2.58181e-16 3.34978e-19 SDSS_r
55933.1 2.5205e-16 3.12619e-19 SDSS_r
55934.1 2.45951e-16 2.91755e-19 SDSS_r
55935.1 2.39883e-16 2.72854e-19 SDSS_r
55936.1 2.33846e-16 2.56379e-19 SDSS_r
55937.1 2.27841e-16 2.42758e-19 SDSS_r
55938.1 2.21872e-16 2.32339e-19 SDSS_r
55939.1 2.15941e-16 2.25334e-19 SDSS_r
55940.1 2.10053e-16 2.21773e-19 SDSS_r
55941.1 2.04213e-16 2.21488e-19 SDSS_r
55942.1 1.98425e-16 2.24128e-19 SDSS_r
55943.1 1.92695e-16 2.29225e-19 SDSS_r
55944.1 1.87027e-16 2.36255e-19 SDSS_r
55945.1 1.81427e-16 2.44702e-19 SDSS_r
55946.1 1.75899e-16 2.54096e-19 SDSS_r
55947.1 1.70448e-16 2.64037e-19 SDSS_r
55948.1 1.65078e-16 2.7419e-19 SDSS_r
55949.1 1.59794e-16 2.8429e-19 SDSS_r
55950.1 1.546e-16 2.94128e-19 SDSS_r
55951.1 1.49499e-16 3.03543e-19 SDSS_r
55952.1 1.44494e-16 3.12415e-19 SDSS_r
55953.1 1.39588e-16 3.20653e-19 SDSS_r
55954.1 1.34784e-16 3.28195e-19 SDSS_r
55955.1 1.30084e-16 3.34999e-19 SDSS_r
55956.1 1.25489e-16 3.41038e-19 SDSS_r
55957.1 1.21002e-16 3.46301e-19 SDSS_r
55958.1 1.16624e-16 3.50785e-19 SDSS_r
55959.1 1.12355e-16 3.54499e-19 SDSS_r
55960.1 1.08196e-16 3.57455e-19 SDSS_r
55961.1 1.04147e-16 3.59673e-19 SDSS_r
55865.1 1.37605e-17 1.8087e-19 SDSS_i
55866.1 1.7643e-17 2.15722e-19 SDSS_i
55867.1 2.26033e-17 2.55731e-19 SDSS_i
55868.1 2.89335e-17 3.01066e-19 SDSS_i
55869.1 3.70015e-17 3.51618e-19 SDSS_i
55870.1 4.72682e-17 4.06861e-19 SDSS_i
55871.1 6.03086e-17 4.65665e-19 SDSS_i
55872.1 7.68339e-17 5.26079e-19 SDSS_i
55873.1 9.77155e-17 5.85083e-19 SDSS_i
55874.1 1.24006e-16 6.38349e-19 SDSS_i
55875.1 1.56951e-16 6.80096e-19 SDSS_i
55876.1 1.97987e-16 7.03183e-19 SDSS_i
55877.1 2.48697e-16 6.99708e-19 SDSS_i
55878.1 3.10719e-16 6.62577e-19 SDSS_i
55879.1 3.85557e-16 5.88934e-19 SDSS_i
55880.1 4.74283e-16 4.87491e-19 SDSS_i
55881.1 5.77103e-16 3.941e-19 SDSS_i
55882.1 6.92822e-16 3.81069e-19 SDSS_i
55883.1 8.18313e-16 4.70954e-19 SDSS_i
55884.1 9.48207e-16 5.8847e-19 SDSS_i
55885.1 1.07508e-15 6.70329e-19 SDSS_i
55886.1 1.19033e-15 7.04527e-19 SDSS_i
55887.1 1.28564e-15 7.27102e-19 SDSS_i
55888.1 1.35464e-15 7.85967e-19 SDSS_i
55889.1 1.3941e-15 8.80499e-19 SDSS_i
55890.1 1.40427e-15 9.63207e-19 SDSS_i
55891.1 1.38824e-15 9.91263e-19 SDSS_i
55892.1 1.3509e-15 9.51284e-19 SDSS_i
55893.1 1.29774e-15 8.5593e-19 SDSS_i
55894.1 1.23402e-15 7.32362e-19 SDSS_i
55895.1 1.16424e-15 6.11365e-19 SDSS_i
55896.1 1.09196e-15 5.17956e-19 SDSS_i
55897.1 1.01985e-15 4.6183e-19 SDSS_i
55898.1 9.49794e-16 4.33226e-19 SDSS_i
55899.1 8.83058e-16 4.12887e-19 SDSS_i
55900.1 8.20435e-16 3.86171e-19 SDSS_i
55901.1 7.6238e-16 3.4868e-19 SDSS_i
55902.1 7.0911e-16 3.06677e-19 SDSS_i
55903.1 6.60674e-16 2.77669e-19 SDSS_i
55904.1 6.17014e-16 2.85691e-19 SDSS_i
55905.1 5.77999e-16 3.40311e-19 SDSS_i
55906.1 5.43451e-16 4.28373e-19 SDSS_i
55907.1 5.13168e-16 5.32742e-19 SDSS_i
55908.1 4.86933e-16 6.41872e-19 SDSS_i
55909.1 4.64524e-16 7.49122e-19 SDSS_i
55910.1 4.45716e-16 8.513e-19 SDSS_i
55911.1 4.3029e-16 9.48084e-19 SDSS_i
55912.1 4.18031e-16 1.04197e-18 SDSS_i
55913.1 4.08732e-16 1.13836e-18 SDSS_i
55914.1 4.02194e-16 1.24547e-18 SDSS_i
55915.1 3.98224e-16 1.37373e-18 SDSS_i
55916.1 3.9664e-16 1.53449e-18 SDSS_i
55917.1 3.97268e-16 1.73836e-18 SDSS_i
55918.1 3.9994e-16 1.9938e-18 SDSS_i
55919.1 4.04498e-16 2.30657e-18 SDSS_i
55920.1 4.10792e-16 2.67989e-18 SDSS_i
55921.1 4.18678e-16 3.11514e-18 SDSS_i
55922.1 4.28021e-16 3.61251e-18 SDSS_i
55923.1 4.38692e-16 4.17147e-18 SDSS_i
55924.1 4.50568e-16 4.79114e-18 SDSS_i
55925.1 4.63535e-16 5.4704e-18 SDSS_i
55926.1 4.77483e-16 6.208e-18 SDSS_i
55927.1 4.92308e-16 7.00261e-18 SDSS_i
55928.1 5.07913e-16 7.85282e-18 SDSS_i
55929.1 5.24205e-16 8.75713e-18 SDSS_i
55930.1 5.41097e-16 9.71399e-18 SDSS_i
55931.1 5.58507e-16 1.07218e-17 SDSS_i
55932.1 5.76357e-16 1.17788e-17 SDSS_i
55933.1 5.94575e-16 1.28834e-17 SDSS_i
55934.1 6.13092e-16 1.40337e-17 SDSS_i
55935.1 6.31843e-16 1.52278e-17 SDSS_i
55936.1 6.50769e-16 1.64639e-17 SDSS_i
55937.1 6.69813e-16 1.77401e-17 SDSS_i
55868.1 2.76453e-15 6.56782e-16 SDSS_u
55869.1 2.54539e-15 5.6496e-16 SDSS_u
55870.1 2.34061e-15 4.8172e-16 SDSS_u
55871.1 2.14933e-15 4.06642e-16 SDSS_u
55872.1 1.97073e-15 3.39324e-16 SDSS_u
55873.1 1.80405e-15 2.79379e-16 SDSS_u
55874.1 1.64857e-15 2.26433e-16 SDSS_u
55875.1 1.50362e-15 1.80112e-16 SDSS_u
55876.1 1.36856e-15 1.40042e-16 SDSS_u
55877.1 1.24282e-15 1.05842e-16 SDSS_u
55878.1 1.12586e-15 7.71128e-17 SDSS_u
55879.1 1.0172e-15 5.34401e-17 SDSS_u
55880.1 9.16388e-16 3.43877e-17 SDSS_u
55881.1 8.23025e-16 1.95034e-17 SDSS_u
55882.1 7.36747e-16 8.35176e-18 SDSS_u
55883.1 6.57222e-16 1.61248e-18 SDSS_u
55884.1 5.8415e-16 5.49631e-18 SDSS_u
55885.1 5.17247e-16 8.60807e-18 SDSS_u
55886.1 4.56248e-16 1.00701e-17 SDSS_u
55887.1 4.00895e-16 1.02712e-17 SDSS_u
55888.1 3.50932e-16 9.59249e-18 SDSS_u
55889.1 3.06103e-16 8.36682e-18 SDSS_u
55890.1 2.66144e-16 6.86927e-18 SDSS_u
55891.1 2.30789e-16 5.3147e-18 SDSS_u
55892.1 1.99764e-16 3.8602e-18 SDSS_u
55893.1 1.72791e-16 2.61154e-18 SDSS_u
55894.1 1.49589e-16 1.63399e-18 SDSS_u
55895.1 1.29878e-16 9.69969e-19 SDSS_u
55896.1 1.13381e-16 6.47925e-19 SDSS_u
55897.1 9.98274e-17 5.89897e-19 SDSS_u
55898.1 8.89544e-17 6.06681e-19 SDSS_u
55899.1 8.05101e-17 6.14383e-19 SDSS_u
55900.1 7.42548e-17 6.14741e-19 SDSS_u
55901.1 6.99621e-17 6.12544e-19 SDSS_u
55902.1 6.74196e-17 5.90438e-19 SDSS_u
55903.1 6.64295e-17 5.32953e-19 SDSS_u
55904.1 6.68081e-17 5.01817e-19 SDSS_u
55905.1 6.8386e-17 7.10535e-19 SDSS_u
55906.1 7.10077e-17 1.25486e-18 SDSS_u
55907.1 7.45307e-17 2.08524e-18 SDSS_u
55908.1 7.88247e-17 3.18035e-18 SDSS_u
55909.1 8.37717e-17 4.53621e-18 SDSS_u
55910.1 8.92642e-17 6.15074e-18 SDSS_u
55911.1 9.52052e-17 8.01957e-18 SDSS_u
55912.1 1.01507e-16 1.01352e-17 SDSS_u
55913.1 1.0809e-16 1.24873e-17 SDSS_u
55914.1 1.14885e-16 1.50627e-17 SDSS_u
55915.1 1.21826e-16 1.78465e-17 SDSS_u
55916.1 1.28858e-16 2.08217e-17 SDSS_u
55917.1 1.35929e-16 2.39707e-17 SDSS_u
55918.1 1.42995e-16 2.72745e-17 SDSS_u
55919.1 1.50015e-16 3.07141e-17 SDSS_u
55920.1 1.56955e-16 3.42703e-17 SDSS_u
55921.1 1.63783e-16 3.79238e-17 SDSS_u
55922.1 1.70471e-16 4.16557e-17 SDSS_u
55923.1 1.76996e-16 4.54478e-17 SDSS_u
55924.1 1.83338e-16 4.92822e-17 SDSS_u
55925.1 1.89479e-16 5.3142e-17 SDSS_u
