53532.9 9.58728e-23 2.85778e-24 BessellB
53533.9 2.77639e-22 7.79981e-24 BessellB
53534.9 8.03962e-22 2.12073e-23 BessellB
53535.9 2.32801e-21 5.74165e-23 BessellB
53536.9 6.74146e-21 1.54704e-22 BessellB
53537.9 1.95243e-20 4.14557e-22 BessellB
53538.9 5.65561e-20 1.10386e-21 BessellB
53539.9 1.63873e-19 2.91749e-21 BessellB
53540.9 4.75e-19 7.64263e-21 BessellB
53541.9 1.37747e-18 1.98045e-20 BessellB
53542.9 3.99672e-18 5.06274e-20 BessellB
53543.9 1.16026e-17 1.27161e-19 BessellB
53544.9 3.36907e-17 3.11817e-19 BessellB
53545.9 9.77347e-17 7.38201e-19 BessellB
53546.9 2.8209e-16 1.65066e-18 BessellB
53547.9 7.99607e-16 3.32509e-18 BessellB
53548.9 2.14319e-15 5.46835e-18 BessellB
53549.9 4.96368e-15 6.66715e-18 BessellB
53550.9 8.73164e-15 7.01891e-18 BessellB
53551.9 1.12554e-14 4.99053e-18 BessellB
53552.9 1.18568e-14 2.98148e-18 BessellB
53553.9 1.14576e-14 3.10189e-18 BessellB
53554.9 1.07575e-14 3.09828e-18 BessellB
53555.9 1.00242e-14 2.77153e-18 BessellB
53556.9 9.33671e-15 2.36283e-18 BessellB
53557.9 8.71266e-15 1.99122e-18 BessellB
53558.9 8.15197e-15 1.69607e-18 BessellB
53559.9 7.64982e-15 1.48308e-18 BessellB
53560.9 7.20049e-15 1.34318e-18 BessellB
53561.9 6.7984e-15 1.26017e-18 BessellB
53562.9 6.43843e-15 1.2158e-18 BessellB
53563.9 6.11591e-15 1.19387e-18 BessellB
53564.9 5.82663e-15 1.18233e-18 BessellB
53565.9 5.56682e-15 1.17334e-18 BessellB
53566.9 5.33306e-15 1.16244e-18 BessellB
53567.9 5.12231e-15 1.14745e-18 BessellB
53568.9 4.93184e-15 1.12767e-18 BessellB
53569.9 4.75921e-15 1.10325e-18 BessellB
53570.9 4.60224e-15 1.07485e-18 BessellB
53571.9 4.45898e-15 1.04335e-18 BessellB
53572.9 4.3277e-15 1.00976e-18 BessellB
53573.9 4.20687e-15 9.75054e-19 BessellB
53574.9 4.09512e-15 9.40183e-19 BessellB
53575.9 3.99124e-15 9.05995e-19 BessellB
53576.9 3.89418e-15 8.73228e-19 BessellB
53577.9 3.803e-15 8.42494e-19 BessellB
53578.9 3.71687e-15 8.14272e-19 BessellB
53579.9 3.63508e-15 7.88902e-19 BessellB
53580.9 3.557e-15 7.66586e-19 BessellB
53581.9 3.48208e-15 7.47396e-19 BessellB
53582.9 3.40985e-15 7.31285e-19 BessellB
53583.9 3.33991e-15 7.181e-19 BessellB
53584.9 3.27191e-15 7.07609e-19 BessellB
53585.9 3.20555e-15 6.99519e-19 BessellB
53586.9 3.14057e-15 6.93499e-19 BessellB
53587.9 3.07678e-15 6.89207e-19 BessellB
53588.9 3.01399e-15 6.86301e-19 BessellB
53589.9 2.95207e-15 6.84456e-19 BessellB
53590.9 2.89088e-15 6.83377e-19 BessellB
53591.9 2.83035e-15 6.82799e-19 BessellB
53592.9 2.7704e-15 6.82494e-19 BessellB
53593.9 2.71097e-15 6.82269e-19 BessellB
53594.9 2.65203e-15 6.81965e-19 BessellB
53595.9 2.59356e-15 6.81457e-19 BessellB
53596.9 2.53553e-15 6.80645e-19 BessellB
53597.9 2.47794e-15 6.79456e-19 BessellB
53598.9 2.4208e-15 6.77837e-19 BessellB
53599.9 2.36411e-15 6.75756e-19 BessellB
53600.9 2.30788e-15 6.73192e-19 BessellB
53601.9 2.25215e-15 6.70139e-19 BessellB
53602.9 2.19692e-15 6.66599e-19 BessellB
53603.9 2.14223e-15 6.62583e-19 BessellB
53604.9 2.08809e-15 6.58108e-19 BessellB
53605.9 2.03453e-15 6.53194e-19 BessellB
53606.9 1.98159e-15 6.47865e-19 BessellB
53607.9 1.92928e-15 6.42148e-19 BessellB
53608.9 1.87764e-15 6.36069e-19 BessellB
53609.9 1.82668e-15 6.29657e-19 BessellB
53610.9 1.77644e-15 6.22938e-19 BessellB
53611.9 1.72694e-15 6.15941e-19 BessellB
53612.9 1.6782e-15 6.08692e-19 BessellB
53613.9 1.63024e-15 6.01216e-19 BessellB
53614.9 1.58308e-15 5.93537e-19 BessellB
53615.9 1.53673e-15 5.85678e-19 BessellB
53616.9 1.49122e-15 5.77661e-19 BessellB
53617.9 1.44656e-15 5.69506e-19 BessellB
53618.9 1.40275e-15 5.61231e-19 BessellB
53619.9 1.35982e-15 5.52854e-19 BessellB
53620.9 1.31776e-15 5.44391e-19 BessellB
53621.9 1.27659e-15 5.35856e-19 BessellB
53622.9 1.2363e-15 5.27264e-19 BessellB
53623.9 1.19692e-15 5.18627e-19 BessellB
53624.9 1.15842e-15 5.09956e-19 BessellB
53625.9 1.12082e-15 5.01262e-19 BessellB
53626.9 1.08412e-15 4.92554e-19 BessellB
53627.9 1.04831e-15 4.83842e-19 BessellB
53628.9 1.01339e-15 4.75135e-19 BessellB
53629.9 9.79351e-16 4.66438e-19 BessellB
53630.9 9.46192e-16 4.5776e-19 BessellB
53631.9 9.13904e-16 4.49108e-19 BessellB
53632.9 8.8248e-16 4.40486e-19 BessellB
53633.9 8.5191e-16 4.31902e-19 BessellB
53634.9 8.22184e-16 4.23359e-19 BessellB
53635.9 7.93292e-16 4.14864e-19 BessellB
53636.9 7.65223e-16 4.0642e-19 BessellB
53637.9 7.37964e-16 3.98033e-19 BessellB
53638.9 7.11503e-16 3.89706e-19 BessellB
53639.9 6.85827e-16 3.81444e-19 BessellB
53640.9 6.60923e-16 3.73249e-19 BessellB
53641.9 6.36776e-16 3.65126e-19 BessellB
53642.9 6.13373e-16 3.57078e-19 BessellB
53643.9 5.90698e-16 3.49108e-19 BessellB
53644.9 5.68736e-16 3.4122e-19 BessellB
53645.9 5.47474e-16 3.33416e-19 BessellB
53646.9 5.26895e-16 3.25698e-19 BessellB
53647.9 5.06984e-16 3.1807e-19 BessellB
53648.9 4.87726e-16 3.10534e-19 BessellB
53649.9 4.69106e-16 3.03092e-19 BessellB
53650.9 4.51107e-16 2.95747e-19 BessellB
53651.9 4.33715e-16 2.885e-19 BessellB
53652.9 4.16914e-16 2.81354e-19 BessellB
53653.9 4.00688e-16 2.74309e-19 BessellB
53654.9 3.85023e-16 2.67369e-19 BessellB
53655.9 3.69904e-16 2.60534e-19 BessellB
53656.9 3.55315e-16 2.53805e-19 BessellB
53657.9 3.41241e-16 2.47184e-19 BessellB
53658.9 3.27668e-16 2.40673e-19 BessellB
53659.9 3.14582e-16 2.34271e-19 BessellB
53660.9 3.01968e-16 2.2798e-19 BessellB
53661.9 2.89812e-16 2.218e-19 BessellB
53662.9 2.781e-16 2.15732e-19 BessellB
53663.9 2.66819e-16 2.09777e-19 BessellB
53664.9 2.55956e-16 2.03935e-19 BessellB
53665.9 2.45497e-16 1.98205e-19 BessellB
53666.9 2.3543e-16 1.92589e-19 BessellB
53667.9 2.25742e-16 1.87085e-19 BessellB
53668.9 2.16421e-16 1.81695e-19 BessellB
53669.9 2.07454e-16 1.76417e-19 BessellB
53670.9 1.98831e-16 1.71251e-19 BessellB
53671.9 1.90539e-16 1.66197e-19 BessellB
53672.9 1.82568e-16 1.61254e-19 BessellB
53673.9 1.74907e-16 1.56422e-19 BessellB
53674.9 1.67544e-16 1.51699e-19 BessellB
53675.9 1.60471e-16 1.47086e-19 BessellB
53676.9 1.53676e-16 1.42581e-19 BessellB
53677.9 1.4715e-16 1.38182e-19 BessellB
53678.9 1.40883e-16 1.3389e-19 BessellB
53679.9 1.34866e-16 1.29703e-19 BessellB
53680.9 1.2909e-16 1.2562e-19 BessellB
53681.9 1.23547e-16 1.21639e-19 BessellB
53682.9 1.18228e-16 1.17759e-19 BessellB
53683.9 1.13124e-16 1.13979e-19 BessellB
53684.9 1.08228e-16 1.10298e-19 BessellB
53685.9 1.03532e-16 1.06714e-19 BessellB
53686.9 9.9029e-17 1.03225e-19 BessellB
53687.9 9.47111e-17 9.98306e-20 BessellB
53688.9 9.05716e-17 9.65286e-20 BessellB
53689.9 8.66036e-17 9.33176e-20 BessellB
53690.9 8.28006e-17 9.01959e-20 BessellB
53691.9 7.91563e-17 8.71621e-20 BessellB
53692.9 7.56645e-17 8.42144e-20 BessellB
53693.9 7.23194e-17 8.13512e-20 BessellB
53694.9 6.91151e-17 7.85709e-20 BessellB
53695.9 6.60463e-17 7.58718e-20 BessellB
53696.9 6.31075e-17 7.32522e-20 BessellB
53697.9 6.02936e-17 7.07105e-20 BessellB
53698.9 5.75996e-17 6.8245e-20 BessellB
53699.9 5.50209e-17 6.5854e-20 BessellB
53700.9 5.25526e-17 6.35358e-20 BessellB
53701.9 5.01905e-17 6.12889e-20 BessellB
53702.9 4.79302e-17 5.91115e-20 BessellB
53703.9 4.57675e-17 5.7002e-20 BessellB
53704.9 4.36986e-17 5.49588e-20 BessellB
53705.9 4.17195e-17 5.29802e-20 BessellB
53706.9 3.98267e-17 5.10648e-20 BessellB
53707.9 3.80164e-17 4.92108e-20 BessellB
53708.9 3.62854e-17 4.74167e-20 BessellB
53709.9 3.46303e-17 4.56809e-20 BessellB
53710.9 3.3048e-17 4.4002e-20 BessellB
53711.9 3.15354e-17 4.23784e-20 BessellB
53712.9 3.00896e-17 4.08086e-20 BessellB
53713.9 2.87079e-17 3.92912e-20 BessellB
53714.9 2.73874e-17 3.78247e-20 BessellB
53715.9 2.61257e-17 3.64078e-20 BessellB
53716.9 2.49201e-17 3.50389e-20 BessellB
53717.9 2.37684e-17 3.37167e-20 BessellB
53718.9 2.26683e-17 3.24399e-20 BessellB
53719.9 2.16174e-17 3.12072e-20 BessellB
53720.9 2.06138e-17 3.00173e-20 BessellB
53721.9 1.96553e-17 2.88688e-20 BessellB
53722.9 1.87401e-17 2.77606e-20 BessellB
53723.9 1.78662e-17 2.66915e-20 BessellB
53724.9 1.70319e-17 2.56602e-20 BessellB
53725.9 1.62354e-17 2.46656e-20 BessellB
53726.9 1.54751e-17 2.37065e-20 BessellB
53727.9 1.47494e-17 2.27819e-20 BessellB
53728.9 1.40569e-17 2.18906e-20 BessellB
53729.9 1.33959e-17 2.10316e-20 BessellB
53730.9 1.27652e-17 2.02039e-20 BessellB
53731.9 1.21634e-17 1.94064e-20 BessellB
53732.9 1.15893e-17 1.86382e-20 BessellB
53733.9 1.10415e-17 1.78983e-20 BessellB
53734.9 1.0519e-17 1.71858e-20 BessellB
53735.9 1.00206e-17 1.64998e-20 BessellB
53736.9 9.54517e-18 1.58393e-20 BessellB
53737.9 9.09179e-18 1.52036e-20 BessellB
53738.9 8.65942e-18 1.45918e-20 BessellB
53739.9 8.24713e-18 1.40031e-20 BessellB
53740.9 7.85401e-18 1.34366e-20 BessellB
53741.9 7.47919e-18 1.28917e-20 BessellB
53742.9 7.12185e-18 1.23676e-20 BessellB
53743.9 6.7812e-18 1.18636e-20 BessellB
53744.9 6.45648e-18 1.13789e-20 BessellB
53745.9 6.14697e-18 1.09128e-20 BessellB
53746.9 5.85197e-18 1.04649e-20 BessellB
53747.9 5.57082e-18 1.00342e-20 BessellB
53748.9 5.3029e-18 9.62039e-21 BessellB
53749.9 5.04759e-18 9.2227e-21 BessellB
53750.9 4.80432e-18 8.84059e-21 BessellB
53751.9 4.57254e-18 8.47349e-21 BessellB
53752.9 4.35171e-18 8.12086e-21 BessellB
53753.9 4.14133e-18 7.78217e-21 BessellB
53754.9 3.94093e-18 7.45691e-21 BessellB
53755.9 3.75003e-18 7.14458e-21 BessellB
53756.9 3.5682e-18 6.84471e-21 BessellB
53757.9 3.39502e-18 6.55682e-21 BessellB
53758.9 3.23009e-18 6.28048e-21 BessellB
53759.9 3.07302e-18 6.01526e-21 BessellB
53760.9 2.92345e-18 5.76072e-21 BessellB
53761.9 2.78103e-18 5.51648e-21 BessellB
53762.9 2.64542e-18 5.28214e-21 BessellB
53763.9 2.5163e-18 5.05732e-21 BessellB
53764.9 2.39338e-18 4.84166e-21 BessellB
53765.9 2.27636e-18 4.63481e-21 BessellB
53766.9 2.16496e-18 4.43642e-21 BessellB
53767.9 2.05892e-18 4.24618e-21 BessellB
53768.9 1.95799e-18 4.06377e-21 BessellB
53769.9 1.86192e-18 3.88888e-21 BessellB
53770.9 1.77049e-18 3.72123e-21 BessellB
53771.9 1.68347e-18 3.56051e-21 BessellB
53772.9 1.60067e-18 3.40648e-21 BessellB
53773.9 1.52187e-18 3.25885e-21 BessellB
53774.9 1.44689e-18 3.11738e-21 BessellB
53775.9 1.37555e-18 2.98183e-21 BessellB
53776.9 1.30767e-18 2.85196e-21 BessellB
53777.9 1.24309e-18 2.72754e-21 BessellB
53778.9 1.18165e-18 2.60836e-21 BessellB
53779.9 1.1232e-18 2.4942e-21 BessellB
53780.9 1.0676e-18 2.38486e-21 BessellB
53781.9 1.01471e-18 2.28015e-21 BessellB
53782.9 9.64405e-19 2.17989e-21 BessellB
53783.9 9.16557e-19 2.08389e-21 BessellB
53784.9 8.7105e-19 1.99197e-21 BessellB
53785.9 8.27771e-19 1.90398e-21 BessellB
53786.9 7.86612e-19 1.81975e-21 BessellB
53787.9 7.47472e-19 1.73913e-21 BessellB
53788.9 7.10252e-19 1.66197e-21 BessellB
53789.9 6.74861e-19 1.58813e-21 BessellB
53790.9 6.4121e-19 1.51746e-21 BessellB
53791.9 6.09215e-19 1.44985e-21 BessellB
53792.9 5.78795e-19 1.38516e-21 BessellB
53793.9 5.49875e-19 1.32327e-21 BessellB
53794.9 5.22381e-19 1.26406e-21 BessellB
53795.9 4.96245e-19 1.20743e-21 BessellB
53796.9 4.71399e-19 1.15326e-21 BessellB
53797.9 4.47782e-19 1.10145e-21 BessellB
53798.9 4.25334e-19 1.05191e-21 BessellB
53799.9 4.03997e-19 1.00453e-21 BessellB
53800.9 3.83718e-19 9.59231e-22 BessellB
53801.9 3.64444e-19 9.15918e-22 BessellB
53802.9 3.46127e-19 8.74508e-22 BessellB
53803.9 3.2872e-19 8.34922e-22 BessellB
53804.9 3.12178e-19 7.9708e-22 BessellB
53805.9 2.96459e-19 7.60909e-22 BessellB
53806.9 2.81522e-19 7.26338e-22 BessellB
53807.9 2.6733e-19 6.93299e-22 BessellB
53808.9 2.53844e-19 6.61724e-22 BessellB
53809.9 2.41032e-19 6.31552e-22 BessellB
53810.9 2.28859e-19 6.02722e-22 BessellB
53811.9 2.17294e-19 5.75177e-22 BessellB
53812.9 2.06307e-19 5.4886e-22 BessellB
53813.9 1.9587e-19 5.23719e-22 BessellB
53814.9 1.85955e-19 4.99703e-22 BessellB
53815.9 1.76536e-19 4.76763e-22 BessellB
53816.9 1.6759e-19 4.54851e-22 BessellB
53817.9 1.59092e-19 4.33924e-22 BessellB
53818.9 1.51021e-19 4.13938e-22 BessellB
53819.9 1.43355e-19 3.94852e-22 BessellB
53820.9 1.36075e-19 3.76627e-22 BessellB
53821.9 1.2916e-19 3.59225e-22 BessellB
53822.9 1.22593e-19 3.42609e-22 BessellB
53823.9 1.16357e-19 3.26746e-22 BessellB
53824.9 1.10435e-19 3.11602e-22 BessellB
53825.9 1.04811e-19 2.97145e-22 BessellB
53826.9 9.94714e-20 2.83345e-22 BessellB
53827.9 9.4401e-20 2.70172e-22 BessellB
53828.9 8.95865e-20 2.576e-22 BessellB
53829.9 8.50153e-20 2.45601e-22 BessellB
53830.9 8.06751e-20 2.3415e-22 BessellB
53831.9 7.65545e-20 2.23222e-22 BessellB
53832.9 7.26424e-20 2.12794e-22 BessellB
53833.9 6.89285e-20 2.02844e-22 BessellB
53834.9 6.54027e-20 1.9335e-22 BessellB
53835.9 6.20556e-20 1.84292e-22 BessellB
53836.9 5.88783e-20 1.75651e-22 BessellB
53837.9 5.58623e-20 1.67407e-22 BessellB
53838.9 5.29994e-20 1.59543e-22 BessellB
53839.9 5.0282e-20 1.52042e-22 BessellB
53840.9 4.77027e-20 1.44887e-22 BessellB
53841.9 4.52546e-20 1.38063e-22 BessellB
53842.9 4.29311e-20 1.31554e-22 BessellB
53843.9 4.07259e-20 1.25347e-22 BessellB
53844.9 3.8633e-20 1.19428e-22 BessellB
53845.9 3.66468e-20 1.13783e-22 BessellB
53846.9 3.47618e-20 1.08401e-22 BessellB
53847.9 3.2973e-20 1.03268e-22 BessellB
53848.9 3.12756e-20 9.83753e-23 BessellB
53849.9 2.96648e-20 9.37101e-23 BessellB
53850.9 2.81363e-20 8.92625e-23 BessellB
53851.9 2.6686e-20 8.50225e-23 BessellB
53852.9 2.53098e-20 8.09806e-23 BessellB
53853.9 2.40041e-20 7.71278e-23 BessellB
53854.9 2.27652e-20 7.34554e-23 BessellB
53855.9 2.15897e-20 6.99551e-23 BessellB
53856.9 2.04745e-20 6.6619e-23 BessellB
53857.9 1.94165e-20 6.34396e-23 BessellB
53858.9 1.84127e-20 6.04095e-23 BessellB
53859.9 1.74604e-20 5.75219e-23 BessellB
53860.9 1.65571e-20 5.47703e-23 BessellB
53861.9 1.57001e-20 5.21484e-23 BessellB
53862.9 1.48871e-20 4.96501e-23 BessellB
53863.9 1.4116e-20 4.72697e-23 BessellB
53864.9 1.33845e-20 4.50018e-23 BessellB
53865.9 1.26906e-20 4.28411e-23 BessellB
53866.9 1.20325e-20 4.07827e-23 BessellB
53867.9 1.14083e-20 3.88218e-23 BessellB
53868.9 1.08162e-20 3.69538e-23 BessellB
53869.9 1.02546e-20 3.51744e-23 BessellB
53870.9 9.722e-21 3.34795e-23 BessellB
53871.9 9.21686e-21 3.18652e-23 BessellB
53872.9 8.7378e-21 3.03277e-23 BessellB
53873.9 8.28347e-21 2.88633e-23 BessellB
53874.9 7.8526e-21 2.74687e-23 BessellB
53875.9 7.444e-21 2.61406e-23 BessellB
53876.9 7.05652e-21 2.48758e-23 BessellB
53877.9 6.68908e-21 2.36714e-23 BessellB
53878.9 6.34065e-21 2.25246e-23 BessellB
53536.9 3.95945e-15 6.24539e-17 BessellU
53537.9 4.58145e-15 6.72787e-17 BessellU
53538.9 5.28753e-15 7.18414e-17 BessellU
53539.9 6.08368e-15 7.59143e-17 BessellU
53540.9 6.97375e-15 7.92141e-17 BessellU
53541.9 7.95795e-15 8.14046e-17 BessellU
53542.9 9.03093e-15 8.21082e-17 BessellU
53543.9 1.01793e-14 8.09367e-17 BessellU
53544.9 1.1379e-14 7.75451e-17 BessellU
53545.9 1.25924e-14 7.1713e-17 BessellU
53546.9 1.37674e-14 6.34465e-17 BessellU
53547.9 1.48379e-14 5.30801e-17 BessellU
53548.9 1.57281e-14 4.13355e-17 BessellU
53549.9 1.63618e-14 2.92992e-17 BessellU
53550.9 1.66748e-14 1.8328e-17 BessellU
53551.9 1.66278e-14 1.00986e-17 BessellU
53552.9 1.62164e-14 6.97816e-18 BessellU
53553.9 1.54727e-14 8.05372e-18 BessellU
53554.9 1.44594e-14 9.03842e-18 BessellU
53555.9 1.32568e-14 8.83252e-18 BessellU
53556.9 1.19489e-14 7.73487e-18 BessellU
53557.9 1.06115e-14 6.23792e-18 BessellU
53558.9 9.30557e-15 4.73971e-18 BessellU
53559.9 8.07451e-15 3.48755e-18 BessellU
53560.9 6.94558e-15 2.59301e-18 BessellU
53561.9 5.93263e-15 2.0552e-18 BessellU
53562.9 5.03952e-15 1.78361e-18 BessellU
53563.9 4.26332e-15 1.65764e-18 BessellU
53564.9 3.59683e-15 1.59428e-18 BessellU
53565.9 3.03052e-15 1.56001e-18 BessellU
53566.9 2.55386e-15 1.54806e-18 BessellU
53567.9 2.15621e-15 1.55825e-18 BessellU
53568.9 1.82733e-15 1.58797e-18 BessellU
53569.9 1.55774e-15 1.63092e-18 BessellU
53570.9 1.33879e-15 1.67915e-18 BessellU
53571.9 1.16277e-15 1.72526e-18 BessellU
53572.9 1.02287e-15 1.76353e-18 BessellU
53573.9 9.13122e-16 1.79023e-18 BessellU
53574.9 8.28365e-16 1.80336e-18 BessellU
53575.9 7.64133e-16 1.80235e-18 BessellU
53576.9 7.16601e-16 1.78761e-18 BessellU
53577.9 6.82507e-16 1.76024e-18 BessellU
53578.9 6.59082e-16 1.72183e-18 BessellU
53579.9 6.43991e-16 1.67424e-18 BessellU
53580.9 6.35275e-16 1.61948e-18 BessellU
53581.9 6.313e-16 1.55964e-18 BessellU
53582.9 6.30715e-16 1.49681e-18 BessellU
53583.9 6.32408e-16 1.43304e-18 BessellU
53584.9 6.35478e-16 1.37027e-18 BessellU
53585.9 6.39196e-16 1.31032e-18 BessellU
53586.9 6.42988e-16 1.25482e-18 BessellU
53587.9 6.46404e-16 1.20515e-18 BessellU
53588.9 6.49104e-16 1.16241e-18 BessellU
53589.9 6.50836e-16 1.12732e-18 BessellU
53590.9 6.51422e-16 1.10021e-18 BessellU
53591.9 6.50749e-16 1.081e-18 BessellU
53592.9 6.48751e-16 1.06925e-18 BessellU
53593.9 6.45406e-16 1.06417e-18 BessellU
53594.9 6.40723e-16 1.06477e-18 BessellU
53595.9 6.3474e-16 1.06994e-18 BessellU
53596.9 6.27511e-16 1.07852e-18 BessellU
53597.9 6.19109e-16 1.08942e-18 BessellU
53598.9 6.09616e-16 1.10164e-18 BessellU
53599.9 5.99121e-16 1.1143e-18 BessellU
53600.9 5.8772e-16 1.12666e-18 BessellU
53601.9 5.75509e-16 1.13813e-18 BessellU
53602.9 5.62586e-16 1.14823e-18 BessellU
53603.9 5.49048e-16 1.1566e-18 BessellU
53604.9 5.34986e-16 1.16299e-18 BessellU
53605.9 5.20492e-16 1.1672e-18 BessellU
53606.9 5.05653e-16 1.16914e-18 BessellU
53607.9 4.90549e-16 1.16877e-18 BessellU
53608.9 4.75257e-16 1.16607e-18 BessellU
53609.9 4.59848e-16 1.16109e-18 BessellU
53610.9 4.44389e-16 1.1539e-18 BessellU
53611.9 4.28939e-16 1.1446e-18 BessellU
53612.9 4.13555e-16 1.13328e-18 BessellU
53613.9 3.98286e-16 1.12009e-18 BessellU
53614.9 3.83177e-16 1.10515e-18 BessellU
53615.9 3.68268e-16 1.08861e-18 BessellU
53616.9 3.53595e-16 1.07059e-18 BessellU
53617.9 3.39189e-16 1.05126e-18 BessellU
53618.9 3.25076e-16 1.03075e-18 BessellU
53619.9 3.1128e-16 1.00919e-18 BessellU
53620.9 2.9782e-16 9.86737e-19 BessellU
53621.9 2.84713e-16 9.63508e-19 BessellU
53622.9 2.71971e-16 9.39631e-19 BessellU
53623.9 2.59604e-16 9.15227e-19 BessellU
53624.9 2.4762e-16 8.90408e-19 BessellU
53625.9 2.36024e-16 8.65281e-19 BessellU
53626.9 2.24818e-16 8.39946e-19 BessellU
53627.9 2.14005e-16 8.14495e-19 BessellU
53628.9 2.03583e-16 7.89014e-19 BessellU
53629.9 1.9355e-16 7.63582e-19 BessellU
53630.9 1.83903e-16 7.38272e-19 BessellU
53631.9 1.74636e-16 7.1315e-19 BessellU
53632.9 1.65744e-16 6.88277e-19 BessellU
53633.9 1.5722e-16 6.63705e-19 BessellU
53634.9 1.49057e-16 6.39483e-19 BessellU
53635.9 1.41245e-16 6.15654e-19 BessellU
53636.9 1.33778e-16 5.92257e-19 BessellU
53637.9 1.26644e-16 5.69323e-19 BessellU
53638.9 1.19836e-16 5.46881e-19 BessellU
53639.9 1.13342e-16 5.24955e-19 BessellU
53640.9 1.07153e-16 5.03566e-19 BessellU
53641.9 1.01259e-16 4.82729e-19 BessellU
53642.9 9.56499e-17 4.62459e-19 BessellU
53643.9 9.03148e-17 4.42764e-19 BessellU
53644.9 8.52439e-17 4.23652e-19 BessellU
53645.9 8.0427e-17 4.05127e-19 BessellU
53646.9 7.5854e-17 3.87191e-19 BessellU
53647.9 7.15152e-17 3.69844e-19 BessellU
53648.9 6.74007e-17 3.53083e-19 BessellU
53649.9 6.3501e-17 3.36905e-19 BessellU
53650.9 5.9807e-17 3.21304e-19 BessellU
53651.9 5.63093e-17 3.06273e-19 BessellU
53652.9 5.29993e-17 2.91803e-19 BessellU
53653.9 4.98683e-17 2.77885e-19 BessellU
53654.9 4.6908e-17 2.6451e-19 BessellU
53655.9 4.41103e-17 2.51665e-19 BessellU
53656.9 4.14675e-17 2.39338e-19 BessellU
53657.9 3.89719e-17 2.27518e-19 BessellU
53658.9 3.66164e-17 2.16192e-19 BessellU
53659.9 3.43939e-17 2.05345e-19 BessellU
53660.9 3.22978e-17 1.94965e-19 BessellU
53661.9 3.03215e-17 1.85038e-19 BessellU
53662.9 2.8459e-17 1.75549e-19 BessellU
53663.9 2.67043e-17 1.66485e-19 BessellU
53664.9 2.50516e-17 1.57832e-19 BessellU
53665.9 2.34957e-17 1.49575e-19 BessellU
53666.9 2.20313e-17 1.41701e-19 BessellU
53667.9 2.06535e-17 1.34196e-19 BessellU
53668.9 1.93575e-17 1.27046e-19 BessellU
53669.9 1.81388e-17 1.20238e-19 BessellU
53670.9 1.69933e-17 1.13758e-19 BessellU
53671.9 1.59168e-17 1.07594e-19 BessellU
53672.9 1.49054e-17 1.01733e-19 BessellU
53673.9 1.39554e-17 9.61624e-20 BessellU
53674.9 1.30634e-17 9.087e-20 BessellU
53675.9 1.22261e-17 8.58441e-20 BessellU
53676.9 1.14402e-17 8.10733e-20 BessellU
53677.9 1.07029e-17 7.65465e-20 BessellU
53678.9 1.00112e-17 7.22528e-20 BessellU
53679.9 9.36261e-18 6.81817e-20 BessellU
53680.9 8.75446e-18 6.43233e-20 BessellU
53681.9 8.1844e-18 6.06676e-20 BessellU
53682.9 7.65015e-18 5.72053e-20 BessellU
53683.9 7.14959e-18 5.39273e-20 BessellU
53684.9 6.68068e-18 5.08247e-20 BessellU
53685.9 6.24152e-18 4.78893e-20 BessellU
53686.9 5.83031e-18 4.51128e-20 BessellU
53687.9 5.44534e-18 4.24876e-20 BessellU
53688.9 5.08501e-18 4.00061e-20 BessellU
53689.9 4.74781e-18 3.76611e-20 BessellU
53690.9 4.43232e-18 3.54459e-20 BessellU
53691.9 4.13719e-18 3.33538e-20 BessellU
53692.9 3.86116e-18 3.13786e-20 BessellU
53693.9 3.60304e-18 2.95143e-20 BessellU
53694.9 3.36171e-18 2.7755e-20 BessellU
53695.9 3.13612e-18 2.60954e-20 BessellU
53696.9 2.92528e-18 2.45302e-20 BessellU
53697.9 2.72825e-18 2.30544e-20 BessellU
53698.9 2.54416e-18 2.16633e-20 BessellU
53699.9 2.37219e-18 2.03523e-20 BessellU
53700.9 2.21157e-18 1.91171e-20 BessellU
53701.9 2.06157e-18 1.79536e-20 BessellU
53702.9 1.92151e-18 1.68578e-20 BessellU
53536.3 1.51953e-15 6.26811e-19 BessellI
53537.3 1.53941e-15 6.18481e-19 BessellI
53538.3 1.55945e-15 6.10024e-19 BessellI
53539.3 1.57966e-15 6.01449e-19 BessellI
53540.3 1.60004e-15 5.92763e-19 BessellI
53541.3 1.62058e-15 5.83975e-19 BessellI
53542.3 1.64129e-15 5.75094e-19 BessellI
53543.3 1.66216e-15 5.6613e-19 BessellI
53544.3 1.68319e-15 5.57093e-19 BessellI
53545.3 1.70439e-15 5.47994e-19 BessellI
53546.3 1.72575e-15 5.38847e-19 BessellI
53547.3 1.74726e-15 5.29663e-19 BessellI
53548.3 1.76894e-15 5.20456e-19 BessellI
53549.3 1.79077e-15 5.11243e-19 BessellI
53550.3 1.81275e-15 5.02038e-19 BessellI
53551.3 1.83488e-15 4.92859e-19 BessellI
53552.3 1.85717e-15 4.83724e-19 BessellI
53553.3 1.8796e-15 4.74654e-19 BessellI
53554.3 1.90218e-15 4.6567e-19 BessellI
53555.3 1.92491e-15 4.56793e-19 BessellI
53556.3 1.94777e-15 4.48049e-19 BessellI
53557.3 1.97077e-15 4.39463e-19 BessellI
53558.3 1.9939e-15 4.31062e-19 BessellI
53559.3 2.01717e-15 4.22876e-19 BessellI
53560.3 2.04056e-15 4.14934e-19 BessellI
53561.3 2.06408e-15 4.07269e-19 BessellI
53562.3 2.08771e-15 3.99913e-19 BessellI
53563.3 2.11146e-15 3.929e-19 BessellI
53564.3 2.13532e-15 3.86265e-19 BessellI
53565.3 2.15928e-15 3.80042e-19 BessellI
53566.3 2.18334e-15 3.74266e-19 BessellI
53567.3 2.20748e-15 3.6897e-19 BessellI
53568.3 2.23172e-15 3.64186e-19 BessellI
53569.3 2.25603e-15 3.59943e-19 BessellI
53570.3 2.2804e-15 3.56268e-19 BessellI
53571.3 2.30484e-15 3.53183e-19 BessellI
53572.3 2.32932e-15 3.50704e-19 BessellI
53573.3 2.35385e-15 3.48843e-19 BessellI
53574.3 2.3784e-15 3.47604e-19 BessellI
53575.3 2.40296e-15 3.46986e-19 BessellI
53576.3 2.42753e-15 3.46978e-19 BessellI
53577.3 2.45209e-15 3.47564e-19 BessellI
53578.3 2.47661e-15 3.48719e-19 BessellI
53579.3 2.50109e-15 3.50414e-19 BessellI
53580.3 2.52551e-15 3.52609e-19 BessellI
53581.3 2.54984e-15 3.55264e-19 BessellI
53582.3 2.57407e-15 3.5833e-19 BessellI
53583.3 2.59816e-15 3.6176e-19 BessellI
53584.3 2.62211e-15 3.655e-19 BessellI
53585.3 2.64587e-15 3.69501e-19 BessellI
53586.3 2.66942e-15 3.73712e-19 BessellI
53587.3 2.69273e-15 3.78089e-19 BessellI
53588.3 2.71576e-15 3.82591e-19 BessellI
53589.3 2.73848e-15 3.87187e-19 BessellI
53590.3 2.76084e-15 3.91857e-19 BessellI
53591.3 2.78281e-15 3.96593e-19 BessellI
53592.3 2.80435e-15 4.01405e-19 BessellI
53593.3 2.82539e-15 4.06323e-19 BessellI
53594.3 2.8459e-15 4.114e-19 BessellI
53595.3 2.86581e-15 4.16719e-19 BessellI
53596.3 2.88508e-15 4.22389e-19 BessellI
53597.3 2.90363e-15 4.28558e-19 BessellI
53598.3 2.92141e-15 4.35404e-19 BessellI
53599.3 2.93834e-15 4.43145e-19 BessellI
53600.3 2.95436e-15 4.52032e-19 BessellI
53601.3 2.96939e-15 4.62346e-19 BessellI
53602.3 2.98335e-15 4.74388e-19 BessellI
53603.3 2.99616e-15 4.88474e-19 BessellI
53604.3 3.00773e-15 5.04916e-19 BessellI
53605.3 3.01799e-15 5.24011e-19 BessellI
53606.3 3.02684e-15 5.46023e-19 BessellI
53607.3 3.0342e-15 5.71169e-19 BessellI
53608.3 3.03996e-15 5.99609e-19 BessellI
53609.3 3.04405e-15 6.31436e-19 BessellI
53610.3 3.04636e-15 6.66674e-19 BessellI
53611.3 3.04682e-15 7.05273e-19 BessellI
53612.3 3.04532e-15 7.47116e-19 BessellI
53613.3 3.0418e-15 7.92018e-19 BessellI
53614.3 3.03615e-15 8.39734e-19 BessellI
53615.3 3.02832e-15 8.89963e-19 BessellI
53616.3 3.01822e-15 9.42356e-19 BessellI
53617.3 3.0058e-15 9.96515e-19 BessellI
53618.3 2.991e-15 1.05201e-18 BessellI
53619.3 2.97378e-15 1.10837e-18 BessellI
53620.3 2.9541e-15 1.1651e-18 BessellI
53621.3 2.93195e-15 1.22169e-18 BessellI
53622.3 2.90732e-15 1.27761e-18 BessellI
53623.3 2.88021e-15 1.33234e-18 BessellI
53624.3 2.85063e-15 1.38534e-18 BessellI
53625.3 2.81864e-15 1.43609e-18 BessellI
53626.3 2.78427e-15 1.48409e-18 BessellI
53627.3 2.7476e-15 1.52889e-18 BessellI
53628.3 2.7087e-15 1.57003e-18 BessellI
53629.3 2.66767e-15 1.60713e-18 BessellI
53630.3 2.62461e-15 1.63985e-18 BessellI
53631.3 2.57966e-15 1.6679e-18 BessellI
53632.3 2.53294e-15 1.69106e-18 BessellI
53633.3 2.4846e-15 1.70915e-18 BessellI
53634.3 2.4348e-15 1.72209e-18 BessellI
53635.3 2.38369e-15 1.72983e-18 BessellI
53636.3 2.33144e-15 1.73241e-18 BessellI
53637.3 2.27823e-15 1.7299e-18 BessellI
53638.3 2.22422e-15 1.72247e-18 BessellI
53639.3 2.16959e-15 1.71029e-18 BessellI
53640.3 2.11451e-15 1.69361e-18 BessellI
53641.3 2.05914e-15 1.67271e-18 BessellI
53642.3 2.00366e-15 1.6479e-18 BessellI
53643.3 1.94821e-15 1.61951e-18 BessellI
53644.3 1.89294e-15 1.58789e-18 BessellI
53645.3 1.83801e-15 1.5534e-18 BessellI
53646.3 1.78353e-15 1.51641e-18 BessellI
53647.3 1.72963e-15 1.47728e-18 BessellI
53648.3 1.67642e-15 1.43637e-18 BessellI
53649.3 1.624e-15 1.39403e-18 BessellI
53650.3 1.57247e-15 1.35058e-18 BessellI
53651.3 1.52189e-15 1.30634e-18 BessellI
53652.3 1.47235e-15 1.2616e-18 BessellI
53653.3 1.42389e-15 1.21664e-18 BessellI
53654.3 1.37657e-15 1.1717e-18 BessellI
53655.3 1.33042e-15 1.12702e-18 BessellI
53656.3 1.28548e-15 1.08279e-18 BessellI
53657.3 1.24177e-15 1.03922e-18 BessellI
53658.3 1.19931e-15 9.96445e-19 BessellI
53659.3 1.1581e-15 9.54624e-19 BessellI
53660.3 1.11814e-15 9.13879e-19 BessellI
53661.3 1.07943e-15 8.74314e-19 BessellI
53662.3 1.04196e-15 8.36021e-19 BessellI
53663.3 1.00572e-15 7.99075e-19 BessellI
53664.3 9.70695e-16 7.63537e-19 BessellI
53665.3 9.36858e-16 7.29457e-19 BessellI
53666.3 9.0419e-16 6.9687e-19 BessellI
53667.3 8.72664e-16 6.65806e-19 BessellI
53668.3 8.42253e-16 6.36279e-19 BessellI
53669.3 8.12929e-16 6.08299e-19 BessellI
53670.3 7.8466e-16 5.81866e-19 BessellI
53671.3 7.57417e-16 5.56972e-19 BessellI
53672.3 7.31167e-16 5.336e-19 BessellI
53673.3 7.05879e-16 5.11731e-19 BessellI
53674.3 6.81521e-16 4.91333e-19 BessellI
53675.3 6.58061e-16 4.72373e-19 BessellI
53676.3 6.35468e-16 4.54808e-19 BessellI
53677.3 6.1371e-16 4.38591e-19 BessellI
53678.3 5.92757e-16 4.23669e-19 BessellI
53679.3 5.72578e-16 4.09984e-19 BessellI
53680.3 5.53144e-16 3.97473e-19 BessellI
53681.3 5.34427e-16 3.8607e-19 BessellI
53682.3 5.16399e-16 3.75705e-19 BessellI
53683.3 4.99032e-16 3.66307e-19 BessellI
53684.3 4.823e-16 3.57802e-19 BessellI
53685.3 4.66179e-16 3.50116e-19 BessellI
53686.3 4.50644e-16 3.43175e-19 BessellI
53687.3 4.3567e-16 3.36909e-19 BessellI
53688.3 4.21237e-16 3.31247e-19 BessellI
53689.3 4.07321e-16 3.26121e-19 BessellI
53690.3 3.93902e-16 3.21469e-19 BessellI
53691.3 3.80961e-16 3.1723e-19 BessellI
53692.3 3.68477e-16 3.13348e-19 BessellI
53693.3 3.56433e-16 3.09772e-19 BessellI
53694.3 3.4481e-16 3.06455e-19 BessellI
53695.3 3.33593e-16 3.03353e-19 BessellI
53696.3 3.22765e-16 3.00429e-19 BessellI
53697.3 3.1231e-16 2.97648e-19 BessellI
53698.3 3.02214e-16 2.94979e-19 BessellI
53699.3 2.92462e-16 2.92395e-19 BessellI
53700.3 2.83042e-16 2.89874e-19 BessellI
53701.3 2.73941e-16 2.87395e-19 BessellI
53702.3 2.65146e-16 2.84941e-19 BessellI
53703.3 2.56645e-16 2.82497e-19 BessellI
53704.3 2.48427e-16 2.80049e-19 BessellI
53705.3 2.40483e-16 2.77589e-19 BessellI
53706.3 2.328e-16 2.75108e-19 BessellI
53707.3 2.25371e-16 2.72599e-19 BessellI
53708.3 2.18184e-16 2.70056e-19 BessellI
53709.3 2.11233e-16 2.67476e-19 BessellI
53710.3 2.04507e-16 2.64855e-19 BessellI
53711.3 1.97998e-16 2.62192e-19 BessellI
53712.3 1.917e-16 2.59486e-19 BessellI
53713.3 1.85605e-16 2.56736e-19 BessellI
53714.3 1.79704e-16 2.53943e-19 BessellI
53715.3 1.73992e-16 2.51107e-19 BessellI
53716.3 1.68463e-16 2.4823e-19 BessellI
53717.3 1.63108e-16 2.45314e-19 BessellI
53718.3 1.57924e-16 2.42359e-19 BessellI
53719.3 1.52903e-16 2.39369e-19 BessellI
53720.3 1.48041e-16 2.36345e-19 BessellI
53721.3 1.43332e-16 2.33291e-19 BessellI
53722.3 1.38771e-16 2.30209e-19 BessellI
53723.3 1.34353e-16 2.27101e-19 BessellI
53724.3 1.30073e-16 2.2397e-19 BessellI
53725.3 1.25927e-16 2.2082e-19 BessellI
53726.3 1.21911e-16 2.17652e-19 BessellI
53727.3 1.1802e-16 2.14471e-19 BessellI
53728.3 1.1425e-16 2.11277e-19 BessellI
53729.3 1.10597e-16 2.08075e-19 BessellI
53730.3 1.07059e-16 2.04866e-19 BessellI
53731.3 1.0363e-16 2.01653e-19 BessellI
53732.3 1.00308e-16 1.9844e-19 BessellI
53733.3 9.70886e-17 1.95228e-19 BessellI
53734.3 9.39696e-17 1.92019e-19 BessellI
53735.3 9.09474e-17 1.88817e-19 BessellI
53736.3 8.80191e-17 1.85622e-19 BessellI
53737.3 8.51818e-17 1.82438e-19 BessellI
53738.3 8.24326e-17 1.79266e-19 BessellI
53739.3 7.97688e-17 1.76108e-19 BessellI
53740.3 7.71879e-17 1.72966e-19 BessellI
53741.3 7.46872e-17 1.69842e-19 BessellI
53742.3 7.22643e-17 1.66738e-19 BessellI
53743.3 6.99169e-17 1.63654e-19 BessellI
53744.3 6.76426e-17 1.60593e-19 BessellI
53745.3 6.54393e-17 1.57556e-19 BessellI
53746.3 6.33047e-17 1.54544e-19 BessellI
53747.3 6.12368e-17 1.51559e-19 BessellI
53748.3 5.92336e-17 1.48601e-19 BessellI
53749.3 5.72931e-17 1.45672e-19 BessellI
53750.3 5.54134e-17 1.42772e-19 BessellI
53751.3 5.35927e-17 1.39903e-19 BessellI
53752.3 5.18291e-17 1.37066e-19 BessellI
53753.3 5.01211e-17 1.34261e-19 BessellI
53754.3 4.84668e-17 1.31489e-19 BessellI
53755.3 4.68647e-17 1.28751e-19 BessellI
53756.3 4.53132e-17 1.26047e-19 BessellI
53757.3 4.38108e-17 1.23378e-19 BessellI
53758.3 4.23559e-17 1.20744e-19 BessellI
53759.3 4.09472e-17 1.18146e-19 BessellI
53760.3 3.95832e-17 1.15584e-19 BessellI
53761.3 3.82627e-17 1.13058e-19 BessellI
53762.3 3.69842e-17 1.1057e-19 BessellI
53763.3 3.57465e-17 1.08118e-19 BessellI
53764.3 3.45483e-17 1.05704e-19 BessellI
53765.3 3.33886e-17 1.03327e-19 BessellI
53766.3 3.2266e-17 1.00987e-19 BessellI
53767.3 3.11795e-17 9.86848e-20 BessellI
53768.3 3.01279e-17 9.64202e-20 BessellI
53769.3 2.91102e-17 9.41933e-20 BessellI
53770.3 2.81254e-17 9.20039e-20 BessellI
53771.3 2.71725e-17 8.9852e-20 BessellI
53772.3 2.62504e-17 8.77375e-20 BessellI
53773.3 2.53582e-17 8.56602e-20 BessellI
53774.3 2.44951e-17 8.36201e-20 BessellI
53775.3 2.366e-17 8.1617e-20 BessellI
53776.3 2.28522e-17 7.96506e-20 BessellI
53777.3 2.20708e-17 7.77208e-20 BessellI
53778.3 2.1315e-17 7.58272e-20 BessellI
53779.3 2.05839e-17 7.39698e-20 BessellI
53780.3 1.98769e-17 7.21481e-20 BessellI
53781.3 1.91931e-17 7.03618e-20 BessellI
53782.3 1.85319e-17 6.86108e-20 BessellI
53783.3 1.78925e-17 6.68946e-20 BessellI
53784.3 1.72743e-17 6.52129e-20 BessellI
53785.3 1.66766e-17 6.35653e-20 BessellI
53786.3 1.60987e-17 6.19516e-20 BessellI
53787.3 1.554e-17 6.03712e-20 BessellI
53788.3 1.49999e-17 5.88239e-20 BessellI
53789.3 1.44779e-17 5.73092e-20 BessellI
53790.3 1.39733e-17 5.58267e-20 BessellI
53791.3 1.34856e-17 5.4376e-20 BessellI
53792.3 1.30143e-17 5.29567e-20 BessellI
53793.3 1.25588e-17 5.15684e-20 BessellI
53794.3 1.21186e-17 5.02106e-20 BessellI
53795.3 1.16933e-17 4.8883e-20 BessellI
53796.3 1.12823e-17 4.7585e-20 BessellI
53797.3 1.08853e-17 4.63162e-20 BessellI
53798.3 1.05017e-17 4.50762e-20 BessellI
53799.3 1.01311e-17 4.38645e-20 BessellI
53800.3 9.7731e-18 4.26807e-20 BessellI
53801.3 9.4273e-18 4.15243e-20 BessellI
53802.3 9.0933e-18 4.03948e-20 BessellI
53803.3 8.77071e-18 3.92919e-20 BessellI
53804.3 8.45916e-18 3.82151e-20 BessellI
53805.3 8.15828e-18 3.71639e-20 BessellI
53806.3 7.86774e-18 3.61378e-20 BessellI
53807.3 7.58718e-18 3.51365e-20 BessellI
53808.3 7.31628e-18 3.41594e-20 BessellI
53809.3 7.05473e-18 3.32061e-20 BessellI
53810.3 6.80222e-18 3.22762e-20 BessellI
53811.3 6.55844e-18 3.13692e-20 BessellI
53812.3 6.3231e-18 3.04847e-20 BessellI
53813.3 6.09594e-18 2.96223e-20 BessellI
53814.3 5.87667e-18 2.87814e-20 BessellI
53815.3 5.66503e-18 2.79618e-20 BessellI
53816.3 5.46077e-18 2.7163e-20 BessellI
53817.3 5.26364e-18 2.63844e-20 BessellI
53818.3 5.0734e-18 2.56259e-20 BessellI
53819.3 4.88982e-18 2.48868e-20 BessellI
53820.3 4.71268e-18 2.41668e-20 BessellI
53821.3 4.54176e-18 2.34655e-20 BessellI
53822.3 4.37685e-18 2.27826e-20 BessellI
53823.3 4.21775e-18 2.21175e-20 BessellI
53824.3 4.06426e-18 2.147e-20 BessellI
53825.3 3.91619e-18 2.08396e-20 BessellI
53826.3 3.77335e-18 2.02259e-20 BessellI
53827.3 3.63558e-18 1.96287e-20 BessellI
53828.3 3.50268e-18 1.90474e-20 BessellI
53829.3 3.37451e-18 1.84818e-20 BessellI
53830.3 3.25089e-18 1.79315e-20 BessellI
53831.3 3.13168e-18 1.73961e-20 BessellI
53832.3 3.01671e-18 1.68754e-20 BessellI
53833.3 2.90585e-18 1.63689e-20 BessellI
53834.3 2.79895e-18 1.58763e-20 BessellI
53835.3 2.69588e-18 1.53972e-20 BessellI
53836.3 2.5965e-18 1.49315e-20 BessellI
53837.3 2.50068e-18 1.44787e-20 BessellI
53838.3 2.40831e-18 1.40385e-20 BessellI
53839.3 2.31926e-18 1.36107e-20 BessellI
53840.3 2.23342e-18 1.31949e-20 BessellI
53841.3 2.15067e-18 1.27908e-20 BessellI
53842.3 2.07091e-18 1.23981e-20 BessellI
53843.3 1.99403e-18 1.20166e-20 BessellI
53844.3 1.91993e-18 1.1646e-20 BessellI
53845.3 1.84852e-18 1.1286e-20 BessellI
53846.3 1.7797e-18 1.09363e-20 BessellI
53847.3 1.71338e-18 1.05967e-20 BessellI
53848.3 1.64947e-18 1.02668e-20 BessellI
53849.3 1.58789e-18 9.94658e-21 BessellI
53850.3 1.52855e-18 9.63563e-21 BessellI
53851.3 1.47138e-18 9.33374e-21 BessellI
53852.3 1.41629e-18 9.04068e-21 BessellI
53853.3 1.36322e-18 8.75621e-21 BessellI
53854.3 1.31209e-18 8.48012e-21 BessellI
53855.3 1.26284e-18 8.21217e-21 BessellI
53856.3 1.21539e-18 7.95216e-21 BessellI
53857.3 1.16968e-18 7.69986e-21 BessellI
53858.3 1.12566e-18 7.45507e-21 BessellI
53859.3 1.08325e-18 7.21759e-21 BessellI
53860.3 1.04241e-18 6.98722e-21 BessellI
53861.3 1.00308e-18 6.76376e-21 BessellI
53862.3 9.65193e-19 6.54703e-21 BessellI
53863.3 9.2871e-19 6.33684e-21 BessellI
53864.3 8.93576e-19 6.13301e-21 BessellI
53865.3 8.59744e-19 5.93537e-21 BessellI
53866.3 8.27165e-19 5.74374e-21 BessellI
53867.3 7.95796e-19 5.55795e-21 BessellI
53868.3 7.65592e-19 5.37784e-21 BessellI
53869.3 7.36511e-19 5.20325e-21 BessellI
53870.3 7.08512e-19 5.03402e-21 BessellI
53871.3 6.81556e-19 4.87001e-21 BessellI
53872.3 6.55606e-19 4.71106e-21 BessellI
53873.3 6.30624e-19 4.55703e-21 BessellI
53874.3 6.06575e-19 4.40778e-21 BessellI
53875.3 5.83426e-19 4.26317e-21 BessellI
53876.3 5.61143e-19 4.12307e-21 BessellI
53877.3 5.39695e-19 3.98734e-21 BessellI
53878.3 5.19051e-19 3.85587e-21 BessellI
53879.3 4.99182e-19 3.72851e-21 BessellI
53880.3 4.8006e-19 3.60517e-21 BessellI
53881.3 4.61656e-19 3.48571e-21 BessellI
53882.3 4.43945e-19 3.37002e-21 BessellI
53883.3 4.26901e-19 3.258e-21 BessellI
53884.3 4.105e-19 3.14952e-21 BessellI
53885.3 3.94718e-19 3.0445e-21 BessellI
53886.3 3.79531e-19 2.94282e-21 BessellI
53887.3 3.64919e-19 2.84439e-21 BessellI
53888.3 3.50859e-19 2.7491e-21 BessellI
53889.3 3.37332e-19 2.65687e-21 BessellI
53890.3 3.24317e-19 2.5676e-21 BessellI
53891.3 3.11796e-19 2.4812e-21 BessellI
53892.3 2.9975e-19 2.39758e-21 BessellI
53893.3 2.88161e-19 2.31667e-21 BessellI
53894.3 2.77013e-19 2.23837e-21 BessellI
53895.3 2.66289e-19 2.16261e-21 BessellI
53896.3 2.55974e-19 2.08931e-21 BessellI
53897.3 2.46051e-19 2.0184e-21 BessellI
53898.3 2.36507e-19 1.9498e-21 BessellI
53899.3 2.27328e-19 1.88344e-21 BessellI
53900.3 2.18499e-19 1.81925e-21 BessellI
53901.3 2.10007e-19 1.75716e-21 BessellI
53902.3 2.0184e-19 1.69711e-21 BessellI
53903.3 1.93986e-19 1.63904e-21 BessellI
53904.3 1.86433e-19 1.58288e-21 BessellI
53905.3 1.79169e-19 1.52857e-21 BessellI
53906.3 1.72184e-19 1.47606e-21 BessellI
53907.3 1.65467e-19 1.42528e-21 BessellI
53908.3 1.59009e-19 1.37619e-21 BessellI
53909.3 1.52798e-19 1.32873e-21 BessellI
53910.3 1.46827e-19 1.28285e-21 BessellI
53911.3 1.41086e-19 1.2385e-21 BessellI
53912.3 1.35565e-19 1.19563e-21 BessellI
53913.3 1.30258e-19 1.15419e-21 BessellI
53914.3 1.25156e-19 1.11414e-21 BessellI
53915.3 1.2025e-19 1.07544e-21 BessellI
53916.3 1.15534e-19 1.03803e-21 BessellI
53917.3 1.11001e-19 1.00188e-21 BessellI
53918.3 1.06642e-19 9.6695e-22 BessellI
53919.3 1.02453e-19 9.33198e-22 BessellI
53920.3 9.84259e-20 9.00586e-22 BessellI
53921.3 9.45549e-20 8.69077e-22 BessellI
53922.3 9.08342e-20 8.38636e-22 BessellI
53923.3 8.72578e-20 8.09228e-22 BessellI
53924.3 8.38204e-20 7.8082e-22 BessellI
53925.3 8.05166e-20 7.53378e-22 BessellI
53926.3 7.73413e-20 7.26872e-22 BessellI
53927.3 7.42896e-20 7.0127e-22 BessellI
53928.3 7.13567e-20 6.76542e-22 BessellI
53929.3 6.85382e-20 6.52662e-22 BessellI
53930.3 6.58295e-20 6.29599e-22 BessellI
53931.3 6.32266e-20 6.07328e-22 BessellI
53932.3 6.07252e-20 5.85821e-22 BessellI
53933.3 5.83216e-20 5.65055e-22 BessellI
53934.3 5.60119e-20 5.45004e-22 BessellI
53935.3 5.37926e-20 5.25645e-22 BessellI
53936.3 5.16601e-20 5.06954e-22 BessellI
53937.3 4.96112e-20 4.88909e-22 BessellI
53938.3 4.76425e-20 4.71489e-22 BessellI
53939.3 4.5751e-20 4.54673e-22 BessellI
53940.3 4.39337e-20 4.38441e-22 BessellI
53941.3 4.21877e-20 4.22773e-22 BessellI
53942.3 4.05103e-20 4.0765e-22 BessellI
53943.3 3.88988e-20 3.93054e-22 BessellI
53944.3 3.73507e-20 3.78966e-22 BessellI
53945.3 3.58635e-20 3.65371e-22 BessellI
53946.3 3.44348e-20 3.52251e-22 BessellI
53947.3 3.30623e-20 3.3959e-22 BessellI
53948.3 3.1744e-20 3.27373e-22 BessellI
53949.3 3.04776e-20 3.15585e-22 BessellI
53950.3 2.92612e-20 3.0421e-22 BessellI
53951.3 2.80928e-20 2.93236e-22 BessellI
53952.3 2.69706e-20 2.82647e-22 BessellI
53953.3 2.58927e-20 2.72432e-22 BessellI
53954.3 2.48574e-20 2.62577e-22 BessellI
53955.3 2.3863e-20 2.5307e-22 BessellI
53956.3 2.2908e-20 2.439e-22 BessellI
53957.3 2.19908e-20 2.35054e-22 BessellI
53958.3 2.111e-20 2.26521e-22 BessellI
53959.3 2.0264e-20 2.18291e-22 BessellI
53960.3 1.94516e-20 2.10353e-22 BessellI
53961.3 1.86714e-20 2.02697e-22 BessellI
53962.3 1.79222e-20 1.95314e-22 BessellI
53963.3 1.72028e-20 1.88194e-22 BessellI
53964.3 1.65119e-20 1.81327e-22 BessellI
53965.3 1.58485e-20 1.74706e-22 BessellI
53966.3 1.52115e-20 1.68321e-22 BessellI
53967.3 1.45999e-20 1.62164e-22 BessellI
53968.3 1.40125e-20 1.56228e-22 BessellI
53969.3 1.34486e-20 1.50504e-22 BessellI
53970.3 1.29072e-20 1.44986e-22 BessellI
53971.3 1.23873e-20 1.39666e-22 BessellI
53972.3 1.18882e-20 1.34537e-22 BessellI
53973.3 1.1409e-20 1.29592e-22 BessellI
53974.3 1.09489e-20 1.24826e-22 BessellI
53975.3 1.05072e-20 1.20231e-22 BessellI
53976.3 1.00832e-20 1.15802e-22 BessellI
53977.3 9.67606e-21 1.11533e-22 BessellI
53978.3 9.28525e-21 1.07418e-22 BessellI
53979.3 8.91007e-21 1.03452e-22 BessellI
53980.3 8.54992e-21 9.96293e-23 BessellI
53981.3 8.20419e-21 9.59453e-23 BessellI
53982.3 7.87231e-21 9.2395e-23 BessellI
53983.3 7.55374e-21 8.89734e-23 BessellI
53984.3 7.24794e-21 8.56762e-23 BessellI
53985.3 6.95441e-21 8.24989e-23 BessellI
53986.3 6.67266e-21 7.94372e-23 BessellI
53987.3 6.40223e-21 7.6487e-23 BessellI
53988.3 6.14266e-21 7.36443e-23 BessellI
53989.3 5.89352e-21 7.09054e-23 BessellI
53990.3 5.6544e-21 6.82665e-23 BessellI
53991.3 5.4249e-21 6.5724e-23 BessellI
53992.3 5.20463e-21 6.32745e-23 BessellI
53993.3 4.99323e-21 6.09147e-23 BessellI
53994.3 4.79034e-21 5.86413e-23 BessellI
53995.3 4.59563e-21 5.64513e-23 BessellI
53996.3 4.40877e-21 5.43417e-23 BessellI
53997.3 4.22944e-21 5.23095e-23 BessellI
53998.3 4.05735e-21 5.0352e-23 BessellI
53999.3 3.8922e-21 4.84665e-23 BessellI
54000.3 3.73371e-21 4.66505e-23 BessellI
54001.3 3.58163e-21 4.49013e-23 BessellI
54002.3 3.43569e-21 4.32166e-23 BessellI
54003.3 3.29565e-21 4.15941e-23 BessellI
54004.3 3.16128e-21 4.00315e-23 BessellI
54005.3 3.03234e-21 3.85266e-23 BessellI
54006.3 2.90861e-21 3.70774e-23 BessellI
54007.3 2.7899e-21 3.56818e-23 BessellI
54008.3 2.67599e-21 3.43379e-23 BessellI
54009.3 2.5667e-21 3.30439e-23 BessellI
54010.3 2.46183e-21 3.17978e-23 BessellI
54011.3 2.36122e-21 3.05979e-23 BessellI
54012.3 2.26469e-21 2.94427e-23 BessellI
54013.3 2.17208e-21 2.83303e-23 BessellI
54014.3 2.08322e-21 2.72594e-23 BessellI
54015.3 1.99797e-21 2.62283e-23 BessellI
54016.3 1.91618e-21 2.52356e-23 BessellI
54017.3 1.83772e-21 2.42799e-23 BessellI
54018.3 1.76245e-21 2.33599e-23 BessellI
54019.3 1.69023e-21 2.24742e-23 BessellI
54020.3 1.62096e-21 2.16216e-23 BessellI
54021.3 1.5545e-21 2.08009e-23 BessellI
54022.3 1.49075e-21 2.00109e-23 BessellI
54023.3 1.42959e-21 1.92504e-23 BessellI
54024.3 1.37093e-21 1.85184e-23 BessellI
54025.3 1.31465e-21 1.78139e-23 BessellI
54026.3 1.26067e-21 1.71357e-23 BessellI
54027.3 1.20889e-21 1.64831e-23 BessellI
54028.3 1.15922e-21 1.58549e-23 BessellI
54029.3 1.11158e-21 1.52503e-23 BessellI
54030.3 1.06588e-21 1.46685e-23 BessellI
54031.3 1.02205e-21 1.41086e-23 BessellI
54032.3 9.80006e-22 1.35697e-23 BessellI
54033.3 9.39682e-22 1.30511e-23 BessellI
54034.3 9.01005e-22 1.25521e-23 BessellI
54035.3 8.6391e-22 1.20719e-23 BessellI
54036.3 8.28332e-22 1.16099e-23 BessellI
54037.3 7.9421e-22 1.11653e-23 BessellI
54038.3 7.61484e-22 1.07375e-23 BessellI
54039.3 7.30097e-22 1.03258e-23 BessellI
54040.3 6.99996e-22 9.92976e-24 BessellI
54041.3 6.71127e-22 9.54869e-24 BessellI
54042.3 6.43442e-22 9.18206e-24 BessellI
54043.3 6.16891e-22 8.82933e-24 BessellI
54044.3 5.91429e-22 8.48997e-24 BessellI
54045.3 5.67011e-22 8.16349e-24 BessellI
54046.3 5.43594e-22 7.84941e-24 BessellI
54047.3 5.21139e-22 7.54726e-24 BessellI
54048.3 4.99605e-22 7.2566e-24 BessellI
54049.3 4.78956e-22 6.97699e-24 BessellI
54050.3 4.59155e-22 6.70802e-24 BessellI
54051.3 4.40167e-22 6.4493e-24 BessellI
54052.3 4.2196e-22 6.20043e-24 BessellI
54053.3 4.04501e-22 5.96105e-24 BessellI
54054.3 3.8776e-22 5.73081e-24 BessellI
54055.3 3.71708e-22 5.50934e-24 BessellI
54056.3 3.56316e-22 5.29634e-24 BessellI
54057.3 3.41558e-22 5.09147e-24 BessellI
54058.3 3.27408e-22 4.89444e-24 BessellI
54059.3 3.1384e-22 4.70494e-24 BessellI
54060.3 3.00831e-22 4.52269e-24 BessellI
54061.3 2.88358e-22 4.34742e-24 BessellI
54062.3 2.764e-22 4.17887e-24 BessellI
54063.3 2.64934e-22 4.01678e-24 BessellI
54064.3 2.53941e-22 3.8609e-24 BessellI
54065.3 2.43402e-22 3.711e-24 BessellI
54066.3 2.33298e-22 3.56686e-24 BessellI
54067.3 2.2361e-22 3.42825e-24 BessellI
54068.3 2.14323e-22 3.29497e-24 BessellI
54069.3 2.05419e-22 3.16682e-24 BessellI
54070.3 1.96883e-22 3.04359e-24 BessellI
54071.3 1.887e-22 2.92511e-24 BessellI
54072.3 1.80855e-22 2.81119e-24 BessellI
54073.3 1.73334e-22 2.70166e-24 BessellI
54074.3 1.66124e-22 2.59635e-24 BessellI
54075.3 1.59213e-22 2.4951e-24 BessellI
54076.3 1.52588e-22 2.39776e-24 BessellI
54077.3 1.46236e-22 2.30418e-24 BessellI
54078.3 1.40148e-22 2.21421e-24 BessellI
54079.3 1.34312e-22 2.12771e-24 BessellI
54080.3 1.28717e-22 2.04456e-24 BessellI
54081.3 1.23355e-22 1.96463e-24 BessellI
54082.3 1.18214e-22 1.88779e-24 BessellI
54083.3 1.13287e-22 1.81392e-24 BessellI
54084.3 1.08564e-22 1.74292e-24 BessellI
54085.3 1.04037e-22 1.67467e-24 BessellI
54086.3 9.96972e-23 1.60906e-24 BessellI
54087.3 9.55379e-23 1.546e-24 BessellI
54088.3 9.15512e-23 1.48538e-24 BessellI
54089.3 8.773e-23 1.42712e-24 BessellI
54090.3 8.40675e-23 1.37112e-24 BessellI
54091.3 8.05571e-23 1.3173e-24 BessellI
54092.3 7.71925e-23 1.26556e-24 BessellI
54093.3 7.39678e-23 1.21584e-24 BessellI
54094.3 7.08771e-23 1.16806e-24 BessellI
54095.3 6.79149e-23 1.12214e-24 BessellI
54096.3 6.50759e-23 1.078e-24 BessellI
54097.3 6.2355e-23 1.03558e-24 BessellI
54098.3 5.97472e-23 9.94819e-25 BessellI
54099.3 5.72481e-23 9.55645e-25 BessellI
54100.3 5.48529e-23 9.17999e-25 BessellI
54101.3 5.25575e-23 8.81823e-25 BessellI
54102.3 5.03576e-23 8.47059e-25 BessellI
54103.3 4.82494e-23 8.13653e-25 BessellI
54104.3 4.6229e-23 7.81553e-25 BessellI
54105.3 4.42928e-23 7.50707e-25 BessellI
54106.3 4.24374e-23 7.21068e-25 BessellI
54107.3 4.06593e-23 6.92589e-25 BessellI
54108.3 3.89553e-23 6.65224e-25 BessellI
54109.3 3.73224e-23 6.38931e-25 BessellI
54110.3 3.57576e-23 6.13668e-25 BessellI
54111.3 3.42582e-23 5.89395e-25 BessellI
54112.3 3.28213e-23 5.66074e-25 BessellI
54113.3 3.14444e-23 5.43668e-25 BessellI
54114.3 3.01251e-23 5.22141e-25 BessellI
54115.3 2.88608e-23 5.01458e-25 BessellI
54116.3 2.76493e-23 4.81588e-25 BessellI
54117.3 2.64885e-23 4.62499e-25 BessellI
54118.3 2.53762e-23 4.4416e-25 BessellI
54119.3 2.43103e-23 4.26542e-25 BessellI
54120.3 2.32891e-23 4.09617e-25 BessellI
54121.3 2.23105e-23 3.93358e-25 BessellI
54122.3 2.13729e-23 3.77739e-25 BessellI
54123.3 2.04746e-23 3.62735e-25 BessellI
54124.3 1.96138e-23 3.48322e-25 BessellI
54125.3 1.8789e-23 3.34477e-25 BessellI
54126.3 1.79988e-23 3.21178e-25 BessellI
54127.3 1.72417e-23 3.08403e-25 BessellI
54128.3 1.65163e-23 2.96132e-25 BessellI
54129.3 1.58212e-23 2.84346e-25 BessellI
54130.3 1.51553e-23 2.73025e-25 BessellI
54131.3 1.45173e-23 2.62151e-25 BessellI
54132.3 1.39061e-23 2.51707e-25 BessellI
54133.3 1.33205e-23 2.41675e-25 BessellI
54134.3 1.27594e-23 2.32041e-25 BessellI
54135.3 1.22219e-23 2.22787e-25 BessellI
54136.3 1.17069e-23 2.13899e-25 BessellI
54137.3 1.12135e-23 2.05364e-25 BessellI
54138.3 1.07408e-23 1.97166e-25 BessellI
54139.3 1.0288e-23 1.89293e-25 BessellI
54140.3 9.85421e-24 1.81732e-25 BessellI
54141.3 9.43862e-24 1.74471e-25 BessellI
54142.3 9.04048e-24 1.67498e-25 BessellI
54143.3 8.65907e-24 1.60801e-25 BessellI
54144.3 8.29369e-24 1.5437e-25 BessellI
54145.3 7.94366e-24 1.48194e-25 BessellI
54146.3 7.60835e-24 1.42264e-25 BessellI
54147.3 7.28713e-24 1.36569e-25 BessellI
54148.3 6.97942e-24 1.311e-25 BessellI
54149.3 6.68466e-24 1.25849e-25 BessellI
53525.1 1.21736e-31 3.82983e-33 BessellR
53526.1 5.35106e-31 1.61551e-32 BessellR
53527.1 2.34933e-30 6.79451e-32 BessellR
53528.1 1.0302e-29 2.84868e-31 BessellR
53529.1 4.51188e-29 1.19037e-30 BessellR
53530.1 1.97356e-28 4.95645e-30 BessellR
53531.1 8.62171e-28 2.05591e-29 BessellR
53532.1 3.76169e-27 8.49295e-29 BessellR
53533.1 1.63916e-26 3.49297e-28 BessellR
53534.1 7.13373e-26 1.42973e-27 BessellR
53535.1 3.10086e-25 5.82172e-27 BessellR
53536.1 1.3463e-24 2.35704e-26 BessellR
53537.1 5.83888e-24 9.48287e-26 BessellR
53538.1 2.52982e-23 3.78837e-25 BessellR
53539.1 1.09518e-22 1.50144e-24 BessellR
53540.1 4.73805e-22 5.89657e-24 BessellR
53541.1 2.04897e-21 2.29121e-23 BessellR
53542.1 8.85988e-21 8.79043e-23 BessellR
53543.1 3.83213e-20 3.32041e-22 BessellR
53544.1 1.65871e-19 1.22975e-21 BessellR
53545.1 7.18872e-19 4.43824e-21 BessellR
53546.1 3.121e-18 1.54622e-20 BessellR
53547.1 1.35728e-17 5.12507e-20 BessellR
53548.1 5.89361e-17 1.58837e-19 BessellR
53549.1 2.5084e-16 4.70356e-19 BessellR
53550.1 9.63303e-16 1.49184e-18 BessellR
53551.1 2.61574e-15 3.07334e-18 BessellR
53552.1 4.03591e-15 1.82519e-18 BessellR
53553.1 4.33509e-15 1.29869e-18 BessellR
53554.1 4.18146e-15 1.40427e-18 BessellR
53555.1 3.96579e-15 1.25022e-18 BessellR
53556.1 3.77838e-15 1.05808e-18 BessellR
53557.1 3.6322e-15 9.07832e-19 BessellR
53558.1 3.52504e-15 8.14123e-19 BessellR
53559.1 3.45223e-15 7.70632e-19 BessellR
53560.1 3.40904e-15 7.62995e-19 BessellR
53561.1 3.39112e-15 7.75987e-19 BessellR
53562.1 3.39453e-15 7.97772e-19 BessellR
53563.1 3.41573e-15 8.20776e-19 BessellR
53564.1 3.45159e-15 8.40786e-19 BessellR
53565.1 3.49928e-15 8.55794e-19 BessellR
53566.1 3.55629e-15 8.65107e-19 BessellR
53567.1 3.62041e-15 8.68784e-19 BessellR
53568.1 3.68968e-15 8.6729e-19 BessellR
53569.1 3.76237e-15 8.6129e-19 BessellR
53570.1 3.83698e-15 8.51535e-19 BessellR
53571.1 3.91217e-15 8.38786e-19 BessellR
53572.1 3.98682e-15 8.23778e-19 BessellR
53573.1 4.05993e-15 8.07188e-19 BessellR
53574.1 4.13066e-15 7.89629e-19 BessellR
53575.1 4.19831e-15 7.7164e-19 BessellR
53576.1 4.26228e-15 7.53682e-19 BessellR
53577.1 4.32208e-15 7.36139e-19 BessellR
53578.1 4.37731e-15 7.1932e-19 BessellR
53579.1 4.42766e-15 7.0346e-19 BessellR
53580.1 4.4729e-15 6.88727e-19 BessellR
53581.1 4.51284e-15 6.75226e-19 BessellR
53582.1 4.54738e-15 6.63005e-19 BessellR
53583.1 4.57646e-15 6.52065e-19 BessellR
53584.1 4.60005e-15 6.42364e-19 BessellR
53585.1 4.61819e-15 6.33831e-19 BessellR
53586.1 4.63092e-15 6.26367e-19 BessellR
53587.1 4.63835e-15 6.1986e-19 BessellR
53588.1 4.64058e-15 6.14186e-19 BessellR
53589.1 4.63774e-15 6.0922e-19 BessellR
53590.1 4.63e-15 6.04837e-19 BessellR
53591.1 4.61751e-15 6.00919e-19 BessellR
53592.1 4.60047e-15 5.97356e-19 BessellR
53593.1 4.57905e-15 5.94047e-19 BessellR
53594.1 4.55347e-15 5.90904e-19 BessellR
53595.1 4.52392e-15 5.87851e-19 BessellR
53596.1 4.49061e-15 5.84823e-19 BessellR
53597.1 4.45375e-15 5.81764e-19 BessellR
53598.1 4.41355e-15 5.78632e-19 BessellR
53599.1 4.37023e-15 5.75393e-19 BessellR
53600.1 4.32398e-15 5.72021e-19 BessellR
53601.1 4.27502e-15 5.68498e-19 BessellR
53602.1 4.22355e-15 5.64812e-19 BessellR
53603.1 4.16977e-15 5.60956e-19 BessellR
53604.1 4.11387e-15 5.5693e-19 BessellR
53605.1 4.05604e-15 5.52735e-19 BessellR
53606.1 3.99646e-15 5.48376e-19 BessellR
53607.1 3.93531e-15 5.4386e-19 BessellR
53608.1 3.87277e-15 5.39197e-19 BessellR
53609.1 3.80899e-15 5.34396e-19 BessellR
53610.1 3.74414e-15 5.29469e-19 BessellR
53611.1 3.67837e-15 5.24428e-19 BessellR
53612.1 3.61183e-15 5.19283e-19 BessellR
53613.1 3.54464e-15 5.14047e-19 BessellR
53614.1 3.47696e-15 5.08731e-19 BessellR
53615.1 3.40889e-15 5.03344e-19 BessellR
53616.1 3.34056e-15 4.97898e-19 BessellR
53617.1 3.27209e-15 4.92402e-19 BessellR
53618.1 3.20357e-15 4.86863e-19 BessellR
53619.1 3.13512e-15 4.81292e-19 BessellR
53620.1 3.06681e-15 4.75693e-19 BessellR
53621.1 2.99875e-15 4.70074e-19 BessellR
53622.1 2.93101e-15 4.64441e-19 BessellR
53623.1 2.86367e-15 4.58798e-19 BessellR
53624.1 2.7968e-15 4.5315e-19 BessellR
53625.1 2.73048e-15 4.475e-19 BessellR
53626.1 2.66475e-15 4.41851e-19 BessellR
53627.1 2.59968e-15 4.36206e-19 BessellR
53628.1 2.53531e-15 4.30567e-19 BessellR
53629.1 2.4717e-15 4.24935e-19 BessellR
53630.1 2.40889e-15 4.19313e-19 BessellR
53631.1 2.34692e-15 4.13702e-19 BessellR
53632.1 2.28583e-15 4.08101e-19 BessellR
53633.1 2.22563e-15 4.02513e-19 BessellR
53634.1 2.16638e-15 3.96936e-19 BessellR
53635.1 2.10807e-15 3.91373e-19 BessellR
53636.1 2.05075e-15 3.85823e-19 BessellR
53637.1 1.99443e-15 3.80287e-19 BessellR
53638.1 1.93912e-15 3.74764e-19 BessellR
53639.1 1.88484e-15 3.69256e-19 BessellR
53640.1 1.8316e-15 3.63762e-19 BessellR
53641.1 1.7794e-15 3.58284e-19 BessellR
53642.1 1.72826e-15 3.52821e-19 BessellR
53643.1 1.67817e-15 3.47374e-19 BessellR
53644.1 1.62915e-15 3.41944e-19 BessellR
53645.1 1.58118e-15 3.36531e-19 BessellR
53646.1 1.53427e-15 3.31136e-19 BessellR
53647.1 1.48841e-15 3.25761e-19 BessellR
53648.1 1.44361e-15 3.20405e-19 BessellR
53649.1 1.39984e-15 3.15071e-19 BessellR
53650.1 1.35712e-15 3.09758e-19 BessellR
53651.1 1.31542e-15 3.04469e-19 BessellR
53652.1 1.27475e-15 2.99205e-19 BessellR
53653.1 1.23508e-15 2.93966e-19 BessellR
53654.1 1.19642e-15 2.88755e-19 BessellR
53655.1 1.15873e-15 2.83573e-19 BessellR
53656.1 1.12203e-15 2.7842e-19 BessellR
53657.1 1.08628e-15 2.73299e-19 BessellR
53658.1 1.05148e-15 2.68212e-19 BessellR
53659.1 1.01761e-15 2.63158e-19 BessellR
53660.1 9.84662e-16 2.58141e-19 BessellR
53661.1 9.52614e-16 2.53162e-19 BessellR
53662.1 9.21452e-16 2.48221e-19 BessellR
53663.1 8.91161e-16 2.43322e-19 BessellR
53664.1 8.61725e-16 2.38464e-19 BessellR
53665.1 8.33126e-16 2.3365e-19 BessellR
53666.1 8.05349e-16 2.28881e-19 BessellR
53667.1 7.78377e-16 2.24158e-19 BessellR
53668.1 7.52194e-16 2.19483e-19 BessellR
53669.1 7.26781e-16 2.14857e-19 BessellR
53670.1 7.02124e-16 2.10281e-19 BessellR
53671.1 6.78204e-16 2.05756e-19 BessellR
53672.1 6.55006e-16 2.01284e-19 BessellR
53673.1 6.32512e-16 1.96866e-19 BessellR
53674.1 6.10706e-16 1.92502e-19 BessellR
53675.1 5.89572e-16 1.88193e-19 BessellR
53676.1 5.69092e-16 1.83942e-19 BessellR
53677.1 5.49252e-16 1.79747e-19 BessellR
53678.1 5.30034e-16 1.75611e-19 BessellR
53679.1 5.11424e-16 1.71533e-19 BessellR
53680.1 4.93404e-16 1.67514e-19 BessellR
53681.1 4.75961e-16 1.63556e-19 BessellR
53682.1 4.59079e-16 1.59658e-19 BessellR
53683.1 4.42742e-16 1.55821e-19 BessellR
53684.1 4.26936e-16 1.52045e-19 BessellR
53685.1 4.11646e-16 1.48331e-19 BessellR
53686.1 3.96858e-16 1.44678e-19 BessellR
53687.1 3.82558e-16 1.41088e-19 BessellR
53688.1 3.68732e-16 1.37559e-19 BessellR
53689.1 3.55367e-16 1.34093e-19 BessellR
53690.1 3.4245e-16 1.30689e-19 BessellR
53691.1 3.29966e-16 1.27348e-19 BessellR
53692.1 3.17904e-16 1.24068e-19 BessellR
53693.1 3.06252e-16 1.2085e-19 BessellR
53694.1 2.94996e-16 1.17694e-19 BessellR
53695.1 2.84125e-16 1.14599e-19 BessellR
53696.1 2.73628e-16 1.11566e-19 BessellR
53697.1 2.63493e-16 1.08594e-19 BessellR
53698.1 2.53708e-16 1.05682e-19 BessellR
53699.1 2.44264e-16 1.0283e-19 BessellR
53700.1 2.35149e-16 1.00037e-19 BessellR
53701.1 2.26353e-16 9.73044e-20 BessellR
53702.1 2.17866e-16 9.463e-20 BessellR
53703.1 2.09678e-16 9.20136e-20 BessellR
53704.1 2.0178e-16 8.94548e-20 BessellR
53705.1 1.94163e-16 8.69529e-20 BessellR
53706.1 1.86817e-16 8.45073e-20 BessellR
53707.1 1.79733e-16 8.21174e-20 BessellR
53708.1 1.72903e-16 7.97824e-20 BessellR
53709.1 1.66319e-16 7.75016e-20 BessellR
53710.1 1.59972e-16 7.52744e-20 BessellR
53711.1 1.53855e-16 7.31e-20 BessellR
53712.1 1.4796e-16 7.09777e-20 BessellR
53713.1 1.4228e-16 6.89067e-20 BessellR
53714.1 1.36807e-16 6.68862e-20 BessellR
53715.1 1.31534e-16 6.49154e-20 BessellR
53716.1 1.26455e-16 6.29936e-20 BessellR
53717.1 1.21563e-16 6.112e-20 BessellR
53718.1 1.16851e-16 5.92937e-20 BessellR
53719.1 1.12313e-16 5.75139e-20 BessellR
53720.1 1.07944e-16 5.57798e-20 BessellR
53721.1 1.03737e-16 5.40906e-20 BessellR
53722.1 9.96876e-17 5.24455e-20 BessellR
53723.1 9.57891e-17 5.08436e-20 BessellR
53724.1 9.20367e-17 4.92841e-20 BessellR
53725.1 8.84251e-17 4.77662e-20 BessellR
53726.1 8.49495e-17 4.62891e-20 BessellR
53727.1 8.16051e-17 4.48519e-20 BessellR
53728.1 7.8387e-17 4.34539e-20 BessellR
53729.1 7.5291e-17 4.20941e-20 BessellR
53730.1 7.23125e-17 4.07719e-20 BessellR
53731.1 6.94474e-17 3.94863e-20 BessellR
53732.1 6.66915e-17 3.82367e-20 BessellR
53733.1 6.4041e-17 3.70222e-20 BessellR
53734.1 6.1492e-17 3.5842e-20 BessellR
53735.1 5.90408e-17 3.46954e-20 BessellR
53736.1 5.66839e-17 3.35816e-20 BessellR
53737.1 5.44178e-17 3.24998e-20 BessellR
53738.1 5.22392e-17 3.14493e-20 BessellR
53739.1 5.01449e-17 3.04294e-20 BessellR
53740.1 4.81317e-17 2.94392e-20 BessellR
53741.1 4.61967e-17 2.84782e-20 BessellR
53742.1 4.43369e-17 2.75455e-20 BessellR
53743.1 4.25496e-17 2.66406e-20 BessellR
53744.1 4.08321e-17 2.57626e-20 BessellR
53745.1 3.91817e-17 2.49109e-20 BessellR
53746.1 3.7596e-17 2.40849e-20 BessellR
53747.1 3.60725e-17 2.32839e-20 BessellR
53748.1 3.46089e-17 2.25072e-20 BessellR
53749.1 3.3203e-17 2.17543e-20 BessellR
53750.1 3.18524e-17 2.10244e-20 BessellR
53751.1 3.05552e-17 2.03171e-20 BessellR
53752.1 2.93094e-17 1.96316e-20 BessellR
53753.1 2.81129e-17 1.89674e-20 BessellR
53754.1 2.69638e-17 1.83239e-20 BessellR
53755.1 2.58605e-17 1.77006e-20 BessellR
53756.1 2.48011e-17 1.70969e-20 BessellR
53757.1 2.37839e-17 1.65122e-20 BessellR
53758.1 2.28073e-17 1.59461e-20 BessellR
53759.1 2.18698e-17 1.5398e-20 BessellR
53760.1 2.09698e-17 1.48674e-20 BessellR
53761.1 2.01059e-17 1.43538e-20 BessellR
53762.1 1.92767e-17 1.38567e-20 BessellR
53763.1 1.84809e-17 1.33757e-20 BessellR
53764.1 1.77171e-17 1.29102e-20 BessellR
53765.1 1.6984e-17 1.24599e-20 BessellR
53766.1 1.62806e-17 1.20243e-20 BessellR
53767.1 1.56056e-17 1.16029e-20 BessellR
53768.1 1.4958e-17 1.11953e-20 BessellR
53769.1 1.43366e-17 1.08012e-20 BessellR
53770.1 1.37404e-17 1.04202e-20 BessellR
53771.1 1.31685e-17 1.00517e-20 BessellR
53772.1 1.26198e-17 9.6955e-21 BessellR
53773.1 1.20935e-17 9.35119e-21 BessellR
53774.1 1.15886e-17 9.0184e-21 BessellR
53775.1 1.11044e-17 8.69678e-21 BessellR
53776.1 1.06399e-17 8.38598e-21 BessellR
53777.1 1.01945e-17 8.08567e-21 BessellR
53778.1 9.76732e-18 7.79553e-21 BessellR
53779.1 9.35767e-18 7.51524e-21 BessellR
53780.1 8.96485e-18 7.24449e-21 BessellR
53781.1 8.58818e-18 6.98299e-21 BessellR
53782.1 8.22702e-18 6.73043e-21 BessellR
53783.1 7.88074e-18 6.48654e-21 BessellR
53784.1 7.54875e-18 6.25105e-21 BessellR
53785.1 7.23047e-18 6.02367e-21 BessellR
53786.1 6.92536e-18 5.80417e-21 BessellR
53787.1 6.63287e-18 5.59227e-21 BessellR
53788.1 6.3525e-18 5.38774e-21 BessellR
53789.1 6.08376e-18 5.19033e-21 BessellR
53790.1 5.82617e-18 4.99982e-21 BessellR
53791.1 5.5793e-18 4.81598e-21 BessellR
53792.1 5.34269e-18 4.6386e-21 BessellR
53793.1 5.11594e-18 4.46745e-21 BessellR
53794.1 4.89864e-18 4.30234e-21 BessellR
53795.1 4.6904e-18 4.14306e-21 BessellR
53796.1 4.49086e-18 3.98943e-21 BessellR
53797.1 4.29967e-18 3.84124e-21 BessellR
53798.1 4.11647e-18 3.69833e-21 BessellR
53799.1 3.94095e-18 3.56052e-21 BessellR
53800.1 3.77279e-18 3.42763e-21 BessellR
53801.1 3.61168e-18 3.29949e-21 BessellR
53802.1 3.45734e-18 3.17596e-21 BessellR
53803.1 3.30949e-18 3.05686e-21 BessellR
53804.1 3.16785e-18 2.94206e-21 BessellR
53805.1 3.03218e-18 2.83139e-21 BessellR
53806.1 2.90223e-18 2.72474e-21 BessellR
53807.1 2.77777e-18 2.62194e-21 BessellR
53808.1 2.65855e-18 2.52288e-21 BessellR
53809.1 2.54437e-18 2.42743e-21 BessellR
53810.1 2.43503e-18 2.33545e-21 BessellR
53811.1 2.33031e-18 2.24683e-21 BessellR
53812.1 2.23002e-18 2.16145e-21 BessellR
53813.1 2.13399e-18 2.0792e-21 BessellR
53814.1 2.04203e-18 1.99998e-21 BessellR
53815.1 1.95398e-18 1.92366e-21 BessellR
53816.1 1.86967e-18 1.85016e-21 BessellR
53817.1 1.78894e-18 1.77937e-21 BessellR
53818.1 1.71165e-18 1.7112e-21 BessellR
53819.1 1.63766e-18 1.64556e-21 BessellR
53820.1 1.56681e-18 1.58235e-21 BessellR
53821.1 1.49899e-18 1.52149e-21 BessellR
53822.1 1.43407e-18 1.46289e-21 BessellR
53823.1 1.37191e-18 1.40648e-21 BessellR
53824.1 1.31242e-18 1.35218e-21 BessellR
53825.1 1.25547e-18 1.29991e-21 BessellR
53826.1 1.20096e-18 1.24959e-21 BessellR
53827.1 1.14879e-18 1.20117e-21 BessellR
53828.1 1.09885e-18 1.15456e-21 BessellR
53829.1 1.05105e-18 1.10971e-21 BessellR
53830.1 1.00531e-18 1.06655e-21 BessellR
53831.1 9.61533e-19 1.02502e-21 BessellR
53832.1 9.19638e-19 9.85059e-22 BessellR
53833.1 8.79545e-19 9.46611e-22 BessellR
53834.1 8.41179e-19 9.09622e-22 BessellR
53835.1 8.04466e-19 8.74038e-22 BessellR
53836.1 7.69336e-19 8.39807e-22 BessellR
53837.1 7.35721e-19 8.0688e-22 BessellR
53838.1 7.03557e-19 7.75208e-22 BessellR
53839.1 6.72783e-19 7.44746e-22 BessellR
53840.1 6.43339e-19 7.1545e-22 BessellR
53841.1 6.15169e-19 6.87275e-22 BessellR
53842.1 5.88217e-19 6.6018e-22 BessellR
53843.1 5.62433e-19 6.34127e-22 BessellR
53844.1 5.37766e-19 6.09074e-22 BessellR
53845.1 5.14169e-19 5.84987e-22 BessellR
53846.1 4.91596e-19 5.61828e-22 BessellR
53847.1 4.70002e-19 5.39563e-22 BessellR
53848.1 4.49347e-19 5.18158e-22 BessellR
53849.1 4.29589e-19 4.97582e-22 BessellR
53850.1 4.10691e-19 4.77803e-22 BessellR
53851.1 3.92615e-19 4.58791e-22 BessellR
53852.1 3.75326e-19 4.40518e-22 BessellR
53853.1 3.58791e-19 4.22955e-22 BessellR
53854.1 3.42976e-19 4.06076e-22 BessellR
53855.1 3.27851e-19 3.89856e-22 BessellR
53856.1 3.13386e-19 3.74268e-22 BessellR
53857.1 2.99552e-19 3.59289e-22 BessellR
53858.1 2.86323e-19 3.44896e-22 BessellR
53859.1 2.73673e-19 3.31067e-22 BessellR
53860.1 2.61575e-19 3.1778e-22 BessellR
53861.1 2.50007e-19 3.05015e-22 BessellR
53862.1 2.38946e-19 2.92751e-22 BessellR
53863.1 2.28369e-19 2.8097e-22 BessellR
53864.1 2.18256e-19 2.69653e-22 BessellR
53865.1 2.08586e-19 2.58782e-22 BessellR
53866.1 1.9934e-19 2.4834e-22 BessellR
53867.1 1.90501e-19 2.3831e-22 BessellR
53868.1 1.82049e-19 2.28677e-22 BessellR
53869.1 1.73969e-19 2.19426e-22 BessellR
53870.1 1.66245e-19 2.10541e-22 BessellR
53871.1 1.5886e-19 2.02009e-22 BessellR
53872.1 1.518e-19 1.93816e-22 BessellR
53873.1 1.45051e-19 1.85948e-22 BessellR
53874.1 1.38599e-19 1.78394e-22 BessellR
53875.1 1.32432e-19 1.7114e-22 BessellR
53876.1 1.26537e-19 1.64176e-22 BessellR
53877.1 1.20901e-19 1.5749e-22 BessellR
53878.1 1.15515e-19 1.5107e-22 BessellR
53879.1 1.10366e-19 1.44908e-22 BessellR
53880.1 1.05445e-19 1.38992e-22 BessellR
53881.1 1.00742e-19 1.33314e-22 BessellR
53882.1 9.62459e-20 1.27863e-22 BessellR
53883.1 9.19492e-20 1.2263e-22 BessellR
53884.1 8.78427e-20 1.17609e-22 BessellR
53885.1 8.39181e-20 1.12789e-22 BessellR
53886.1 8.01673e-20 1.08163e-22 BessellR
53887.1 7.65828e-20 1.03723e-22 BessellR
53888.1 7.31572e-20 9.94627e-23 BessellR
53889.1 6.98836e-20 9.53742e-23 BessellR
53890.1 6.67553e-20 9.14508e-23 BessellR
53891.1 6.37659e-20 8.76861e-23 BessellR
53892.1 6.09093e-20 8.40738e-23 BessellR
53893.1 5.81796e-20 8.06077e-23 BessellR
53894.1 5.55713e-20 7.72822e-23 BessellR
53895.1 5.3079e-20 7.40916e-23 BessellR
53896.1 5.06976e-20 7.10306e-23 BessellR
53897.1 4.84223e-20 6.80939e-23 BessellR
53898.1 4.62482e-20 6.52767e-23 BessellR
53899.1 4.41711e-20 6.25742e-23 BessellR
53900.1 4.21865e-20 5.99818e-23 BessellR
53901.1 4.02904e-20 5.74951e-23 BessellR
53902.1 3.84788e-20 5.51099e-23 BessellR
53903.1 3.67481e-20 5.28221e-23 BessellR
53904.1 3.50947e-20 5.06278e-23 BessellR
53905.1 3.35152e-20 4.85233e-23 BessellR
53906.1 3.20062e-20 4.65049e-23 BessellR
53907.1 3.05646e-20 4.45692e-23 BessellR
53908.1 2.91875e-20 4.27129e-23 BessellR
53909.1 2.7872e-20 4.09327e-23 BessellR
53910.1 2.66154e-20 3.92256e-23 BessellR
53911.1 2.5415e-20 3.75887e-23 BessellR
53912.1 2.42684e-20 3.60191e-23 BessellR
53913.1 2.31731e-20 3.45141e-23 BessellR
53914.1 2.2127e-20 3.30711e-23 BessellR
53915.1 2.11277e-20 3.16875e-23 BessellR
53916.1 2.01733e-20 3.0361e-23 BessellR
53917.1 1.92616e-20 2.90893e-23 BessellR
53918.1 1.83909e-20 2.78701e-23 BessellR
53919.1 1.75593e-20 2.67013e-23 BessellR
53920.1 1.6765e-20 2.55808e-23 BessellR
53921.1 1.60065e-20 2.45067e-23 BessellR
53922.1 1.5282e-20 2.34771e-23 BessellR
53923.1 1.45901e-20 2.24902e-23 BessellR
53924.1 1.39293e-20 2.15442e-23 BessellR
53925.1 1.32983e-20 2.06374e-23 BessellR
53926.1 1.26956e-20 1.97684e-23 BessellR
53927.1 1.21201e-20 1.89354e-23 BessellR
53928.1 1.15705e-20 1.81371e-23 BessellR
53929.1 1.10457e-20 1.7372e-23 BessellR
53930.1 1.05445e-20 1.66388e-23 BessellR
53931.1 1.00659e-20 1.59361e-23 BessellR
53932.1 9.60895e-21 1.52627e-23 BessellR
53933.1 9.17257e-21 1.46174e-23 BessellR
53934.1 8.7559e-21 1.39991e-23 BessellR
53935.1 8.35803e-21 1.34066e-23 BessellR
53936.1 7.97814e-21 1.28389e-23 BessellR
53937.1 7.6154e-21 1.22949e-23 BessellR
53938.1 7.26906e-21 1.17737e-23 BessellR
53939.1 6.93838e-21 1.12743e-23 BessellR
53940.1 6.62265e-21 1.07958e-23 BessellR
53941.1 6.3212e-21 1.03374e-23 BessellR
53942.1 6.03339e-21 9.89825e-24 BessellR
53943.1 5.75861e-21 9.47753e-24 BessellR
53944.1 5.49628e-21 9.07448e-24 BessellR
53945.1 5.24582e-21 8.68837e-24 BessellR
53946.1 5.00671e-21 8.3185e-24 BessellR
53947.1 4.77844e-21 7.9642e-24 BessellR
53948.1 4.56051e-21 7.62481e-24 BessellR
53949.1 4.35247e-21 7.29973e-24 BessellR
53950.1 4.15386e-21 6.98835e-24 BessellR
53951.1 3.96427e-21 6.6901e-24 BessellR
53952.1 3.78328e-21 6.40444e-24 BessellR
53953.1 3.61051e-21 6.13085e-24 BessellR
53954.1 3.44559e-21 5.86881e-24 BessellR
53955.1 3.28816e-21 5.61786e-24 BessellR
53956.1 3.13788e-21 5.37752e-24 BessellR
53957.1 2.99443e-21 5.14735e-24 BessellR
53958.1 2.85751e-21 4.92692e-24 BessellR
53959.1 2.72681e-21 4.71584e-24 BessellR
53960.1 2.60206e-21 4.5137e-24 BessellR
53961.1 2.48299e-21 4.32014e-24 BessellR
53962.1 2.36933e-21 4.13479e-24 BessellR
53963.1 2.26085e-21 3.95732e-24 BessellR
53964.1 2.15732e-21 3.78738e-24 BessellR
53965.1 2.05849e-21 3.62466e-24 BessellR
53966.1 1.96418e-21 3.46887e-24 BessellR
53967.1 1.87416e-21 3.3197e-24 BessellR
53968.1 1.78825e-21 3.17689e-24 BessellR
53969.1 1.70625e-21 3.04015e-24 BessellR
53970.1 1.628e-21 2.90925e-24 BessellR
53971.1 1.55331e-21 2.78392e-24 BessellR
53972.1 1.48204e-21 2.66394e-24 BessellR
53973.1 1.41402e-21 2.54908e-24 BessellR
53974.1 1.3491e-21 2.43913e-24 BessellR
53975.1 1.28716e-21 2.33387e-24 BessellR
53976.1 1.22804e-21 2.23311e-24 BessellR
53977.1 1.17162e-21 2.13666e-24 BessellR
53978.1 1.11779e-21 2.04434e-24 BessellR
53979.1 1.06641e-21 1.95597e-24 BessellR
53980.1 1.01739e-21 1.87138e-24 BessellR
53981.1 9.70605e-22 1.79042e-24 BessellR
53982.1 9.25965e-22 1.71293e-24 BessellR
53983.1 8.83367e-22 1.63876e-24 BessellR
53984.1 8.42721e-22 1.56777e-24 BessellR
53985.1 8.03935e-22 1.49983e-24 BessellR
53986.1 7.66927e-22 1.43481e-24 BessellR
53987.1 7.31614e-22 1.37258e-24 BessellR
53988.1 6.9792e-22 1.31303e-24 BessellR
53989.1 6.6577e-22 1.25604e-24 BessellR
53990.1 6.35095e-22 1.2015e-24 BessellR
53991.1 6.05827e-22 1.1493e-24 BessellR
53992.1 5.77901e-22 1.09936e-24 BessellR
53993.1 5.51257e-22 1.05156e-24 BessellR
53994.1 5.25836e-22 1.00583e-24 BessellR
53995.1 5.01582e-22 9.62068e-25 BessellR
53996.1 4.78442e-22 9.20194e-25 BessellR
53997.1 4.56364e-22 8.80128e-25 BessellR
53998.1 4.35301e-22 8.41791e-25 BessellR
53999.1 4.15206e-22 8.0511e-25 BessellR
54000.1 3.96035e-22 7.70014e-25 BessellR
54001.1 3.77744e-22 7.36435e-25 BessellR
54002.1 3.60295e-22 7.04309e-25 BessellR
54003.1 3.43649e-22 6.73573e-25 BessellR
54004.1 3.27768e-22 6.44167e-25 BessellR
54005.1 3.12618e-22 6.16034e-25 BessellR
54006.1 2.98166e-22 5.8912e-25 BessellR
54007.1 2.84379e-22 5.63373e-25 BessellR
54008.1 2.71226e-22 5.38742e-25 BessellR
54009.1 2.5868e-22 5.15179e-25 BessellR
54010.1 2.46711e-22 4.92639e-25 BessellR
54011.1 2.35294e-22 4.71077e-25 BessellR
54012.1 2.24403e-22 4.50452e-25 BessellR
54013.1 2.14015e-22 4.30723e-25 BessellR
54014.1 2.04105e-22 4.11851e-25 BessellR
54015.1 1.94652e-22 3.93799e-25 BessellR
54016.1 1.85635e-22 3.76533e-25 BessellR
54017.1 1.77035e-22 3.60018e-25 BessellR
54018.1 1.68831e-22 3.44222e-25 BessellR
54019.1 1.61006e-22 3.29114e-25 BessellR
54020.1 1.53542e-22 3.14664e-25 BessellR
54021.1 1.46422e-22 3.00844e-25 BessellR
54022.1 1.39632e-22 2.87626e-25 BessellR
54023.1 1.33155e-22 2.74985e-25 BessellR
54024.1 1.26978e-22 2.62895e-25 BessellR
54025.1 1.21086e-22 2.51333e-25 BessellR
54026.1 1.15466e-22 2.40276e-25 BessellR
54027.1 1.10106e-22 2.29701e-25 BessellR
54028.1 1.04994e-22 2.19589e-25 BessellR
54029.1 1.00119e-22 2.09919e-25 BessellR
54030.1 9.5469e-23 2.00671e-25 BessellR
54031.1 9.10342e-23 1.91828e-25 BessellR
54032.1 8.68046e-23 1.83372e-25 BessellR
54033.1 8.27708e-23 1.75287e-25 BessellR
54034.1 7.89238e-23 1.67555e-25 BessellR
54035.1 7.52549e-23 1.60162e-25 BessellR
54036.1 7.1756e-23 1.53093e-25 BessellR
54037.1 6.84191e-23 1.46333e-25 BessellR
54038.1 6.52369e-23 1.39871e-25 BessellR
54039.1 6.22021e-23 1.33691e-25 BessellR
54040.1 5.9308e-23 1.27783e-25 BessellR
54041.1 5.65481e-23 1.22134e-25 BessellR
54042.1 5.39162e-23 1.16733e-25 BessellR
54043.1 5.14063e-23 1.1157e-25 BessellR
54044.1 4.90128e-23 1.06633e-25 BessellR
54045.1 4.67304e-23 1.01914e-25 BessellR
54046.1 4.4554e-23 9.74015e-26 BessellR
54047.1 4.24785e-23 9.30879e-26 BessellR
54048.1 4.04994e-23 8.89641e-26 BessellR
54049.1 3.86121e-23 8.50217e-26 BessellR
54050.1 3.68126e-23 8.1253e-26 BessellR
54051.1 3.50966e-23 7.76502e-26 BessellR
54052.1 3.34603e-23 7.42062e-26 BessellR
54053.1 3.19e-23 7.09139e-26 BessellR
54054.1 3.04123e-23 6.77669e-26 BessellR
54055.1 2.89937e-23 6.47586e-26 BessellR
54056.1 2.76411e-23 6.1883e-26 BessellR
54057.1 2.63513e-23 5.91343e-26 BessellR
54058.1 2.51215e-23 5.65069e-26 BessellR
54059.1 2.3949e-23 5.39956e-26 BessellR
54060.1 2.2831e-23 5.15952e-26 BessellR
54061.1 2.1765e-23 4.93008e-26 BessellR
54062.1 2.07486e-23 4.71079e-26 BessellR
54063.1 1.97795e-23 4.50119e-26 BessellR
54064.1 1.88556e-23 4.30086e-26 BessellR
54065.1 1.79746e-23 4.1094e-26 BessellR
54066.1 1.71347e-23 3.92641e-26 BessellR
54067.1 1.63339e-23 3.75152e-26 BessellR
54068.1 1.55705e-23 3.58437e-26 BessellR
54069.1 1.48425e-23 3.42462e-26 BessellR
54070.1 1.41486e-23 3.27196e-26 BessellR
54071.1 1.34869e-23 3.12606e-26 BessellR
54072.1 1.28561e-23 2.98663e-26 BessellR
54073.1 1.22547e-23 2.85338e-26 BessellR
54074.1 1.16814e-23 2.72604e-26 BessellR
54075.1 1.11348e-23 2.60435e-26 BessellR
54076.1 1.06137e-23 2.48807e-26 BessellR
54077.1 1.01169e-23 2.37694e-26 BessellR
54078.1 9.64332e-24 2.27076e-26 BessellR
54079.1 9.19182e-24 2.16929e-26 BessellR
54080.1 8.76139e-24 2.07232e-26 BessellR
54081.1 8.35106e-24 1.97967e-26 BessellR
54082.1 7.95989e-24 1.89114e-26 BessellR
54083.1 7.58699e-24 1.80655e-26 BessellR
54084.1 7.2315e-24 1.72572e-26 BessellR
54085.1 6.89262e-24 1.64848e-26 BessellR
54086.1 6.56958e-24 1.57469e-26 BessellR
54087.1 6.26163e-24 1.50418e-26 BessellR
54088.1 5.96808e-24 1.4368e-26 BessellR
54089.1 5.68824e-24 1.37244e-26 BessellR
54090.1 5.42149e-24 1.31094e-26 BessellR
54091.1 5.16722e-24 1.25218e-26 BessellR
54092.1 4.92483e-24 1.19604e-26 BessellR
54093.1 4.69378e-24 1.1424e-26 BessellR
54094.1 4.47354e-24 1.09116e-26 BessellR
54095.1 4.26361e-24 1.0422e-26 BessellR
54096.1 4.0635e-24 9.95431e-27 BessellR
54097.1 3.87275e-24 9.50748e-27 BessellR
54098.1 3.69094e-24 9.08061e-27 BessellR
54099.1 3.51763e-24 8.6728e-27 BessellR
54100.1 3.35244e-24 8.28321e-27 BessellR
54101.1 3.19499e-24 7.91104e-27 BessellR
54102.1 3.04491e-24 7.5555e-27 BessellR
54103.1 2.90186e-24 7.21586e-27 BessellR
54104.1 2.76552e-24 6.89142e-27 BessellR
54105.1 2.63556e-24 6.58149e-27 BessellR
54106.1 2.51169e-24 6.28542e-27 BessellR
54107.1 2.39363e-24 6.00261e-27 BessellR
54108.1 2.2811e-24 5.73247e-27 BessellR
54109.1 2.17385e-24 5.47442e-27 BessellR
54110.1 2.07163e-24 5.22793e-27 BessellR
54111.1 1.9742e-24 4.99248e-27 BessellR
54112.1 1.88134e-24 4.76759e-27 BessellR
54113.1 1.79284e-24 4.55278e-27 BessellR
54114.1 1.70849e-24 4.3476e-27 BessellR
54115.1 1.6281e-24 4.15162e-27 BessellR
54116.1 1.55148e-24 3.96444e-27 BessellR
54117.1 1.47846e-24 3.78566e-27 BessellR
54118.1 1.40886e-24 3.6149e-27 BessellR
54119.1 1.34254e-24 3.4518e-27 BessellR
54120.1 1.27932e-24 3.29603e-27 BessellR
54121.1 1.21908e-24 3.14726e-27 BessellR
54122.1 1.16167e-24 3.00517e-27 BessellR
54123.1 1.10695e-24 2.86947e-27 BessellR
54124.1 1.0548e-24 2.73987e-27 BessellR
54125.1 1.00511e-24 2.61609e-27 BessellR
54126.1 9.57747e-25 2.49788e-27 BessellR
54127.1 9.12612e-25 2.38498e-27 BessellR
54128.1 8.69599e-25 2.27717e-27 BessellR
54129.1 8.28609e-25 2.17421e-27 BessellR
54130.1 7.89546e-25 2.07588e-27 BessellR
54131.1 7.5232e-25 1.98198e-27 BessellR
54132.1 7.16844e-25 1.89231e-27 BessellR
54133.1 6.83038e-25 1.80668e-27 BessellR
54134.1 6.50821e-25 1.7249e-27 BessellR
54135.1 6.20121e-25 1.64681e-27 BessellR
54136.1 5.90866e-25 1.57224e-27 BessellR
54137.1 5.62987e-25 1.50103e-27 BessellR
54138.1 5.3642e-25 1.43304e-27 BessellR
54139.1 5.11104e-25 1.36811e-27 BessellR
54140.1 4.8698e-25 1.30611e-27 BessellR
54141.1 4.63992e-25 1.2469e-27 BessellR
54142.1 4.42087e-25 1.19037e-27 BessellR
54143.1 4.21213e-25 1.13639e-27 BessellR
54144.1 4.01322e-25 1.08485e-27 BessellR
54145.1 3.82369e-25 1.03564e-27 BessellR
54146.1 3.64309e-25 9.88647e-28 BessellR
54147.1 3.47099e-25 9.43779e-28 BessellR
54148.1 3.30701e-25 9.0094e-28 BessellR
54149.1 3.15076e-25 8.60037e-28 BessellR
54150.1 3.00187e-25 8.20983e-28 BessellR
53468.1 1.34209e-47 1.61642e-48 BessellV
53469.1 3.40232e-47 4.04741e-48 BessellV
53470.1 8.62309e-47 1.01305e-47 BessellV
53471.1 2.18496e-46 2.5346e-47 BessellV
53472.1 5.53494e-46 6.33884e-47 BessellV
53473.1 1.40175e-45 1.58463e-46 BessellV
53474.1 3.54906e-45 3.95965e-46 BessellV
53475.1 8.98337e-45 9.88995e-46 BessellV
53476.1 2.27324e-44 2.46908e-45 BessellV
53477.1 5.7508e-44 6.16134e-45 BessellV
53478.1 1.45441e-43 1.53677e-44 BessellV
53479.1 3.67718e-43 3.83117e-44 BessellV
53480.1 9.29423e-43 9.54634e-44 BessellV
53481.1 2.34842e-42 2.3775e-43 BessellV
53482.1 5.93202e-42 5.918e-43 BessellV
53483.1 1.49791e-41 1.4723e-42 BessellV
53484.1 3.78118e-41 3.6608e-42 BessellV
53485.1 9.54156e-41 9.09722e-42 BessellV
53486.1 2.40691e-40 2.25938e-41 BessellV
53487.1 6.0694e-40 5.608e-41 BessellV
53488.1 1.52993e-39 1.3911e-40 BessellV
53489.1 3.85508e-39 3.44853e-40 BessellV
53490.1 9.7102e-39 8.54332e-40 BessellV
53491.1 2.44484e-38 2.11508e-39 BessellV
53492.1 6.15315e-38 5.23272e-39 BessellV
53493.1 1.54797e-37 1.29365e-38 BessellV
53494.1 3.89261e-37 3.19588e-38 BessellV
53495.1 9.78429e-37 7.88922e-38 BessellV
53496.1 2.45822e-36 1.94598e-37 BessellV
53497.1 6.17321e-36 4.79618e-37 BessellV
53498.1 1.54951e-35 1.18111e-36 BessellV
53499.1 3.88744e-35 2.90612e-36 BessellV
53500.1 9.74798e-35 7.14417e-36 BessellV
53501.1 2.4431e-34 1.75466e-35 BessellV
53502.1 6.11976e-34 4.30549e-35 BessellV
53503.1 1.53211e-33 1.05542e-34 BessellV
53504.1 3.83354e-33 2.58459e-34 BessellV
53505.1 9.58646e-33 6.32267e-34 BessellV
53506.1 2.39583e-32 1.54503e-33 BessellV
53507.1 5.98394e-32 3.77123e-33 BessellV
53508.1 1.49363e-31 9.19436e-33 BessellV
53509.1 3.72576e-31 2.23889e-32 BessellV
53510.1 9.2874e-31 5.44497e-32 BessellV
53511.1 2.31352e-30 1.32248e-31 BessellV
53512.1 5.75894e-30 3.20767e-31 BessellV
53513.1 1.43249e-29 7.76916e-31 BessellV
53514.1 3.56053e-29 1.87895e-30 BessellV
53515.1 8.84296e-29 4.53721e-30 BessellV
53516.1 2.19449e-28 1.09386e-29 BessellV
53517.1 5.4414e-28 2.63273e-29 BessellV
53518.1 1.34809e-27 6.32539e-29 BessellV
53519.1 3.33696e-27 1.51695e-28 BessellV
53520.1 8.25263e-27 3.63094e-28 BessellV
53521.1 2.03908e-26 8.67346e-28 BessellV
53522.1 5.03348e-26 2.0675e-27 BessellV
53523.1 1.24132e-25 4.91738e-27 BessellV
53524.1 3.05823e-25 1.16682e-26 BessellV
53525.1 7.52696e-25 2.76189e-26 BessellV
53526.1 1.85065e-24 6.52044e-26 BessellV
53527.1 4.54547e-24 1.53516e-25 BessellV
53528.1 1.11526e-23 3.60383e-25 BessellV
53529.1 2.73348e-23 8.43396e-25 BessellV
53530.1 6.69261e-23 1.96729e-24 BessellV
53531.1 1.63689e-22 4.57278e-24 BessellV
53532.1 3.99936e-22 1.0589e-23 BessellV
53533.1 9.76168e-22 2.44216e-23 BessellV
53534.1 2.38033e-21 5.60777e-23 BessellV
53535.1 5.799e-21 1.28157e-22 BessellV
53536.1 1.41158e-20 2.9136e-22 BessellV
53537.1 3.43353e-20 6.58601e-22 BessellV
53538.1 8.34668e-20 1.47921e-21 BessellV
53539.1 2.02813e-19 3.29828e-21 BessellV
53540.1 4.92694e-19 7.29338e-21 BessellV
53541.1 1.19691e-18 1.5971e-20 BessellV
53542.1 2.90849e-18 3.45651e-20 BessellV
53543.1 7.07161e-18 7.37241e-20 BessellV
53544.1 1.72066e-17 1.54295e-19 BessellV
53545.1 4.1891e-17 3.14599e-19 BessellV
53546.1 1.01914e-16 6.17062e-19 BessellV
53547.1 2.4667e-16 1.13671e-18 BessellV
53548.1 5.86535e-16 1.87871e-18 BessellV
53549.1 1.3273e-15 2.60993e-18 BessellV
53550.1 2.67773e-15 3.21895e-18 BessellV
53551.1 4.41465e-15 3.96787e-18 BessellV
53552.1 5.74184e-15 3.19232e-18 BessellV
53553.1 6.2556e-15 1.69794e-18 BessellV
53554.1 6.22898e-15 1.56281e-18 BessellV
53555.1 5.99684e-15 1.71326e-18 BessellV
53556.1 5.72814e-15 1.61524e-18 BessellV
53557.1 5.48421e-15 1.40802e-18 BessellV
53558.1 5.28184e-15 1.20496e-18 BessellV
53559.1 5.12215e-15 1.05588e-18 BessellV
53560.1 5.00128e-15 9.719e-19 BessellV
53561.1 4.91412e-15 9.42016e-19 BessellV
53562.1 4.85556e-15 9.46371e-19 BessellV
53563.1 4.82087e-15 9.66764e-19 BessellV
53564.1 4.80578e-15 9.90849e-19 BessellV
53565.1 4.80651e-15 1.01172e-18 BessellV
53566.1 4.81973e-15 1.02614e-18 BessellV
53567.1 4.84251e-15 1.03307e-18 BessellV
53568.1 4.8723e-15 1.03267e-18 BessellV
53569.1 4.90688e-15 1.02572e-18 BessellV
53570.1 4.94433e-15 1.01326e-18 BessellV
53571.1 4.98302e-15 9.96461e-19 BessellV
53572.1 5.02152e-15 9.76453e-19 BessellV
53573.1 5.05867e-15 9.54301e-19 BessellV
53574.1 5.09346e-15 9.30956e-19 BessellV
53575.1 5.12507e-15 9.07249e-19 BessellV
53576.1 5.15284e-15 8.83875e-19 BessellV
53577.1 5.17622e-15 8.61396e-19 BessellV
53578.1 5.19482e-15 8.40242e-19 BessellV
53579.1 5.20831e-15 8.20722e-19 BessellV
53580.1 5.21649e-15 8.03027e-19 BessellV
53581.1 5.21921e-15 7.87249e-19 BessellV
53582.1 5.21641e-15 7.73389e-19 BessellV
53583.1 5.20809e-15 7.61378e-19 BessellV
53584.1 5.19429e-15 7.5109e-19 BessellV
53585.1 5.1751e-15 7.42358e-19 BessellV
53586.1 5.15065e-15 7.34994e-19 BessellV
53587.1 5.1211e-15 7.28793e-19 BessellV
53588.1 5.08664e-15 7.23553e-19 BessellV
53589.1 5.04746e-15 7.19079e-19 BessellV
53590.1 5.0038e-15 7.15188e-19 BessellV
53591.1 4.95588e-15 7.11718e-19 BessellV
53592.1 4.90396e-15 7.08524e-19 BessellV
53593.1 4.84827e-15 7.05483e-19 BessellV
53594.1 4.78909e-15 7.02493e-19 BessellV
53595.1 4.72665e-15 6.9947e-19 BessellV
53596.1 4.66122e-15 6.96347e-19 BessellV
53597.1 4.59306e-15 6.93076e-19 BessellV
53598.1 4.5224e-15 6.89618e-19 BessellV
53599.1 4.44949e-15 6.8595e-19 BessellV
53600.1 4.37458e-15 6.82054e-19 BessellV
53601.1 4.2979e-15 6.77926e-19 BessellV
53602.1 4.21967e-15 6.73562e-19 BessellV
53603.1 4.1401e-15 6.68967e-19 BessellV
53604.1 4.0594e-15 6.64149e-19 BessellV
53605.1 3.97778e-15 6.59118e-19 BessellV
53606.1 3.89543e-15 6.53887e-19 BessellV
53607.1 3.81251e-15 6.48467e-19 BessellV
53608.1 3.72922e-15 6.42874e-19 BessellV
53609.1 3.6457e-15 6.3712e-19 BessellV
53610.1 3.56212e-15 6.31218e-19 BessellV
53611.1 3.47861e-15 6.25182e-19 BessellV
53612.1 3.39531e-15 6.19023e-19 BessellV
53613.1 3.31235e-15 6.12753e-19 BessellV
53614.1 3.22984e-15 6.0638e-19 BessellV
53615.1 3.1479e-15 5.99914e-19 BessellV
53616.1 3.06663e-15 5.93364e-19 BessellV
53617.1 2.98611e-15 5.86735e-19 BessellV
53618.1 2.90644e-15 5.80034e-19 BessellV
53619.1 2.82769e-15 5.73266e-19 BessellV
53620.1 2.74993e-15 5.66437e-19 BessellV
53621.1 2.67323e-15 5.5955e-19 BessellV
53622.1 2.59765e-15 5.52609e-19 BessellV
53623.1 2.52323e-15 5.45617e-19 BessellV
53624.1 2.45003e-15 5.38576e-19 BessellV
53625.1 2.37809e-15 5.3149e-19 BessellV
53626.1 2.30743e-15 5.24361e-19 BessellV
53627.1 2.2381e-15 5.17191e-19 BessellV
53628.1 2.17012e-15 5.09983e-19 BessellV
53629.1 2.1035e-15 5.02739e-19 BessellV
53630.1 2.03827e-15 4.95461e-19 BessellV
53631.1 1.97443e-15 4.88151e-19 BessellV
53632.1 1.91201e-15 4.80813e-19 BessellV
53633.1 1.851e-15 4.73449e-19 BessellV
53634.1 1.79141e-15 4.66063e-19 BessellV
53635.1 1.73324e-15 4.58656e-19 BessellV
53636.1 1.67649e-15 4.51232e-19 BessellV
53637.1 1.62114e-15 4.43795e-19 BessellV
53638.1 1.56721e-15 4.36348e-19 BessellV
53639.1 1.51466e-15 4.28894e-19 BessellV
53640.1 1.4635e-15 4.21438e-19 BessellV
53641.1 1.41371e-15 4.13984e-19 BessellV
53642.1 1.36528e-15 4.06534e-19 BessellV
53643.1 1.31819e-15 3.99094e-19 BessellV
53644.1 1.27242e-15 3.91668e-19 BessellV
53645.1 1.22795e-15 3.84259e-19 BessellV
53646.1 1.18477e-15 3.76872e-19 BessellV
53647.1 1.14285e-15 3.69511e-19 BessellV
53648.1 1.10218e-15 3.62181e-19 BessellV
53649.1 1.06272e-15 3.54884e-19 BessellV
53650.1 1.02446e-15 3.47627e-19 BessellV
53651.1 9.87374e-16 3.40411e-19 BessellV
53652.1 9.51439e-16 3.33243e-19 BessellV
53653.1 9.16629e-16 3.26124e-19 BessellV
53654.1 8.82922e-16 3.1906e-19 BessellV
53655.1 8.50291e-16 3.12054e-19 BessellV
53656.1 8.18714e-16 3.05109e-19 BessellV
53657.1 7.88163e-16 2.98229e-19 BessellV
53658.1 7.58616e-16 2.91417e-19 BessellV
53659.1 7.30047e-16 2.84676e-19 BessellV
53660.1 7.02432e-16 2.7801e-19 BessellV
53661.1 6.75746e-16 2.7142e-19 BessellV
53662.1 6.49964e-16 2.6491e-19 BessellV
53663.1 6.25063e-16 2.58483e-19 BessellV
53664.1 6.01018e-16 2.5214e-19 BessellV
53665.1 5.77806e-16 2.45883e-19 BessellV
53666.1 5.55404e-16 2.39715e-19 BessellV
53667.1 5.33788e-16 2.33638e-19 BessellV
53668.1 5.12935e-16 2.27653e-19 BessellV
53669.1 4.92824e-16 2.21762e-19 BessellV
53670.1 4.73432e-16 2.15966e-19 BessellV
53671.1 4.54737e-16 2.10266e-19 BessellV
53672.1 4.36719e-16 2.04663e-19 BessellV
53673.1 4.19356e-16 1.99159e-19 BessellV
53674.1 4.02628e-16 1.93753e-19 BessellV
53675.1 3.86516e-16 1.88447e-19 BessellV
53676.1 3.70999e-16 1.83241e-19 BessellV
53677.1 3.56058e-16 1.78135e-19 BessellV
53678.1 3.41675e-16 1.73129e-19 BessellV
53679.1 3.27831e-16 1.68224e-19 BessellV
53680.1 3.14509e-16 1.6342e-19 BessellV
53681.1 3.01692e-16 1.58716e-19 BessellV
53682.1 2.89362e-16 1.54112e-19 BessellV
53683.1 2.77502e-16 1.49607e-19 BessellV
53684.1 2.66098e-16 1.45202e-19 BessellV
53685.1 2.55132e-16 1.40895e-19 BessellV
53686.1 2.44591e-16 1.36686e-19 BessellV
53687.1 2.34459e-16 1.32574e-19 BessellV
53688.1 2.24721e-16 1.28559e-19 BessellV
53689.1 2.15365e-16 1.24639e-19 BessellV
53690.1 2.06376e-16 1.20814e-19 BessellV
53691.1 1.97741e-16 1.17082e-19 BessellV
53692.1 1.89447e-16 1.13443e-19 BessellV
53693.1 1.81483e-16 1.09894e-19 BessellV
53694.1 1.73836e-16 1.06436e-19 BessellV
53695.1 1.66495e-16 1.03067e-19 BessellV
53696.1 1.59447e-16 9.97851e-20 BessellV
53697.1 1.52683e-16 9.65895e-20 BessellV
53698.1 1.46193e-16 9.34789e-20 BessellV
53699.1 1.39964e-16 9.04517e-20 BessellV
53700.1 1.33989e-16 8.75067e-20 BessellV
53701.1 1.28257e-16 8.46424e-20 BessellV
53702.1 1.22758e-16 8.18573e-20 BessellV
53703.1 1.17485e-16 7.91501e-20 BessellV
53704.1 1.12429e-16 7.65192e-20 BessellV
53705.1 1.0758e-16 7.39631e-20 BessellV
53706.1 1.02932e-16 7.14804e-20 BessellV
53707.1 9.84767e-17 6.90695e-20 BessellV
53708.1 9.42059e-17 6.67291e-20 BessellV
53709.1 9.01128e-17 6.44575e-20 BessellV
53710.1 8.61905e-17 6.22532e-20 BessellV
53711.1 8.24323e-17 6.01149e-20 BessellV
53712.1 7.88316e-17 5.8041e-20 BessellV
53713.1 7.53822e-17 5.603e-20 BessellV
53714.1 7.20781e-17 5.40804e-20 BessellV
53715.1 6.89135e-17 5.21909e-20 BessellV
53716.1 6.58829e-17 5.03599e-20 BessellV
53717.1 6.29807e-17 4.85861e-20 BessellV
53718.1 6.0202e-17 4.68679e-20 BessellV
53719.1 5.75416e-17 4.52041e-20 BessellV
53720.1 5.49947e-17 4.35931e-20 BessellV
53721.1 5.25569e-17 4.20338e-20 BessellV
53722.1 5.02235e-17 4.05246e-20 BessellV
53723.1 4.79903e-17 3.90643e-20 BessellV
53724.1 4.58533e-17 3.76515e-20 BessellV
53725.1 4.38084e-17 3.62851e-20 BessellV
53726.1 4.18519e-17 3.49636e-20 BessellV
53727.1 3.99801e-17 3.36859e-20 BessellV
53728.1 3.81895e-17 3.24508e-20 BessellV
53729.1 3.64767e-17 3.12569e-20 BessellV
53730.1 3.48384e-17 3.01033e-20 BessellV
53731.1 3.32716e-17 2.89886e-20 BessellV
53732.1 3.17733e-17 2.79118e-20 BessellV
53733.1 3.03405e-17 2.68717e-20 BessellV
53734.1 2.89705e-17 2.58674e-20 BessellV
53735.1 2.76607e-17 2.48976e-20 BessellV
53736.1 2.64085e-17 2.39614e-20 BessellV
53737.1 2.52115e-17 2.30577e-20 BessellV
53738.1 2.40674e-17 2.21856e-20 BessellV
53739.1 2.29738e-17 2.13441e-20 BessellV
53740.1 2.19286e-17 2.05322e-20 BessellV
53741.1 2.09298e-17 1.9749e-20 BessellV
53742.1 1.99753e-17 1.89936e-20 BessellV
53743.1 1.90633e-17 1.82651e-20 BessellV
53744.1 1.81919e-17 1.75627e-20 BessellV
53745.1 1.73594e-17 1.68856e-20 BessellV
53746.1 1.65641e-17 1.62328e-20 BessellV
53747.1 1.58044e-17 1.56037e-20 BessellV
53748.1 1.50787e-17 1.49975e-20 BessellV
53749.1 1.43855e-17 1.44133e-20 BessellV
53750.1 1.37236e-17 1.38505e-20 BessellV
53751.1 1.30914e-17 1.33084e-20 BessellV
53752.1 1.24876e-17 1.27863e-20 BessellV
53753.1 1.19112e-17 1.22834e-20 BessellV
53754.1 1.13607e-17 1.17992e-20 BessellV
53755.1 1.08352e-17 1.1333e-20 BessellV
53756.1 1.03334e-17 1.08842e-20 BessellV
53757.1 9.85446e-18 1.04523e-20 BessellV
53758.1 9.39722e-18 1.00365e-20 BessellV
53759.1 8.96077e-18 9.63642e-21 BessellV
53760.1 8.54419e-18 9.25145e-21 BessellV
53761.1 8.14659e-18 8.88108e-21 BessellV
53762.1 7.76713e-18 8.52478e-21 BessellV
53763.1 7.40501e-18 8.18206e-21 BessellV
53764.1 7.05945e-18 7.85245e-21 BessellV
53765.1 6.7297e-18 7.53547e-21 BessellV
53766.1 6.41508e-18 7.23068e-21 BessellV
53767.1 6.11489e-18 6.93764e-21 BessellV
53768.1 5.82849e-18 6.65593e-21 BessellV
53769.1 5.55527e-18 6.38513e-21 BessellV
53770.1 5.29462e-18 6.12485e-21 BessellV
53771.1 5.04599e-18 5.87471e-21 BessellV
53772.1 4.80883e-18 5.63434e-21 BessellV
53773.1 4.58263e-18 5.40338e-21 BessellV
53774.1 4.36688e-18 5.18149e-21 BessellV
53775.1 4.16112e-18 4.96832e-21 BessellV
53776.1 3.96489e-18 4.76356e-21 BessellV
53777.1 3.77777e-18 4.56689e-21 BessellV
53778.1 3.59933e-18 4.37802e-21 BessellV
53779.1 3.42918e-18 4.19664e-21 BessellV
53780.1 3.26695e-18 4.02249e-21 BessellV
53781.1 3.11227e-18 3.85528e-21 BessellV
53782.1 2.9648e-18 3.69475e-21 BessellV
53783.1 2.82421e-18 3.54066e-21 BessellV
53784.1 2.69018e-18 3.39275e-21 BessellV
53785.1 2.56242e-18 3.25079e-21 BessellV
53786.1 2.44063e-18 3.11456e-21 BessellV
53787.1 2.32455e-18 2.98383e-21 BessellV
53788.1 2.2139e-18 2.85839e-21 BessellV
53789.1 2.10845e-18 2.73804e-21 BessellV
53790.1 2.00794e-18 2.62259e-21 BessellV
53791.1 1.91216e-18 2.51183e-21 BessellV
53792.1 1.82088e-18 2.4056e-21 BessellV
53793.1 1.7339e-18 2.3037e-21 BessellV
53794.1 1.65102e-18 2.20598e-21 BessellV
53795.1 1.57204e-18 2.11227e-21 BessellV
53796.1 1.49679e-18 2.02242e-21 BessellV
53797.1 1.42509e-18 1.93626e-21 BessellV
53798.1 1.35678e-18 1.85366e-21 BessellV
53799.1 1.29171e-18 1.77447e-21 BessellV
53800.1 1.22971e-18 1.69857e-21 BessellV
53801.1 1.17065e-18 1.62581e-21 BessellV
53802.1 1.11439e-18 1.55607e-21 BessellV
53803.1 1.0608e-18 1.48924e-21 BessellV
53804.1 1.00975e-18 1.42519e-21 BessellV
53805.1 9.61133e-19 1.36382e-21 BessellV
53806.1 9.14825e-19 1.30501e-21 BessellV
53807.1 8.7072e-19 1.24867e-21 BessellV
53808.1 8.28716e-19 1.19469e-21 BessellV
53809.1 7.88714e-19 1.14298e-21 BessellV
53810.1 7.50619e-19 1.09345e-21 BessellV
53811.1 7.14343e-19 1.046e-21 BessellV
53812.1 6.79799e-19 1.00056e-21 BessellV
53813.1 6.46907e-19 9.57043e-22 BessellV
53814.1 6.15587e-19 9.15367e-22 BessellV
53815.1 5.85767e-19 8.75459e-22 BessellV
53816.1 5.57375e-19 8.37246e-22 BessellV
53817.1 5.30343e-19 8.00658e-22 BessellV
53818.1 5.04608e-19 7.65629e-22 BessellV
53819.1 4.80108e-19 7.32095e-22 BessellV
53820.1 4.56785e-19 6.99993e-22 BessellV
53821.1 4.34582e-19 6.69264e-22 BessellV
53822.1 4.13447e-19 6.39852e-22 BessellV
53823.1 3.93328e-19 6.11702e-22 BessellV
53824.1 3.74179e-19 5.8476e-22 BessellV
53825.1 3.55952e-19 5.58978e-22 BessellV
53826.1 3.38603e-19 5.34306e-22 BessellV
53827.1 3.22092e-19 5.10698e-22 BessellV
53828.1 3.06377e-19 4.88109e-22 BessellV
53829.1 2.91422e-19 4.66498e-22 BessellV
53830.1 2.77189e-19 4.45821e-22 BessellV
53831.1 2.63644e-19 4.26041e-22 BessellV
53832.1 2.50754e-19 4.0712e-22 BessellV
53833.1 2.38489e-19 3.8902e-22 BessellV
53834.1 2.26818e-19 3.71708e-22 BessellV
53835.1 2.15712e-19 3.55151e-22 BessellV
53836.1 2.05145e-19 3.39315e-22 BessellV
53837.1 1.95091e-19 3.24171e-22 BessellV
53838.1 1.85524e-19 3.09688e-22 BessellV
53839.1 1.76423e-19 2.9584e-22 BessellV
53840.1 1.67764e-19 2.82598e-22 BessellV
53841.1 1.59526e-19 2.69938e-22 BessellV
53842.1 1.51689e-19 2.57833e-22 BessellV
53843.1 1.44233e-19 2.4626e-22 BessellV
53844.1 1.37141e-19 2.35197e-22 BessellV
53845.1 1.30394e-19 2.24621e-22 BessellV
53846.1 1.23976e-19 2.14512e-22 BessellV
53847.1 1.17871e-19 2.04849e-22 BessellV
53848.1 1.12064e-19 1.95613e-22 BessellV
53849.1 1.06541e-19 1.86786e-22 BessellV
53850.1 1.01288e-19 1.78349e-22 BessellV
53851.1 9.62917e-20 1.70287e-22 BessellV
53852.1 9.15397e-20 1.62583e-22 BessellV
53853.1 8.70202e-20 1.55221e-22 BessellV
53854.1 8.2722e-20 1.48187e-22 BessellV
53855.1 7.86343e-20 1.41466e-22 BessellV
53856.1 7.4747e-20 1.35044e-22 BessellV
53857.1 7.10503e-20 1.28909e-22 BessellV
53858.1 6.7535e-20 1.23047e-22 BessellV
53859.1 6.41922e-20 1.17448e-22 BessellV
53860.1 6.10135e-20 1.12099e-22 BessellV
53861.1 5.7991e-20 1.0699e-22 BessellV
53862.1 5.51171e-20 1.0211e-22 BessellV
53863.1 5.23845e-20 9.74486e-23 BessellV
53864.1 4.97863e-20 9.29967e-23 BessellV
53865.1 4.7316e-20 8.87449e-23 BessellV
53866.1 4.49673e-20 8.46844e-23 BessellV
53867.1 4.27344e-20 8.08067e-23 BessellV
53868.1 4.06115e-20 7.71038e-23 BessellV
53869.1 3.85933e-20 7.35679e-23 BessellV
53870.1 3.66746e-20 7.01917e-23 BessellV
53871.1 3.48506e-20 6.6968e-23 BessellV
53872.1 3.31167e-20 6.38902e-23 BessellV
53873.1 3.14684e-20 6.09516e-23 BessellV
53874.1 2.99016e-20 5.81463e-23 BessellV
53875.1 2.84122e-20 5.54681e-23 BessellV
53876.1 2.69965e-20 5.29114e-23 BessellV
53877.1 2.56508e-20 5.04709e-23 BessellV
53878.1 2.43717e-20 4.81414e-23 BessellV
53879.1 2.3156e-20 4.59178e-23 BessellV
53880.1 2.20005e-20 4.37954e-23 BessellV
53881.1 2.09023e-20 4.17698e-23 BessellV
53882.1 1.98585e-20 3.98365e-23 BessellV
53883.1 1.88665e-20 3.79915e-23 BessellV
53884.1 1.79237e-20 3.62308e-23 BessellV
53885.1 1.70277e-20 3.45505e-23 BessellV
53886.1 1.61762e-20 3.29471e-23 BessellV
53887.1 1.5367e-20 3.14172e-23 BessellV
53888.1 1.45981e-20 2.99573e-23 BessellV
53889.1 1.38673e-20 2.85643e-23 BessellV
53890.1 1.31729e-20 2.72353e-23 BessellV
53891.1 1.25131e-20 2.59673e-23 BessellV
53892.1 1.18861e-20 2.47576e-23 BessellV
53893.1 1.12903e-20 2.36035e-23 BessellV
53894.1 1.07242e-20 2.25025e-23 BessellV
53895.1 1.01863e-20 2.14522e-23 BessellV
53896.1 9.67518e-21 2.04504e-23 BessellV
53897.1 9.18957e-21 1.94947e-23 BessellV
53898.1 8.7282e-21 1.85832e-23 BessellV
53899.1 8.28984e-21 1.77137e-23 BessellV
53900.1 7.87337e-21 1.68844e-23 BessellV
53901.1 7.4777e-21 1.60935e-23 BessellV
53902.1 7.10179e-21 1.53392e-23 BessellV
53903.1 6.74467e-21 1.46198e-23 BessellV
53904.1 6.4054e-21 1.39338e-23 BessellV
53905.1 6.0831e-21 1.32796e-23 BessellV
53906.1 5.77692e-21 1.26557e-23 BessellV
53907.1 5.48606e-21 1.20608e-23 BessellV
53908.1 5.20976e-21 1.14935e-23 BessellV
53909.1 4.9473e-21 1.09527e-23 BessellV
53910.1 4.69799e-21 1.04369e-23 BessellV
53911.1 4.46117e-21 9.94523e-24 BessellV
53912.1 4.23622e-21 9.47644e-24 BessellV
53913.1 4.02256e-21 9.02949e-24 BessellV
53914.1 3.81961e-21 8.60339e-24 BessellV
53915.1 3.62684e-21 8.19718e-24 BessellV
53916.1 3.44375e-21 7.80995e-24 BessellV
53917.1 3.26985e-21 7.4408e-24 BessellV
53918.1 3.10468e-21 7.08892e-24 BessellV
53919.1 2.94782e-21 6.75351e-24 BessellV
53920.1 2.79883e-21 6.43379e-24 BessellV
53921.1 2.65734e-21 6.12905e-24 BessellV
53922.1 2.52296e-21 5.8386e-24 BessellV
53923.1 2.39535e-21 5.56177e-24 BessellV
53924.1 2.27415e-21 5.29793e-24 BessellV
53925.1 2.15906e-21 5.04648e-24 BessellV
53926.1 2.04975e-21 4.80684e-24 BessellV
53927.1 1.94596e-21 4.57847e-24 BessellV
53928.1 1.84739e-21 4.36083e-24 BessellV
53929.1 1.7538e-21 4.15345e-24 BessellV
53930.1 1.66492e-21 3.95582e-24 BessellV
53931.1 1.58052e-21 3.76751e-24 BessellV
53932.1 1.50038e-21 3.58807e-24 BessellV
53933.1 1.42428e-21 3.4171e-24 BessellV
53934.1 1.35202e-21 3.2542e-24 BessellV
53935.1 1.28341e-21 3.09899e-24 BessellV
53936.1 1.21827e-21 2.95111e-24 BessellV
53937.1 1.15642e-21 2.81022e-24 BessellV
53938.1 1.09769e-21 2.676e-24 BessellV
53939.1 1.04193e-21 2.54812e-24 BessellV
53940.1 9.8899e-22 2.4263e-24 BessellV
53941.1 9.38726e-22 2.31025e-24 BessellV
53942.1 8.91006e-22 2.1997e-24 BessellV
53943.1 8.457e-22 2.0944e-24 BessellV
53944.1 8.02687e-22 1.99409e-24 BessellV
53945.1 7.61852e-22 1.89854e-24 BessellV
53946.1 7.23085e-22 1.80753e-24 BessellV
53947.1 6.86281e-22 1.72084e-24 BessellV
53948.1 6.51342e-22 1.63827e-24 BessellV
53949.1 6.18174e-22 1.55963e-24 BessellV
53950.1 5.86688e-22 1.48474e-24 BessellV
53951.1 5.56798e-22 1.4134e-24 BessellV
53952.1 5.28424e-22 1.34547e-24 BessellV
53953.1 5.0149e-22 1.28078e-24 BessellV
53954.1 4.75922e-22 1.21916e-24 BessellV
53955.1 4.51653e-22 1.16049e-24 BessellV
53956.1 4.28615e-22 1.10462e-24 BessellV
53957.1 4.06748e-22 1.05141e-24 BessellV
53958.1 3.85992e-22 1.00075e-24 BessellV
53959.1 3.6629e-22 9.52509e-25 BessellV
53960.1 3.4759e-22 9.06573e-25 BessellV
53961.1 3.2984e-22 8.62835e-25 BessellV
53962.1 3.12993e-22 8.21191e-25 BessellV
53963.1 2.97003e-22 7.8154e-25 BessellV
53964.1 2.81826e-22 7.43788e-25 BessellV
53965.1 2.67422e-22 7.07846e-25 BessellV
53966.1 2.53751e-22 6.73627e-25 BessellV
53967.1 2.40776e-22 6.41049e-25 BessellV
53968.1 2.28462e-22 6.10035e-25 BessellV
53969.1 2.16775e-22 5.80509e-25 BessellV
53970.1 2.05683e-22 5.52402e-25 BessellV
53971.1 1.95157e-22 5.25645e-25 BessellV
53972.1 1.85167e-22 5.00174e-25 BessellV
53973.1 1.75687e-22 4.75928e-25 BessellV
53974.1 1.6669e-22 4.52849e-25 BessellV
53975.1 1.58152e-22 4.30881e-25 BessellV
53976.1 1.5005e-22 4.0997e-25 BessellV
53977.1 1.42361e-22 3.90067e-25 BessellV
53978.1 1.35064e-22 3.71123e-25 BessellV
53979.1 1.28141e-22 3.53092e-25 BessellV
53980.1 1.2157e-22 3.35931e-25 BessellV
53981.1 1.15336e-22 3.19599e-25 BessellV
53982.1 1.0942e-22 3.04054e-25 BessellV
53983.1 1.03806e-22 2.8926e-25 BessellV
53984.1 9.8479e-23 2.75181e-25 BessellV
53985.1 9.34245e-23 2.61783e-25 BessellV
53986.1 8.86285e-23 2.49032e-25 BessellV
53987.1 8.40778e-23 2.36898e-25 BessellV
53988.1 7.97599e-23 2.25351e-25 BessellV
53989.1 7.56629e-23 2.14363e-25 BessellV
53990.1 7.17756e-23 2.03907e-25 BessellV
53991.1 6.80873e-23 1.93958e-25 BessellV
53992.1 6.45879e-23 1.84491e-25 BessellV
53993.1 6.12677e-23 1.75482e-25 BessellV
53994.1 5.81175e-23 1.66911e-25 BessellV
53995.1 5.51288e-23 1.58756e-25 BessellV
53996.1 5.22932e-23 1.50996e-25 BessellV
53997.1 4.9603e-23 1.43614e-25 BessellV
53998.1 4.70506e-23 1.3659e-25 BessellV
53999.1 4.46292e-23 1.29907e-25 BessellV
54000.1 4.23319e-23 1.23549e-25 BessellV
54001.1 4.01525e-23 1.175e-25 BessellV
54002.1 3.80849e-23 1.11745e-25 BessellV
54003.1 3.61234e-23 1.06271e-25 BessellV
54004.1 3.42626e-23 1.01063e-25 BessellV
54005.1 3.24974e-23 9.61086e-26 BessellV
54006.1 3.08227e-23 9.13956e-26 BessellV
54007.1 2.92341e-23 8.69123e-26 BessellV
54008.1 2.77271e-23 8.26475e-26 BessellV
54009.1 2.62975e-23 7.85907e-26 BessellV
54010.1 2.49414e-23 7.47319e-26 BessellV
54011.1 2.3655e-23 7.10613e-26 BessellV
54012.1 2.24347e-23 6.75699e-26 BessellV
54013.1 2.12772e-23 6.42491e-26 BessellV
54014.1 2.01792e-23 6.10905e-26 BessellV
54015.1 1.91377e-23 5.80862e-26 BessellV
54016.1 1.81498e-23 5.52288e-26 BessellV
54017.1 1.72127e-23 5.25111e-26 BessellV
54018.1 1.63238e-23 4.99264e-26 BessellV
54019.1 1.54807e-23 4.74682e-26 BessellV
54020.1 1.4681e-23 4.51303e-26 BessellV
54021.1 1.39225e-23 4.29069e-26 BessellV
54022.1 1.3203e-23 4.07923e-26 BessellV
54023.1 1.25207e-23 3.87814e-26 BessellV
54024.1 1.18734e-23 3.68691e-26 BessellV
54025.1 1.12596e-23 3.50505e-26 BessellV
54026.1 1.06773e-23 3.33212e-26 BessellV
54027.1 1.01251e-23 3.16766e-26 BessellV
54028.1 9.60139e-24 3.01128e-26 BessellV
54029.1 9.10466e-24 2.86258e-26 BessellV
54030.1 8.63355e-24 2.72118e-26 BessellV
54031.1 8.18675e-24 2.58672e-26 BessellV
54032.1 7.763e-24 2.45887e-26 BessellV
54033.1 7.36112e-24 2.33731e-26 BessellV
54034.1 6.97999e-24 2.22172e-26 BessellV
54035.1 6.61853e-24 2.11182e-26 BessellV
54036.1 6.27573e-24 2.00733e-26 BessellV
54037.1 5.95064e-24 1.90798e-26 BessellV
54038.1 5.64234e-24 1.81352e-26 BessellV
54039.1 5.34996e-24 1.72371e-26 BessellV
54040.1 5.0727e-24 1.63833e-26 BessellV
54041.1 4.80976e-24 1.55715e-26 BessellV
54042.1 4.56041e-24 1.47998e-26 BessellV
54043.1 4.32396e-24 1.40661e-26 BessellV
54044.1 4.09972e-24 1.33686e-26 BessellV
54045.1 3.88709e-24 1.27055e-26 BessellV
54046.1 3.68545e-24 1.20751e-26 BessellV
54047.1 3.49424e-24 1.14758e-26 BessellV
54048.1 3.31293e-24 1.09062e-26 BessellV
54049.1 3.141e-24 1.03646e-26 BessellV
54050.1 2.97797e-24 9.84985e-27 BessellV
54051.1 2.82337e-24 9.36051e-27 BessellV
54052.1 2.67678e-24 8.89536e-27 BessellV
54053.1 2.53778e-24 8.45321e-27 BessellV
54054.1 2.40598e-24 8.03293e-27 BessellV
54055.1 2.28101e-24 7.63344e-27 BessellV
54056.1 2.16251e-24 7.25373e-27 BessellV
54057.1 2.05015e-24 6.89281e-27 BessellV
54058.1 1.94361e-24 6.54976e-27 BessellV
54059.1 1.84259e-24 6.22371e-27 BessellV
54060.1 1.74681e-24 5.91381e-27 BessellV
54061.1 1.656e-24 5.61926e-27 BessellV
54062.1 1.5699e-24 5.33932e-27 BessellV
54063.1 1.48826e-24 5.07326e-27 BessellV
54064.1 1.41085e-24 4.82039e-27 BessellV
54065.1 1.33746e-24 4.58007e-27 BessellV
54066.1 1.26788e-24 4.35167e-27 BessellV
54067.1 1.20191e-24 4.13461e-27 BessellV
54068.1 1.13936e-24 3.92833e-27 BessellV
54069.1 1.08006e-24 3.7323e-27 BessellV
54070.1 1.02384e-24 3.546e-27 BessellV
54071.1 9.70541e-25 3.36896e-27 BessellV
54072.1 9.20007e-25 3.20071e-27 BessellV
54073.1 8.72097e-25 3.04083e-27 BessellV
54074.1 8.26677e-25 2.88891e-27 BessellV
54075.1 7.83616e-25 2.74454e-27 BessellV
54076.1 7.42792e-25 2.60735e-27 BessellV
54077.1 7.04091e-25 2.47699e-27 BessellV
54078.1 6.67401e-25 2.35311e-27 BessellV
54079.1 6.32618e-25 2.23541e-27 BessellV
54080.1 5.99643e-25 2.12357e-27 BessellV
54081.1 5.68383e-25 2.0173e-27 BessellV
54082.1 5.38749e-25 1.91632e-27 BessellV
54083.1 5.10657e-25 1.82038e-27 BessellV
54084.1 4.84025e-25 1.72922e-27 BessellV
54085.1 4.58779e-25 1.6426e-27 BessellV
54086.1 4.34847e-25 1.56031e-27 BessellV
54087.1 4.12161e-25 1.48212e-27 BessellV
54088.1 3.90655e-25 1.40783e-27 BessellV
54089.1 3.70269e-25 1.33726e-27 BessellV
54090.1 3.50944e-25 1.2702e-27 BessellV
54091.1 3.32625e-25 1.20649e-27 BessellV
54092.1 3.15261e-25 1.14597e-27 BessellV
54093.1 2.98801e-25 1.08847e-27 BessellV
54094.1 2.83198e-25 1.03384e-27 BessellV
54095.1 2.68408e-25 9.81941e-28 BessellV
54096.1 2.54389e-25 9.32639e-28 BessellV
54097.1 2.41101e-25 8.85801e-28 BessellV
54098.1 2.28505e-25 8.41307e-28 BessellV
54099.1 2.16565e-25 7.99038e-28 BessellV
54100.1 2.05248e-25 7.58885e-28 BessellV
54101.1 1.94522e-25 7.20742e-28 BessellV
54102.1 1.84354e-25 6.84508e-28 BessellV
54103.1 1.74717e-25 6.50088e-28 BessellV
54104.1 1.65582e-25 6.17393e-28 BessellV
54105.1 1.56924e-25 5.86335e-28 BessellV
54106.1 1.48718e-25 5.56834e-28 BessellV
54107.1 1.4094e-25 5.28811e-28 BessellV
54108.1 1.33568e-25 5.02193e-28 BessellV
54109.1 1.26581e-25 4.7691e-28 BessellV
54110.1 1.19958e-25 4.52895e-28 BessellV
54111.1 1.13681e-25 4.30084e-28 BessellV
54112.1 1.07732e-25 4.08418e-28 BessellV
54113.1 1.02094e-25 3.8784e-28 BessellV
54114.1 9.67498e-26 3.68294e-28 BessellV
54115.1 9.1685e-26 3.4973e-28 BessellV
54116.1 8.68848e-26 3.32098e-28 BessellV
54117.1 8.23353e-26 3.15351e-28 BessellV
54118.1 7.80236e-26 2.99446e-28 BessellV
54119.1 7.39372e-26 2.8434e-28 BessellV
54120.1 7.00644e-26 2.69994e-28 BessellV
54121.1 6.63941e-26 2.56369e-28 BessellV
54122.1 6.29156e-26 2.43428e-28 BessellV
54123.1 5.9619e-26 2.31139e-28 BessellV
54124.1 5.64948e-26 2.19468e-28 BessellV
54125.1 5.35339e-26 2.08384e-28 BessellV
54126.1 5.0728e-26 1.97857e-28 BessellV
54127.1 4.80688e-26 1.87861e-28 BessellV
54128.1 4.55487e-26 1.78368e-28 BessellV
54129.1 4.31605e-26 1.69353e-28 BessellV
54130.1 4.08972e-26 1.60791e-28 BessellV
54131.1 3.87524e-26 1.52662e-28 BessellV
54132.1 3.67199e-26 1.44941e-28 BessellV
54133.1 3.47938e-26 1.3761e-28 BessellV
54134.1 3.29685e-26 1.30649e-28 BessellV
54135.1 3.12387e-26 1.24038e-28 BessellV
54136.1 2.95996e-26 1.17761e-28 BessellV
54137.1 2.80463e-26 1.118e-28 BessellV
54138.1 2.65743e-26 1.0614e-28 BessellV
54139.1 2.51794e-26 1.00765e-28 BessellV
54140.1 2.38577e-26 9.56622e-29 BessellV
54141.1 2.26051e-26 9.08165e-29 BessellV
54142.1 2.14183e-26 8.62155e-29 BessellV
54143.1 2.02936e-26 8.18468e-29 BessellV
54144.1 1.92278e-26 7.76987e-29 BessellV
54145.1 1.82179e-26 7.37602e-29 BessellV
54146.1 1.7261e-26 7.00206e-29 BessellV
54147.1 1.63542e-26 6.647e-29 BessellV
54148.1 1.5495e-26 6.30989e-29 BessellV
54149.1 1.46809e-26 5.98982e-29 BessellV
