56358.7 6.53796e-16 5.41617e-18 BessellU
56359.7 6.78709e-16 5.3027e-18 BessellU
56360.7 7.03132e-16 5.16417e-18 BessellU
56361.7 7.26848e-16 5.00027e-18 BessellU
56362.7 7.49619e-16 4.81103e-18 BessellU
56363.7 7.71184e-16 4.59689e-18 BessellU
56364.7 7.9126e-16 4.35872e-18 BessellU
56365.7 8.0954e-16 4.09793e-18 BessellU
56366.7 8.25695e-16 3.81654e-18 BessellU
56367.7 8.39377e-16 3.51725e-18 BessellU
56368.7 8.50218e-16 3.20355e-18 BessellU
56369.7 8.57838e-16 2.87985e-18 BessellU
56370.7 8.61842e-16 2.55163e-18 BessellU
56371.7 8.61832e-16 2.22564e-18 BessellU
56372.7 8.57411e-16 1.91017e-18 BessellU
56373.7 8.48192e-16 1.6154e-18 BessellU
56374.7 8.33812e-16 1.35364e-18 BessellU
56375.7 8.13943e-16 1.13872e-18 BessellU
56376.7 7.88311e-16 9.83007e-19 BessellU
56377.7 7.56725e-16 8.90309e-19 BessellU
56378.7 7.19106e-16 8.49074e-19 BessellU
56379.7 6.75529e-16 8.35734e-19 BessellU
56380.7 6.26287e-16 8.27094e-19 BessellU
56381.7 5.71966e-16 8.09973e-19 BessellU
56382.7 5.13541e-16 7.83556e-19 BessellU
56383.7 4.52491e-16 7.55446e-19 BessellU
56384.7 3.90897e-16 7.31171e-19 BessellU
56385.7 3.31474e-16 7.02039e-19 BessellU
56386.7 2.77445e-16 6.45846e-19 BessellU
56387.7 2.3214e-16 5.47735e-19 BessellU
56388.7 1.98281e-16 4.30622e-19 BessellU
56389.7 1.77112e-16 3.67298e-19 BessellU
56390.7 1.67777e-16 3.92554e-19 BessellU
56391.7 1.67391e-16 4.34671e-19 BessellU
56392.7 1.71899e-16 4.5086e-19 BessellU
56393.7 1.77305e-16 4.64615e-19 BessellU
56394.7 1.80631e-16 5.05346e-19 BessellU
56395.7 1.80279e-16 5.6391e-19 BessellU
56396.7 1.75873e-16 6.13064e-19 BessellU
56397.7 1.67849e-16 6.36319e-19 BessellU
56398.7 1.57045e-16 6.31258e-19 BessellU
56399.7 1.44405e-16 6.03274e-19 BessellU
56400.7 1.308e-16 5.60195e-19 BessellU
56401.7 1.16947e-16 5.09335e-19 BessellU
56402.7 1.03393e-16 4.56331e-19 BessellU
56403.7 9.05198e-17 4.04956e-19 BessellU
56404.7 7.85725e-17 3.57378e-19 BessellU
56405.7 6.76876e-17 3.14565e-19 BessellU
56406.7 5.79195e-17 2.76682e-19 BessellU
56407.7 4.92634e-17 2.43428e-19 BessellU
56408.7 4.16743e-17 2.14288e-19 BessellU
56409.7 3.50815e-17 1.8869e-19 BessellU
56410.7 2.94e-17 1.66105e-19 BessellU
56411.7 2.45381e-17 1.46081e-19 BessellU
56412.7 2.04036e-17 1.28261e-19 BessellU
56413.7 1.69072e-17 1.12361e-19 BessellU
56414.7 1.39652e-17 9.81656e-20 BessellU
56415.7 1.15011e-17 8.54998e-20 BessellU
56416.7 9.4457e-18 7.4222e-20 BessellU
56417.7 7.73776e-18 6.42098e-20 BessellU
56418.7 6.32346e-18 5.53534e-20 BessellU
56419.7 5.15607e-18 4.75513e-20 BessellU
56420.7 4.19536e-18 4.07075e-20 BessellU
56359.6 5.10586e-16 1.63229e-18 BessellI
56360.6 5.24271e-16 1.6135e-18 BessellI
56361.6 5.38253e-16 1.59323e-18 BessellI
56362.6 5.52531e-16 1.57153e-18 BessellI
56363.6 5.67106e-16 1.54846e-18 BessellI
56364.6 5.81977e-16 1.52411e-18 BessellI
56365.6 5.97145e-16 1.4986e-18 BessellI
56366.6 6.12606e-16 1.47208e-18 BessellI
56367.6 6.28359e-16 1.4447e-18 BessellI
56368.6 6.44401e-16 1.41667e-18 BessellI
56369.6 6.60727e-16 1.38822e-18 BessellI
56370.6 6.77332e-16 1.35963e-18 BessellI
56371.6 6.9421e-16 1.33122e-18 BessellI
56372.6 7.11354e-16 1.30332e-18 BessellI
56373.6 7.28756e-16 1.27636e-18 BessellI
56374.6 7.46405e-16 1.25075e-18 BessellI
56375.6 7.6429e-16 1.22699e-18 BessellI
56376.6 7.824e-16 1.20555e-18 BessellI
56377.6 8.0072e-16 1.18697e-18 BessellI
56378.6 8.19235e-16 1.17176e-18 BessellI
56379.6 8.37928e-16 1.1604e-18 BessellI
56380.6 8.56779e-16 1.15334e-18 BessellI
56381.6 8.75769e-16 1.15094e-18 BessellI
56382.6 8.94874e-16 1.15346e-18 BessellI
56383.6 9.14071e-16 1.16105e-18 BessellI
56384.6 9.33334e-16 1.17371e-18 BessellI
56385.6 9.52633e-16 1.19132e-18 BessellI
56386.6 9.7194e-16 1.21362e-18 BessellI
56387.6 9.91222e-16 1.24023e-18 BessellI
56388.6 1.01045e-15 1.27067e-18 BessellI
56389.6 1.02957e-15 1.3044e-18 BessellI
56390.6 1.04857e-15 1.34081e-18 BessellI
56391.6 1.06739e-15 1.37926e-18 BessellI
56392.6 1.08601e-15 1.41913e-18 BessellI
56393.6 1.10436e-15 1.45975e-18 BessellI
56394.6 1.12241e-15 1.5005e-18 BessellI
56395.6 1.14012e-15 1.54078e-18 BessellI
56396.6 1.15744e-15 1.58e-18 BessellI
56397.6 1.17432e-15 1.61764e-18 BessellI
56398.6 1.19071e-15 1.65319e-18 BessellI
56399.6 1.20656e-15 1.68621e-18 BessellI
56400.6 1.22183e-15 1.7163e-18 BessellI
56401.6 1.23646e-15 1.7431e-18 BessellI
56402.6 1.25042e-15 1.76634e-18 BessellI
56403.6 1.26364e-15 1.78576e-18 BessellI
56404.6 1.2761e-15 1.8012e-18 BessellI
56405.6 1.28774e-15 1.81255e-18 BessellI
56406.6 1.29852e-15 1.81974e-18 BessellI
56407.6 1.30841e-15 1.8228e-18 BessellI
56408.6 1.31736e-15 1.82178e-18 BessellI
56409.6 1.32534e-15 1.81682e-18 BessellI
56410.6 1.33233e-15 1.8081e-18 BessellI
56411.6 1.3383e-15 1.79586e-18 BessellI
56412.6 1.34323e-15 1.78039e-18 BessellI
56413.6 1.34709e-15 1.76202e-18 BessellI
56414.6 1.34988e-15 1.7411e-18 BessellI
56415.6 1.35158e-15 1.71804e-18 BessellI
56416.6 1.3522e-15 1.69324e-18 BessellI
56417.6 1.35172e-15 1.66712e-18 BessellI
56418.6 1.35017e-15 1.64011e-18 BessellI
56419.6 1.34755e-15 1.61261e-18 BessellI
56420.6 1.34387e-15 1.58502e-18 BessellI
56421.6 1.33915e-15 1.5577e-18 BessellI
56422.6 1.33342e-15 1.53099e-18 BessellI
56423.6 1.32671e-15 1.50517e-18 BessellI
56424.6 1.31904e-15 1.48049e-18 BessellI
56425.6 1.31045e-15 1.45713e-18 BessellI
56426.6 1.30098e-15 1.43524e-18 BessellI
56427.6 1.29067e-15 1.41491e-18 BessellI
56428.6 1.27956e-15 1.39619e-18 BessellI
56429.6 1.26769e-15 1.37909e-18 BessellI
56430.6 1.25513e-15 1.36358e-18 BessellI
56431.6 1.2419e-15 1.3496e-18 BessellI
56432.6 1.22807e-15 1.33707e-18 BessellI
56433.6 1.21367e-15 1.32592e-18 BessellI
56434.6 1.19877e-15 1.31604e-18 BessellI
56435.6 1.1834e-15 1.30735e-18 BessellI
56436.6 1.16763e-15 1.29973e-18 BessellI
56437.6 1.15149e-15 1.29312e-18 BessellI
56438.6 1.13503e-15 1.28743e-18 BessellI
56439.6 1.11831e-15 1.28258e-18 BessellI
56440.6 1.10136e-15 1.27853e-18 BessellI
56441.6 1.08423e-15 1.2752e-18 BessellI
56442.6 1.06695e-15 1.27255e-18 BessellI
56443.6 1.04957e-15 1.27054e-18 BessellI
56444.6 1.03213e-15 1.26912e-18 BessellI
56445.6 1.01466e-15 1.26825e-18 BessellI
56446.6 9.97198e-16 1.26789e-18 BessellI
56447.6 9.79767e-16 1.26798e-18 BessellI
56448.6 9.624e-16 1.26848e-18 BessellI
56449.6 9.45124e-16 1.26934e-18 BessellI
56450.6 9.27965e-16 1.2705e-18 BessellI
56451.6 9.10944e-16 1.27189e-18 BessellI
56452.6 8.94084e-16 1.27345e-18 BessellI
56453.6 8.77402e-16 1.27511e-18 BessellI
56454.6 8.60917e-16 1.27681e-18 BessellI
56455.6 8.44642e-16 1.27846e-18 BessellI
56456.6 8.28593e-16 1.27999e-18 BessellI
56457.6 8.1278e-16 1.28134e-18 BessellI
56458.6 7.97215e-16 1.28244e-18 BessellI
56459.6 7.81906e-16 1.28321e-18 BessellI
56460.6 7.66861e-16 1.2836e-18 BessellI
56461.6 7.52087e-16 1.28355e-18 BessellI
56462.6 7.37588e-16 1.28299e-18 BessellI
56463.6 7.2337e-16 1.2819e-18 BessellI
56464.6 7.09434e-16 1.28021e-18 BessellI
56465.6 6.95782e-16 1.27789e-18 BessellI
56466.6 6.82417e-16 1.27492e-18 BessellI
56467.6 6.69339e-16 1.27126e-18 BessellI
56468.6 6.56546e-16 1.2669e-18 BessellI
56469.6 6.4404e-16 1.26182e-18 BessellI
56470.6 6.31816e-16 1.256e-18 BessellI
56471.6 6.19875e-16 1.24946e-18 BessellI
56472.6 6.08212e-16 1.24218e-18 BessellI
56473.6 5.96825e-16 1.23418e-18 BessellI
56474.6 5.85711e-16 1.22545e-18 BessellI
56475.6 5.74866e-16 1.21602e-18 BessellI
56476.6 5.64286e-16 1.20591e-18 BessellI
56477.6 5.53966e-16 1.19512e-18 BessellI
56478.6 5.43902e-16 1.18368e-18 BessellI
56479.6 5.34089e-16 1.17162e-18 BessellI
56480.6 5.24522e-16 1.15895e-18 BessellI
56481.6 5.15197e-16 1.14573e-18 BessellI
56482.6 5.06108e-16 1.13196e-18 BessellI
56483.6 4.9725e-16 1.11768e-18 BessellI
56484.6 4.88618e-16 1.10292e-18 BessellI
56485.6 4.80206e-16 1.08772e-18 BessellI
56486.6 4.7201e-16 1.07211e-18 BessellI
56487.6 4.64023e-16 1.05612e-18 BessellI
56488.6 4.56241e-16 1.03979e-18 BessellI
56489.6 4.48658e-16 1.02314e-18 BessellI
56490.6 4.41269e-16 1.00622e-18 BessellI
56491.6 4.34069e-16 9.89058e-19 BessellI
56492.6 4.27053e-16 9.71684e-19 BessellI
56493.6 4.20215e-16 9.54133e-19 BessellI
56494.6 4.13551e-16 9.36436e-19 BessellI
56495.6 4.07055e-16 9.18624e-19 BessellI
56496.6 4.00724e-16 9.00729e-19 BessellI
56497.6 3.94551e-16 8.82781e-19 BessellI
56498.6 3.88533e-16 8.64808e-19 BessellI
56499.6 3.82665e-16 8.46839e-19 BessellI
56500.6 3.76942e-16 8.28901e-19 BessellI
56501.6 3.7136e-16 8.11021e-19 BessellI
56502.6 3.65914e-16 7.93225e-19 BessellI
56503.6 3.60601e-16 7.75537e-19 BessellI
56504.6 3.55417e-16 7.57982e-19 BessellI
56505.6 3.50357e-16 7.40582e-19 BessellI
56506.6 3.45417e-16 7.23359e-19 BessellI
56507.6 3.40594e-16 7.06334e-19 BessellI
56508.6 3.35884e-16 6.89528e-19 BessellI
56509.6 3.31283e-16 6.72959e-19 BessellI
56510.6 3.26789e-16 6.56646e-19 BessellI
56511.6 3.22397e-16 6.40607e-19 BessellI
56512.6 3.18104e-16 6.24857e-19 BessellI
56513.6 3.13908e-16 6.09412e-19 BessellI
56514.6 3.09804e-16 5.94287e-19 BessellI
56515.6 3.05791e-16 5.79495e-19 BessellI
56516.6 3.01864e-16 5.65049e-19 BessellI
56517.6 2.98022e-16 5.50962e-19 BessellI
56518.6 2.94261e-16 5.37243e-19 BessellI
56519.6 2.9058e-16 5.23902e-19 BessellI
56520.6 2.86974e-16 5.1095e-19 BessellI
56521.6 2.83443e-16 4.98392e-19 BessellI
56522.6 2.79983e-16 4.86238e-19 BessellI
56523.6 2.76592e-16 4.74492e-19 BessellI
56524.6 2.73268e-16 4.6316e-19 BessellI
56525.6 2.70008e-16 4.52244e-19 BessellI
56526.6 2.66812e-16 4.41749e-19 BessellI
56527.6 2.63676e-16 4.31676e-19 BessellI
56528.6 2.60598e-16 4.22024e-19 BessellI
56529.6 2.57578e-16 4.12794e-19 BessellI
56530.6 2.54612e-16 4.03983e-19 BessellI
56531.6 2.51699e-16 3.95589e-19 BessellI
56532.6 2.48838e-16 3.87607e-19 BessellI
56533.6 2.46027e-16 3.80032e-19 BessellI
56534.6 2.43264e-16 3.72857e-19 BessellI
56535.6 2.40547e-16 3.66074e-19 BessellI
56536.6 2.37876e-16 3.59674e-19 BessellI
56537.6 2.35249e-16 3.53648e-19 BessellI
56538.6 2.32664e-16 3.47984e-19 BessellI
56539.6 2.30121e-16 3.42671e-19 BessellI
56540.6 2.27617e-16 3.37695e-19 BessellI
56541.6 2.25152e-16 3.33043e-19 BessellI
56542.6 2.22724e-16 3.28702e-19 BessellI
56543.6 2.20333e-16 3.24655e-19 BessellI
56544.6 2.17977e-16 3.20889e-19 BessellI
56545.6 2.15655e-16 3.17387e-19 BessellI
56546.6 2.13367e-16 3.14134e-19 BessellI
56547.6 2.11111e-16 3.11114e-19 BessellI
56548.6 2.08886e-16 3.08311e-19 BessellI
56549.6 2.06691e-16 3.05709e-19 BessellI
56550.6 2.04526e-16 3.03293e-19 BessellI
56551.6 2.0239e-16 3.01048e-19 BessellI
56552.6 2.00281e-16 2.98959e-19 BessellI
56553.6 1.982e-16 2.97011e-19 BessellI
56554.6 1.96145e-16 2.95191e-19 BessellI
56555.6 1.94116e-16 2.93485e-19 BessellI
56556.6 1.92111e-16 2.9188e-19 BessellI
56557.6 1.90132e-16 2.90364e-19 BessellI
56558.6 1.88175e-16 2.88927e-19 BessellI
56559.6 1.86242e-16 2.87556e-19 BessellI
56560.6 1.84332e-16 2.86243e-19 BessellI
56561.6 1.82443e-16 2.84976e-19 BessellI
56562.6 1.80576e-16 2.83748e-19 BessellI
56563.6 1.7873e-16 2.8255e-19 BessellI
56564.6 1.76904e-16 2.81375e-19 BessellI
56565.6 1.75098e-16 2.80216e-19 BessellI
56566.6 1.73312e-16 2.79066e-19 BessellI
56567.6 1.71545e-16 2.7792e-19 BessellI
56568.6 1.69796e-16 2.76772e-19 BessellI
56569.6 1.68065e-16 2.75618e-19 BessellI
56570.6 1.66353e-16 2.74453e-19 BessellI
56571.6 1.64658e-16 2.73274e-19 BessellI
56572.6 1.6298e-16 2.72077e-19 BessellI
56573.6 1.61318e-16 2.7086e-19 BessellI
56574.6 1.59674e-16 2.6962e-19 BessellI
56575.6 1.58045e-16 2.68355e-19 BessellI
56576.6 1.56432e-16 2.67063e-19 BessellI
56577.6 1.54835e-16 2.65743e-19 BessellI
56578.6 1.53253e-16 2.64394e-19 BessellI
56579.6 1.51686e-16 2.63014e-19 BessellI
56580.6 1.50134e-16 2.61603e-19 BessellI
56581.6 1.48596e-16 2.60162e-19 BessellI
56582.6 1.47072e-16 2.58689e-19 BessellI
56583.6 1.45563e-16 2.57184e-19 BessellI
56584.6 1.44067e-16 2.55649e-19 BessellI
56585.6 1.42585e-16 2.54082e-19 BessellI
56586.6 1.41116e-16 2.52486e-19 BessellI
56587.6 1.39661e-16 2.5086e-19 BessellI
56588.6 1.38219e-16 2.49206e-19 BessellI
56589.6 1.36789e-16 2.47523e-19 BessellI
56590.6 1.35372e-16 2.45814e-19 BessellI
56591.6 1.33968e-16 2.4408e-19 BessellI
56592.6 1.32576e-16 2.42321e-19 BessellI
56593.6 1.31196e-16 2.40539e-19 BessellI
56594.6 1.29828e-16 2.38736e-19 BessellI
56595.6 1.28472e-16 2.36912e-19 BessellI
56596.6 1.27128e-16 2.35069e-19 BessellI
56597.6 1.25796e-16 2.33208e-19 BessellI
56598.6 1.24475e-16 2.31332e-19 BessellI
56599.6 1.23165e-16 2.29441e-19 BessellI
56600.6 1.21867e-16 2.27537e-19 BessellI
56601.6 1.2058e-16 2.25623e-19 BessellI
56602.6 1.19304e-16 2.23698e-19 BessellI
56603.6 1.18039e-16 2.21765e-19 BessellI
56604.6 1.16785e-16 2.19826e-19 BessellI
56605.6 1.15542e-16 2.17881e-19 BessellI
56606.6 1.14309e-16 2.15934e-19 BessellI
56607.6 1.13087e-16 2.13984e-19 BessellI
56608.6 1.11875e-16 2.12034e-19 BessellI
56609.6 1.10674e-16 2.10085e-19 BessellI
56610.6 1.09483e-16 2.08139e-19 BessellI
56611.6 1.08303e-16 2.06198e-19 BessellI
56612.6 1.07132e-16 2.04262e-19 BessellI
56613.6 1.05972e-16 2.02332e-19 BessellI
56614.6 1.04821e-16 2.00412e-19 BessellI
56615.6 1.03681e-16 1.98501e-19 BessellI
56616.6 1.0255e-16 1.96601e-19 BessellI
56617.6 1.01429e-16 1.94714e-19 BessellI
56618.6 1.00318e-16 1.92841e-19 BessellI
56619.6 9.92166e-17 1.90982e-19 BessellI
56620.6 9.81247e-17 1.8914e-19 BessellI
56621.6 9.70424e-17 1.87314e-19 BessellI
56622.6 9.59695e-17 1.85507e-19 BessellI
56623.6 9.4906e-17 1.8372e-19 BessellI
56624.6 9.38519e-17 1.81952e-19 BessellI
56625.6 9.2807e-17 1.80206e-19 BessellI
56626.6 9.17714e-17 1.78482e-19 BessellI
56627.6 9.0745e-17 1.76781e-19 BessellI
56628.6 8.97277e-17 1.75104e-19 BessellI
56629.6 8.87194e-17 1.73451e-19 BessellI
56630.6 8.77201e-17 1.71823e-19 BessellI
56631.6 8.67298e-17 1.70222e-19 BessellI
56632.6 8.57484e-17 1.68646e-19 BessellI
56633.6 8.47758e-17 1.67098e-19 BessellI
56634.6 8.3812e-17 1.65577e-19 BessellI
56635.6 8.2857e-17 1.64084e-19 BessellI
56636.6 8.19106e-17 1.6262e-19 BessellI
56637.6 8.09729e-17 1.61184e-19 BessellI
56638.6 8.00438e-17 1.59777e-19 BessellI
56639.6 7.91232e-17 1.58399e-19 BessellI
56640.6 7.82111e-17 1.5705e-19 BessellI
56641.6 7.73074e-17 1.55731e-19 BessellI
56642.6 7.64122e-17 1.54441e-19 BessellI
56643.6 7.55252e-17 1.53181e-19 BessellI
56644.6 7.46466e-17 1.5195e-19 BessellI
56645.6 7.37762e-17 1.50749e-19 BessellI
56646.6 7.2914e-17 1.49577e-19 BessellI
56647.6 7.20599e-17 1.48434e-19 BessellI
56648.6 7.12139e-17 1.4732e-19 BessellI
56649.6 7.0376e-17 1.46234e-19 BessellI
56650.6 6.95461e-17 1.45177e-19 BessellI
56651.6 6.87241e-17 1.44148e-19 BessellI
56652.6 6.791e-17 1.43147e-19 BessellI
56653.6 6.71038e-17 1.42173e-19 BessellI
56654.6 6.63054e-17 1.41226e-19 BessellI
56655.6 6.55147e-17 1.40306e-19 BessellI
56656.6 6.47318e-17 1.39411e-19 BessellI
56657.6 6.39565e-17 1.38541e-19 BessellI
56658.6 6.31889e-17 1.37697e-19 BessellI
56659.6 6.24288e-17 1.36877e-19 BessellI
56660.6 6.16762e-17 1.3608e-19 BessellI
56661.6 6.09311e-17 1.35306e-19 BessellI
56662.6 6.01935e-17 1.34555e-19 BessellI
56663.6 5.94632e-17 1.33826e-19 BessellI
56664.6 5.87402e-17 1.33117e-19 BessellI
56665.6 5.80245e-17 1.3243e-19 BessellI
56666.6 5.73161e-17 1.31761e-19 BessellI
56667.6 5.66148e-17 1.31112e-19 BessellI
56668.6 5.59207e-17 1.30481e-19 BessellI
56669.6 5.52337e-17 1.29868e-19 BessellI
56670.6 5.45537e-17 1.29272e-19 BessellI
56671.6 5.38807e-17 1.28692e-19 BessellI
56672.6 5.32146e-17 1.28127e-19 BessellI
56673.6 5.25555e-17 1.27578e-19 BessellI
56674.6 5.19032e-17 1.27042e-19 BessellI
56675.6 5.12577e-17 1.2652e-19 BessellI
56676.6 5.0619e-17 1.2601e-19 BessellI
56677.6 4.99869e-17 1.25513e-19 BessellI
56678.6 4.93615e-17 1.25027e-19 BessellI
56679.6 4.87428e-17 1.24552e-19 BessellI
56680.6 4.81305e-17 1.24086e-19 BessellI
56681.6 4.75249e-17 1.23631e-19 BessellI
56682.6 4.69256e-17 1.23184e-19 BessellI
56683.6 4.63328e-17 1.22745e-19 BessellI
56684.6 4.57464e-17 1.22313e-19 BessellI
56685.6 4.51662e-17 1.21889e-19 BessellI
56686.6 4.45924e-17 1.21471e-19 BessellI
56687.6 4.40248e-17 1.21059e-19 BessellI
56688.6 4.34633e-17 1.20653e-19 BessellI
56689.6 4.2908e-17 1.20251e-19 BessellI
56690.6 4.23587e-17 1.19853e-19 BessellI
56691.6 4.18155e-17 1.1946e-19 BessellI
56692.6 4.12783e-17 1.19069e-19 BessellI
56693.6 4.0747e-17 1.18682e-19 BessellI
56694.6 4.02216e-17 1.18297e-19 BessellI
56695.6 3.97021e-17 1.17914e-19 BessellI
56696.6 3.91883e-17 1.17533e-19 BessellI
56697.6 3.86803e-17 1.17153e-19 BessellI
56698.6 3.8178e-17 1.16774e-19 BessellI
56699.6 3.76814e-17 1.16395e-19 BessellI
56700.6 3.71903e-17 1.16017e-19 BessellI
56701.6 3.67048e-17 1.15638e-19 BessellI
56702.6 3.62248e-17 1.15259e-19 BessellI
56703.6 3.57503e-17 1.1488e-19 BessellI
56704.6 3.52812e-17 1.14499e-19 BessellI
56705.6 3.48175e-17 1.14117e-19 BessellI
56706.6 3.43591e-17 1.13734e-19 BessellI
56707.6 3.39059e-17 1.13349e-19 BessellI
56708.6 3.34581e-17 1.12962e-19 BessellI
56709.6 3.30153e-17 1.12573e-19 BessellI
56710.6 3.25778e-17 1.12182e-19 BessellI
56711.6 3.21453e-17 1.11788e-19 BessellI
56712.6 3.17179e-17 1.11392e-19 BessellI
56713.6 3.12954e-17 1.10992e-19 BessellI
56714.6 3.0878e-17 1.1059e-19 BessellI
56715.6 3.04654e-17 1.10185e-19 BessellI
56716.6 3.00577e-17 1.09777e-19 BessellI
56717.6 2.96549e-17 1.09365e-19 BessellI
56718.6 2.92568e-17 1.0895e-19 BessellI
56719.6 2.88634e-17 1.08531e-19 BessellI
56720.6 2.84747e-17 1.08109e-19 BessellI
56721.6 2.80907e-17 1.07684e-19 BessellI
56722.6 2.77113e-17 1.07255e-19 BessellI
56723.6 2.73364e-17 1.06822e-19 BessellI
56724.6 2.6966e-17 1.06385e-19 BessellI
56725.6 2.66002e-17 1.05945e-19 BessellI
56726.6 2.62387e-17 1.05501e-19 BessellI
56727.6 2.58816e-17 1.05053e-19 BessellI
56728.6 2.55289e-17 1.04601e-19 BessellI
56729.6 2.51804e-17 1.04146e-19 BessellI
56730.6 2.48362e-17 1.03687e-19 BessellI
56731.6 2.44962e-17 1.03224e-19 BessellI
56732.6 2.41604e-17 1.02757e-19 BessellI
56733.6 2.38288e-17 1.02287e-19 BessellI
56734.6 2.35012e-17 1.01813e-19 BessellI
56735.6 2.31776e-17 1.01335e-19 BessellI
56359.6 6.60906e-16 2.18304e-17 BessellB
56360.6 6.97668e-16 2.12506e-17 BessellB
56361.6 7.34811e-16 2.05074e-17 BessellB
56362.6 7.72007e-16 1.9599e-17 BessellB
56363.6 8.0887e-16 1.85286e-17 BessellB
56364.6 8.44964e-16 1.73048e-17 BessellB
56365.6 8.79802e-16 1.59428e-17 BessellB
56366.6 9.12857e-16 1.44646e-17 BessellB
56367.6 9.4358e-16 1.2899e-17 BessellB
56368.6 9.71409e-16 1.12811e-17 BessellB
56369.6 9.95799e-16 9.65136e-18 BessellB
56370.6 1.01624e-15 8.05388e-18 BessellB
56371.6 1.03229e-15 6.53501e-18 BessellB
56372.6 1.04359e-15 5.14179e-18 BessellB
56373.6 1.04989e-15 3.92178e-18 BessellB
56374.6 1.05109e-15 2.9246e-18 BessellB
56375.6 1.0472e-15 2.20232e-18 BessellB
56376.6 1.03837e-15 1.79016e-18 BessellB
56377.6 1.0249e-15 1.64833e-18 BessellB
56378.6 1.00717e-15 1.65064e-18 BessellB
56379.6 9.85678e-16 1.67729e-18 BessellB
56380.6 9.60966e-16 1.66821e-18 BessellB
56381.6 9.33619e-16 1.6087e-18 BessellB
56382.6 9.0423e-16 1.50734e-18 BessellB
56383.6 8.73378e-16 1.38328e-18 BessellB
56384.6 8.41605e-16 1.2595e-18 BessellB
56385.6 8.09409e-16 1.15812e-18 BessellB
56386.6 7.77225e-16 1.09529e-18 BessellB
56387.6 7.45431e-16 1.0762e-18 BessellB
56388.6 7.14337e-16 1.09401e-18 BessellB
56389.6 6.84193e-16 1.13486e-18 BessellB
56390.6 6.55192e-16 1.18457e-18 BessellB
56391.6 6.27475e-16 1.23244e-18 BessellB
56392.6 6.01136e-16 1.27194e-18 BessellB
56393.6 5.76233e-16 1.29998e-18 BessellB
56394.6 5.52788e-16 1.31584e-18 BessellB
56395.6 5.30799e-16 1.32036e-18 BessellB
56396.6 5.10241e-16 1.31529e-18 BessellB
56397.6 4.91072e-16 1.30285e-18 BessellB
56398.6 4.73241e-16 1.28537e-18 BessellB
56399.6 4.56683e-16 1.26513e-18 BessellB
56400.6 4.41332e-16 1.24412e-18 BessellB
56401.6 4.27115e-16 1.22401e-18 BessellB
56402.6 4.13959e-16 1.20603e-18 BessellB
56403.6 4.0179e-16 1.19097e-18 BessellB
56404.6 3.90535e-16 1.17917e-18 BessellB
56405.6 3.80123e-16 1.17063e-18 BessellB
56406.6 3.70485e-16 1.16499e-18 BessellB
56407.6 3.61557e-16 1.1617e-18 BessellB
56408.6 3.53277e-16 1.16005e-18 BessellB
56409.6 3.45585e-16 1.15929e-18 BessellB
56410.6 3.38426e-16 1.15867e-18 BessellB
56411.6 3.3175e-16 1.1575e-18 BessellB
56412.6 3.25508e-16 1.15514e-18 BessellB
56413.6 3.19656e-16 1.15109e-18 BessellB
56414.6 3.14153e-16 1.14493e-18 BessellB
56415.6 3.08962e-16 1.13634e-18 BessellB
56416.6 3.04048e-16 1.12511e-18 BessellB
56417.6 2.99379e-16 1.11112e-18 BessellB
56418.6 2.94927e-16 1.0943e-18 BessellB
56419.6 2.90665e-16 1.07469e-18 BessellB
56420.6 2.86569e-16 1.05236e-18 BessellB
56421.6 2.82618e-16 1.02744e-18 BessellB
56422.6 2.78793e-16 1.00012e-18 BessellB
56423.6 2.75076e-16 9.70617e-19 BessellB
56424.6 2.71452e-16 9.39196e-19 BessellB
56425.6 2.67906e-16 9.06152e-19 BessellB
56426.6 2.64427e-16 8.71816e-19 BessellB
56427.6 2.61003e-16 8.36553e-19 BessellB
56428.6 2.57625e-16 8.00764e-19 BessellB
56429.6 2.54284e-16 7.64891e-19 BessellB
56430.6 2.50974e-16 7.29416e-19 BessellB
56431.6 2.47688e-16 6.94868e-19 BessellB
56432.6 2.4442e-16 6.61824e-19 BessellB
56433.6 2.41166e-16 6.30906e-19 BessellB
56434.6 2.37923e-16 6.02775e-19 BessellB
56435.6 2.34687e-16 5.7811e-19 BessellB
56436.6 2.31455e-16 5.57579e-19 BessellB
56437.6 2.28226e-16 5.41792e-19 BessellB
56438.6 2.24999e-16 5.31238e-19 BessellB
56439.6 2.21771e-16 5.26231e-19 BessellB
56440.6 2.18544e-16 5.26862e-19 BessellB
56441.6 2.15316e-16 5.32988e-19 BessellB
56442.6 2.12087e-16 5.44248e-19 BessellB
56443.6 2.08858e-16 5.60121e-19 BessellB
56444.6 2.0563e-16 5.79986e-19 BessellB
56445.6 2.02402e-16 6.03183e-19 BessellB
56446.6 1.99177e-16 6.29066e-19 BessellB
56447.6 1.95954e-16 6.57032e-19 BessellB
56448.6 1.92736e-16 6.86541e-19 BessellB
56449.6 1.89523e-16 7.17119e-19 BessellB
56450.6 1.86317e-16 7.48355e-19 BessellB
56451.6 1.83119e-16 7.79903e-19 BessellB
56452.6 1.79931e-16 8.11469e-19 BessellB
56453.6 1.76754e-16 8.42804e-19 BessellB
56454.6 1.7359e-16 8.73701e-19 BessellB
56455.6 1.70439e-16 9.03988e-19 BessellB
56456.6 1.67305e-16 9.3352e-19 BessellB
56457.6 1.64187e-16 9.62177e-19 BessellB
56458.6 1.61089e-16 9.89862e-19 BessellB
56459.6 1.5801e-16 1.01649e-18 BessellB
56460.6 1.54953e-16 1.042e-18 BessellB
56461.6 1.51919e-16 1.06634e-18 BessellB
56462.6 1.48908e-16 1.08947e-18 BessellB
56463.6 1.45924e-16 1.11136e-18 BessellB
56464.6 1.42966e-16 1.13198e-18 BessellB
56465.6 1.40035e-16 1.15132e-18 BessellB
56466.6 1.37134e-16 1.16938e-18 BessellB
56467.6 1.34263e-16 1.18614e-18 BessellB
56468.6 1.31422e-16 1.20163e-18 BessellB
56469.6 1.28614e-16 1.21583e-18 BessellB
56470.6 1.25838e-16 1.22877e-18 BessellB
56471.6 1.23096e-16 1.24045e-18 BessellB
56472.6 1.20388e-16 1.2509e-18 BessellB
56473.6 1.17716e-16 1.26014e-18 BessellB
56474.6 1.15079e-16 1.26819e-18 BessellB
56475.6 1.12478e-16 1.27507e-18 BessellB
56349.2 5.97777e-34 1.79851e-35 BessellR
56350.2 3.47504e-33 9.99372e-35 BessellR
56351.2 2.02271e-32 5.54843e-34 BessellR
56352.2 1.17905e-31 3.07766e-33 BessellR
56353.2 6.88395e-31 1.70547e-32 BessellR
56354.2 4.02646e-30 9.44038e-32 BessellR
56355.2 2.35977e-29 5.21898e-31 BessellR
56356.2 1.38597e-28 2.8809e-30 BessellR
56357.2 8.15933e-28 1.58737e-29 BessellR
56358.2 4.8155e-27 8.72658e-29 BessellR
56359.2 2.8496e-26 4.78378e-28 BessellR
56360.2 1.69099e-25 2.61287e-27 BessellR
56361.2 1.00639e-24 1.42046e-26 BessellR
56362.2 6.00763e-24 7.67516e-26 BessellR
56363.2 3.59732e-23 4.11398e-25 BessellR
56364.2 2.16081e-22 2.18171e-24 BessellR
56365.2 1.30202e-21 1.1404e-23 BessellR
56366.2 7.87007e-21 5.84334e-23 BessellR
56367.2 4.77161e-20 2.91054e-22 BessellR
56368.2 2.90116e-19 1.3906e-21 BessellR
56369.2 1.76679e-18 6.23325e-21 BessellR
56370.2 1.07044e-17 2.53696e-20 BessellR
56371.2 6.20197e-17 9.57856e-20 BessellR
56372.2 2.84079e-16 3.46257e-19 BessellR
56373.2 6.78706e-16 3.78844e-19 BessellR
56374.2 8.74565e-16 2.53533e-19 BessellR
56375.2 9.16988e-16 3.43673e-19 BessellR
56376.2 9.2513e-16 3.474e-19 BessellR
56377.2 9.28586e-16 3.25445e-19 BessellR
56378.2 9.32382e-16 2.9909e-19 BessellR
56379.2 9.37219e-16 2.73188e-19 BessellR
56380.2 9.43101e-16 2.49185e-19 BessellR
56381.2 9.49922e-16 2.27967e-19 BessellR
56382.2 9.57569e-16 2.10396e-19 BessellR
56383.2 9.65932e-16 1.97349e-19 BessellR
56384.2 9.74907e-16 1.89566e-19 BessellR
56385.2 9.84399e-16 1.87442e-19 BessellR
56386.2 9.94318e-16 1.9085e-19 BessellR
56387.2 1.00458e-15 1.99165e-19 BessellR
56388.2 1.01511e-15 2.11457e-19 BessellR
56389.2 1.02583e-15 2.26732e-19 BessellR
56390.2 1.03668e-15 2.44096e-19 BessellR
56391.2 1.0476e-15 2.62818e-19 BessellR
56392.2 1.05853e-15 2.82334e-19 BessellR
56393.2 1.06941e-15 3.02217e-19 BessellR
56394.2 1.0802e-15 3.22151e-19 BessellR
56395.2 1.09086e-15 3.41901e-19 BessellR
56396.2 1.10134e-15 3.61291e-19 BessellR
56397.2 1.1116e-15 3.80194e-19 BessellR
56398.2 1.12162e-15 3.98515e-19 BessellR
56399.2 1.13137e-15 4.16186e-19 BessellR
56400.2 1.14081e-15 4.33157e-19 BessellR
56401.2 1.14992e-15 4.49396e-19 BessellR
56402.2 1.15869e-15 4.64882e-19 BessellR
56403.2 1.16708e-15 4.79604e-19 BessellR
56404.2 1.17509e-15 4.9356e-19 BessellR
56405.2 1.18269e-15 5.06753e-19 BessellR
56406.2 1.18988e-15 5.19192e-19 BessellR
56407.2 1.19665e-15 5.3089e-19 BessellR
56408.2 1.20298e-15 5.41864e-19 BessellR
56409.2 1.20887e-15 5.52135e-19 BessellR
56410.2 1.21431e-15 5.61724e-19 BessellR
56411.2 1.2193e-15 5.70655e-19 BessellR
56412.2 1.22383e-15 5.78956e-19 BessellR
56413.2 1.22791e-15 5.86652e-19 BessellR
56414.2 1.23153e-15 5.93772e-19 BessellR
56415.2 1.23469e-15 6.00346e-19 BessellR
56416.2 1.23739e-15 6.06401e-19 BessellR
56417.2 1.23964e-15 6.11968e-19 BessellR
56418.2 1.24144e-15 6.17077e-19 BessellR
56419.2 1.24279e-15 6.21757e-19 BessellR
56420.2 1.2437e-15 6.26037e-19 BessellR
56421.2 1.24418e-15 6.29946e-19 BessellR
56422.2 1.24422e-15 6.33512e-19 BessellR
56423.2 1.24384e-15 6.36764e-19 BessellR
56424.2 1.24304e-15 6.39728e-19 BessellR
56425.2 1.24183e-15 6.4243e-19 BessellR
56426.2 1.24021e-15 6.44895e-19 BessellR
56427.2 1.23821e-15 6.47149e-19 BessellR
56428.2 1.23582e-15 6.49212e-19 BessellR
56429.2 1.23305e-15 6.51109e-19 BessellR
56430.2 1.22992e-15 6.52859e-19 BessellR
56431.2 1.22642e-15 6.54482e-19 BessellR
56432.2 1.22258e-15 6.55996e-19 BessellR
56433.2 1.2184e-15 6.57419e-19 BessellR
56434.2 1.21389e-15 6.58765e-19 BessellR
56435.2 1.20905e-15 6.6005e-19 BessellR
56436.2 1.20391e-15 6.61287e-19 BessellR
56437.2 1.19847e-15 6.62487e-19 BessellR
56438.2 1.19274e-15 6.63661e-19 BessellR
56439.2 1.18673e-15 6.64818e-19 BessellR
56440.2 1.18044e-15 6.65967e-19 BessellR
56441.2 1.1739e-15 6.67114e-19 BessellR
56442.2 1.16711e-15 6.68265e-19 BessellR
56443.2 1.16007e-15 6.69424e-19 BessellR
56444.2 1.15281e-15 6.70596e-19 BessellR
56445.2 1.14532e-15 6.71783e-19 BessellR
56446.2 1.13762e-15 6.72986e-19 BessellR
56447.2 1.12972e-15 6.74206e-19 BessellR
56448.2 1.12163e-15 6.75444e-19 BessellR
56449.2 1.11335e-15 6.76698e-19 BessellR
56450.2 1.1049e-15 6.77967e-19 BessellR
56451.2 1.09629e-15 6.79249e-19 BessellR
56452.2 1.08751e-15 6.80542e-19 BessellR
56453.2 1.07859e-15 6.81841e-19 BessellR
56454.2 1.06953e-15 6.83144e-19 BessellR
56455.2 1.06033e-15 6.84447e-19 BessellR
56456.2 1.05102e-15 6.85744e-19 BessellR
56457.2 1.04159e-15 6.87033e-19 BessellR
56458.2 1.03205e-15 6.88308e-19 BessellR
56459.2 1.02241e-15 6.89563e-19 BessellR
56460.2 1.01268e-15 6.90795e-19 BessellR
56461.2 1.00286e-15 6.91998e-19 BessellR
56462.2 9.9297e-16 6.93167e-19 BessellR
56463.2 9.83007e-16 6.94296e-19 BessellR
56464.2 9.7298e-16 6.95381e-19 BessellR
56465.2 9.62895e-16 6.96416e-19 BessellR
56466.2 9.5276e-16 6.97398e-19 BessellR
56467.2 9.42581e-16 6.9832e-19 BessellR
56468.2 9.32363e-16 6.99178e-19 BessellR
56469.2 9.22112e-16 6.99969e-19 BessellR
56470.2 9.11835e-16 7.00686e-19 BessellR
56471.2 9.01537e-16 7.01327e-19 BessellR
56472.2 8.91224e-16 7.01887e-19 BessellR
56473.2 8.80899e-16 7.02363e-19 BessellR
56474.2 8.7057e-16 7.02752e-19 BessellR
56475.2 8.6024e-16 7.03049e-19 BessellR
56476.2 8.49914e-16 7.03252e-19 BessellR
56477.2 8.39597e-16 7.03358e-19 BessellR
56478.2 8.29293e-16 7.03364e-19 BessellR
56479.2 8.19006e-16 7.03269e-19 BessellR
56480.2 8.08742e-16 7.03069e-19 BessellR
56481.2 7.98502e-16 7.02764e-19 BessellR
56482.2 7.88292e-16 7.02352e-19 BessellR
56483.2 7.78116e-16 7.0183e-19 BessellR
56484.2 7.67975e-16 7.01199e-19 BessellR
56485.2 7.57874e-16 7.00456e-19 BessellR
56486.2 7.47817e-16 6.99602e-19 BessellR
56487.2 7.37806e-16 6.98635e-19 BessellR
56488.2 7.27843e-16 6.97555e-19 BessellR
56489.2 7.17933e-16 6.96363e-19 BessellR
56490.2 7.08077e-16 6.95057e-19 BessellR
56491.2 6.98279e-16 6.93638e-19 BessellR
56492.2 6.8854e-16 6.92107e-19 BessellR
56493.2 6.78864e-16 6.90464e-19 BessellR
56494.2 6.69251e-16 6.88709e-19 BessellR
56495.2 6.59705e-16 6.86844e-19 BessellR
56496.2 6.50227e-16 6.84869e-19 BessellR
56497.2 6.40819e-16 6.82786e-19 BessellR
56498.2 6.31484e-16 6.80594e-19 BessellR
56499.2 6.22221e-16 6.78297e-19 BessellR
56500.2 6.13035e-16 6.75895e-19 BessellR
56501.2 6.03924e-16 6.7339e-19 BessellR
56502.2 5.94892e-16 6.70783e-19 BessellR
56503.2 5.8594e-16 6.68076e-19 BessellR
56504.2 5.77067e-16 6.65271e-19 BessellR
56505.2 5.68277e-16 6.62369e-19 BessellR
56506.2 5.59569e-16 6.59373e-19 BessellR
56507.2 5.50945e-16 6.56285e-19 BessellR
56508.2 5.42406e-16 6.53106e-19 BessellR
56509.2 5.33952e-16 6.49839e-19 BessellR
56510.2 5.25584e-16 6.46486e-19 BessellR
56511.2 5.17302e-16 6.43049e-19 BessellR
56512.2 5.09108e-16 6.39531e-19 BessellR
56513.2 5.01002e-16 6.35932e-19 BessellR
56514.2 4.92984e-16 6.32257e-19 BessellR
56515.2 4.85055e-16 6.28507e-19 BessellR
56516.2 4.77215e-16 6.24684e-19 BessellR
56517.2 4.69464e-16 6.20792e-19 BessellR
56518.2 4.61803e-16 6.16831e-19 BessellR
56519.2 4.54231e-16 6.12805e-19 BessellR
56520.2 4.46749e-16 6.08716e-19 BessellR
56521.2 4.39357e-16 6.04567e-19 BessellR
56522.2 4.32055e-16 6.00359e-19 BessellR
56523.2 4.24843e-16 5.96096e-19 BessellR
56524.2 4.1772e-16 5.91779e-19 BessellR
56525.2 4.10687e-16 5.87411e-19 BessellR
56526.2 4.03743e-16 5.82994e-19 BessellR
56527.2 3.96889e-16 5.78531e-19 BessellR
56528.2 3.90124e-16 5.74023e-19 BessellR
56529.2 3.83447e-16 5.69474e-19 BessellR
56530.2 3.76859e-16 5.64886e-19 BessellR
56531.2 3.70359e-16 5.6026e-19 BessellR
56532.2 3.63947e-16 5.55599e-19 BessellR
56533.2 3.57622e-16 5.50905e-19 BessellR
56534.2 3.51384e-16 5.46181e-19 BessellR
56535.2 3.45232e-16 5.41428e-19 BessellR
56536.2 3.39167e-16 5.36649e-19 BessellR
56537.2 3.33187e-16 5.31846e-19 BessellR
56538.2 3.27291e-16 5.27021e-19 BessellR
56539.2 3.2148e-16 5.22176e-19 BessellR
56540.2 3.15753e-16 5.17312e-19 BessellR
56541.2 3.10109e-16 5.12432e-19 BessellR
56542.2 3.04548e-16 5.07539e-19 BessellR
56543.2 2.99069e-16 5.02632e-19 BessellR
56544.2 2.9367e-16 4.97716e-19 BessellR
56545.2 2.88353e-16 4.9279e-19 BessellR
56546.2 2.83116e-16 4.87858e-19 BessellR
56547.2 2.77957e-16 4.82921e-19 BessellR
56548.2 2.72878e-16 4.7798e-19 BessellR
56549.2 2.67876e-16 4.73038e-19 BessellR
56550.2 2.62951e-16 4.68095e-19 BessellR
56551.2 2.58103e-16 4.63154e-19 BessellR
56552.2 2.53331e-16 4.58216e-19 BessellR
56553.2 2.48633e-16 4.53282e-19 BessellR
56554.2 2.4401e-16 4.48354e-19 BessellR
56555.2 2.3946e-16 4.43434e-19 BessellR
56556.2 2.34982e-16 4.38523e-19 BessellR
56557.2 2.30577e-16 4.33622e-19 BessellR
56558.2 2.26242e-16 4.28732e-19 BessellR
56559.2 2.21978e-16 4.23855e-19 BessellR
56560.2 2.17783e-16 4.18992e-19 BessellR
56561.2 2.13657e-16 4.14144e-19 BessellR
56562.2 2.09599e-16 4.09313e-19 BessellR
56563.2 2.05607e-16 4.04499e-19 BessellR
56564.2 2.01683e-16 3.99704e-19 BessellR
56565.2 1.97823e-16 3.94929e-19 BessellR
56566.2 1.94029e-16 3.90174e-19 BessellR
56567.2 1.90298e-16 3.85441e-19 BessellR
56568.2 1.8663e-16 3.80731e-19 BessellR
56569.2 1.83025e-16 3.76044e-19 BessellR
56570.2 1.79481e-16 3.71382e-19 BessellR
56571.2 1.75997e-16 3.66745e-19 BessellR
56572.2 1.72574e-16 3.62134e-19 BessellR
56573.2 1.6921e-16 3.5755e-19 BessellR
56574.2 1.65904e-16 3.52993e-19 BessellR
56575.2 1.62656e-16 3.48465e-19 BessellR
56576.2 1.59464e-16 3.43966e-19 BessellR
56577.2 1.56328e-16 3.39497e-19 BessellR
56578.2 1.53248e-16 3.35058e-19 BessellR
56579.2 1.50222e-16 3.3065e-19 BessellR
56580.2 1.47249e-16 3.26273e-19 BessellR
56581.2 1.44329e-16 3.21928e-19 BessellR
56582.2 1.41462e-16 3.17616e-19 BessellR
56583.2 1.38646e-16 3.13337e-19 BessellR
56584.2 1.3588e-16 3.09092e-19 BessellR
56585.2 1.33165e-16 3.0488e-19 BessellR
56586.2 1.30498e-16 3.00703e-19 BessellR
56587.2 1.2788e-16 2.9656e-19 BessellR
56588.2 1.2531e-16 2.92452e-19 BessellR
56589.2 1.22786e-16 2.8838e-19 BessellR
56590.2 1.20309e-16 2.84344e-19 BessellR
56591.2 1.17877e-16 2.80343e-19 BessellR
56592.2 1.15491e-16 2.76379e-19 BessellR
56593.2 1.13148e-16 2.72451e-19 BessellR
56594.2 1.10848e-16 2.68559e-19 BessellR
56595.2 1.08592e-16 2.64705e-19 BessellR
56596.2 1.06378e-16 2.60888e-19 BessellR
56597.2 1.04205e-16 2.57108e-19 BessellR
56598.2 1.02072e-16 2.53365e-19 BessellR
56599.2 9.99801e-17 2.4966e-19 BessellR
56600.2 9.79274e-17 2.45992e-19 BessellR
56601.2 9.59135e-17 2.42362e-19 BessellR
56602.2 9.39378e-17 2.3877e-19 BessellR
56603.2 9.19997e-17 2.35216e-19 BessellR
56604.2 9.00985e-17 2.31699e-19 BessellR
56605.2 8.82336e-17 2.2822e-19 BessellR
56606.2 8.64044e-17 2.24779e-19 BessellR
56607.2 8.46104e-17 2.21376e-19 BessellR
56608.2 8.28509e-17 2.18011e-19 BessellR
56609.2 8.11253e-17 2.14684e-19 BessellR
56610.2 7.94332e-17 2.11394e-19 BessellR
56611.2 7.77738e-17 2.08142e-19 BessellR
56612.2 7.61467e-17 2.04927e-19 BessellR
56613.2 7.45512e-17 2.0175e-19 BessellR
56614.2 7.29869e-17 1.98611e-19 BessellR
56615.2 7.14532e-17 1.95508e-19 BessellR
56616.2 6.99496e-17 1.92443e-19 BessellR
56617.2 6.84756e-17 1.89415e-19 BessellR
56618.2 6.70305e-17 1.86424e-19 BessellR
56619.2 6.5614e-17 1.8347e-19 BessellR
56620.2 6.42255e-17 1.80552e-19 BessellR
56621.2 6.28645e-17 1.7767e-19 BessellR
56622.2 6.15306e-17 1.74825e-19 BessellR
56623.2 6.02232e-17 1.72016e-19 BessellR
56624.2 5.89418e-17 1.69242e-19 BessellR
56625.2 5.76861e-17 1.66505e-19 BessellR
56626.2 5.64555e-17 1.63802e-19 BessellR
56627.2 5.52496e-17 1.61135e-19 BessellR
56628.2 5.40679e-17 1.58503e-19 BessellR
56629.2 5.29101e-17 1.55906e-19 BessellR
56630.2 5.17756e-17 1.53344e-19 BessellR
56631.2 5.0664e-17 1.50815e-19 BessellR
56632.2 4.95749e-17 1.48321e-19 BessellR
56633.2 4.85079e-17 1.4586e-19 BessellR
56634.2 4.74627e-17 1.43433e-19 BessellR
56635.2 4.64386e-17 1.4104e-19 BessellR
56636.2 4.54355e-17 1.38679e-19 BessellR
56637.2 4.44529e-17 1.36351e-19 BessellR
56638.2 4.34904e-17 1.34056e-19 BessellR
56639.2 4.25476e-17 1.31793e-19 BessellR
56640.2 4.16242e-17 1.29562e-19 BessellR
56641.2 4.07198e-17 1.27362e-19 BessellR
56642.2 3.98341e-17 1.25194e-19 BessellR
56643.2 3.89666e-17 1.23057e-19 BessellR
56644.2 3.8117e-17 1.20951e-19 BessellR
56645.2 3.72851e-17 1.18875e-19 BessellR
56646.2 3.64704e-17 1.1683e-19 BessellR
56647.2 3.56726e-17 1.14815e-19 BessellR
56648.2 3.48914e-17 1.12829e-19 BessellR
56649.2 3.41265e-17 1.10872e-19 BessellR
56650.2 3.33776e-17 1.08945e-19 BessellR
56651.2 3.26443e-17 1.07046e-19 BessellR
56652.2 3.19264e-17 1.05176e-19 BessellR
56653.2 3.12235e-17 1.03334e-19 BessellR
56654.2 3.05354e-17 1.0152e-19 BessellR
56655.2 2.98618e-17 9.97334e-20 BessellR
56656.2 2.92023e-17 9.79741e-20 BessellR
56657.2 2.85568e-17 9.62417e-20 BessellR
56658.2 2.79249e-17 9.4536e-20 BessellR
56659.2 2.73063e-17 9.28566e-20 BessellR
56660.2 2.67009e-17 9.12032e-20 BessellR
56661.2 2.61083e-17 8.95756e-20 BessellR
56662.2 2.55283e-17 8.79735e-20 BessellR
56663.2 2.49606e-17 8.63965e-20 BessellR
56664.2 2.4405e-17 8.48444e-20 BessellR
56665.2 2.38612e-17 8.33168e-20 BessellR
56666.2 2.33291e-17 8.18134e-20 BessellR
56667.2 2.28084e-17 8.0334e-20 BessellR
56668.2 2.22987e-17 7.88783e-20 BessellR
56669.2 2.18001e-17 7.74459e-20 BessellR
56670.2 2.13121e-17 7.60367e-20 BessellR
56671.2 2.08346e-17 7.46502e-20 BessellR
56672.2 2.03674e-17 7.32861e-20 BessellR
56673.2 1.99102e-17 7.19443e-20 BessellR
56674.2 1.94629e-17 7.06244e-20 BessellR
56675.2 1.90253e-17 6.93262e-20 BessellR
56676.2 1.85971e-17 6.80493e-20 BessellR
56677.2 1.81782e-17 6.67934e-20 BessellR
56678.2 1.77684e-17 6.55583e-20 BessellR
56679.2 1.73675e-17 6.43438e-20 BessellR
56680.2 1.69753e-17 6.31494e-20 BessellR
56681.2 1.65916e-17 6.1975e-20 BessellR
56682.2 1.62163e-17 6.08203e-20 BessellR
56683.2 1.58491e-17 5.9685e-20 BessellR
56684.2 1.549e-17 5.85688e-20 BessellR
56685.2 1.51387e-17 5.74715e-20 BessellR
56686.2 1.47951e-17 5.63929e-20 BessellR
56687.2 1.4459e-17 5.53325e-20 BessellR
56688.2 1.41303e-17 5.42903e-20 BessellR
56689.2 1.38088e-17 5.32658e-20 BessellR
56690.2 1.34944e-17 5.2259e-20 BessellR
56691.2 1.31869e-17 5.12694e-20 BessellR
56692.2 1.28861e-17 5.02969e-20 BessellR
56693.2 1.2592e-17 4.93413e-20 BessellR
56694.2 1.23044e-17 4.84022e-20 BessellR
56695.2 1.20231e-17 4.74794e-20 BessellR
56696.2 1.17481e-17 4.65727e-20 BessellR
56697.2 1.14791e-17 4.56819e-20 BessellR
56698.2 1.12161e-17 4.48066e-20 BessellR
56699.2 1.09589e-17 4.39468e-20 BessellR
56700.2 1.07075e-17 4.3102e-20 BessellR
56701.2 1.04616e-17 4.22722e-20 BessellR
56702.2 1.02212e-17 4.14571e-20 BessellR
56703.2 9.98614e-18 4.06564e-20 BessellR
56704.2 9.75633e-18 3.987e-20 BessellR
56705.2 9.53164e-18 3.90976e-20 BessellR
56706.2 9.31197e-18 3.8339e-20 BessellR
56707.2 9.0972e-18 3.7594e-20 BessellR
56708.2 8.88725e-18 3.68623e-20 BessellR
56709.2 8.68199e-18 3.61438e-20 BessellR
56710.2 8.48133e-18 3.54383e-20 BessellR
56711.2 8.28518e-18 3.47455e-20 BessellR
56712.2 8.09343e-18 3.40652e-20 BessellR
56713.2 7.90599e-18 3.33973e-20 BessellR
56714.2 7.72276e-18 3.27416e-20 BessellR
56715.2 7.54366e-18 3.20978e-20 BessellR
56716.2 7.3686e-18 3.14657e-20 BessellR
56717.2 7.19748e-18 3.08453e-20 BessellR
56718.2 7.03023e-18 3.02362e-20 BessellR
56719.2 6.86675e-18 2.96383e-20 BessellR
56720.2 6.70698e-18 2.90514e-20 BessellR
56721.2 6.55081e-18 2.84754e-20 BessellR
56722.2 6.39819e-18 2.791e-20 BessellR
56723.2 6.24902e-18 2.73551e-20 BessellR
56724.2 6.10324e-18 2.68105e-20 BessellR
56725.2 5.96077e-18 2.6276e-20 BessellR
56726.2 5.82154e-18 2.57515e-20 BessellR
56727.2 5.68547e-18 2.52368e-20 BessellR
56728.2 5.5525e-18 2.47317e-20 BessellR
56729.2 5.42256e-18 2.42361e-20 BessellR
56730.2 5.29559e-18 2.37498e-20 BessellR
56731.2 5.1715e-18 2.32726e-20 BessellR
56732.2 5.05026e-18 2.28044e-20 BessellR
56733.2 4.93178e-18 2.23451e-20 BessellR
56734.2 4.81602e-18 2.18945e-20 BessellR
56735.2 4.7029e-18 2.14524e-20 BessellR
56359.6 7.24185e-16 1.56947e-18 BessellV
56360.6 7.35505e-16 1.54127e-18 BessellV
56361.6 7.46897e-16 1.51213e-18 BessellV
56362.6 7.58355e-16 1.48208e-18 BessellV
56363.6 7.69873e-16 1.45118e-18 BessellV
56364.6 7.81445e-16 1.4195e-18 BessellV
56365.6 7.93064e-16 1.38711e-18 BessellV
56366.6 8.04722e-16 1.35409e-18 BessellV
56367.6 8.16411e-16 1.32055e-18 BessellV
56368.6 8.28123e-16 1.2866e-18 BessellV
56369.6 8.39847e-16 1.25237e-18 BessellV
56370.6 8.51573e-16 1.21801e-18 BessellV
56371.6 8.63292e-16 1.18367e-18 BessellV
56372.6 8.74991e-16 1.14955e-18 BessellV
56373.6 8.86659e-16 1.11585e-18 BessellV
56374.6 8.98282e-16 1.0828e-18 BessellV
56375.6 9.09846e-16 1.05066e-18 BessellV
56376.6 9.21338e-16 1.0197e-18 BessellV
56377.6 9.32742e-16 9.90219e-19 BessellV
56378.6 9.44041e-16 9.62528e-19 BessellV
56379.6 9.55218e-16 9.36959e-19 BessellV
56380.6 9.66255e-16 9.13844e-19 BessellV
56381.6 9.77134e-16 8.93512e-19 BessellV
56382.6 9.87833e-16 8.76273e-19 BessellV
56383.6 9.98333e-16 8.62402e-19 BessellV
56384.6 1.00861e-15 8.52128e-19 BessellV
56385.6 1.01865e-15 8.45612e-19 BessellV
56386.6 1.02841e-15 8.42937e-19 BessellV
56387.6 1.03789e-15 8.44101e-19 BessellV
56388.6 1.04705e-15 8.49014e-19 BessellV
56389.6 1.05586e-15 8.57501e-19 BessellV
56390.6 1.0643e-15 8.69315e-19 BessellV
56391.6 1.07235e-15 8.84146e-19 BessellV
56392.6 1.07997e-15 9.01644e-19 BessellV
56393.6 1.08713e-15 9.21429e-19 BessellV
56394.6 1.09381e-15 9.4311e-19 BessellV
56395.6 1.09998e-15 9.66295e-19 BessellV
56396.6 1.1056e-15 9.90605e-19 BessellV
56397.6 1.11066e-15 1.01568e-18 BessellV
56398.6 1.11511e-15 1.04118e-18 BessellV
56399.6 1.11893e-15 1.06679e-18 BessellV
56400.6 1.1221e-15 1.09224e-18 BessellV
56401.6 1.12458e-15 1.11726e-18 BessellV
56402.6 1.12634e-15 1.14165e-18 BessellV
56403.6 1.12738e-15 1.1652e-18 BessellV
56404.6 1.12765e-15 1.18774e-18 BessellV
56405.6 1.12714e-15 1.20913e-18 BessellV
56406.6 1.12582e-15 1.22927e-18 BessellV
56407.6 1.12369e-15 1.24803e-18 BessellV
56408.6 1.12073e-15 1.26536e-18 BessellV
56409.6 1.11692e-15 1.28117e-18 BessellV
56410.6 1.11225e-15 1.29543e-18 BessellV
56411.6 1.10672e-15 1.3081e-18 BessellV
56412.6 1.10033e-15 1.31913e-18 BessellV
56413.6 1.09308e-15 1.32851e-18 BessellV
56414.6 1.08496e-15 1.3362e-18 BessellV
56415.6 1.076e-15 1.34219e-18 BessellV
56416.6 1.0662e-15 1.34643e-18 BessellV
56417.6 1.05558e-15 1.34892e-18 BessellV
56418.6 1.04416e-15 1.34961e-18 BessellV
56419.6 1.03196e-15 1.34846e-18 BessellV
56420.6 1.01901e-15 1.34545e-18 BessellV
56421.6 1.00534e-15 1.34054e-18 BessellV
56422.6 9.90994e-16 1.33368e-18 BessellV
56423.6 9.75998e-16 1.32485e-18 BessellV
56424.6 9.60397e-16 1.31401e-18 BessellV
56425.6 9.44233e-16 1.30115e-18 BessellV
56426.6 9.27553e-16 1.28627e-18 BessellV
56427.6 9.10404e-16 1.26935e-18 BessellV
56428.6 8.92833e-16 1.25043e-18 BessellV
56429.6 8.74892e-16 1.22954e-18 BessellV
56430.6 8.56631e-16 1.20674e-18 BessellV
56431.6 8.38101e-16 1.18211e-18 BessellV
56432.6 8.19352e-16 1.15574e-18 BessellV
56433.6 8.00435e-16 1.12775e-18 BessellV
56434.6 7.814e-16 1.09827e-18 BessellV
56435.6 7.62296e-16 1.06746e-18 BessellV
56436.6 7.43169e-16 1.0355e-18 BessellV
56437.6 7.24066e-16 1.00257e-18 BessellV
56438.6 7.05029e-16 9.68866e-19 BessellV
56439.6 6.861e-16 9.34601e-19 BessellV
56440.6 6.67318e-16 8.99991e-19 BessellV
56441.6 6.48719e-16 8.65256e-19 BessellV
56442.6 6.30338e-16 8.30619e-19 BessellV
56443.6 6.12206e-16 7.96301e-19 BessellV
56444.6 5.94352e-16 7.62518e-19 BessellV
56445.6 5.768e-16 7.29479e-19 BessellV
56446.6 5.59574e-16 6.97382e-19 BessellV
56447.6 5.42695e-16 6.66413e-19 BessellV
56448.6 5.2618e-16 6.36739e-19 BessellV
56449.6 5.10045e-16 6.08511e-19 BessellV
56450.6 4.94301e-16 5.81855e-19 BessellV
56451.6 4.78961e-16 5.56872e-19 BessellV
56452.6 4.64031e-16 5.33636e-19 BessellV
56453.6 4.49517e-16 5.12191e-19 BessellV
56454.6 4.35425e-16 4.92549e-19 BessellV
56455.6 4.21755e-16 4.74691e-19 BessellV
56456.6 4.08509e-16 4.58567e-19 BessellV
56457.6 3.95685e-16 4.44097e-19 BessellV
56458.6 3.83281e-16 4.31178e-19 BessellV
56459.6 3.71293e-16 4.19683e-19 BessellV
56460.6 3.59716e-16 4.09468e-19 BessellV
56461.6 3.48545e-16 4.00383e-19 BessellV
56462.6 3.37772e-16 3.92268e-19 BessellV
56463.6 3.27391e-16 3.84967e-19 BessellV
56464.6 3.17392e-16 3.78328e-19 BessellV
56465.6 3.07766e-16 3.72208e-19 BessellV
56466.6 2.98506e-16 3.66477e-19 BessellV
56467.6 2.89599e-16 3.61017e-19 BessellV
56468.6 2.81038e-16 3.55725e-19 BessellV
56469.6 2.72811e-16 3.50514e-19 BessellV
56470.6 2.64908e-16 3.4531e-19 BessellV
56471.6 2.57318e-16 3.40053e-19 BessellV
56472.6 2.50031e-16 3.34697e-19 BessellV
56473.6 2.43036e-16 3.29208e-19 BessellV
56474.6 2.36323e-16 3.23559e-19 BessellV
56475.6 2.29881e-16 3.17737e-19 BessellV
56476.6 2.237e-16 3.11733e-19 BessellV
56477.6 2.1777e-16 3.05547e-19 BessellV
56478.6 2.1208e-16 2.99184e-19 BessellV
56479.6 2.06621e-16 2.92654e-19 BessellV
56480.6 2.01384e-16 2.85971e-19 BessellV
56481.6 1.96358e-16 2.79152e-19 BessellV
56482.6 1.91535e-16 2.72216e-19 BessellV
56483.6 1.86906e-16 2.65185e-19 BessellV
56484.6 1.82462e-16 2.58082e-19 BessellV
56485.6 1.78195e-16 2.5093e-19 BessellV
56486.6 1.74098e-16 2.43754e-19 BessellV
56487.6 1.70161e-16 2.36579e-19 BessellV
56488.6 1.66378e-16 2.29429e-19 BessellV
56489.6 1.62742e-16 2.22329e-19 BessellV
56490.6 1.59245e-16 2.15303e-19 BessellV
56491.6 1.55881e-16 2.08375e-19 BessellV
56492.6 1.52644e-16 2.01567e-19 BessellV
56493.6 1.49527e-16 1.94903e-19 BessellV
56494.6 1.46524e-16 1.88402e-19 BessellV
56495.6 1.4363e-16 1.82085e-19 BessellV
56496.6 1.4084e-16 1.75971e-19 BessellV
56497.6 1.38148e-16 1.70078e-19 BessellV
56498.6 1.35549e-16 1.64421e-19 BessellV
56499.6 1.33038e-16 1.59017e-19 BessellV
56500.6 1.30612e-16 1.53877e-19 BessellV
56501.6 1.28266e-16 1.49013e-19 BessellV
56502.6 1.25996e-16 1.44435e-19 BessellV
56503.6 1.23798e-16 1.40149e-19 BessellV
56504.6 1.21668e-16 1.3616e-19 BessellV
56505.6 1.19603e-16 1.32472e-19 BessellV
56506.6 1.17599e-16 1.29083e-19 BessellV
56507.6 1.15654e-16 1.25991e-19 BessellV
56508.6 1.13764e-16 1.2319e-19 BessellV
56509.6 1.11927e-16 1.20674e-19 BessellV
56510.6 1.1014e-16 1.18431e-19 BessellV
56511.6 1.084e-16 1.16449e-19 BessellV
56512.6 1.06705e-16 1.14715e-19 BessellV
56513.6 1.05053e-16 1.13211e-19 BessellV
56514.6 1.03442e-16 1.1192e-19 BessellV
56515.6 1.01869e-16 1.10825e-19 BessellV
56516.6 1.00332e-16 1.09906e-19 BessellV
56517.6 9.88307e-17 1.09144e-19 BessellV
56518.6 9.73623e-17 1.0852e-19 BessellV
56519.6 9.59254e-17 1.08016e-19 BessellV
56520.6 9.45184e-17 1.07614e-19 BessellV
56521.6 9.31401e-17 1.07298e-19 BessellV
56522.6 9.1789e-17 1.0705e-19 BessellV
56523.6 9.04638e-17 1.06856e-19 BessellV
56524.6 8.91635e-17 1.06702e-19 BessellV
56525.6 8.78868e-17 1.06577e-19 BessellV
56526.6 8.66328e-17 1.06468e-19 BessellV
56527.6 8.54004e-17 1.06366e-19 BessellV
56528.6 8.41887e-17 1.06262e-19 BessellV
56529.6 8.29968e-17 1.06147e-19 BessellV
56530.6 8.1824e-17 1.06016e-19 BessellV
56531.6 8.06695e-17 1.05862e-19 BessellV
56532.6 7.95326e-17 1.05681e-19 BessellV
56533.6 7.84125e-17 1.05468e-19 BessellV
56534.6 7.73087e-17 1.0522e-19 BessellV
56535.6 7.62207e-17 1.04934e-19 BessellV
56536.6 7.51477e-17 1.04609e-19 BessellV
56537.6 7.40895e-17 1.04242e-19 BessellV
56538.6 7.30453e-17 1.03833e-19 BessellV
56539.6 7.20149e-17 1.03381e-19 BessellV
56540.6 7.09978e-17 1.02886e-19 BessellV
56541.6 6.99937e-17 1.02348e-19 BessellV
56542.6 6.90021e-17 1.01767e-19 BessellV
56543.6 6.80227e-17 1.01145e-19 BessellV
56544.6 6.70552e-17 1.00483e-19 BessellV
56545.6 6.60994e-17 9.97805e-20 BessellV
56546.6 6.51549e-17 9.90401e-20 BessellV
56547.6 6.42216e-17 9.82631e-20 BessellV
56548.6 6.32991e-17 9.74509e-20 BessellV
56549.6 6.23873e-17 9.66054e-20 BessellV
56550.6 6.14859e-17 9.57283e-20 BessellV
56551.6 6.05948e-17 9.48214e-20 BessellV
56552.6 5.97138e-17 9.38866e-20 BessellV
56553.6 5.88427e-17 9.2926e-20 BessellV
56554.6 5.79814e-17 9.19414e-20 BessellV
56555.6 5.71297e-17 9.09348e-20 BessellV
56556.6 5.62875e-17 8.99081e-20 BessellV
56557.6 5.54547e-17 8.88635e-20 BessellV
56558.6 5.46312e-17 8.78027e-20 BessellV
56559.6 5.38169e-17 8.67277e-20 BessellV
56560.6 5.30116e-17 8.56405e-20 BessellV
56561.6 5.22153e-17 8.45428e-20 BessellV
56562.6 5.14279e-17 8.34366e-20 BessellV
56563.6 5.06493e-17 8.23236e-20 BessellV
56564.6 4.98794e-17 8.12055e-20 BessellV
56565.6 4.91182e-17 8.0084e-20 BessellV
56566.6 4.83655e-17 7.89608e-20 BessellV
56567.6 4.76214e-17 7.78375e-20 BessellV
56568.6 4.68858e-17 7.67155e-20 BessellV
56569.6 4.61585e-17 7.55964e-20 BessellV
56570.6 4.54396e-17 7.44815e-20 BessellV
56571.6 4.4729e-17 7.33723e-20 BessellV
56572.6 4.40267e-17 7.227e-20 BessellV
56573.6 4.33325e-17 7.11757e-20 BessellV
56574.6 4.26464e-17 7.00908e-20 BessellV
56575.6 4.19685e-17 6.90162e-20 BessellV
56576.6 4.12986e-17 6.79531e-20 BessellV
56577.6 4.06367e-17 6.69024e-20 BessellV
56578.6 3.99827e-17 6.58649e-20 BessellV
56579.6 3.93367e-17 6.48416e-20 BessellV
56580.6 3.86985e-17 6.38333e-20 BessellV
56581.6 3.80682e-17 6.28405e-20 BessellV
56582.6 3.74456e-17 6.18641e-20 BessellV
56583.6 3.68308e-17 6.09046e-20 BessellV
56584.6 3.62237e-17 5.99624e-20 BessellV
56585.6 3.56242e-17 5.90382e-20 BessellV
56586.6 3.50323e-17 5.81323e-20 BessellV
56587.6 3.4448e-17 5.7245e-20 BessellV
56588.6 3.38712e-17 5.63767e-20 BessellV
56589.6 3.33018e-17 5.55276e-20 BessellV
56590.6 3.27399e-17 5.46979e-20 BessellV
56591.6 3.21854e-17 5.38876e-20 BessellV
56592.6 3.16382e-17 5.3097e-20 BessellV
56593.6 3.10983e-17 5.23259e-20 BessellV
56594.6 3.05656e-17 5.15744e-20 BessellV
56595.6 3.00401e-17 5.08425e-20 BessellV
56596.6 2.95217e-17 5.01299e-20 BessellV
56597.6 2.90105e-17 4.94365e-20 BessellV
56598.6 2.85062e-17 4.87622e-20 BessellV
56599.6 2.8009e-17 4.81067e-20 BessellV
56600.6 2.75187e-17 4.74697e-20 BessellV
56601.6 2.70353e-17 4.68509e-20 BessellV
56602.6 2.65587e-17 4.625e-20 BessellV
56603.6 2.6089e-17 4.56666e-20 BessellV
56604.6 2.56259e-17 4.51002e-20 BessellV
56605.6 2.51695e-17 4.45505e-20 BessellV
56606.6 2.47197e-17 4.40171e-20 BessellV
56607.6 2.42765e-17 4.34993e-20 BessellV
56608.6 2.38398e-17 4.29969e-20 BessellV
56609.6 2.34095e-17 4.25092e-20 BessellV
56610.6 2.29857e-17 4.20358e-20 BessellV
56611.6 2.25681e-17 4.15761e-20 BessellV
56612.6 2.21569e-17 4.11297e-20 BessellV
56613.6 2.17519e-17 4.06959e-20 BessellV
56614.6 2.1353e-17 4.02743e-20 BessellV
56615.6 2.09602e-17 3.98643e-20 BessellV
56616.6 2.05735e-17 3.94654e-20 BessellV
56617.6 2.01927e-17 3.90771e-20 BessellV
56618.6 1.98179e-17 3.86988e-20 BessellV
56619.6 1.94489e-17 3.83301e-20 BessellV
56620.6 1.90857e-17 3.79704e-20 BessellV
56621.6 1.87283e-17 3.76191e-20 BessellV
56622.6 1.83765e-17 3.7276e-20 BessellV
56623.6 1.80304e-17 3.69403e-20 BessellV
56624.6 1.76898e-17 3.66118e-20 BessellV
56625.6 1.73547e-17 3.629e-20 BessellV
56626.6 1.7025e-17 3.59743e-20 BessellV
56627.6 1.67007e-17 3.56644e-20 BessellV
56628.6 1.63817e-17 3.536e-20 BessellV
56629.6 1.6068e-17 3.50605e-20 BessellV
56630.6 1.57594e-17 3.47657e-20 BessellV
56631.6 1.54559e-17 3.44752e-20 BessellV
56632.6 1.51576e-17 3.41886e-20 BessellV
56633.6 1.48642e-17 3.39056e-20 BessellV
56634.6 1.45757e-17 3.3626e-20 BessellV
56635.6 1.42921e-17 3.33494e-20 BessellV
56636.6 1.40134e-17 3.30755e-20 BessellV
56637.6 1.37394e-17 3.28042e-20 BessellV
56638.6 1.347e-17 3.25351e-20 BessellV
56639.6 1.32053e-17 3.22681e-20 BessellV
56640.6 1.29452e-17 3.20029e-20 BessellV
56641.6 1.26896e-17 3.17394e-20 BessellV
56642.6 1.24385e-17 3.14773e-20 BessellV
56643.6 1.21917e-17 3.12165e-20 BessellV
56644.6 1.19492e-17 3.09569e-20 BessellV
56645.6 1.17111e-17 3.06982e-20 BessellV
56646.6 1.14771e-17 3.04404e-20 BessellV
56647.6 1.12473e-17 3.01834e-20 BessellV
56648.6 1.10216e-17 2.9927e-20 BessellV
56649.6 1.07999e-17 2.96712e-20 BessellV
56650.6 1.05822e-17 2.94158e-20 BessellV
56651.6 1.03684e-17 2.91609e-20 BessellV
56652.6 1.01585e-17 2.89062e-20 BessellV
56653.6 9.95238e-18 2.86519e-20 BessellV
56654.6 9.75003e-18 2.83977e-20 BessellV
56655.6 9.55137e-18 2.81438e-20 BessellV
56656.6 9.35635e-18 2.789e-20 BessellV
56657.6 9.16492e-18 2.76363e-20 BessellV
56658.6 8.97702e-18 2.73827e-20 BessellV
56659.6 8.7926e-18 2.71293e-20 BessellV
56660.6 8.61161e-18 2.68759e-20 BessellV
56661.6 8.43399e-18 2.66226e-20 BessellV
56662.6 8.25969e-18 2.63693e-20 BessellV
56663.6 8.08865e-18 2.61162e-20 BessellV
56664.6 7.92084e-18 2.58632e-20 BessellV
56665.6 7.75619e-18 2.56103e-20 BessellV
56666.6 7.59466e-18 2.53575e-20 BessellV
56667.6 7.43619e-18 2.51049e-20 BessellV
56668.6 7.28074e-18 2.48524e-20 BessellV
56669.6 7.12826e-18 2.46002e-20 BessellV
56670.6 6.9787e-18 2.43482e-20 BessellV
56671.6 6.83201e-18 2.40965e-20 BessellV
56672.6 6.68814e-18 2.38451e-20 BessellV
56673.6 6.54706e-18 2.35941e-20 BessellV
56674.6 6.4087e-18 2.33434e-20 BessellV
56675.6 6.27303e-18 2.30931e-20 BessellV
56676.6 6.14001e-18 2.28433e-20 BessellV
56677.6 6.00958e-18 2.2594e-20 BessellV
56678.6 5.8817e-18 2.23453e-20 BessellV
56679.6 5.75634e-18 2.20971e-20 BessellV
56680.6 5.63344e-18 2.18496e-20 BessellV
56681.6 5.51296e-18 2.16027e-20 BessellV
56682.6 5.39487e-18 2.13565e-20 BessellV
56683.6 5.27912e-18 2.11111e-20 BessellV
56684.6 5.16567e-18 2.08665e-20 BessellV
56685.6 5.05448e-18 2.06228e-20 BessellV
56686.6 4.94551e-18 2.03799e-20 BessellV
56687.6 4.83872e-18 2.0138e-20 BessellV
56688.6 4.73407e-18 1.9897e-20 BessellV
56689.6 4.63153e-18 1.9657e-20 BessellV
56690.6 4.53106e-18 1.94181e-20 BessellV
56691.6 4.43261e-18 1.91803e-20 BessellV
56692.6 4.33617e-18 1.89436e-20 BessellV
56693.6 4.24167e-18 1.87081e-20 BessellV
56694.6 4.1491e-18 1.84738e-20 BessellV
56695.6 4.05842e-18 1.82407e-20 BessellV
56696.6 3.96959e-18 1.80089e-20 BessellV
56697.6 3.88258e-18 1.77785e-20 BessellV
56698.6 3.79735e-18 1.75494e-20 BessellV
56699.6 3.71388e-18 1.73217e-20 BessellV
56700.6 3.63213e-18 1.70953e-20 BessellV
56701.6 3.55206e-18 1.68705e-20 BessellV
56702.6 3.47365e-18 1.66471e-20 BessellV
56703.6 3.39687e-18 1.64253e-20 BessellV
56704.6 3.32168e-18 1.62049e-20 BessellV
56705.6 3.24805e-18 1.59862e-20 BessellV
56706.6 3.17597e-18 1.5769e-20 BessellV
56707.6 3.10538e-18 1.55535e-20 BessellV
56358.8 6.15078e-16 9.57828e-19 i
56359.8 6.23121e-16 9.37219e-19 i
56360.8 6.31233e-16 9.16201e-19 i
56361.8 6.39412e-16 8.94796e-19 i
56362.8 6.47658e-16 8.73027e-19 i
56363.8 6.55967e-16 8.50922e-19 i
56364.8 6.64339e-16 8.2851e-19 i
56365.8 6.7277e-16 8.05827e-19 i
56366.8 6.81259e-16 7.8291e-19 i
56367.8 6.89803e-16 7.59803e-19 i
56368.8 6.98399e-16 7.36553e-19 i
56369.8 7.07043e-16 7.13215e-19 i
56370.8 7.15734e-16 6.89848e-19 i
56371.8 7.24467e-16 6.66521e-19 i
56372.8 7.33239e-16 6.43308e-19 i
56373.8 7.42046e-16 6.20295e-19 i
56374.8 7.50883e-16 5.97577e-19 i
56375.8 7.59747e-16 5.75259e-19 i
56376.8 7.68632e-16 5.53459e-19 i
56377.8 7.77534e-16 5.3231e-19 i
56378.8 7.86447e-16 5.11956e-19 i
56379.8 7.95366e-16 4.92558e-19 i
56380.8 8.04284e-16 4.74289e-19 i
56381.8 8.13197e-16 4.57334e-19 i
56382.8 8.22097e-16 4.41887e-19 i
56383.8 8.30977e-16 4.28147e-19 i
56384.8 8.39831e-16 4.16307e-19 i
56385.8 8.48651e-16 4.06548e-19 i
56386.8 8.57429e-16 3.99024e-19 i
56387.8 8.66158e-16 3.93855e-19 i
56388.8 8.74829e-16 3.91112e-19 i
56389.8 8.83434e-16 3.90811e-19 i
56390.8 8.91963e-16 3.92911e-19 i
56391.8 9.00407e-16 3.97314e-19 i
56392.8 9.08757e-16 4.03875e-19 i
56393.8 9.17003e-16 4.12413e-19 i
56394.8 9.25135e-16 4.22719e-19 i
56395.8 9.33143e-16 4.34573e-19 i
56396.8 9.41015e-16 4.47753e-19 i
56397.8 9.48741e-16 4.62039e-19 i
56398.8 9.5631e-16 4.77224e-19 i
56399.8 9.63711e-16 4.93117e-19 i
56400.8 9.70933e-16 5.09541e-19 i
56401.8 9.77963e-16 5.26337e-19 i
56402.8 9.84791e-16 5.43361e-19 i
56403.8 9.91404e-16 5.60489e-19 i
56404.8 9.97791e-16 5.77607e-19 i
56405.8 1.00394e-15 5.94618e-19 i
56406.8 1.00984e-15 6.11437e-19 i
56407.8 1.01548e-15 6.27991e-19 i
56408.8 1.02084e-15 6.44216e-19 i
56409.8 1.02592e-15 6.60059e-19 i
56410.8 1.03071e-15 6.75475e-19 i
56411.8 1.03519e-15 6.90427e-19 i
56412.8 1.03935e-15 7.04888e-19 i
56413.8 1.04319e-15 7.18833e-19 i
56414.8 1.04669e-15 7.32247e-19 i
56415.8 1.04984e-15 7.45119e-19 i
56416.8 1.05264e-15 7.57444e-19 i
56417.8 1.05507e-15 7.69219e-19 i
56418.8 1.05713e-15 7.80449e-19 i
56419.8 1.05882e-15 7.91141e-19 i
56420.8 1.06011e-15 8.01303e-19 i
56421.8 1.06102e-15 8.10949e-19 i
56422.8 1.06153e-15 8.20094e-19 i
56423.8 1.06164e-15 8.28754e-19 i
56424.8 1.06135e-15 8.36948e-19 i
56425.8 1.06065e-15 8.44697e-19 i
56426.8 1.05954e-15 8.52019e-19 i
56427.8 1.05802e-15 8.58937e-19 i
56428.8 1.0561e-15 8.6547e-19 i
56429.8 1.05376e-15 8.71642e-19 i
56430.8 1.05102e-15 8.77471e-19 i
56431.8 1.04787e-15 8.82978e-19 i
56432.8 1.04433e-15 8.88183e-19 i
56433.8 1.04039e-15 8.93103e-19 i
56434.8 1.03606e-15 8.97758e-19 i
56435.8 1.03134e-15 9.02163e-19 i
56436.8 1.02625e-15 9.06333e-19 i
56437.8 1.02079e-15 9.10283e-19 i
56438.8 1.01496e-15 9.14025e-19 i
56439.8 1.00879e-15 9.17572e-19 i
56440.8 1.00228e-15 9.20933e-19 i
56441.8 9.95432e-16 9.24119e-19 i
56442.8 9.88267e-16 9.27135e-19 i
56443.8 9.80795e-16 9.29991e-19 i
56444.8 9.73028e-16 9.3269e-19 i
56445.8 9.64979e-16 9.35237e-19 i
56446.8 9.5666e-16 9.37636e-19 i
56447.8 9.48086e-16 9.39888e-19 i
56448.8 9.39269e-16 9.41993e-19 i
56449.8 9.30223e-16 9.43952e-19 i
56450.8 9.20964e-16 9.45763e-19 i
56451.8 9.11504e-16 9.47424e-19 i
56452.8 9.01859e-16 9.4893e-19 i
56453.8 8.92041e-16 9.50278e-19 i
56454.8 8.82067e-16 9.51462e-19 i
56455.8 8.71948e-16 9.52476e-19 i
56456.8 8.61701e-16 9.53313e-19 i
56457.8 8.51337e-16 9.53964e-19 i
56458.8 8.40871e-16 9.54421e-19 i
56459.8 8.30317e-16 9.54676e-19 i
56460.8 8.19686e-16 9.54719e-19 i
56461.8 8.08992e-16 9.5454e-19 i
56462.8 7.98247e-16 9.5413e-19 i
56463.8 7.87462e-16 9.53479e-19 i
56464.8 7.76651e-16 9.52576e-19 i
56465.8 7.65823e-16 9.51412e-19 i
56466.8 7.54989e-16 9.49978e-19 i
56467.8 7.4416e-16 9.48265e-19 i
56468.8 7.33346e-16 9.46264e-19 i
56469.8 7.22555e-16 9.43968e-19 i
56470.8 7.11798e-16 9.41369e-19 i
56471.8 7.01082e-16 9.38461e-19 i
56472.8 6.90415e-16 9.35238e-19 i
56473.8 6.79805e-16 9.31697e-19 i
56474.8 6.6926e-16 9.27833e-19 i
56475.8 6.58785e-16 9.23643e-19 i
56476.8 6.48388e-16 9.19127e-19 i
56477.8 6.38073e-16 9.14283e-19 i
56478.8 6.27847e-16 9.09113e-19 i
56479.8 6.17714e-16 9.03617e-19 i
56480.8 6.07679e-16 8.97798e-19 i
56481.8 5.97746e-16 8.9166e-19 i
56482.8 5.87919e-16 8.85208e-19 i
56483.8 5.78201e-16 8.78446e-19 i
56484.8 5.68596e-16 8.71382e-19 i
56485.8 5.59107e-16 8.64023e-19 i
56486.8 5.49735e-16 8.56376e-19 i
56487.8 5.40484e-16 8.4845e-19 i
56488.8 5.31354e-16 8.40256e-19 i
56489.8 5.22348e-16 8.31802e-19 i
56490.8 5.13467e-16 8.231e-19 i
56491.8 5.04711e-16 8.14161e-19 i
56492.8 4.96083e-16 8.04996e-19 i
56493.8 4.87582e-16 7.95618e-19 i
56494.8 4.79209e-16 7.86039e-19 i
56495.8 4.70965e-16 7.76271e-19 i
56496.8 4.62848e-16 7.66327e-19 i
56497.8 4.5486e-16 7.5622e-19 i
56498.8 4.47e-16 7.45964e-19 i
56499.8 4.39267e-16 7.35571e-19 i
56500.8 4.31661e-16 7.25054e-19 i
56501.8 4.24181e-16 7.14428e-19 i
56502.8 4.16827e-16 7.03704e-19 i
56503.8 4.09597e-16 6.92895e-19 i
56504.8 4.02491e-16 6.82015e-19 i
56505.8 3.95508e-16 6.71076e-19 i
56506.8 3.88645e-16 6.60091e-19 i
56507.8 3.81903e-16 6.49071e-19 i
56508.8 3.7528e-16 6.38029e-19 i
56509.8 3.68774e-16 6.26976e-19 i
56510.8 3.62384e-16 6.15924e-19 i
56511.8 3.56108e-16 6.04883e-19 i
56512.8 3.49945e-16 5.93865e-19 i
56513.8 3.43894e-16 5.8288e-19 i
56514.8 3.37953e-16 5.71937e-19 i
56515.8 3.3212e-16 5.61047e-19 i
56516.8 3.26394e-16 5.50218e-19 i
56517.8 3.20772e-16 5.3946e-19 i
56518.8 3.15254e-16 5.28782e-19 i
56519.8 3.09838e-16 5.18191e-19 i
56520.8 3.04521e-16 5.07696e-19 i
56521.8 2.99303e-16 4.97303e-19 i
56522.8 2.94182e-16 4.8702e-19 i
56523.8 2.89156e-16 4.76854e-19 i
56524.8 2.84223e-16 4.66811e-19 i
56525.8 2.79381e-16 4.56897e-19 i
56526.8 2.7463e-16 4.47117e-19 i
56527.8 2.69967e-16 4.37477e-19 i
56528.8 2.65391e-16 4.27982e-19 i
56529.8 2.609e-16 4.18637e-19 i
56530.8 2.56492e-16 4.09445e-19 i
56531.8 2.52167e-16 4.00411e-19 i
56532.8 2.47922e-16 3.91538e-19 i
56533.8 2.43755e-16 3.8283e-19 i
56534.8 2.39666e-16 3.74289e-19 i
56535.8 2.35653e-16 3.65918e-19 i
56536.8 2.31714e-16 3.5772e-19 i
56537.8 2.27848e-16 3.49697e-19 i
56538.8 2.24054e-16 3.4185e-19 i
56539.8 2.20329e-16 3.34181e-19 i
56540.8 2.16673e-16 3.26691e-19 i
56541.8 2.13085e-16 3.19381e-19 i
56542.8 2.09562e-16 3.12252e-19 i
56543.8 2.06104e-16 3.05305e-19 i
56544.8 2.02709e-16 2.98539e-19 i
56545.8 1.99376e-16 2.91955e-19 i
56546.8 1.96103e-16 2.85552e-19 i
56547.8 1.92891e-16 2.7933e-19 i
56548.8 1.89736e-16 2.73287e-19 i
56549.8 1.86639e-16 2.67424e-19 i
56550.8 1.83597e-16 2.61738e-19 i
56551.8 1.80611e-16 2.56228e-19 i
56552.8 1.77678e-16 2.50894e-19 i
56553.8 1.74797e-16 2.45731e-19 i
56554.8 1.71968e-16 2.4074e-19 i
56555.8 1.6919e-16 2.35917e-19 i
56556.8 1.66461e-16 2.3126e-19 i
56557.8 1.6378e-16 2.26766e-19 i
56558.8 1.61147e-16 2.22432e-19 i
56559.8 1.58561e-16 2.18255e-19 i
56560.8 1.5602e-16 2.14233e-19 i
56561.8 1.53523e-16 2.10362e-19 i
56562.8 1.5107e-16 2.06638e-19 i
56563.8 1.4866e-16 2.03057e-19 i
56564.8 1.46292e-16 1.99616e-19 i
56565.8 1.43966e-16 1.96312e-19 i
56566.8 1.41679e-16 1.93139e-19 i
56567.8 1.39432e-16 1.90095e-19 i
56568.8 1.37224e-16 1.87174e-19 i
56569.8 1.35054e-16 1.84373e-19 i
56570.8 1.3292e-16 1.81687e-19 i
56571.8 1.30824e-16 1.79112e-19 i
56572.8 1.28763e-16 1.76645e-19 i
56573.8 1.26737e-16 1.74279e-19 i
56574.8 1.24745e-16 1.72012e-19 i
56575.8 1.22787e-16 1.69839e-19 i
56576.8 1.20862e-16 1.67756e-19 i
56577.8 1.18969e-16 1.65758e-19 i
56578.8 1.17108e-16 1.63841e-19 i
56579.8 1.15278e-16 1.62002e-19 i
56580.8 1.13479e-16 1.60236e-19 i
56581.8 1.1171e-16 1.58539e-19 i
56582.8 1.0997e-16 1.56908e-19 i
56583.8 1.08258e-16 1.55339e-19 i
56584.8 1.06575e-16 1.53828e-19 i
56585.8 1.0492e-16 1.52372e-19 i
56586.8 1.03292e-16 1.50967e-19 i
56587.8 1.0169e-16 1.49611e-19 i
56588.8 1.00115e-16 1.48299e-19 i
56589.8 9.85651e-17 1.4703e-19 i
56590.8 9.70406e-17 1.458e-19 i
56591.8 9.55408e-17 1.44606e-19 i
56592.8 9.40653e-17 1.43446e-19 i
56593.8 9.26136e-17 1.42318e-19 i
56594.8 9.11853e-17 1.41219e-19 i
56595.8 8.978e-17 1.40147e-19 i
56596.8 8.83972e-17 1.391e-19 i
56597.8 8.70365e-17 1.38076e-19 i
56598.8 8.56975e-17 1.37072e-19 i
56599.8 8.43799e-17 1.36088e-19 i
56600.8 8.30832e-17 1.35122e-19 i
56601.8 8.18071e-17 1.34172e-19 i
56602.8 8.05512e-17 1.33237e-19 i
56603.8 7.93151e-17 1.32315e-19 i
56604.8 7.80985e-17 1.31405e-19 i
56605.8 7.69011e-17 1.30507e-19 i
56606.8 7.57225e-17 1.29618e-19 i
56607.8 7.45624e-17 1.28739e-19 i
56608.8 7.34205e-17 1.27868e-19 i
56609.8 7.22964e-17 1.27004e-19 i
56610.8 7.11898e-17 1.26148e-19 i
56611.8 7.01005e-17 1.25297e-19 i
56612.8 6.90281e-17 1.24451e-19 i
56613.8 6.79724e-17 1.23611e-19 i
56614.8 6.69331e-17 1.22775e-19 i
56615.8 6.59098e-17 1.21942e-19 i
56616.8 6.49023e-17 1.21114e-19 i
56617.8 6.39104e-17 1.20288e-19 i
56618.8 6.29338e-17 1.19466e-19 i
56619.8 6.19722e-17 1.18646e-19 i
56620.8 6.10254e-17 1.17828e-19 i
56621.8 6.00932e-17 1.17013e-19 i
56622.8 5.91752e-17 1.16199e-19 i
56623.8 5.82713e-17 1.15388e-19 i
56624.8 5.73812e-17 1.14578e-19 i
56625.8 5.65047e-17 1.1377e-19 i
56626.8 5.56416e-17 1.12964e-19 i
56627.8 5.47916e-17 1.12159e-19 i
56628.8 5.39546e-17 1.11356e-19 i
56629.8 5.31303e-17 1.10554e-19 i
56630.8 5.23186e-17 1.09754e-19 i
56631.8 5.15192e-17 1.08955e-19 i
56632.8 5.07319e-17 1.08158e-19 i
56633.8 4.99565e-17 1.07363e-19 i
56634.8 4.91929e-17 1.06569e-19 i
56635.8 4.84408e-17 1.05777e-19 i
56636.8 4.77001e-17 1.04987e-19 i
56637.8 4.69706e-17 1.04199e-19 i
56638.8 4.62521e-17 1.03412e-19 i
56639.8 4.55445e-17 1.02628e-19 i
56640.8 4.48475e-17 1.01846e-19 i
56641.8 4.4161e-17 1.01066e-19 i
56642.8 4.34849e-17 1.00288e-19 i
56643.8 4.2819e-17 9.95133e-20 i
56644.8 4.2163e-17 9.87405e-20 i
56645.8 4.1517e-17 9.79704e-20 i
56646.8 4.08806e-17 9.72029e-20 i
56647.8 4.02538e-17 9.64382e-20 i
56648.8 3.96364e-17 9.56764e-20 i
56649.8 3.90283e-17 9.49175e-20 i
56650.8 3.84293e-17 9.41617e-20 i
56651.8 3.78393e-17 9.34091e-20 i
56652.8 3.72581e-17 9.26596e-20 i
56653.8 3.66857e-17 9.19135e-20 i
56654.8 3.61218e-17 9.11707e-20 i
56655.8 3.55664e-17 9.04315e-20 i
56656.8 3.50193e-17 8.96958e-20 i
56657.8 3.44804e-17 8.89637e-20 i
56658.8 3.39496e-17 8.82353e-20 i
56659.8 3.34267e-17 8.75106e-20 i
56660.8 3.29117e-17 8.67898e-20 i
56661.8 3.24044e-17 8.60729e-20 i
56662.8 3.19046e-17 8.53599e-20 i
56663.8 3.14124e-17 8.46509e-20 i
56664.8 3.09275e-17 8.3946e-20 i
56665.8 3.04498e-17 8.32452e-20 i
56666.8 2.99794e-17 8.25485e-20 i
56667.8 2.95159e-17 8.1856e-20 i
56668.8 2.90595e-17 8.11677e-20 i
56669.8 2.86098e-17 8.04837e-20 i
56670.8 2.81669e-17 7.9804e-20 i
56671.8 2.77306e-17 7.91286e-20 i
56672.8 2.73008e-17 7.84575e-20 i
56358.8 9.92238e-16 1.17851e-18 r
56359.8 9.93848e-16 1.14392e-18 r
56360.8 9.9543e-16 1.10964e-18 r
56361.8 9.96982e-16 1.07569e-18 r
56362.8 9.98503e-16 1.04209e-18 r
56363.8 9.99993e-16 1.00888e-18 r
56364.8 1.00145e-15 9.76088e-19 r
56365.8 1.00287e-15 9.43739e-19 r
56366.8 1.00426e-15 9.11869e-19 r
56367.8 1.00562e-15 8.80512e-19 r
56368.8 1.00693e-15 8.49705e-19 r
56369.8 1.00821e-15 8.19487e-19 r
56370.8 1.00944e-15 7.899e-19 r
56371.8 1.01064e-15 7.60986e-19 r
56372.8 1.01179e-15 7.32793e-19 r
56373.8 1.0129e-15 7.05369e-19 r
56374.8 1.01396e-15 6.78766e-19 r
56375.8 1.01498e-15 6.53037e-19 r
56376.8 1.01595e-15 6.28239e-19 r
56377.8 1.01686e-15 6.04432e-19 r
56378.8 1.01773e-15 5.81675e-19 r
56379.8 1.01854e-15 5.60032e-19 r
56380.8 1.01929e-15 5.39564e-19 r
56381.8 1.01999e-15 5.20333e-19 r
56382.8 1.02063e-15 5.02399e-19 r
56383.8 1.02121e-15 4.85818e-19 r
56384.8 1.02172e-15 4.7064e-19 r
56385.8 1.02217e-15 4.56906e-19 r
56386.8 1.02255e-15 4.44647e-19 r
56387.8 1.02287e-15 4.33881e-19 r
56388.8 1.02311e-15 4.24612e-19 r
56389.8 1.02328e-15 4.16825e-19 r
56390.8 1.02337e-15 4.10487e-19 r
56391.8 1.02339e-15 4.0555e-19 r
56392.8 1.02333e-15 4.01946e-19 r
56393.8 1.02318e-15 3.99593e-19 r
56394.8 1.02295e-15 3.98396e-19 r
56395.8 1.02264e-15 3.98249e-19 r
56396.8 1.02223e-15 3.9904e-19 r
56397.8 1.02174e-15 4.00656e-19 r
56398.8 1.02115e-15 4.02979e-19 r
56399.8 1.02046e-15 4.05897e-19 r
56400.8 1.01968e-15 4.09302e-19 r
56401.8 1.0188e-15 4.13091e-19 r
56402.8 1.01781e-15 4.17171e-19 r
56403.8 1.01672e-15 4.21456e-19 r
56404.8 1.01552e-15 4.25869e-19 r
56405.8 1.01421e-15 4.30344e-19 r
56406.8 1.01278e-15 4.34822e-19 r
56407.8 1.01125e-15 4.39256e-19 r
56408.8 1.00959e-15 4.43605e-19 r
56409.8 1.00782e-15 4.4784e-19 r
56410.8 1.00592e-15 4.51938e-19 r
56411.8 1.0039e-15 4.55884e-19 r
56412.8 1.00176e-15 4.59674e-19 r
56413.8 9.99482e-16 4.63307e-19 r
56414.8 9.97079e-16 4.66792e-19 r
56415.8 9.94544e-16 4.70144e-19 r
56416.8 9.91876e-16 4.73384e-19 r
56417.8 9.89072e-16 4.76538e-19 r
56418.8 9.86132e-16 4.7964e-19 r
56419.8 9.83052e-16 4.82725e-19 r
56420.8 9.79833e-16 4.85836e-19 r
56421.8 9.76473e-16 4.89016e-19 r
56422.8 9.72971e-16 4.92316e-19 r
56423.8 9.69325e-16 4.95783e-19 r
56424.8 9.65535e-16 4.9947e-19 r
56425.8 9.616e-16 5.03429e-19 r
56426.8 9.57519e-16 5.0771e-19 r
56427.8 9.53293e-16 5.12364e-19 r
56428.8 9.4892e-16 5.17436e-19 r
56429.8 9.444e-16 5.22971e-19 r
56430.8 9.39735e-16 5.29007e-19 r
56431.8 9.34923e-16 5.35578e-19 r
56432.8 9.29966e-16 5.42711e-19 r
56433.8 9.24864e-16 5.50427e-19 r
56434.8 9.19617e-16 5.58739e-19 r
56435.8 9.14228e-16 5.67655e-19 r
56436.8 9.08697e-16 5.77173e-19 r
56437.8 9.03025e-16 5.87285e-19 r
56438.8 8.97215e-16 5.97975e-19 r
56439.8 8.91267e-16 6.09221e-19 r
56440.8 8.85185e-16 6.20995e-19 r
56441.8 8.7897e-16 6.33264e-19 r
56442.8 8.72625e-16 6.45988e-19 r
56443.8 8.66152e-16 6.59125e-19 r
56444.8 8.59554e-16 6.72627e-19 r
56445.8 8.52834e-16 6.86445e-19 r
56446.8 8.45996e-16 7.00527e-19 r
56447.8 8.39043e-16 7.14819e-19 r
56448.8 8.31977e-16 7.29266e-19 r
56449.8 8.24804e-16 7.43814e-19 r
56450.8 8.17526e-16 7.58407e-19 r
56451.8 8.10149e-16 7.72989e-19 r
56452.8 8.02675e-16 7.87508e-19 r
56453.8 7.9511e-16 8.01908e-19 r
56454.8 7.87457e-16 8.1614e-19 r
56455.8 7.79721e-16 8.30152e-19 r
56456.8 7.71907e-16 8.43896e-19 r
56457.8 7.6402e-16 8.57326e-19 r
56458.8 7.56064e-16 8.70399e-19 r
56459.8 7.48044e-16 8.83072e-19 r
56460.8 7.39965e-16 8.95307e-19 r
56461.8 7.31832e-16 9.07066e-19 r
56462.8 7.2365e-16 9.18317e-19 r
56463.8 7.15424e-16 9.29027e-19 r
56464.8 7.07159e-16 9.39168e-19 r
56465.8 6.9886e-16 9.48715e-19 r
56466.8 6.90532e-16 9.57643e-19 r
56467.8 6.8218e-16 9.65933e-19 r
56468.8 6.73809e-16 9.73566e-19 r
56469.8 6.65424e-16 9.80528e-19 r
56470.8 6.5703e-16 9.86805e-19 r
56471.8 6.48631e-16 9.92388e-19 r
56472.8 6.40233e-16 9.97269e-19 r
56473.8 6.31839e-16 1.00144e-18 r
56474.8 6.23455e-16 1.00491e-18 r
56475.8 6.15085e-16 1.00766e-18 r
56476.8 6.06733e-16 1.0097e-18 r
56477.8 5.98404e-16 1.01103e-18 r
56478.8 5.90101e-16 1.01167e-18 r
56479.8 5.81828e-16 1.01161e-18 r
56480.8 5.73591e-16 1.01086e-18 r
56481.8 5.65391e-16 1.00944e-18 r
56482.8 5.57233e-16 1.00736e-18 r
56483.8 5.49121e-16 1.00463e-18 r
56484.8 5.41057e-16 1.00126e-18 r
56485.8 5.33045e-16 9.9727e-19 r
56486.8 5.25088e-16 9.9268e-19 r
56487.8 5.17188e-16 9.87506e-19 r
56488.8 5.09349e-16 9.81766e-19 r
56489.8 5.01573e-16 9.75479e-19 r
56490.8 4.93863e-16 9.68667e-19 r
56491.8 4.8622e-16 9.61349e-19 r
56492.8 4.78647e-16 9.53547e-19 r
56493.8 4.71146e-16 9.45282e-19 r
56494.8 4.63719e-16 9.36577e-19 r
56495.8 4.56368e-16 9.27453e-19 r
56496.8 4.49093e-16 9.17933e-19 r
56497.8 4.41897e-16 9.0804e-19 r
56498.8 4.34782e-16 8.97794e-19 r
56499.8 4.27747e-16 8.8722e-19 r
56500.8 4.20794e-16 8.76339e-19 r
56501.8 4.13925e-16 8.65172e-19 r
56502.8 4.0714e-16 8.53743e-19 r
56503.8 4.00439e-16 8.42071e-19 r
56504.8 3.93824e-16 8.30179e-19 r
56505.8 3.87294e-16 8.18088e-19 r
56506.8 3.80851e-16 8.05817e-19 r
56507.8 3.74494e-16 7.93387e-19 r
56508.8 3.68225e-16 7.80816e-19 r
56509.8 3.62042e-16 7.68125e-19 r
56510.8 3.55945e-16 7.55331e-19 r
56511.8 3.49936e-16 7.42453e-19 r
56512.8 3.44014e-16 7.29508e-19 r
56513.8 3.38178e-16 7.16513e-19 r
56514.8 3.32428e-16 7.03483e-19 r
56515.8 3.26765e-16 6.90435e-19 r
56516.8 3.21187e-16 6.77384e-19 r
56517.8 3.15694e-16 6.64345e-19 r
56518.8 3.10286e-16 6.5133e-19 r
56519.8 3.04962e-16 6.38354e-19 r
56520.8 2.99721e-16 6.25428e-19 r
56521.8 2.94564e-16 6.12566e-19 r
56522.8 2.89488e-16 5.99779e-19 r
56523.8 2.84494e-16 5.87078e-19 r
56524.8 2.79581e-16 5.74472e-19 r
56525.8 2.74747e-16 5.61973e-19 r
56526.8 2.69993e-16 5.49588e-19 r
56527.8 2.65317e-16 5.37328e-19 r
56528.8 2.60718e-16 5.25199e-19 r
56529.8 2.56196e-16 5.13211e-19 r
56530.8 2.51749e-16 5.01369e-19 r
56531.8 2.47377e-16 4.89681e-19 r
56532.8 2.43079e-16 4.78153e-19 r
56533.8 2.38853e-16 4.66791e-19 r
56534.8 2.347e-16 4.556e-19 r
56535.8 2.30617e-16 4.44585e-19 r
56536.8 2.26604e-16 4.3375e-19 r
56537.8 2.2266e-16 4.231e-19 r
56538.8 2.18784e-16 4.12638e-19 r
56539.8 2.14974e-16 4.02368e-19 r
56540.8 2.11231e-16 3.92293e-19 r
56541.8 2.07552e-16 3.82414e-19 r
56542.8 2.03938e-16 3.72736e-19 r
56543.8 2.00386e-16 3.63259e-19 r
56544.8 1.96897e-16 3.53986e-19 r
56545.8 1.93468e-16 3.44917e-19 r
56546.8 1.90099e-16 3.36054e-19 r
56547.8 1.8679e-16 3.27398e-19 r
56548.8 1.83538e-16 3.18949e-19 r
56549.8 1.80344e-16 3.10709e-19 r
56550.8 1.77205e-16 3.02676e-19 r
56551.8 1.74122e-16 2.94851e-19 r
56552.8 1.71093e-16 2.87234e-19 r
56553.8 1.68118e-16 2.79824e-19 r
56554.8 1.65195e-16 2.72621e-19 r
56555.8 1.62323e-16 2.65623e-19 r
56556.8 1.59502e-16 2.58829e-19 r
56557.8 1.56731e-16 2.52239e-19 r
56558.8 1.54009e-16 2.45851e-19 r
56559.8 1.51335e-16 2.39663e-19 r
56560.8 1.48708e-16 2.33674e-19 r
56561.8 1.46127e-16 2.27881e-19 r
56562.8 1.43592e-16 2.22283e-19 r
56563.8 1.41102e-16 2.16876e-19 r
56564.8 1.38656e-16 2.1166e-19 r
56565.8 1.36252e-16 2.06631e-19 r
56566.8 1.33891e-16 2.01787e-19 r
56567.8 1.31572e-16 1.97124e-19 r
56568.8 1.29294e-16 1.9264e-19 r
56569.8 1.27055e-16 1.88331e-19 r
56570.8 1.24856e-16 1.84194e-19 r
56571.8 1.22696e-16 1.80227e-19 r
56572.8 1.20574e-16 1.76424e-19 r
56573.8 1.18489e-16 1.72782e-19 r
56574.8 1.1644e-16 1.69298e-19 r
56575.8 1.14428e-16 1.65968e-19 r
56576.8 1.12451e-16 1.62787e-19 r
56577.8 1.10508e-16 1.59751e-19 r
56578.8 1.08599e-16 1.56856e-19 r
56579.8 1.06724e-16 1.54097e-19 r
56580.8 1.04882e-16 1.51471e-19 r
56581.8 1.03072e-16 1.48972e-19 r
56582.8 1.01293e-16 1.46595e-19 r
56583.8 9.95452e-17 1.44337e-19 r
56584.8 9.78281e-17 1.42193e-19 r
56585.8 9.61408e-17 1.40157e-19 r
56586.8 9.44829e-17 1.38225e-19 r
56587.8 9.28538e-17 1.36393e-19 r
56588.8 9.1253e-17 1.34656e-19 r
56589.8 8.968e-17 1.33008e-19 r
56590.8 8.81343e-17 1.31447e-19 r
56591.8 8.66153e-17 1.29967e-19 r
56592.8 8.51227e-17 1.28563e-19 r
56593.8 8.36559e-17 1.27233e-19 r
56594.8 8.22144e-17 1.2597e-19 r
56595.8 8.07979e-17 1.24772e-19 r
56596.8 7.94058e-17 1.23634e-19 r
56597.8 7.80377e-17 1.22552e-19 r
56598.8 7.66932e-17 1.21524e-19 r
56599.8 7.53719e-17 1.20544e-19 r
56600.8 7.40733e-17 1.1961e-19 r
56601.8 7.2797e-17 1.18719e-19 r
56602.8 7.15427e-17 1.17867e-19 r
56603.8 7.03099e-17 1.17051e-19 r
56604.8 6.90983e-17 1.16269e-19 r
56605.8 6.79075e-17 1.15518e-19 r
56606.8 6.67371e-17 1.14795e-19 r
56607.8 6.55867e-17 1.14097e-19 r
56608.8 6.4456e-17 1.13424e-19 r
56609.8 6.33447e-17 1.12771e-19 r
56610.8 6.22524e-17 1.12138e-19 r
56611.8 6.11788e-17 1.11522e-19 r
56612.8 6.01235e-17 1.10922e-19 r
56613.8 5.90862e-17 1.10336e-19 r
56614.8 5.80666e-17 1.09762e-19 r
56615.8 5.70645e-17 1.092e-19 r
56616.8 5.60794e-17 1.08647e-19 r
56617.8 5.51111e-17 1.08102e-19 r
56618.8 5.41593e-17 1.07565e-19 r
56619.8 5.32237e-17 1.07033e-19 r
56620.8 5.23041e-17 1.06507e-19 r
56621.8 5.14001e-17 1.05986e-19 r
56622.8 5.05114e-17 1.05468e-19 r
56623.8 4.96379e-17 1.04952e-19 r
56624.8 4.87792e-17 1.04439e-19 r
56625.8 4.79352e-17 1.03926e-19 r
56626.8 4.71055e-17 1.03415e-19 r
56627.8 4.62898e-17 1.02904e-19 r
56628.8 4.5488e-17 1.02393e-19 r
56629.8 4.46999e-17 1.01881e-19 r
56630.8 4.39251e-17 1.01369e-19 r
56631.8 4.31635e-17 1.00855e-19 r
56632.8 4.24148e-17 1.00339e-19 r
56633.8 4.16788e-17 9.98219e-20 r
56634.8 4.09553e-17 9.93025e-20 r
56635.8 4.0244e-17 9.87808e-20 r
56636.8 3.95449e-17 9.82566e-20 r
56637.8 3.88576e-17 9.77299e-20 r
56638.8 3.81819e-17 9.72004e-20 r
56639.8 3.75178e-17 9.66682e-20 r
56640.8 3.68648e-17 9.61331e-20 r
56641.8 3.6223e-17 9.55952e-20 r
56642.8 3.55921e-17 9.50542e-20 r
56643.8 3.49718e-17 9.45103e-20 r
56644.8 3.43621e-17 9.39634e-20 r
56645.8 3.37627e-17 9.34135e-20 r
56646.8 3.31735e-17 9.28607e-20 r
56647.8 3.25943e-17 9.23049e-20 r
56648.8 3.20249e-17 9.17463e-20 r
56649.8 3.14652e-17 9.11848e-20 r
56650.8 3.0915e-17 9.06206e-20 r
56651.8 3.03741e-17 9.00537e-20 r
56652.8 2.98425e-17 8.94841e-20 r
56653.8 2.93198e-17 8.89119e-20 r
56654.8 2.88061e-17 8.83373e-20 r
56655.8 2.8301e-17 8.77603e-20 r
56656.8 2.78046e-17 8.7181e-20 r
56657.8 2.73166e-17 8.65996e-20 r
56658.8 2.68369e-17 8.6016e-20 r
56659.8 2.63654e-17 8.54304e-20 r
56660.8 2.59018e-17 8.48429e-20 r
56661.8 2.54462e-17 8.42537e-20 r
56662.8 2.49984e-17 8.36628e-20 r
56663.8 2.45581e-17 8.30703e-20 r
56664.8 2.41254e-17 8.24763e-20 r
56665.8 2.37e-17 8.18811e-20 r
56666.8 2.3282e-17 8.12845e-20 r
56667.8 2.2871e-17 8.06869e-20 r
56668.8 2.2467e-17 8.00883e-20 r
56669.8 2.207e-17 7.94887e-20 r
56670.8 2.16797e-17 7.88884e-20 r
56671.8 2.12961e-17 7.82874e-20 r
56672.8 2.09191e-17 7.76858e-20 r
