54842.5 2.98739e-18 2.6979e-19 BessellB
54843.5 3.19135e-18 2.8438e-19 BessellB
54844.5 3.40923e-18 2.99705e-19 BessellB
54845.5 3.642e-18 3.15798e-19 BessellB
54846.5 3.89067e-18 3.32692e-19 BessellB
54847.5 4.15632e-18 3.50422e-19 BessellB
54848.5 4.44012e-18 3.69023e-19 BessellB
54849.5 4.74329e-18 3.88531e-19 BessellB
54850.5 5.06717e-18 4.08983e-19 BessellB
54851.5 5.41318e-18 4.30418e-19 BessellB
54852.5 5.78281e-18 4.52874e-19 BessellB
54853.5 6.17769e-18 4.76391e-19 BessellB
54854.5 6.59954e-18 5.01009e-19 BessellB
54855.5 7.0502e-18 5.26769e-19 BessellB
54856.5 7.53164e-18 5.53711e-19 BessellB
54857.5 8.04596e-18 5.81877e-19 BessellB
54858.5 8.5954e-18 6.11308e-19 BessellB
54859.5 9.18237e-18 6.42047e-19 BessellB
54860.5 9.80941e-18 6.74133e-19 BessellB
54861.5 1.04793e-17 7.07607e-19 BessellB
54862.5 1.11949e-17 7.4251e-19 BessellB
54863.5 1.19593e-17 7.7888e-19 BessellB
54864.5 1.2776e-17 8.16753e-19 BessellB
54865.5 1.36483e-17 8.56166e-19 BessellB
54866.5 1.45802e-17 8.97152e-19 BessellB
54867.5 1.55757e-17 9.39741e-19 BessellB
54868.5 1.66392e-17 9.8396e-19 BessellB
54869.5 1.77751e-17 1.02983e-18 BessellB
54870.5 1.89885e-17 1.07738e-18 BessellB
54871.5 2.02846e-17 1.1266e-18 BessellB
54872.5 2.16691e-17 1.17752e-18 BessellB
54873.5 2.31479e-17 1.23014e-18 BessellB
54874.5 2.47273e-17 1.28443e-18 BessellB
54875.5 2.64142e-17 1.3404e-18 BessellB
54876.5 2.82159e-17 1.39799e-18 BessellB
54877.5 3.01399e-17 1.45719e-18 BessellB
54878.5 3.21947e-17 1.51793e-18 BessellB
54879.5 3.43888e-17 1.58014e-18 BessellB
54880.5 3.67315e-17 1.64374e-18 BessellB
54881.5 3.92329e-17 1.70862e-18 BessellB
54882.5 4.19032e-17 1.77466e-18 BessellB
54883.5 4.47537e-17 1.8417e-18 BessellB
54884.5 4.77962e-17 1.90956e-18 BessellB
54885.5 5.1043e-17 1.97804e-18 BessellB
54886.5 5.45073e-17 2.04689e-18 BessellB
54887.5 5.82031e-17 2.11584e-18 BessellB
54888.5 6.2145e-17 2.18457e-18 BessellB
54889.5 6.63482e-17 2.25273e-18 BessellB
54890.5 7.08289e-17 2.3199e-18 BessellB
54891.5 7.56038e-17 2.38562e-18 BessellB
54892.5 8.06904e-17 2.44939e-18 BessellB
54893.5 8.61066e-17 2.51062e-18 BessellB
54894.5 9.18709e-17 2.56869e-18 BessellB
54895.5 9.80023e-17 2.62288e-18 BessellB
54896.5 1.0452e-16 2.67243e-18 BessellB
54897.5 1.11443e-16 2.71649e-18 BessellB
54898.5 1.1879e-16 2.75416e-18 BessellB
54899.5 1.2658e-16 2.78445e-18 BessellB
54900.5 1.3483e-16 2.80632e-18 BessellB
54901.5 1.43556e-16 2.81867e-18 BessellB
54902.5 1.52771e-16 2.82035e-18 BessellB
54903.5 1.62487e-16 2.81019e-18 BessellB
54904.5 1.7271e-16 2.78703e-18 BessellB
54905.5 1.83444e-16 2.74971e-18 BessellB
54906.5 1.94685e-16 2.69716e-18 BessellB
54907.5 2.06422e-16 2.62842e-18 BessellB
54908.5 2.18636e-16 2.54273e-18 BessellB
54909.5 2.31296e-16 2.43955e-18 BessellB
54910.5 2.44362e-16 2.31871e-18 BessellB
54911.5 2.57778e-16 2.18045e-18 BessellB
54912.5 2.71472e-16 2.02555e-18 BessellB
54913.5 2.85357e-16 1.85545e-18 BessellB
54914.5 2.99325e-16 1.67235e-18 BessellB
54915.5 3.13251e-16 1.47937e-18 BessellB
54916.5 3.2699e-16 1.28069e-18 BessellB
54917.5 3.40379e-16 1.08188e-18 BessellB
54918.5 3.53239e-16 8.90282e-19 BessellB
54919.5 3.65376e-16 7.15991e-19 BessellB
54920.5 3.7659e-16 5.73105e-19 BessellB
54921.5 3.86678e-16 4.79418e-19 BessellB
54922.5 3.95441e-16 4.47089e-19 BessellB
54923.5 4.02693e-16 4.66149e-19 BessellB
54924.5 4.08271e-16 5.09427e-19 BessellB
54925.5 4.12039e-16 5.53182e-19 BessellB
54926.5 4.139e-16 5.83939e-19 BessellB
54927.5 4.13799e-16 5.95877e-19 BessellB
54928.5 4.11726e-16 5.87892e-19 BessellB
54929.5 4.07719e-16 5.6188e-19 BessellB
54930.5 4.0186e-16 5.21737e-19 BessellB
54931.5 3.94273e-16 4.72726e-19 BessellB
54932.5 3.85114e-16 4.20995e-19 BessellB
54933.5 3.74568e-16 3.73074e-19 BessellB
54934.5 3.62834e-16 3.3506e-19 BessellB
54935.5 3.50124e-16 3.11122e-19 BessellB
54936.5 3.36649e-16 3.01789e-19 BessellB
54937.5 3.22613e-16 3.03694e-19 BessellB
54938.5 3.0821e-16 3.11522e-19 BessellB
54939.5 2.93616e-16 3.20362e-19 BessellB
54940.5 2.78991e-16 3.26809e-19 BessellB
54941.5 2.64473e-16 3.28998e-19 BessellB
54942.5 2.50177e-16 3.26229e-19 BessellB
54943.5 2.36202e-16 3.18593e-19 BessellB
54944.5 2.22625e-16 3.06665e-19 BessellB
54945.5 2.09507e-16 2.91299e-19 BessellB
54946.5 1.96893e-16 2.73492e-19 BessellB
54947.5 1.84814e-16 2.54286e-19 BessellB
54948.5 1.73289e-16 2.3472e-19 BessellB
54949.5 1.62328e-16 2.15784e-19 BessellB
54950.5 1.51933e-16 1.98392e-19 BessellB
54951.5 1.42098e-16 1.83341e-19 BessellB
54952.5 1.32813e-16 1.71248e-19 BessellB
54953.5 1.24064e-16 1.62474e-19 BessellB
54954.5 1.15833e-16 1.57061e-19 BessellB
54955.5 1.081e-16 1.54723e-19 BessellB
54956.5 1.00845e-16 1.54919e-19 BessellB
54957.5 9.40442e-17 1.56981e-19 BessellB
54958.5 8.76765e-17 1.60242e-19 BessellB
54959.5 8.17187e-17 1.64119e-19 BessellB
54960.5 7.61485e-17 1.68149e-19 BessellB
54961.5 7.0944e-17 1.71992e-19 BessellB
54962.5 6.60838e-17 1.75411e-19 BessellB
54963.5 6.15473e-17 1.78255e-19 BessellB
54964.5 5.73147e-17 1.80438e-19 BessellB
54965.5 5.3367e-17 1.81919e-19 BessellB
54966.5 4.96863e-17 1.82694e-19 BessellB
54967.5 4.62554e-17 1.82779e-19 BessellB
54968.5 4.30582e-17 1.82209e-19 BessellB
54969.5 4.00792e-17 1.81029e-19 BessellB
54970.5 3.73043e-17 1.7929e-19 BessellB
54971.5 3.47197e-17 1.77045e-19 BessellB
54972.5 3.23127e-17 1.74349e-19 BessellB
54973.5 3.00715e-17 1.71257e-19 BessellB
54974.5 2.79848e-17 1.67821e-19 BessellB
54975.5 2.60421e-17 1.64092e-19 BessellB
54976.5 2.42337e-17 1.60116e-19 BessellB
54977.5 2.25504e-17 1.55938e-19 BessellB
54978.5 2.09836e-17 1.51598e-19 BessellB
54979.5 1.95253e-17 1.47134e-19 BessellB
54980.5 1.81681e-17 1.42578e-19 BessellB
54981.5 1.69051e-17 1.37962e-19 BessellB
54982.5 1.57297e-17 1.33313e-19 BessellB
54983.5 1.46358e-17 1.28655e-19 BessellB
54984.5 1.36179e-17 1.2401e-19 BessellB
54985.5 1.26708e-17 1.19397e-19 BessellB
54986.5 1.17894e-17 1.14833e-19 BessellB
54987.5 1.09693e-17 1.10331e-19 BessellB
54988.5 1.02061e-17 1.05905e-19 BessellB
54989.5 9.49605e-18 1.01565e-19 BessellB
54990.5 8.83535e-18 9.7319e-20 BessellB
54991.5 8.22059e-18 9.31752e-20 BessellB
54992.5 7.64859e-18 8.91393e-20 BessellB
54993.5 7.11637e-18 8.52159e-20 BessellB
54994.5 6.62117e-18 8.14085e-20 BessellB
54995.5 6.16042e-18 7.77198e-20 BessellB
54996.5 5.73172e-18 7.41514e-20 BessellB
54997.5 5.33285e-18 7.07043e-20 BessellB
54998.5 4.96173e-18 6.73788e-20 BessellB
54999.5 4.61644e-18 6.41744e-20 BessellB
55000.5 4.29516e-18 6.10903e-20 BessellB
55001.5 3.99625e-18 5.81252e-20 BessellB
55002.5 3.71813e-18 5.52773e-20 BessellB
55003.5 3.45937e-18 5.25447e-20 BessellB
55004.5 3.21862e-18 4.99251e-20 BessellB
55005.5 2.99462e-18 4.74158e-20 BessellB
55006.5 2.78621e-18 4.50143e-20 BessellB
55007.5 2.5923e-18 4.27175e-20 BessellB
55008.5 2.41189e-18 4.05227e-20 BessellB
55009.5 2.24403e-18 3.84265e-20 BessellB
55010.5 2.08785e-18 3.6426e-20 BessellB
55011.5 1.94255e-18 3.45179e-20 BessellB
55012.5 1.80735e-18 3.26991e-20 BessellB
55013.5 1.68157e-18 3.09664e-20 BessellB
55014.5 1.56454e-18 2.93165e-20 BessellB
55015.5 1.45565e-18 2.77464e-20 BessellB
55016.5 1.35434e-18 2.62528e-20 BessellB
55017.5 1.26009e-18 2.48328e-20 BessellB
55018.5 1.17239e-18 2.34834e-20 BessellB
55019.5 1.09079e-18 2.22015e-20 BessellB
55020.5 1.01488e-18 2.09844e-20 BessellB
55021.5 9.44247e-19 1.98291e-20 BessellB
55022.5 8.78531e-19 1.87331e-20 BessellB
55023.5 8.17389e-19 1.76935e-20 BessellB
55024.5 7.60502e-19 1.6708e-20 BessellB
55025.5 7.07574e-19 1.5774e-20 BessellB
55026.5 6.5833e-19 1.4889e-20 BessellB
55027.5 6.12513e-19 1.40509e-20 BessellB
55028.5 5.69885e-19 1.32573e-20 BessellB
55029.5 5.30223e-19 1.25061e-20 BessellB
55030.5 4.93322e-19 1.17953e-20 BessellB
55031.5 4.58989e-19 1.11228e-20 BessellB
55032.5 4.27046e-19 1.04869e-20 BessellB
55033.5 3.97325e-19 9.88554e-21 BessellB
55034.5 3.69673e-19 9.31713e-21 BessellB
55035.5 3.43946e-19 8.77996e-21 BessellB
55036.5 3.20009e-19 8.27244e-21 BessellB
55037.5 2.97738e-19 7.79304e-21 BessellB
55038.5 2.77017e-19 7.34031e-21 BessellB
55039.5 2.57738e-19 6.91285e-21 BessellB
55040.5 2.39801e-19 6.50933e-21 BessellB
55041.5 2.23112e-19 6.12851e-21 BessellB
55042.5 2.07585e-19 5.76916e-21 BessellB
55043.5 1.93138e-19 5.43015e-21 BessellB
55044.5 1.79697e-19 5.11039e-21 BessellB
55045.5 1.67191e-19 4.80884e-21 BessellB
55046.5 1.55555e-19 4.5245e-21 BessellB
55047.5 1.4473e-19 4.25646e-21 BessellB
55048.5 1.34657e-19 4.00381e-21 BessellB
55049.5 1.25286e-19 3.76571e-21 BessellB
55050.5 1.16567e-19 3.54137e-21 BessellB
55051.5 1.08455e-19 3.33001e-21 BessellB
55052.5 1.00907e-19 3.13092e-21 BessellB
55053.5 9.38845e-20 2.94341e-21 BessellB
55054.5 8.73508e-20 2.76684e-21 BessellB
55055.5 8.12718e-20 2.60059e-21 BessellB
55056.5 7.56158e-20 2.44407e-21 BessellB
55057.5 7.03535e-20 2.29675e-21 BessellB
55058.5 6.54574e-20 2.1581e-21 BessellB
55059.5 6.0902e-20 2.02762e-21 BessellB
55060.5 5.66637e-20 1.90486e-21 BessellB
55061.5 5.27203e-20 1.78935e-21 BessellB
55062.5 4.90514e-20 1.6807e-21 BessellB
55063.5 4.56378e-20 1.57851e-21 BessellB
55064.5 4.24618e-20 1.4824e-21 BessellB
55065.5 3.95068e-20 1.39203e-21 BessellB
55066.5 3.67574e-20 1.30705e-21 BessellB
55067.5 3.41994e-20 1.22716e-21 BessellB
55068.5 3.18194e-20 1.15206e-21 BessellB
55069.5 2.9605e-20 1.08147e-21 BessellB
55070.5 2.75447e-20 1.01512e-21 BessellB
55071.5 2.56279e-20 9.52772e-22 BessellB
55072.5 2.38444e-20 8.94185e-22 BessellB
55073.5 2.2185e-20 8.39138e-22 BessellB
55074.5 2.06411e-20 7.87422e-22 BessellB
55075.5 1.92047e-20 7.38841e-22 BessellB
55076.5 1.78682e-20 6.93208e-22 BessellB
55077.5 1.66248e-20 6.50348e-22 BessellB
55078.5 1.54678e-20 6.10097e-22 BessellB
55079.5 1.43914e-20 5.72298e-22 BessellB
55080.5 1.33899e-20 5.36805e-22 BessellB
55081.5 1.24581e-20 5.03481e-22 BessellB
55082.5 1.15911e-20 4.72196e-22 BessellB
55083.5 1.07845e-20 4.42826e-22 BessellB
55084.5 1.0034e-20 4.15258e-22 BessellB
55085.5 9.33573e-21 3.89382e-22 BessellB
55086.5 8.68605e-21 3.65096e-22 BessellB
55087.5 8.08159e-21 3.42305e-22 BessellB
55088.5 7.51919e-21 3.20918e-22 BessellB
55089.5 6.99593e-21 3.0085e-22 BessellB
55090.5 6.50909e-21 2.82021e-22 BessellB
55091.5 6.05612e-21 2.64356e-22 BessellB
54842.5 6.96672e-17 5.89892e-19 BessellI
54843.5 7.46319e-17 6.04451e-19 BessellI
54844.5 7.99241e-17 6.18617e-19 BessellI
54845.5 8.55609e-17 6.32412e-19 BessellI
54846.5 9.15598e-17 6.45891e-19 BessellI
54847.5 9.7938e-17 6.59158e-19 BessellI
54848.5 1.04713e-16 6.72374e-19 BessellI
54849.5 1.11902e-16 6.85766e-19 BessellI
54850.5 1.1952e-16 6.99643e-19 BessellI
54851.5 1.27584e-16 7.14401e-19 BessellI
54852.5 1.36108e-16 7.30529e-19 BessellI
54853.5 1.45105e-16 7.48611e-19 BessellI
54854.5 1.54586e-16 7.6931e-19 BessellI
54855.5 1.64559e-16 7.93356e-19 BessellI
54856.5 1.75032e-16 8.21505e-19 BessellI
54857.5 1.86007e-16 8.54501e-19 BessellI
54858.5 1.97485e-16 8.93024e-19 BessellI
54859.5 2.09459e-16 9.37637e-19 BessellI
54860.5 2.21923e-16 9.8874e-19 BessellI
54861.5 2.34861e-16 1.04653e-18 BessellI
54862.5 2.48254e-16 1.11099e-18 BessellI
54863.5 2.62078e-16 1.18187e-18 BessellI
54864.5 2.763e-16 1.25868e-18 BessellI
54865.5 2.90884e-16 1.34073e-18 BessellI
54866.5 3.05785e-16 1.42713e-18 BessellI
54867.5 3.20953e-16 1.51682e-18 BessellI
54868.5 3.36331e-16 1.6086e-18 BessellI
54869.5 3.51856e-16 1.70112e-18 BessellI
54870.5 3.6746e-16 1.79299e-18 BessellI
54871.5 3.83071e-16 1.88273e-18 BessellI
54872.5 3.98611e-16 1.96886e-18 BessellI
54873.5 4.14002e-16 2.04991e-18 BessellI
54874.5 4.29161e-16 2.12445e-18 BessellI
54875.5 4.44007e-16 2.19119e-18 BessellI
54876.5 4.58459e-16 2.24892e-18 BessellI
54877.5 4.72437e-16 2.29663e-18 BessellI
54878.5 4.85866e-16 2.33348e-18 BessellI
54879.5 4.98676e-16 2.35884e-18 BessellI
54880.5 5.10801e-16 2.37234e-18 BessellI
54881.5 5.22184e-16 2.37381e-18 BessellI
54882.5 5.32774e-16 2.36333e-18 BessellI
54883.5 5.4253e-16 2.34119e-18 BessellI
54884.5 5.51418e-16 2.30789e-18 BessellI
54885.5 5.59415e-16 2.26414e-18 BessellI
54886.5 5.66504e-16 2.21075e-18 BessellI
54887.5 5.72681e-16 2.14872e-18 BessellI
54888.5 5.77946e-16 2.07909e-18 BessellI
54889.5 5.82309e-16 2.00297e-18 BessellI
54890.5 5.85787e-16 1.92153e-18 BessellI
54891.5 5.88403e-16 1.8359e-18 BessellI
54892.5 5.90185e-16 1.7472e-18 BessellI
54893.5 5.91168e-16 1.65651e-18 BessellI
54894.5 5.91386e-16 1.56481e-18 BessellI
54895.5 5.90881e-16 1.47305e-18 BessellI
54896.5 5.89694e-16 1.38205e-18 BessellI
54897.5 5.87869e-16 1.29255e-18 BessellI
54898.5 5.85449e-16 1.20519e-18 BessellI
54899.5 5.82479e-16 1.12053e-18 BessellI
54900.5 5.79003e-16 1.03901e-18 BessellI
54901.5 5.75063e-16 9.61005e-19 BessellI
54902.5 5.70702e-16 8.86797e-19 BessellI
54903.5 5.6596e-16 8.16596e-19 BessellI
54904.5 5.60874e-16 7.50544e-19 BessellI
54905.5 5.55484e-16 6.88724e-19 BessellI
54906.5 5.49821e-16 6.31168e-19 BessellI
54907.5 5.43921e-16 5.77862e-19 BessellI
54908.5 5.37813e-16 5.28753e-19 BessellI
54909.5 5.31526e-16 4.83756e-19 BessellI
54910.5 5.25086e-16 4.42757e-19 BessellI
54911.5 5.18517e-16 4.05619e-19 BessellI
54912.5 5.11844e-16 3.7218e-19 BessellI
54913.5 5.05085e-16 3.42261e-19 BessellI
54914.5 4.9826e-16 3.15663e-19 BessellI
54915.5 4.91387e-16 2.92171e-19 BessellI
54916.5 4.8448e-16 2.71553e-19 BessellI
54917.5 4.77555e-16 2.53564e-19 BessellI
54918.5 4.70623e-16 2.37949e-19 BessellI
54919.5 4.63697e-16 2.24448e-19 BessellI
54920.5 4.56787e-16 2.12798e-19 BessellI
54921.5 4.49902e-16 2.02746e-19 BessellI
54922.5 4.43051e-16 1.94048e-19 BessellI
54923.5 4.3624e-16 1.8648e-19 BessellI
54924.5 4.29477e-16 1.79838e-19 BessellI
54925.5 4.22767e-16 1.73944e-19 BessellI
54926.5 4.16115e-16 1.68643e-19 BessellI
54927.5 4.09526e-16 1.63808e-19 BessellI
54928.5 4.03003e-16 1.59332e-19 BessellI
54929.5 3.96549e-16 1.55131e-19 BessellI
54930.5 3.90168e-16 1.51141e-19 BessellI
54931.5 3.83862e-16 1.47311e-19 BessellI
54932.5 3.77633e-16 1.43605e-19 BessellI
54933.5 3.71482e-16 1.39998e-19 BessellI
54934.5 3.65412e-16 1.36476e-19 BessellI
54935.5 3.59422e-16 1.33028e-19 BessellI
54936.5 3.53514e-16 1.29653e-19 BessellI
54937.5 3.47688e-16 1.26352e-19 BessellI
54938.5 3.41944e-16 1.2313e-19 BessellI
54939.5 3.36284e-16 1.19995e-19 BessellI
54940.5 3.30706e-16 1.16954e-19 BessellI
54941.5 3.25212e-16 1.1402e-19 BessellI
54942.5 3.198e-16 1.11202e-19 BessellI
54943.5 3.1447e-16 1.08512e-19 BessellI
54944.5 3.09221e-16 1.05959e-19 BessellI
54945.5 3.04054e-16 1.03555e-19 BessellI
54946.5 2.98968e-16 1.01308e-19 BessellI
54947.5 2.93962e-16 9.92263e-20 BessellI
54948.5 2.89034e-16 9.73168e-20 BessellI
54949.5 2.84186e-16 9.55846e-20 BessellI
54950.5 2.79414e-16 9.40335e-20 BessellI
54951.5 2.7472e-16 9.26652e-20 BessellI
54952.5 2.70101e-16 9.14798e-20 BessellI
54953.5 2.65558e-16 9.04755e-20 BessellI
54954.5 2.61088e-16 8.96489e-20 BessellI
54955.5 2.56691e-16 8.89948e-20 BessellI
54956.5 2.52366e-16 8.85067e-20 BessellI
54957.5 2.48113e-16 8.81764e-20 BessellI
54958.5 2.43929e-16 8.79951e-20 BessellI
54959.5 2.39815e-16 8.79527e-20 BessellI
54960.5 2.35769e-16 8.80388e-20 BessellI
54961.5 2.3179e-16 8.82424e-20 BessellI
54962.5 2.27877e-16 8.85522e-20 BessellI
54963.5 2.24029e-16 8.89572e-20 BessellI
54964.5 2.20245e-16 8.94464e-20 BessellI
54965.5 2.16524e-16 9.00092e-20 BessellI
54966.5 2.12866e-16 9.06352e-20 BessellI
54967.5 2.09269e-16 9.13147e-20 BessellI
54968.5 2.05732e-16 9.20386e-20 BessellI
54969.5 2.02254e-16 9.27983e-20 BessellI
54970.5 1.98834e-16 9.35859e-20 BessellI
54971.5 1.95472e-16 9.43941e-20 BessellI
54972.5 1.92167e-16 9.52162e-20 BessellI
54973.5 1.88917e-16 9.60461e-20 BessellI
54974.5 1.85722e-16 9.68783e-20 BessellI
54975.5 1.8258e-16 9.7708e-20 BessellI
54976.5 1.79492e-16 9.85305e-20 BessellI
54977.5 1.76455e-16 9.93421e-20 BessellI
54978.5 1.7347e-16 1.00139e-19 BessellI
54979.5 1.70535e-16 1.00919e-19 BessellI
54980.5 1.67649e-16 1.01678e-19 BessellI
54981.5 1.64812e-16 1.02415e-19 BessellI
54982.5 1.62024e-16 1.03127e-19 BessellI
54983.5 1.59282e-16 1.03813e-19 BessellI
54984.5 1.56586e-16 1.04471e-19 BessellI
54985.5 1.53936e-16 1.051e-19 BessellI
54986.5 1.51331e-16 1.05699e-19 BessellI
54987.5 1.4877e-16 1.06267e-19 BessellI
54988.5 1.46252e-16 1.06803e-19 BessellI
54989.5 1.43776e-16 1.07308e-19 BessellI
54990.5 1.41343e-16 1.0778e-19 BessellI
54991.5 1.3895e-16 1.0822e-19 BessellI
54992.5 1.36598e-16 1.08627e-19 BessellI
54993.5 1.34286e-16 1.09002e-19 BessellI
54994.5 1.32013e-16 1.09343e-19 BessellI
54995.5 1.29778e-16 1.09653e-19 BessellI
54996.5 1.27581e-16 1.0993e-19 BessellI
54997.5 1.25422e-16 1.10176e-19 BessellI
54998.5 1.23299e-16 1.1039e-19 BessellI
54999.5 1.21211e-16 1.10573e-19 BessellI
55000.5 1.19159e-16 1.10725e-19 BessellI
55001.5 1.17142e-16 1.10848e-19 BessellI
55002.5 1.15159e-16 1.1094e-19 BessellI
55003.5 1.1321e-16 1.11004e-19 BessellI
55004.5 1.11293e-16 1.11039e-19 BessellI
55005.5 1.09409e-16 1.11046e-19 BessellI
55006.5 1.07557e-16 1.11026e-19 BessellI
55007.5 1.05736e-16 1.10979e-19 BessellI
55008.5 1.03946e-16 1.10906e-19 BessellI
55009.5 1.02186e-16 1.10807e-19 BessellI
55010.5 1.00456e-16 1.10684e-19 BessellI
55011.5 9.87558e-17 1.10536e-19 BessellI
55012.5 9.70839e-17 1.10365e-19 BessellI
55013.5 9.54403e-17 1.10171e-19 BessellI
55014.5 9.38246e-17 1.09955e-19 BessellI
55015.5 9.22361e-17 1.09717e-19 BessellI
55016.5 9.06746e-17 1.09458e-19 BessellI
55017.5 8.91395e-17 1.09178e-19 BessellI
55018.5 8.76304e-17 1.08879e-19 BessellI
55019.5 8.61469e-17 1.08561e-19 BessellI
55020.5 8.46885e-17 1.08224e-19 BessellI
55021.5 8.32547e-17 1.0787e-19 BessellI
55022.5 8.18452e-17 1.07498e-19 BessellI
55023.5 8.04596e-17 1.07109e-19 BessellI
55024.5 7.90974e-17 1.06705e-19 BessellI
55025.5 7.77583e-17 1.06284e-19 BessellI
55026.5 7.64419e-17 1.05849e-19 BessellI
55027.5 7.51478e-17 1.05399e-19 BessellI
55028.5 7.38755e-17 1.04936e-19 BessellI
55029.5 7.26248e-17 1.04459e-19 BessellI
55030.5 7.13953e-17 1.03969e-19 BessellI
55031.5 7.01866e-17 1.03467e-19 BessellI
55032.5 6.89983e-17 1.02953e-19 BessellI
55033.5 6.78302e-17 1.02427e-19 BessellI
55034.5 6.66818e-17 1.01891e-19 BessellI
55035.5 6.55529e-17 1.01345e-19 BessellI
55036.5 6.44431e-17 1.00788e-19 BessellI
55037.5 6.33521e-17 1.00222e-19 BessellI
55038.5 6.22796e-17 9.96474e-20 BessellI
55039.5 6.12252e-17 9.90638e-20 BessellI
55040.5 6.01886e-17 9.84721e-20 BessellI
55041.5 5.91697e-17 9.78727e-20 BessellI
55042.5 5.81679e-17 9.72659e-20 BessellI
55043.5 5.71831e-17 9.66521e-20 BessellI
55044.5 5.6215e-17 9.60318e-20 BessellI
55045.5 5.52633e-17 9.54052e-20 BessellI
55046.5 5.43277e-17 9.47729e-20 BessellI
55047.5 5.3408e-17 9.4135e-20 BessellI
55048.5 5.25038e-17 9.3492e-20 BessellI
55049.5 5.16149e-17 9.28442e-20 BessellI
55050.5 5.0741e-17 9.21919e-20 BessellI
55051.5 4.9882e-17 9.15355e-20 BessellI
55052.5 4.90375e-17 9.08752e-20 BessellI
55053.5 4.82073e-17 9.02114e-20 BessellI
55054.5 4.73912e-17 8.95443e-20 BessellI
55055.5 4.65888e-17 8.88743e-20 BessellI
55056.5 4.58001e-17 8.82015e-20 BessellI
55057.5 4.50247e-17 8.75264e-20 BessellI
55058.5 4.42624e-17 8.68491e-20 BessellI
55059.5 4.35131e-17 8.61699e-20 BessellI
55060.5 4.27764e-17 8.54891e-20 BessellI
55061.5 4.20522e-17 8.48069e-20 BessellI
55062.5 4.13402e-17 8.41234e-20 BessellI
55063.5 4.06404e-17 8.34391e-20 BessellI
55064.5 3.99523e-17 8.27539e-20 BessellI
55065.5 3.92759e-17 8.20683e-20 BessellI
55066.5 3.8611e-17 8.13824e-20 BessellI
55067.5 3.79573e-17 8.06963e-20 BessellI
55068.5 3.73147e-17 8.00103e-20 BessellI
55069.5 3.6683e-17 7.93246e-20 BessellI
55070.5 3.60619e-17 7.86393e-20 BessellI
55071.5 3.54514e-17 7.79546e-20 BessellI
55072.5 3.48512e-17 7.72707e-20 BessellI
55073.5 3.42612e-17 7.65878e-20 BessellI
55074.5 3.36811e-17 7.5906e-20 BessellI
55075.5 3.31109e-17 7.52254e-20 BessellI
55076.5 3.25504e-17 7.45463e-20 BessellI
55077.5 3.19993e-17 7.38687e-20 BessellI
55078.5 3.14575e-17 7.31928e-20 BessellI
55079.5 3.0925e-17 7.25187e-20 BessellI
55080.5 3.04014e-17 7.18466e-20 BessellI
55081.5 2.98867e-17 7.11765e-20 BessellI
55082.5 2.93807e-17 7.05087e-20 BessellI
55083.5 2.88833e-17 6.98431e-20 BessellI
55084.5 2.83943e-17 6.918e-20 BessellI
55085.5 2.79136e-17 6.85193e-20 BessellI
55086.5 2.7441e-17 6.78613e-20 BessellI
55087.5 2.69765e-17 6.7206e-20 BessellI
55088.5 2.65197e-17 6.65536e-20 BessellI
55089.5 2.60708e-17 6.5904e-20 BessellI
55090.5 2.56294e-17 6.52574e-20 BessellI
55091.5 2.51955e-17 6.46139e-20 BessellI
55092.5 2.47689e-17 6.39735e-20 BessellI
55093.5 2.43496e-17 6.33364e-20 BessellI
55094.5 2.39374e-17 6.27026e-20 BessellI
55095.5 2.35321e-17 6.20721e-20 BessellI
55096.5 2.31337e-17 6.1445e-20 BessellI
55097.5 2.27421e-17 6.08215e-20 BessellI
55098.5 2.2357e-17 6.02015e-20 BessellI
54819.1 1.05121e-16 1.88439e-19 BessellR
54820.1 1.07398e-16 1.90753e-19 BessellR
54821.1 1.09723e-16 1.9308e-19 BessellR
54822.1 1.12099e-16 1.95418e-19 BessellR
54823.1 1.14526e-16 1.97767e-19 BessellR
54824.1 1.17006e-16 2.00126e-19 BessellR
54825.1 1.19539e-16 2.02495e-19 BessellR
54826.1 1.22127e-16 2.04873e-19 BessellR
54827.1 1.2477e-16 2.07259e-19 BessellR
54828.1 1.27471e-16 2.09653e-19 BessellR
54829.1 1.3023e-16 2.12054e-19 BessellR
54830.1 1.33048e-16 2.1446e-19 BessellR
54831.1 1.35928e-16 2.16872e-19 BessellR
54832.1 1.38869e-16 2.19288e-19 BessellR
54833.1 1.41873e-16 2.21706e-19 BessellR
54834.1 1.44943e-16 2.24127e-19 BessellR
54835.1 1.48078e-16 2.26549e-19 BessellR
54836.1 1.51281e-16 2.28971e-19 BessellR
54837.1 1.54552e-16 2.31392e-19 BessellR
54838.1 1.57894e-16 2.3381e-19 BessellR
54839.1 1.61308e-16 2.36225e-19 BessellR
54840.1 1.64794e-16 2.38634e-19 BessellR
54841.1 1.68356e-16 2.41038e-19 BessellR
54842.1 1.71994e-16 2.43433e-19 BessellR
54843.1 1.75709e-16 2.45819e-19 BessellR
54844.1 1.79504e-16 2.48194e-19 BessellR
54845.1 1.8338e-16 2.50556e-19 BessellR
54846.1 1.87338e-16 2.52904e-19 BessellR
54847.1 1.91381e-16 2.55236e-19 BessellR
54848.1 1.95509e-16 2.5755e-19 BessellR
54849.1 1.99725e-16 2.59844e-19 BessellR
54850.1 2.04031e-16 2.62116e-19 BessellR
54851.1 2.08427e-16 2.64364e-19 BessellR
54852.1 2.12916e-16 2.66585e-19 BessellR
54853.1 2.175e-16 2.68778e-19 BessellR
54854.1 2.2218e-16 2.70939e-19 BessellR
54855.1 2.26958e-16 2.73067e-19 BessellR
54856.1 2.31836e-16 2.75159e-19 BessellR
54857.1 2.36815e-16 2.77212e-19 BessellR
54858.1 2.41898e-16 2.79223e-19 BessellR
54859.1 2.47086e-16 2.8119e-19 BessellR
54860.1 2.52381e-16 2.83109e-19 BessellR
54861.1 2.57784e-16 2.84977e-19 BessellR
54862.1 2.63298e-16 2.86792e-19 BessellR
54863.1 2.68924e-16 2.88548e-19 BessellR
54864.1 2.74663e-16 2.90244e-19 BessellR
54865.1 2.80518e-16 2.91875e-19 BessellR
54866.1 2.8649e-16 2.93438e-19 BessellR
54867.1 2.9258e-16 2.94929e-19 BessellR
54868.1 2.9879e-16 2.96344e-19 BessellR
54869.1 3.05122e-16 2.97679e-19 BessellR
54870.1 3.11575e-16 2.9893e-19 BessellR
54871.1 3.18153e-16 3.00092e-19 BessellR
54872.1 3.24854e-16 3.01161e-19 BessellR
54873.1 3.31682e-16 3.02133e-19 BessellR
54874.1 3.38635e-16 3.03003e-19 BessellR
54875.1 3.45716e-16 3.03768e-19 BessellR
54876.1 3.52923e-16 3.04421e-19 BessellR
54877.1 3.60257e-16 3.0496e-19 BessellR
54878.1 3.67718e-16 3.05379e-19 BessellR
54879.1 3.75306e-16 3.05674e-19 BessellR
54880.1 3.83019e-16 3.05841e-19 BessellR
54881.1 3.90857e-16 3.05876e-19 BessellR
54882.1 3.98817e-16 3.05775e-19 BessellR
54883.1 4.06898e-16 3.05535e-19 BessellR
54884.1 4.15098e-16 3.05152e-19 BessellR
54885.1 4.23413e-16 3.04624e-19 BessellR
54886.1 4.31839e-16 3.03949e-19 BessellR
54887.1 4.40373e-16 3.03126e-19 BessellR
54888.1 4.49009e-16 3.02153e-19 BessellR
54889.1 4.57741e-16 3.01032e-19 BessellR
54890.1 4.66564e-16 2.99764e-19 BessellR
54891.1 4.75469e-16 2.98352e-19 BessellR
54892.1 4.84447e-16 2.968e-19 BessellR
54893.1 4.93491e-16 2.95113e-19 BessellR
54894.1 5.02588e-16 2.933e-19 BessellR
54895.1 5.11726e-16 2.9137e-19 BessellR
54896.1 5.20893e-16 2.89334e-19 BessellR
54897.1 5.30074e-16 2.87208e-19 BessellR
54898.1 5.39252e-16 2.85007e-19 BessellR
54899.1 5.48411e-16 2.8275e-19 BessellR
54900.1 5.57529e-16 2.80458e-19 BessellR
54901.1 5.66588e-16 2.78157e-19 BessellR
54902.1 5.75563e-16 2.75872e-19 BessellR
54903.1 5.8443e-16 2.73631e-19 BessellR
54904.1 5.93162e-16 2.71464e-19 BessellR
54905.1 6.01731e-16 2.69402e-19 BessellR
54906.1 6.10107e-16 2.67475e-19 BessellR
54907.1 6.18256e-16 2.65713e-19 BessellR
54908.1 6.26146e-16 2.64143e-19 BessellR
54909.1 6.33739e-16 2.6279e-19 BessellR
54910.1 6.40999e-16 2.61672e-19 BessellR
54911.1 6.47885e-16 2.60801e-19 BessellR
54912.1 6.54358e-16 2.60182e-19 BessellR
54913.1 6.60375e-16 2.5981e-19 BessellR
54914.1 6.65894e-16 2.59669e-19 BessellR
54915.1 6.70873e-16 2.59733e-19 BessellR
54916.1 6.75267e-16 2.59964e-19 BessellR
54917.1 6.79035e-16 2.60314e-19 BessellR
54918.1 6.82133e-16 2.60725e-19 BessellR
54919.1 6.84522e-16 2.61128e-19 BessellR
54920.1 6.86162e-16 2.6145e-19 BessellR
54921.1 6.87018e-16 2.61611e-19 BessellR
54922.1 6.87055e-16 2.61529e-19 BessellR
54923.1 6.86245e-16 2.61121e-19 BessellR
54924.1 6.84561e-16 2.60309e-19 BessellR
54925.1 6.81985e-16 2.59019e-19 BessellR
54926.1 6.785e-16 2.57185e-19 BessellR
54927.1 6.74097e-16 2.54751e-19 BessellR
54928.1 6.68775e-16 2.51676e-19 BessellR
54929.1 6.62536e-16 2.4793e-19 BessellR
54930.1 6.55392e-16 2.43502e-19 BessellR
54931.1 6.47361e-16 2.38397e-19 BessellR
54932.1 6.38466e-16 2.3264e-19 BessellR
54933.1 6.28738e-16 2.26271e-19 BessellR
54934.1 6.18217e-16 2.19353e-19 BessellR
54935.1 6.06944e-16 2.11961e-19 BessellR
54936.1 5.9497e-16 2.04193e-19 BessellR
54937.1 5.82348e-16 1.96157e-19 BessellR
54938.1 5.69137e-16 1.87977e-19 BessellR
54939.1 5.55398e-16 1.79787e-19 BessellR
54940.1 5.41195e-16 1.71729e-19 BessellR
54941.1 5.26593e-16 1.63948e-19 BessellR
54942.1 5.1166e-16 1.56588e-19 BessellR
54943.1 4.96461e-16 1.49785e-19 BessellR
54944.1 4.81064e-16 1.43662e-19 BessellR
54945.1 4.65531e-16 1.38316e-19 BessellR
54946.1 4.49926e-16 1.33819e-19 BessellR
54947.1 4.34307e-16 1.30201e-19 BessellR
54948.1 4.18732e-16 1.27458e-19 BessellR
54949.1 4.03252e-16 1.25543e-19 BessellR
54950.1 3.87916e-16 1.24379e-19 BessellR
54951.1 3.7277e-16 1.23859e-19 BessellR
54952.1 3.57853e-16 1.23864e-19 BessellR
54953.1 3.43202e-16 1.24268e-19 BessellR
54954.1 3.28848e-16 1.24948e-19 BessellR
54955.1 3.14819e-16 1.25791e-19 BessellR
54956.1 3.01139e-16 1.26698e-19 BessellR
54957.1 2.87826e-16 1.27583e-19 BessellR
54958.1 2.74897e-16 1.28379e-19 BessellR
54959.1 2.62364e-16 1.29031e-19 BessellR
54960.1 2.50237e-16 1.295e-19 BessellR
54961.1 2.3852e-16 1.29756e-19 BessellR
54962.1 2.27219e-16 1.29781e-19 BessellR
54963.1 2.16333e-16 1.29566e-19 BessellR
54964.1 2.05861e-16 1.29108e-19 BessellR
54965.1 1.95801e-16 1.2841e-19 BessellR
54966.1 1.86148e-16 1.2748e-19 BessellR
54967.1 1.76894e-16 1.26326e-19 BessellR
54968.1 1.68034e-16 1.24964e-19 BessellR
54969.1 1.59557e-16 1.23406e-19 BessellR
54970.1 1.51455e-16 1.2167e-19 BessellR
54971.1 1.43718e-16 1.19772e-19 BessellR
54972.1 1.36334e-16 1.17728e-19 BessellR
54973.1 1.29293e-16 1.15555e-19 BessellR
54974.1 1.22584e-16 1.1327e-19 BessellR
54975.1 1.16194e-16 1.10888e-19 BessellR
54976.1 1.10111e-16 1.08425e-19 BessellR
54977.1 1.04325e-16 1.05894e-19 BessellR
54978.1 9.88237e-17 1.03309e-19 BessellR
54979.1 9.3595e-17 1.00683e-19 BessellR
54980.1 8.86277e-17 9.80271e-20 BessellR
54981.1 8.39108e-17 9.53527e-20 BessellR
54982.1 7.94332e-17 9.26694e-20 BessellR
54983.1 7.51842e-17 8.99863e-20 BessellR
54984.1 7.11534e-17 8.73114e-20 BessellR
54985.1 6.73308e-17 8.46523e-20 BessellR
54986.1 6.37066e-17 8.20153e-20 BessellR
54987.1 6.02713e-17 7.94065e-20 BessellR
54988.1 5.70159e-17 7.68311e-20 BessellR
54989.1 5.39317e-17 7.42934e-20 BessellR
54990.1 5.10101e-17 7.17976e-20 BessellR
54991.1 4.82432e-17 6.9347e-20 BessellR
54992.1 4.56233e-17 6.69445e-20 BessellR
54993.1 4.31428e-17 6.45926e-20 BessellR
54994.1 4.07948e-17 6.22933e-20 BessellR
54995.1 3.85724e-17 6.00481e-20 BessellR
54996.1 3.64692e-17 5.78585e-20 BessellR
54997.1 3.44791e-17 5.57252e-20 BessellR
54998.1 3.25961e-17 5.3649e-20 BessellR
54999.1 3.08148e-17 5.16303e-20 BessellR
55000.1 2.91297e-17 4.96692e-20 BessellR
55001.1 2.75357e-17 4.77657e-20 BessellR
55002.1 2.60282e-17 4.59196e-20 BessellR
55003.1 2.46024e-17 4.41305e-20 BessellR
55004.1 2.32542e-17 4.23979e-20 BessellR
55005.1 2.19792e-17 4.0721e-20 BessellR
55006.1 2.07737e-17 3.90992e-20 BessellR
55007.1 1.96338e-17 3.75315e-20 BessellR
55008.1 1.85561e-17 3.6017e-20 BessellR
55009.1 1.75373e-17 3.45548e-20 BessellR
55010.1 1.65741e-17 3.31436e-20 BessellR
55011.1 1.56635e-17 3.17824e-20 BessellR
55012.1 1.48028e-17 3.04701e-20 BessellR
55013.1 1.39892e-17 2.92054e-20 BessellR
55014.1 1.32201e-17 2.79872e-20 BessellR
54825.3 1.08776e-18 3.72487e-20 BessellV
54826.3 1.16879e-18 3.95875e-20 BessellV
54827.3 1.25587e-18 4.20681e-20 BessellV
54828.3 1.34943e-18 4.46986e-20 BessellV
54829.3 1.44996e-18 4.74876e-20 BessellV
54830.3 1.55798e-18 5.04442e-20 BessellV
54831.3 1.67405e-18 5.35777e-20 BessellV
54832.3 1.79877e-18 5.68981e-20 BessellV
54833.3 1.93278e-18 6.0416e-20 BessellV
54834.3 2.07677e-18 6.41423e-20 BessellV
54835.3 2.23149e-18 6.80885e-20 BessellV
54836.3 2.39774e-18 7.22667e-20 BessellV
54837.3 2.57637e-18 7.66897e-20 BessellV
54838.3 2.76832e-18 8.13706e-20 BessellV
54839.3 2.97456e-18 8.63234e-20 BessellV
54840.3 3.19616e-18 9.15626e-20 BessellV
54841.3 3.43428e-18 9.71033e-20 BessellV
54842.3 3.69013e-18 1.02962e-19 BessellV
54843.3 3.96505e-18 1.09154e-19 BessellV
54844.3 4.26044e-18 1.15697e-19 BessellV
54845.3 4.57784e-18 1.2261e-19 BessellV
54846.3 4.91889e-18 1.2991e-19 BessellV
54847.3 5.28534e-18 1.37618e-19 BessellV
54848.3 5.67909e-18 1.45753e-19 BessellV
54849.3 6.10217e-18 1.54337e-19 BessellV
54850.3 6.55677e-18 1.63391e-19 BessellV
54851.3 7.04523e-18 1.72937e-19 BessellV
54852.3 7.57007e-18 1.82999e-19 BessellV
54853.3 8.134e-18 1.936e-19 BessellV
54854.3 8.73993e-18 2.04765e-19 BessellV
54855.3 9.39099e-18 2.16519e-19 BessellV
54856.3 1.00905e-17 2.28888e-19 BessellV
54857.3 1.08422e-17 2.41898e-19 BessellV
54858.3 1.16498e-17 2.55575e-19 BessellV
54859.3 1.25175e-17 2.69948e-19 BessellV
54860.3 1.34498e-17 2.85044e-19 BessellV
54861.3 1.44516e-17 3.00889e-19 BessellV
54862.3 1.55279e-17 3.17514e-19 BessellV
54863.3 1.66842e-17 3.34944e-19 BessellV
54864.3 1.79267e-17 3.53208e-19 BessellV
54865.3 1.92615e-17 3.72333e-19 BessellV
54866.3 2.06956e-17 3.92346e-19 BessellV
54867.3 2.22364e-17 4.13272e-19 BessellV
54868.3 2.38917e-17 4.35137e-19 BessellV
54869.3 2.567e-17 4.57962e-19 BessellV
54870.3 2.75804e-17 4.8177e-19 BessellV
54871.3 2.96326e-17 5.06579e-19 BessellV
54872.3 3.18371e-17 5.32406e-19 BessellV
54873.3 3.42051e-17 5.59263e-19 BessellV
54874.3 3.67487e-17 5.8716e-19 BessellV
54875.3 3.94806e-17 6.161e-19 BessellV
54876.3 4.24148e-17 6.46084e-19 BessellV
54877.3 4.55658e-17 6.77103e-19 BessellV
54878.3 4.89496e-17 7.09145e-19 BessellV
54879.3 5.2583e-17 7.42186e-19 BessellV
54880.3 5.64839e-17 7.76195e-19 BessellV
54881.3 6.06717e-17 8.11129e-19 BessellV
54882.3 6.51669e-17 8.46935e-19 BessellV
54883.3 6.99913e-17 8.83544e-19 BessellV
54884.3 7.51682e-17 9.20874e-19 BessellV
54885.3 8.07222e-17 9.58823e-19 BessellV
54886.3 8.66795e-17 9.97274e-19 BessellV
54887.3 9.30679e-17 1.03608e-18 BessellV
54888.3 9.99165e-17 1.07509e-18 BessellV
54889.3 1.07256e-16 1.1141e-18 BessellV
54890.3 1.15119e-16 1.1529e-18 BessellV
54891.3 1.2354e-16 1.19124e-18 BessellV
54892.3 1.32552e-16 1.22883e-18 BessellV
54893.3 1.42193e-16 1.26535e-18 BessellV
54894.3 1.52501e-16 1.30046e-18 BessellV
54895.3 1.63512e-16 1.33374e-18 BessellV
54896.3 1.75267e-16 1.36477e-18 BessellV
54897.3 1.87803e-16 1.39305e-18 BessellV
54898.3 2.01158e-16 1.41807e-18 BessellV
54899.3 2.15369e-16 1.43927e-18 BessellV
54900.3 2.30471e-16 1.45605e-18 BessellV
54901.3 2.46493e-16 1.46777e-18 BessellV
54902.3 2.63462e-16 1.47379e-18 BessellV
54903.3 2.81399e-16 1.47346e-18 BessellV
54904.3 3.00315e-16 1.46612e-18 BessellV
54905.3 3.20212e-16 1.45114e-18 BessellV
54906.3 3.41079e-16 1.42798e-18 BessellV
54907.3 3.6289e-16 1.39615e-18 BessellV
54908.3 3.85603e-16 1.35531e-18 BessellV
54909.3 4.09152e-16 1.30529e-18 BessellV
54910.3 4.33449e-16 1.24613e-18 BessellV
54911.3 4.5838e-16 1.17817e-18 BessellV
54912.3 4.838e-16 1.10207e-18 BessellV
54913.3 5.09533e-16 1.0189e-18 BessellV
54914.3 5.35373e-16 9.30195e-19 BessellV
54915.3 5.61079e-16 8.38004e-19 BessellV
54916.3 5.86379e-16 7.44972e-19 BessellV
54917.3 6.10976e-16 6.54394e-19 BessellV
54918.3 6.34549e-16 5.70232e-19 BessellV
54919.3 6.56761e-16 4.96998e-19 BessellV
54920.3 6.77272e-16 4.39219e-19 BessellV
54921.3 6.95746e-16 4.00157e-19 BessellV
54922.3 7.11866e-16 3.80012e-19 BessellV
54923.3 7.25344e-16 3.75088e-19 BessellV
54924.3 7.35939e-16 3.79216e-19 BessellV
54925.3 7.4346e-16 3.86241e-19 BessellV
54926.3 7.47783e-16 3.91632e-19 BessellV
54927.3 7.48849e-16 3.92837e-19 BessellV
54928.3 7.46672e-16 3.88985e-19 BessellV
54929.3 7.41337e-16 3.8043e-19 BessellV
54930.3 7.32988e-16 3.68314e-19 BessellV
54931.3 7.2183e-16 3.54168e-19 BessellV
54932.3 7.08111e-16 3.39559e-19 BessellV
54933.3 6.92112e-16 3.25799e-19 BessellV
54934.3 6.74138e-16 3.13722e-19 BessellV
54935.3 6.54503e-16 3.03599e-19 BessellV
54936.3 6.3352e-16 2.95189e-19 BessellV
54937.3 6.11493e-16 2.87899e-19 BessellV
54938.3 5.88711e-16 2.81001e-19 BessellV
54939.3 5.65437e-16 2.73807e-19 BessellV
54940.3 5.41912e-16 2.65791e-19 BessellV
54941.3 5.18349e-16 2.56638e-19 BessellV
54942.3 4.94933e-16 2.46241e-19 BessellV
54943.3 4.71818e-16 2.34675e-19 BessellV
54944.3 4.49138e-16 2.22155e-19 BessellV
54945.3 4.26998e-16 2.08996e-19 BessellV
54946.3 4.05483e-16 1.95582e-19 BessellV
54947.3 3.84657e-16 1.82332e-19 BessellV
54948.3 3.64568e-16 1.69678e-19 BessellV
54949.3 3.45248e-16 1.58043e-19 BessellV
54950.3 3.26717e-16 1.47814e-19 BessellV
54951.3 3.08984e-16 1.39311e-19 BessellV
54952.3 2.92049e-16 1.32752e-19 BessellV
54953.3 2.75905e-16 1.28219e-19 BessellV
54954.3 2.60539e-16 1.25644e-19 BessellV
54955.3 2.45933e-16 1.24818e-19 BessellV
54956.3 2.32068e-16 1.25437e-19 BessellV
54957.3 2.18918e-16 1.27147e-19 BessellV
54958.3 2.06459e-16 1.29601e-19 BessellV
54959.3 1.94664e-16 1.32487e-19 BessellV
54960.3 1.83506e-16 1.35546e-19 BessellV
54961.3 1.72956e-16 1.38575e-19 BessellV
54962.3 1.62987e-16 1.41423e-19 BessellV
54963.3 1.53571e-16 1.43982e-19 BessellV
54964.3 1.44681e-16 1.46179e-19 BessellV
54965.3 1.36292e-16 1.47971e-19 BessellV
54966.3 1.28377e-16 1.49334e-19 BessellV
54967.3 1.20912e-16 1.50261e-19 BessellV
54968.3 1.13873e-16 1.50758e-19 BessellV
54969.3 1.07237e-16 1.50839e-19 BessellV
54970.3 1.00982e-16 1.50522e-19 BessellV
54971.3 9.50871e-17 1.49832e-19 BessellV
54972.3 8.95327e-17 1.48795e-19 BessellV
54973.3 8.42996e-17 1.4744e-19 BessellV
54974.3 7.93697e-17 1.45794e-19 BessellV
54975.3 7.4726e-17 1.43886e-19 BessellV
54976.3 7.03523e-17 1.41744e-19 BessellV
54977.3 6.62331e-17 1.39395e-19 BessellV
54978.3 6.23538e-17 1.36864e-19 BessellV
54979.3 5.87008e-17 1.34177e-19 BessellV
54980.3 5.5261e-17 1.31355e-19 BessellV
54981.3 5.20221e-17 1.28421e-19 BessellV
54982.3 4.89725e-17 1.25395e-19 BessellV
54983.3 4.61011e-17 1.22295e-19 BessellV
54984.3 4.33978e-17 1.19138e-19 BessellV
54985.3 4.08527e-17 1.1594e-19 BessellV
54986.3 3.84565e-17 1.12715e-19 BessellV
54987.3 3.62007e-17 1.09476e-19 BessellV
54988.3 3.40771e-17 1.06234e-19 BessellV
54989.3 3.20779e-17 1.03002e-19 BessellV
54990.3 3.01958e-17 9.97867e-20 BessellV
54991.3 2.84241e-17 9.65979e-20 BessellV
54992.3 2.67562e-17 9.34428e-20 BessellV
54993.3 2.51862e-17 9.0328e-20 BessellV
54994.3 2.37082e-17 8.72592e-20 BessellV
54995.3 2.23169e-17 8.42415e-20 BessellV
54996.3 2.10073e-17 8.12791e-20 BessellV
54997.3 1.97744e-17 7.83758e-20 BessellV
54998.3 1.86139e-17 7.55345e-20 BessellV
54999.3 1.75214e-17 7.27579e-20 BessellV
55000.3 1.64931e-17 7.00479e-20 BessellV
55001.3 1.55251e-17 6.74063e-20 BessellV
55002.3 1.46139e-17 6.48341e-20 BessellV
55003.3 1.37562e-17 6.23323e-20 BessellV
55004.3 1.29488e-17 5.99014e-20 BessellV
55005.3 1.21888e-17 5.75416e-20 BessellV
55006.3 1.14734e-17 5.52529e-20 BessellV
55007.3 1.07999e-17 5.3035e-20 BessellV
55008.3 1.0166e-17 5.08874e-20 BessellV
55009.3 9.56934e-18 4.88095e-20 BessellV
55010.3 9.00766e-18 4.68004e-20 BessellV
55011.3 8.47895e-18 4.48593e-20 BessellV
55012.3 7.98128e-18 4.2985e-20 BessellV
55013.3 7.51281e-18 4.11763e-20 BessellV
55014.3 7.07183e-18 3.9432e-20 BessellV
55015.3 6.65674e-18 3.77508e-20 BessellV
55016.3 6.26602e-18 3.61312e-20 BessellV
55017.3 5.89823e-18 3.45718e-20 BessellV
55018.3 5.55202e-18 3.3071e-20 BessellV
55019.3 5.22614e-18 3.16274e-20 BessellV
55020.3 4.91938e-18 3.02394e-20 BessellV
55021.3 4.63063e-18 2.89055e-20 BessellV
55022.3 4.35883e-18 2.7624e-20 BessellV
55023.3 4.10298e-18 2.63934e-20 BessellV
55024.3 3.86214e-18 2.52122e-20 BessellV
55025.3 3.63545e-18 2.40788e-20 BessellV
55026.3 3.42206e-18 2.29915e-20 BessellV
55027.3 3.2212e-18 2.1949e-20 BessellV
55028.3 3.03212e-18 2.09497e-20 BessellV
55029.3 2.85414e-18 1.99921e-20 BessellV
55030.3 2.68662e-18 1.90748e-20 BessellV
55031.3 2.52892e-18 1.81963e-20 BessellV
55032.3 2.38048e-18 1.73553e-20 BessellV
55033.3 2.24075e-18 1.65503e-20 BessellV
55034.3 2.10923e-18 1.578e-20 BessellV
55035.3 1.98542e-18 1.50431e-20 BessellV
55036.3 1.86888e-18 1.43384e-20 BessellV
55037.3 1.75919e-18 1.36646e-20 BessellV
55038.3 1.65593e-18 1.30206e-20 BessellV
55039.3 1.55873e-18 1.2405e-20 BessellV
55040.3 1.46724e-18 1.18169e-20 BessellV
55041.3 1.38111e-18 1.12551e-20 BessellV
55042.3 1.30005e-18 1.07185e-20 BessellV
55043.3 1.22374e-18 1.02061e-20 BessellV
55044.3 1.15191e-18 9.71702e-21 BessellV
55045.3 1.0843e-18 9.25016e-21 BessellV
55046.3 1.02065e-18 8.80463e-21 BessellV
55047.3 9.60742e-19 8.37954e-21 BessellV
55048.3 9.04349e-19 7.97402e-21 BessellV
55049.3 8.51267e-19 7.58724e-21 BessellV
55050.3 8.013e-19 7.2184e-21 BessellV
55051.3 7.54266e-19 6.86672e-21 BessellV
55052.3 7.09993e-19 6.53146e-21 BessellV
55053.3 6.68319e-19 6.2119e-21 BessellV
55054.3 6.29091e-19 5.90735e-21 BessellV
55055.3 5.92165e-19 5.61716e-21 BessellV
55056.3 5.57407e-19 5.34068e-21 BessellV
55057.3 5.24689e-19 5.07731e-21 BessellV
55058.3 4.93891e-19 4.82646e-21 BessellV
55059.3 4.64901e-19 4.58757e-21 BessellV
55060.3 4.37613e-19 4.36009e-21 BessellV
55061.3 4.11927e-19 4.14351e-21 BessellV
55062.3 3.87748e-19 3.93734e-21 BessellV
55063.3 3.64988e-19 3.7411e-21 BessellV
55064.3 3.43565e-19 3.55432e-21 BessellV
55065.3 3.23399e-19 3.37659e-21 BessellV
55066.3 3.04416e-19 3.20748e-21 BessellV
55067.3 2.86548e-19 3.04659e-21 BessellV
55068.3 2.69729e-19 2.89353e-21 BessellV
55069.3 2.53896e-19 2.74795e-21 BessellV
55070.3 2.38993e-19 2.60949e-21 BessellV
55071.3 2.24965e-19 2.47781e-21 BessellV
55072.3 2.11761e-19 2.35261e-21 BessellV
55073.3 1.99331e-19 2.23356e-21 BessellV
55074.3 1.87631e-19 2.12039e-21 BessellV
55075.3 1.76618e-19 2.01281e-21 BessellV
55076.3 1.66251e-19 1.91055e-21 BessellV
55077.3 1.56492e-19 1.81336e-21 BessellV
55078.3 1.47307e-19 1.721e-21 BessellV
55079.3 1.3866e-19 1.63323e-21 BessellV
55080.3 1.30521e-19 1.54984e-21 BessellV
55081.3 1.2286e-19 1.47061e-21 BessellV
55082.3 1.15649e-19 1.39534e-21 BessellV
55083.3 1.08861e-19 1.32385e-21 BessellV
55084.3 1.02471e-19 1.25593e-21 BessellV
55085.3 9.64562e-20 1.19143e-21 BessellV
55086.3 9.07946e-20 1.13018e-21 BessellV
55087.3 8.54652e-20 1.07201e-21 BessellV
55088.3 8.04487e-20 1.01678e-21 BessellV
55089.3 7.57267e-20 9.64333e-22 BessellV
55090.3 7.12818e-20 9.14544e-22 BessellV
55091.3 6.70978e-20 8.67277e-22 BessellV
55092.3 6.31594e-20 8.22408e-22 BessellV
55093.3 5.94521e-20 7.79818e-22 BessellV
55094.3 5.59625e-20 7.39395e-22 BessellV
55095.3 5.26777e-20 7.01031e-22 BessellV
55096.3 4.95857e-20 6.64623e-22 BessellV
55097.3 4.66752e-20 6.30074e-22 BessellV
55098.3 4.39355e-20 5.97291e-22 BessellV
