52685.1 3.25795e-15 2.86254e-18 BessellB
52686.1 3.23046e-15 2.79616e-18 BessellB
52687.1 3.20311e-15 2.73087e-18 BessellB
52688.1 3.17591e-15 2.66665e-18 BessellB
52689.1 3.14886e-15 2.60351e-18 BessellB
52690.1 3.12194e-15 2.54143e-18 BessellB
52691.1 3.09516e-15 2.48042e-18 BessellB
52692.1 3.06853e-15 2.42047e-18 BessellB
52693.1 3.04203e-15 2.36158e-18 BessellB
52694.1 3.01568e-15 2.30374e-18 BessellB
52695.1 2.98946e-15 2.24695e-18 BessellB
52696.1 2.96338e-15 2.1912e-18 BessellB
52697.1 2.93745e-15 2.1365e-18 BessellB
52698.1 2.91165e-15 2.08283e-18 BessellB
52699.1 2.88598e-15 2.03021e-18 BessellB
52700.1 2.86046e-15 1.97861e-18 BessellB
52701.1 2.83507e-15 1.92805e-18 BessellB
52702.1 2.80981e-15 1.87851e-18 BessellB
52703.1 2.7847e-15 1.83e-18 BessellB
52704.1 2.75972e-15 1.78251e-18 BessellB
52705.1 2.73487e-15 1.73604e-18 BessellB
52706.1 2.71016e-15 1.69059e-18 BessellB
52707.1 2.68558e-15 1.64615e-18 BessellB
52708.1 2.66114e-15 1.60272e-18 BessellB
52709.1 2.63683e-15 1.56031e-18 BessellB
52710.1 2.61266e-15 1.51891e-18 BessellB
52711.1 2.58862e-15 1.47851e-18 BessellB
52712.1 2.56471e-15 1.43913e-18 BessellB
52713.1 2.54094e-15 1.40074e-18 BessellB
52714.1 2.51729e-15 1.36336e-18 BessellB
52715.1 2.49378e-15 1.32698e-18 BessellB
52716.1 2.47041e-15 1.2916e-18 BessellB
52717.1 2.44716e-15 1.25721e-18 BessellB
52718.1 2.42404e-15 1.22382e-18 BessellB
52719.1 2.40106e-15 1.19143e-18 BessellB
52720.1 2.37821e-15 1.16003e-18 BessellB
52721.1 2.35549e-15 1.12961e-18 BessellB
52722.1 2.3329e-15 1.10019e-18 BessellB
52723.1 2.31044e-15 1.07175e-18 BessellB
52724.1 2.28811e-15 1.04429e-18 BessellB
52725.1 2.26591e-15 1.0178e-18 BessellB
52726.1 2.24384e-15 9.92294e-19 BessellB
52727.1 2.2219e-15 9.6775e-19 BessellB
52728.1 2.20008e-15 9.44168e-19 BessellB
52729.1 2.1784e-15 9.2154e-19 BessellB
52730.1 2.15685e-15 8.9986e-19 BessellB
52731.1 2.13543e-15 8.79118e-19 BessellB
52732.1 2.11413e-15 8.59304e-19 BessellB
52733.1 2.09297e-15 8.40408e-19 BessellB
52734.1 2.07193e-15 8.22418e-19 BessellB
52735.1 2.05103e-15 8.05319e-19 BessellB
52736.1 2.03025e-15 7.89096e-19 BessellB
52737.1 2.0096e-15 7.73733e-19 BessellB
52738.1 1.98907e-15 7.59212e-19 BessellB
52739.1 1.96868e-15 7.45513e-19 BessellB
52740.1 1.94841e-15 7.32615e-19 BessellB
52741.1 1.92827e-15 7.20496e-19 BessellB
52742.1 1.90826e-15 7.0913e-19 BessellB
52743.1 1.88838e-15 6.98493e-19 BessellB
52744.1 1.86862e-15 6.88559e-19 BessellB
52745.1 1.849e-15 6.79298e-19 BessellB
52746.1 1.8295e-15 6.70683e-19 BessellB
52747.1 1.81012e-15 6.62684e-19 BessellB
52748.1 1.79088e-15 6.5527e-19 BessellB
52749.1 1.77176e-15 6.48409e-19 BessellB
52750.1 1.75277e-15 6.42072e-19 BessellB
52751.1 1.73391e-15 6.36226e-19 BessellB
52752.1 1.71517e-15 6.3084e-19 BessellB
52753.1 1.69656e-15 6.25881e-19 BessellB
52754.1 1.67808e-15 6.2132e-19 BessellB
52755.1 1.65972e-15 6.17126e-19 BessellB
52756.1 1.64149e-15 6.13268e-19 BessellB
52757.1 1.62339e-15 6.09717e-19 BessellB
52758.1 1.60542e-15 6.06444e-19 BessellB
52759.1 1.58757e-15 6.03423e-19 BessellB
52760.1 1.56984e-15 6.00627e-19 BessellB
52761.1 1.55225e-15 5.9803e-19 BessellB
52762.1 1.53478e-15 5.95608e-19 BessellB
52763.1 1.51743e-15 5.93337e-19 BessellB
52764.1 1.50022e-15 5.91197e-19 BessellB
52765.1 1.48312e-15 5.89166e-19 BessellB
52766.1 1.46616e-15 5.87225e-19 BessellB
52767.1 1.44932e-15 5.85356e-19 BessellB
52768.1 1.43261e-15 5.83541e-19 BessellB
52769.1 1.41602e-15 5.81764e-19 BessellB
52770.1 1.39956e-15 5.80012e-19 BessellB
52771.1 1.38322e-15 5.78269e-19 BessellB
52772.1 1.36701e-15 5.76524e-19 BessellB
52773.1 1.35092e-15 5.74765e-19 BessellB
52774.1 1.33496e-15 5.72982e-19 BessellB
52775.1 1.31912e-15 5.71164e-19 BessellB
52776.1 1.30341e-15 5.69303e-19 BessellB
52777.1 1.28783e-15 5.67391e-19 BessellB
52778.1 1.27236e-15 5.65421e-19 BessellB
52779.1 1.25703e-15 5.63387e-19 BessellB
52780.1 1.24181e-15 5.61282e-19 BessellB
52781.1 1.22673e-15 5.59103e-19 BessellB
52782.1 1.21176e-15 5.56845e-19 BessellB
52783.1 1.19692e-15 5.54505e-19 BessellB
52784.1 1.1822e-15 5.52078e-19 BessellB
52785.1 1.16761e-15 5.49563e-19 BessellB
52786.1 1.15314e-15 5.46958e-19 BessellB
52787.1 1.13879e-15 5.44261e-19 BessellB
52788.1 1.12457e-15 5.41471e-19 BessellB
52789.1 1.11047e-15 5.38587e-19 BessellB
52790.1 1.09649e-15 5.35608e-19 BessellB
52791.1 1.08264e-15 5.32536e-19 BessellB
52792.1 1.0689e-15 5.29369e-19 BessellB
52793.1 1.05529e-15 5.26109e-19 BessellB
52794.1 1.0418e-15 5.22757e-19 BessellB
52795.1 1.02843e-15 5.19313e-19 BessellB
52796.1 1.01518e-15 5.15779e-19 BessellB
52797.1 1.00205e-15 5.12157e-19 BessellB
52798.1 9.89047e-16 5.08448e-19 BessellB
52799.1 9.7616e-16 5.04654e-19 BessellB
52800.1 9.63394e-16 5.00778e-19 BessellB
52801.1 9.50747e-16 4.96821e-19 BessellB
52802.1 9.38219e-16 4.92787e-19 BessellB
52803.1 9.2581e-16 4.88676e-19 BessellB
52804.1 9.1352e-16 4.84493e-19 BessellB
52805.1 9.01348e-16 4.8024e-19 BessellB
52806.1 8.89294e-16 4.75919e-19 BessellB
52807.1 8.77358e-16 4.71533e-19 BessellB
52808.1 8.65539e-16 4.67086e-19 BessellB
52809.1 8.53837e-16 4.62579e-19 BessellB
52810.1 8.42251e-16 4.58018e-19 BessellB
52811.1 8.30781e-16 4.53403e-19 BessellB
52812.1 8.19427e-16 4.48739e-19 BessellB
52813.1 8.08188e-16 4.44028e-19 BessellB
52814.1 7.97064e-16 4.39273e-19 BessellB
52815.1 7.86055e-16 4.34478e-19 BessellB
52816.1 7.75159e-16 4.29646e-19 BessellB
52817.1 7.64376e-16 4.2478e-19 BessellB
52818.1 7.53707e-16 4.19883e-19 BessellB
52819.1 7.4315e-16 4.14957e-19 BessellB
52820.1 7.32705e-16 4.10007e-19 BessellB
52821.1 7.22372e-16 4.05034e-19 BessellB
52822.1 7.1215e-16 4.00043e-19 BessellB
52823.1 7.02038e-16 3.95035e-19 BessellB
52824.1 6.92036e-16 3.90015e-19 BessellB
52825.1 6.82144e-16 3.84984e-19 BessellB
52826.1 6.72361e-16 3.79946e-19 BessellB
52827.1 6.62686e-16 3.74903e-19 BessellB
52828.1 6.53119e-16 3.69859e-19 BessellB
52829.1 6.43659e-16 3.64815e-19 BessellB
52830.1 6.34306e-16 3.59775e-19 BessellB
52831.1 6.25059e-16 3.54741e-19 BessellB
52832.1 6.15918e-16 3.49716e-19 BessellB
52833.1 6.06882e-16 3.44703e-19 BessellB
52834.1 5.9795e-16 3.39702e-19 BessellB
52835.1 5.89121e-16 3.34718e-19 BessellB
52836.1 5.80396e-16 3.29752e-19 BessellB
52837.1 5.71774e-16 3.24807e-19 BessellB
52838.1 5.63253e-16 3.19884e-19 BessellB
52839.1 5.54833e-16 3.14987e-19 BessellB
52840.1 5.46514e-16 3.10116e-19 BessellB
52841.1 5.38295e-16 3.05274e-19 BessellB
52842.1 5.30176e-16 3.00463e-19 BessellB
52843.1 5.22155e-16 2.95685e-19 BessellB
52844.1 5.14232e-16 2.90942e-19 BessellB
52845.1 5.06406e-16 2.86234e-19 BessellB
52846.1 4.98677e-16 2.81565e-19 BessellB
52847.1 4.91044e-16 2.76935e-19 BessellB
52848.1 4.83506e-16 2.72346e-19 BessellB
52849.1 4.76062e-16 2.678e-19 BessellB
52850.1 4.68713e-16 2.63297e-19 BessellB
52851.1 4.61456e-16 2.5884e-19 BessellB
52852.1 4.54292e-16 2.5443e-19 BessellB
52853.1 4.4722e-16 2.50067e-19 BessellB
52854.1 4.40238e-16 2.45753e-19 BessellB
52855.1 4.33347e-16 2.41489e-19 BessellB
52856.1 4.26546e-16 2.37277e-19 BessellB
52857.1 4.19833e-16 2.33116e-19 BessellB
52858.1 4.13208e-16 2.29008e-19 BessellB
52859.1 4.06671e-16 2.24954e-19 BessellB
52860.1 4.0022e-16 2.20954e-19 BessellB
52861.1 3.93855e-16 2.17009e-19 BessellB
52862.1 3.87575e-16 2.1312e-19 BessellB
52863.1 3.8138e-16 2.09288e-19 BessellB
52864.1 3.75268e-16 2.05513e-19 BessellB
52865.1 3.69239e-16 2.01795e-19 BessellB
52866.1 3.63292e-16 1.98135e-19 BessellB
52867.1 3.57426e-16 1.94533e-19 BessellB
52868.1 3.51641e-16 1.9099e-19 BessellB
52869.1 3.45936e-16 1.87506e-19 BessellB
52870.1 3.4031e-16 1.84081e-19 BessellB
52871.1 3.34762e-16 1.80715e-19 BessellB
52872.1 3.29292e-16 1.77408e-19 BessellB
52873.1 3.23899e-16 1.74161e-19 BessellB
52874.1 3.18581e-16 1.70973e-19 BessellB
52875.1 3.13339e-16 1.67844e-19 BessellB
52876.1 3.08172e-16 1.64775e-19 BessellB
52877.1 3.03078e-16 1.61765e-19 BessellB
52878.1 2.98057e-16 1.58814e-19 BessellB
52879.1 2.93108e-16 1.55921e-19 BessellB
52880.1 2.88231e-16 1.53087e-19 BessellB
52881.1 2.83425e-16 1.50311e-19 BessellB
52882.1 2.78689e-16 1.47593e-19 BessellB
52883.1 2.74021e-16 1.44932e-19 BessellB
52884.1 2.69423e-16 1.42329e-19 BessellB
52885.1 2.64892e-16 1.39781e-19 BessellB
52886.1 2.60428e-16 1.3729e-19 BessellB
52887.1 2.5603e-16 1.34854e-19 BessellB
52888.1 2.51698e-16 1.32473e-19 BessellB
52889.1 2.4743e-16 1.30147e-19 BessellB
52890.1 2.43226e-16 1.27874e-19 BessellB
52891.1 2.39086e-16 1.25653e-19 BessellB
52892.1 2.35008e-16 1.23485e-19 BessellB
52893.1 2.30992e-16 1.21369e-19 BessellB
52894.1 2.27037e-16 1.19303e-19 BessellB
52895.1 2.23143e-16 1.17288e-19 BessellB
52896.1 2.19308e-16 1.15321e-19 BessellB
52897.1 2.15532e-16 1.13403e-19 BessellB
52898.1 2.11814e-16 1.11532e-19 BessellB
52899.1 2.08154e-16 1.09708e-19 BessellB
52900.1 2.0455e-16 1.07929e-19 BessellB
52901.1 2.01003e-16 1.06195e-19 BessellB
52902.1 1.97511e-16 1.04505e-19 BessellB
52903.1 1.94073e-16 1.02858e-19 BessellB
52904.1 1.9069e-16 1.01253e-19 BessellB
52905.1 1.8736e-16 9.96885e-20 BessellB
52906.1 1.84082e-16 9.81643e-20 BessellB
52907.1 1.80857e-16 9.66791e-20 BessellB
52908.1 1.77682e-16 9.5232e-20 BessellB
52909.1 1.74559e-16 9.38219e-20 BessellB
52910.1 1.71485e-16 9.24479e-20 BessellB
52911.1 1.6846e-16 9.11091e-20 BessellB
52912.1 1.65485e-16 8.98043e-20 BessellB
52913.1 1.62557e-16 8.85326e-20 BessellB
52914.1 1.59676e-16 8.72931e-20 BessellB
52915.1 1.56843e-16 8.60848e-20 BessellB
52916.1 1.54055e-16 8.49067e-20 BessellB
52917.1 1.51313e-16 8.37578e-20 BessellB
52918.1 1.48615e-16 8.26373e-20 BessellB
52919.1 1.45962e-16 8.15441e-20 BessellB
52920.1 1.43352e-16 8.04774e-20 BessellB
52921.1 1.40785e-16 7.94362e-20 BessellB
52922.1 1.38261e-16 7.84198e-20 BessellB
52923.1 1.35779e-16 7.74271e-20 BessellB
52924.1 1.33337e-16 7.64573e-20 BessellB
52925.1 1.30937e-16 7.55096e-20 BessellB
52926.1 1.28576e-16 7.45832e-20 BessellB
52927.1 1.26255e-16 7.36773e-20 BessellB
52928.1 1.23972e-16 7.2791e-20 BessellB
52929.1 1.21728e-16 7.19237e-20 BessellB
52930.1 1.19522e-16 7.10746e-20 BessellB
52931.1 1.17353e-16 7.02429e-20 BessellB
52932.1 1.1522e-16 6.9428e-20 BessellB
52933.1 1.13124e-16 6.86291e-20 BessellB
52934.1 1.11063e-16 6.78457e-20 BessellB
52935.1 1.09038e-16 6.70771e-20 BessellB
52936.1 1.07047e-16 6.63227e-20 BessellB
52937.1 1.0509e-16 6.55818e-20 BessellB
52938.1 1.03166e-16 6.4854e-20 BessellB
52939.1 1.01276e-16 6.41387e-20 BessellB
52940.1 9.94176e-17 6.34353e-20 BessellB
52941.1 9.75915e-17 6.27434e-20 BessellB
52942.1 9.5797e-17 6.20625e-20 BessellB
52943.1 9.40336e-17 6.1392e-20 BessellB
52944.1 9.23007e-17 6.07316e-20 BessellB
52945.1 9.05978e-17 6.00809e-20 BessellB
52946.1 8.89246e-17 5.94394e-20 BessellB
52947.1 8.72806e-17 5.88067e-20 BessellB
52948.1 8.56652e-17 5.81826e-20 BessellB
52949.1 8.40782e-17 5.75665e-20 BessellB
52950.1 8.25189e-17 5.69583e-20 BessellB
52951.1 8.0987e-17 5.63575e-20 BessellB
52952.1 7.9482e-17 5.5764e-20 BessellB
52953.1 7.80036e-17 5.51774e-20 BessellB
52954.1 7.65512e-17 5.45974e-20 BessellB
52955.1 7.51245e-17 5.40238e-20 BessellB
52956.1 7.3723e-17 5.34563e-20 BessellB
52957.1 7.23464e-17 5.28948e-20 BessellB
52958.1 7.09943e-17 5.23391e-20 BessellB
52959.1 6.96662e-17 5.17888e-20 BessellB
52960.1 6.83618e-17 5.12439e-20 BessellB
52961.1 6.70806e-17 5.07041e-20 BessellB
52962.1 6.58224e-17 5.01693e-20 BessellB
52963.1 6.45867e-17 4.96394e-20 BessellB
52964.1 6.33731e-17 4.91142e-20 BessellB
52965.1 6.21813e-17 4.85936e-20 BessellB
52966.1 6.1011e-17 4.80774e-20 BessellB
52967.1 5.98617e-17 4.75655e-20 BessellB
52968.1 5.87332e-17 4.70579e-20 BessellB
52969.1 5.7625e-17 4.65544e-20 BessellB
52970.1 5.65368e-17 4.6055e-20 BessellB
52971.1 5.54684e-17 4.55594e-20 BessellB
52972.1 5.44194e-17 4.50678e-20 BessellB
52973.1 5.33894e-17 4.458e-20 BessellB
52974.1 5.23781e-17 4.40959e-20 BessellB
52975.1 5.13852e-17 4.36155e-20 BessellB
52976.1 5.04104e-17 4.31386e-20 BessellB
52977.1 4.94535e-17 4.26654e-20 BessellB
52978.1 4.8514e-17 4.21957e-20 BessellB
52979.1 4.75917e-17 4.17295e-20 BessellB
52980.1 4.66863e-17 4.12667e-20 BessellB
52981.1 4.57975e-17 4.08073e-20 BessellB
52982.1 4.4925e-17 4.03514e-20 BessellB
52983.1 4.40686e-17 3.98987e-20 BessellB
52984.1 4.32279e-17 3.94494e-20 BessellB
52985.1 4.24027e-17 3.90034e-20 BessellB
52986.1 4.15928e-17 3.85607e-20 BessellB
52987.1 4.07978e-17 3.81213e-20 BessellB
52988.1 4.00175e-17 3.76852e-20 BessellB
52989.1 3.92516e-17 3.72522e-20 BessellB
52990.1 3.85e-17 3.68226e-20 BessellB
52991.1 3.77622e-17 3.63961e-20 BessellB
52992.1 3.70382e-17 3.59729e-20 BessellB
52993.1 3.63277e-17 3.55529e-20 BessellB
52994.1 3.56303e-17 3.51361e-20 BessellB
52995.1 3.4946e-17 3.47225e-20 BessellB
52996.1 3.42744e-17 3.43121e-20 BessellB
52997.1 3.36153e-17 3.39048e-20 BessellB
52998.1 3.29686e-17 3.35008e-20 BessellB
52999.1 3.23339e-17 3.31e-20 BessellB
53000.1 3.17112e-17 3.27024e-20 BessellB
53001.1 3.11001e-17 3.2308e-20 BessellB
53002.1 3.05004e-17 3.19168e-20 BessellB
53003.1 2.9912e-17 3.15287e-20 BessellB
53004.1 2.93347e-17 3.11439e-20 BessellB
53005.1 2.87682e-17 3.07622e-20 BessellB
53006.1 2.82124e-17 3.03838e-20 BessellB
53007.1 2.7667e-17 3.00085e-20 BessellB
53008.1 2.71319e-17 2.96365e-20 BessellB
53009.1 2.66069e-17 2.92676e-20 BessellB
53010.1 2.60919e-17 2.89019e-20 BessellB
53011.1 2.55865e-17 2.85395e-20 BessellB
53012.1 2.50908e-17 2.81802e-20 BessellB
53013.1 2.46044e-17 2.78241e-20 BessellB
53014.1 2.41272e-17 2.74712e-20 BessellB
53015.1 2.3659e-17 2.71215e-20 BessellB
53016.1 2.31998e-17 2.6775e-20 BessellB
53017.1 2.27492e-17 2.64317e-20 BessellB
53018.1 2.23073e-17 2.60916e-20 BessellB
53019.1 2.18737e-17 2.57546e-20 BessellB
53020.1 2.14484e-17 2.54208e-20 BessellB
53021.1 2.10311e-17 2.50902e-20 BessellB
52695 3.17193e-15 3.28233e-18 BessellI
52696 3.14906e-15 3.21359e-18 BessellI
52697 3.12626e-15 3.14574e-18 BessellI
52698 3.10352e-15 3.0788e-18 BessellI
52699 3.08084e-15 3.01275e-18 BessellI
52700 3.05823e-15 2.94761e-18 BessellI
52701 3.03568e-15 2.88336e-18 BessellI
52702 3.01319e-15 2.82002e-18 BessellI
52703 2.99077e-15 2.75758e-18 BessellI
52704 2.96841e-15 2.69604e-18 BessellI
52705 2.9461e-15 2.63542e-18 BessellI
52706 2.92386e-15 2.57569e-18 BessellI
52707 2.90168e-15 2.51688e-18 BessellI
52708 2.87957e-15 2.45898e-18 BessellI
52709 2.85751e-15 2.40199e-18 BessellI
52710 2.83551e-15 2.34592e-18 BessellI
52711 2.81358e-15 2.29076e-18 BessellI
52712 2.7917e-15 2.23653e-18 BessellI
52713 2.76988e-15 2.18321e-18 BessellI
52714 2.74813e-15 2.13082e-18 BessellI
52715 2.72643e-15 2.07936e-18 BessellI
52716 2.7048e-15 2.02883e-18 BessellI
52717 2.68323e-15 1.97923e-18 BessellI
52718 2.66171e-15 1.93056e-18 BessellI
52719 2.64026e-15 1.88284e-18 BessellI
52720 2.61886e-15 1.83605e-18 BessellI
52721 2.59753e-15 1.79021e-18 BessellI
52722 2.57626e-15 1.74533e-18 BessellI
52723 2.55504e-15 1.70139e-18 BessellI
52724 2.53389e-15 1.65841e-18 BessellI
52725 2.5128e-15 1.61639e-18 BessellI
52726 2.49177e-15 1.57533e-18 BessellI
52727 2.4708e-15 1.53524e-18 BessellI
52728 2.44989e-15 1.49612e-18 BessellI
52729 2.42904e-15 1.45798e-18 BessellI
52730 2.40825e-15 1.42081e-18 BessellI
52731 2.38753e-15 1.38463e-18 BessellI
52732 2.36687e-15 1.34943e-18 BessellI
52733 2.34627e-15 1.31521e-18 BessellI
52734 2.32573e-15 1.28199e-18 BessellI
52735 2.30525e-15 1.24976e-18 BessellI
52736 2.28484e-15 1.21852e-18 BessellI
52737 2.26449e-15 1.18828e-18 BessellI
52738 2.24421e-15 1.15904e-18 BessellI
52739 2.22399e-15 1.1308e-18 BessellI
52740 2.20383e-15 1.10355e-18 BessellI
52741 2.18374e-15 1.0773e-18 BessellI
52742 2.16372e-15 1.05204e-18 BessellI
52743 2.14376e-15 1.02777e-18 BessellI
52744 2.12387e-15 1.00449e-18 BessellI
52745 2.10404e-15 9.82187e-19 BessellI
52746 2.08429e-15 9.60855e-19 BessellI
52747 2.0646e-15 9.40487e-19 BessellI
52748 2.04498e-15 9.21072e-19 BessellI
52749 2.02543e-15 9.02598e-19 BessellI
52750 2.00595e-15 8.8505e-19 BessellI
52751 1.98653e-15 8.68413e-19 BessellI
52752 1.9672e-15 8.52669e-19 BessellI
52753 1.94793e-15 8.37799e-19 BessellI
52754 1.92873e-15 8.23781e-19 BessellI
52755 1.90961e-15 8.10593e-19 BessellI
52756 1.89056e-15 7.98208e-19 BessellI
52757 1.87158e-15 7.86601e-19 BessellI
52758 1.85268e-15 7.75744e-19 BessellI
52759 1.83386e-15 7.65605e-19 BessellI
52760 1.81511e-15 7.56155e-19 BessellI
52761 1.79644e-15 7.4736e-19 BessellI
52762 1.77785e-15 7.39189e-19 BessellI
52763 1.75934e-15 7.31607e-19 BessellI
52764 1.7409e-15 7.24579e-19 BessellI
52765 1.72255e-15 7.18072e-19 BessellI
52766 1.70428e-15 7.12049e-19 BessellI
52767 1.68609e-15 7.06477e-19 BessellI
52768 1.66798e-15 7.01321e-19 BessellI
52769 1.64996e-15 6.96546e-19 BessellI
52770 1.63202e-15 6.92119e-19 BessellI
52771 1.61416e-15 6.88008e-19 BessellI
52772 1.59639e-15 6.84181e-19 BessellI
52773 1.57871e-15 6.80607e-19 BessellI
52774 1.56112e-15 6.77256e-19 BessellI
52775 1.54362e-15 6.741e-19 BessellI
52776 1.5262e-15 6.71112e-19 BessellI
52777 1.50888e-15 6.68265e-19 BessellI
52778 1.49164e-15 6.65536e-19 BessellI
52779 1.4745e-15 6.62901e-19 BessellI
52780 1.45745e-15 6.60338e-19 BessellI
52781 1.4405e-15 6.57827e-19 BessellI
52782 1.42364e-15 6.55349e-19 BessellI
52783 1.40688e-15 6.52886e-19 BessellI
52784 1.39021e-15 6.50422e-19 BessellI
52785 1.37364e-15 6.47941e-19 BessellI
52786 1.35717e-15 6.45431e-19 BessellI
52787 1.3408e-15 6.42877e-19 BessellI
52788 1.32453e-15 6.40269e-19 BessellI
52789 1.30836e-15 6.37596e-19 BessellI
52790 1.29229e-15 6.34849e-19 BessellI
52791 1.27632e-15 6.32019e-19 BessellI
52792 1.26045e-15 6.291e-19 BessellI
52793 1.24469e-15 6.26084e-19 BessellI
52794 1.22904e-15 6.22966e-19 BessellI
52795 1.21349e-15 6.19741e-19 BessellI
52796 1.19805e-15 6.16405e-19 BessellI
52797 1.18271e-15 6.12955e-19 BessellI
52798 1.16748e-15 6.09389e-19 BessellI
52799 1.15236e-15 6.05704e-19 BessellI
52800 1.13735e-15 6.01898e-19 BessellI
52801 1.12245e-15 5.97972e-19 BessellI
52802 1.10767e-15 5.93925e-19 BessellI
52803 1.09299e-15 5.89757e-19 BessellI
52804 1.07842e-15 5.85469e-19 BessellI
52805 1.06397e-15 5.81061e-19 BessellI
52806 1.04963e-15 5.76536e-19 BessellI
52807 1.03541e-15 5.71895e-19 BessellI
52808 1.02129e-15 5.6714e-19 BessellI
52809 1.0073e-15 5.62274e-19 BessellI
52810 9.93419e-16 5.573e-19 BessellI
52811 9.79655e-16 5.5222e-19 BessellI
52812 9.66008e-16 5.47037e-19 BessellI
52813 9.52478e-16 5.41756e-19 BessellI
52814 9.39065e-16 5.36379e-19 BessellI
52815 9.2577e-16 5.30911e-19 BessellI
52816 9.12594e-16 5.25355e-19 BessellI
52817 8.99536e-16 5.19716e-19 BessellI
52818 8.86598e-16 5.13997e-19 BessellI
52819 8.73779e-16 5.08204e-19 BessellI
52820 8.6108e-16 5.02339e-19 BessellI
52821 8.48501e-16 4.96408e-19 BessellI
52822 8.36042e-16 4.90415e-19 BessellI
52823 8.23703e-16 4.84365e-19 BessellI
52824 8.11485e-16 4.78261e-19 BessellI
52825 7.99388e-16 4.72109e-19 BessellI
52826 7.87412e-16 4.65914e-19 BessellI
52827 7.75557e-16 4.59679e-19 BessellI
52828 7.63824e-16 4.53409e-19 BessellI
52829 7.52211e-16 4.47109e-19 BessellI
52830 7.4072e-16 4.40783e-19 BessellI
52831 7.2935e-16 4.34436e-19 BessellI
52832 7.18101e-16 4.28072e-19 BessellI
52833 7.06974e-16 4.21695e-19 BessellI
52834 6.95968e-16 4.1531e-19 BessellI
52835 6.85083e-16 4.0892e-19 BessellI
52836 6.74319e-16 4.0253e-19 BessellI
52837 6.63675e-16 3.96145e-19 BessellI
52838 6.53152e-16 3.89767e-19 BessellI
52839 6.4275e-16 3.83401e-19 BessellI
52840 6.32468e-16 3.7705e-19 BessellI
52841 6.22306e-16 3.70719e-19 BessellI
52842 6.12263e-16 3.64411e-19 BessellI
52843 6.0234e-16 3.5813e-19 BessellI
52844 5.92535e-16 3.51878e-19 BessellI
52845 5.8285e-16 3.45659e-19 BessellI
52846 5.73282e-16 3.39477e-19 BessellI
52847 5.63833e-16 3.33334e-19 BessellI
52848 5.545e-16 3.27233e-19 BessellI
52849 5.45285e-16 3.21178e-19 BessellI
52850 5.36187e-16 3.15171e-19 BessellI
52851 5.27204e-16 3.09214e-19 BessellI
52852 5.18336e-16 3.03311e-19 BessellI
52853 5.09584e-16 2.97463e-19 BessellI
52854 5.00946e-16 2.91673e-19 BessellI
52855 4.92422e-16 2.85944e-19 BessellI
52856 4.84011e-16 2.80276e-19 BessellI
52857 4.75712e-16 2.74673e-19 BessellI
52858 4.67525e-16 2.69136e-19 BessellI
52859 4.5945e-16 2.63667e-19 BessellI
52860 4.51485e-16 2.58268e-19 BessellI
52861 4.4363e-16 2.52939e-19 BessellI
52862 4.35884e-16 2.47683e-19 BessellI
52863 4.28246e-16 2.42501e-19 BessellI
52864 4.20716e-16 2.37394e-19 BessellI
52865 4.13293e-16 2.32363e-19 BessellI
52866 4.05976e-16 2.27409e-19 BessellI
52867 3.98764e-16 2.22534e-19 BessellI
52868 3.91657e-16 2.17737e-19 BessellI
52869 3.84653e-16 2.1302e-19 BessellI
52870 3.77752e-16 2.08384e-19 BessellI
52871 3.70953e-16 2.03828e-19 BessellI
52872 3.64256e-16 1.99354e-19 BessellI
52873 3.57658e-16 1.94962e-19 BessellI
52874 3.5116e-16 1.90651e-19 BessellI
52875 3.4476e-16 1.86423e-19 BessellI
52876 3.38458e-16 1.82278e-19 BessellI
52877 3.32253e-16 1.78214e-19 BessellI
52878 3.26143e-16 1.74233e-19 BessellI
52879 3.20128e-16 1.70335e-19 BessellI
52880 3.14207e-16 1.66518e-19 BessellI
52881 3.08379e-16 1.62783e-19 BessellI
52882 3.02642e-16 1.5913e-19 BessellI
52883 2.96997e-16 1.55558e-19 BessellI
52884 2.91442e-16 1.52066e-19 BessellI
52885 2.85976e-16 1.48655e-19 BessellI
52886 2.80598e-16 1.45323e-19 BessellI
52887 2.75307e-16 1.4207e-19 BessellI
52888 2.70103e-16 1.38896e-19 BessellI
52889 2.64984e-16 1.35799e-19 BessellI
52890 2.59949e-16 1.32778e-19 BessellI
52891 2.54997e-16 1.29833e-19 BessellI
52892 2.50127e-16 1.26963e-19 BessellI
52893 2.45339e-16 1.24167e-19 BessellI
52894 2.40632e-16 1.21444e-19 BessellI
52895 2.36003e-16 1.18793e-19 BessellI
52896 2.31453e-16 1.16213e-19 BessellI
52897 2.2698e-16 1.13702e-19 BessellI
52898 2.22584e-16 1.1126e-19 BessellI
52899 2.18263e-16 1.08886e-19 BessellI
52900 2.14017e-16 1.06577e-19 BessellI
52901 2.09844e-16 1.04333e-19 BessellI
52902 2.05743e-16 1.02153e-19 BessellI
52903 2.01714e-16 1.00035e-19 BessellI
52904 1.97756e-16 9.79779e-20 BessellI
52905 1.93867e-16 9.59805e-20 BessellI
52906 1.90047e-16 9.40413e-20 BessellI
52907 1.86295e-16 9.21589e-20 BessellI
52908 1.82609e-16 9.0332e-20 BessellI
52909 1.78989e-16 8.85591e-20 BessellI
52910 1.75435e-16 8.68388e-20 BessellI
52911 1.71944e-16 8.51698e-20 BessellI
52912 1.68516e-16 8.35505e-20 BessellI
52913 1.6515e-16 8.19796e-20 BessellI
52914 1.61846e-16 8.04556e-20 BessellI
52915 1.58601e-16 7.89772e-20 BessellI
52916 1.55416e-16 7.75428e-20 BessellI
52917 1.5229e-16 7.61511e-20 BessellI
52918 1.49221e-16 7.48008e-20 BessellI
52919 1.46209e-16 7.34904e-20 BessellI
52920 1.43253e-16 7.22186e-20 BessellI
52921 1.40352e-16 7.0984e-20 BessellI
52922 1.37505e-16 6.97853e-20 BessellI
52923 1.34711e-16 6.86212e-20 BessellI
52924 1.3197e-16 6.74904e-20 BessellI
52925 1.2928e-16 6.63916e-20 BessellI
52926 1.26641e-16 6.53237e-20 BessellI
52927 1.24052e-16 6.42855e-20 BessellI
52928 1.21512e-16 6.32757e-20 BessellI
52929 1.19021e-16 6.22932e-20 BessellI
52930 1.16577e-16 6.13368e-20 BessellI
52931 1.1418e-16 6.04056e-20 BessellI
52932 1.11829e-16 5.94985e-20 BessellI
52933 1.09523e-16 5.86144e-20 BessellI
52934 1.07262e-16 5.77524e-20 BessellI
52935 1.05044e-16 5.69114e-20 BessellI
52936 1.02869e-16 5.60907e-20 BessellI
52937 1.00737e-16 5.52893e-20 BessellI
52938 9.86461e-17 5.45063e-20 BessellI
52939 9.65961e-17 5.37409e-20 BessellI
52940 9.45862e-17 5.29924e-20 BessellI
52941 9.26157e-17 5.22601e-20 BessellI
52942 9.0684e-17 5.1543e-20 BessellI
52943 8.87903e-17 5.08407e-20 BessellI
52944 8.6934e-17 5.01524e-20 BessellI
52945 8.51144e-17 4.94776e-20 BessellI
52946 8.33309e-17 4.88155e-20 BessellI
52947 8.15829e-17 4.81657e-20 BessellI
52948 7.98696e-17 4.75276e-20 BessellI
52949 7.81905e-17 4.69007e-20 BessellI
52950 7.6545e-17 4.62845e-20 BessellI
52951 7.49324e-17 4.56786e-20 BessellI
52952 7.33522e-17 4.50825e-20 BessellI
52953 7.18038e-17 4.44958e-20 BessellI
52954 7.02865e-17 4.39181e-20 BessellI
52955 6.87998e-17 4.33491e-20 BessellI
52956 6.73432e-17 4.27884e-20 BessellI
52957 6.59161e-17 4.22357e-20 BessellI
52958 6.45179e-17 4.16907e-20 BessellI
52959 6.31481e-17 4.11531e-20 BessellI
52960 6.18062e-17 4.06226e-20 BessellI
52961 6.04916e-17 4.00991e-20 BessellI
52962 5.92039e-17 3.95821e-20 BessellI
52963 5.79425e-17 3.90717e-20 BessellI
52964 5.67069e-17 3.85674e-20 BessellI
52965 5.54967e-17 3.80692e-20 BessellI
52966 5.43113e-17 3.75768e-20 BessellI
52967 5.31504e-17 3.70902e-20 BessellI
52968 5.20133e-17 3.6609e-20 BessellI
52969 5.08997e-17 3.61333e-20 BessellI
52970 4.98091e-17 3.56629e-20 BessellI
52971 4.8741e-17 3.51975e-20 BessellI
52972 4.76951e-17 3.47372e-20 BessellI
52973 4.66709e-17 3.42819e-20 BessellI
52974 4.56679e-17 3.38313e-20 BessellI
52975 4.46858e-17 3.33855e-20 BessellI
52976 4.37242e-17 3.29443e-20 BessellI
52977 4.27826e-17 3.25077e-20 BessellI
52978 4.18607e-17 3.20755e-20 BessellI
52979 4.0958e-17 3.16478e-20 BessellI
52980 4.00742e-17 3.12245e-20 BessellI
52981 3.9209e-17 3.08055e-20 BessellI
52982 3.83619e-17 3.03907e-20 BessellI
52983 3.75325e-17 2.99801e-20 BessellI
52984 3.67206e-17 2.95737e-20 BessellI
52985 3.59258e-17 2.91714e-20 BessellI
52986 3.51478e-17 2.87732e-20 BessellI
52987 3.43861e-17 2.8379e-20 BessellI
52988 3.36405e-17 2.79888e-20 BessellI
52989 3.29107e-17 2.76026e-20 BessellI
52990 3.21963e-17 2.72204e-20 BessellI
52991 3.14971e-17 2.6842e-20 BessellI
52992 3.08127e-17 2.64676e-20 BessellI
52993 3.01428e-17 2.6097e-20 BessellI
52994 2.94871e-17 2.57303e-20 BessellI
52995 2.88453e-17 2.53674e-20 BessellI
52996 2.82172e-17 2.50084e-20 BessellI
52997 2.76025e-17 2.46531e-20 BessellI
52998 2.70009e-17 2.43015e-20 BessellI
52999 2.64121e-17 2.39538e-20 BessellI
53000 2.58359e-17 2.36097e-20 BessellI
53001 2.5272e-17 2.32694e-20 BessellI
53002 2.47201e-17 2.29328e-20 BessellI
53003 2.41801e-17 2.25998e-20 BessellI
53004 2.36516e-17 2.22705e-20 BessellI
53005 2.31345e-17 2.19449e-20 BessellI
53006 2.26284e-17 2.16228e-20 BessellI
53007 2.21333e-17 2.13044e-20 BessellI
53008 2.16487e-17 2.09896e-20 BessellI
53009 2.11746e-17 2.06784e-20 BessellI
53010 2.07106e-17 2.03707e-20 BessellI
53011 2.02567e-17 2.00666e-20 BessellI
53012 1.98125e-17 1.97661e-20 BessellI
53013 1.9378e-17 1.9469e-20 BessellI
53014 1.89528e-17 1.91754e-20 BessellI
53015 1.85367e-17 1.88853e-20 BessellI
53016 1.81297e-17 1.85987e-20 BessellI
53017 1.77314e-17 1.83155e-20 BessellI
53018 1.73418e-17 1.80357e-20 BessellI
53019 1.69606e-17 1.77594e-20 BessellI
53020 1.65877e-17 1.74864e-20 BessellI
53021 1.62228e-17 1.72168e-20 BessellI
53022 1.58659e-17 1.69505e-20 BessellI
53023 1.55166e-17 1.66876e-20 BessellI
53024 1.5175e-17 1.64279e-20 BessellI
53025 1.48408e-17 1.61716e-20 BessellI
53026 1.45139e-17 1.59185e-20 BessellI
53027 1.4194e-17 1.56686e-20 BessellI
53028 1.38811e-17 1.5422e-20 BessellI
53029 1.35751e-17 1.51785e-20 BessellI
53030 1.32757e-17 1.49382e-20 BessellI
53031 1.29828e-17 1.47011e-20 BessellI
53032 1.26963e-17 1.44671e-20 BessellI
53033 1.2416e-17 1.42362e-20 BessellI
53034 1.21419e-17 1.40084e-20 BessellI
53035 1.18737e-17 1.37836e-20 BessellI
53036 1.16114e-17 1.35619e-20 BessellI
53037 1.13548e-17 1.33432e-20 BessellI
53038 1.11039e-17 1.31274e-20 BessellI
53039 1.08584e-17 1.29146e-20 BessellI
52685.7 1.88335e-15 1.27466e-17 BessellR
52686.7 1.88136e-15 1.26186e-17 BessellR
52687.7 1.8793e-15 1.24906e-17 BessellR
52688.7 1.87719e-15 1.23624e-17 BessellR
52689.7 1.87501e-15 1.22342e-17 BessellR
52690.7 1.87277e-15 1.21059e-17 BessellR
52691.7 1.87047e-15 1.19776e-17 BessellR
52692.7 1.8681e-15 1.18491e-17 BessellR
52693.7 1.86566e-15 1.17207e-17 BessellR
52694.7 1.86316e-15 1.15922e-17 BessellR
52695.7 1.86059e-15 1.14637e-17 BessellR
52696.7 1.85795e-15 1.13352e-17 BessellR
52697.7 1.85525e-15 1.12067e-17 BessellR
52698.7 1.85247e-15 1.10783e-17 BessellR
52699.7 1.84962e-15 1.09499e-17 BessellR
52700.7 1.84671e-15 1.08215e-17 BessellR
52701.7 1.84372e-15 1.06932e-17 BessellR
52702.7 1.84065e-15 1.0565e-17 BessellR
52703.7 1.83752e-15 1.0437e-17 BessellR
52704.7 1.8343e-15 1.0309e-17 BessellR
52705.7 1.83102e-15 1.01811e-17 BessellR
52706.7 1.82765e-15 1.00534e-17 BessellR
52707.7 1.82421e-15 9.92592e-18 BessellR
52708.7 1.8207e-15 9.79858e-18 BessellR
52709.7 1.8171e-15 9.67144e-18 BessellR
52710.7 1.81343e-15 9.54451e-18 BessellR
52711.7 1.80968e-15 9.41782e-18 BessellR
52712.7 1.80584e-15 9.29139e-18 BessellR
52713.7 1.80193e-15 9.16523e-18 BessellR
52714.7 1.79793e-15 9.03935e-18 BessellR
52715.7 1.79385e-15 8.91379e-18 BessellR
52716.7 1.78969e-15 8.78855e-18 BessellR
52717.7 1.78545e-15 8.66366e-18 BessellR
52718.7 1.78112e-15 8.53914e-18 BessellR
52719.7 1.77671e-15 8.41501e-18 BessellR
52720.7 1.77221e-15 8.29128e-18 BessellR
52721.7 1.76762e-15 8.16797e-18 BessellR
52722.7 1.76295e-15 8.04512e-18 BessellR
52723.7 1.75819e-15 7.92273e-18 BessellR
52724.7 1.75335e-15 7.80082e-18 BessellR
52725.7 1.74842e-15 7.67943e-18 BessellR
52726.7 1.74339e-15 7.55857e-18 BessellR
52727.7 1.73829e-15 7.43825e-18 BessellR
52728.7 1.73309e-15 7.31851e-18 BessellR
52729.7 1.7278e-15 7.19936e-18 BessellR
52730.7 1.72242e-15 7.08083e-18 BessellR
52731.7 1.71695e-15 6.96293e-18 BessellR
52732.7 1.7114e-15 6.84569e-18 BessellR
52733.7 1.70575e-15 6.72912e-18 BessellR
52734.7 1.70001e-15 6.61326e-18 BessellR
52735.7 1.69418e-15 6.49812e-18 BessellR
52736.7 1.68826e-15 6.38372e-18 BessellR
52737.7 1.68224e-15 6.27009e-18 BessellR
52738.7 1.67614e-15 6.15724e-18 BessellR
52739.7 1.66994e-15 6.0452e-18 BessellR
52740.7 1.66366e-15 5.93398e-18 BessellR
52741.7 1.65728e-15 5.82362e-18 BessellR
52742.7 1.65081e-15 5.71413e-18 BessellR
52743.7 1.64425e-15 5.60553e-18 BessellR
52744.7 1.63759e-15 5.49784e-18 BessellR
52745.7 1.63085e-15 5.39109e-18 BessellR
52746.7 1.62402e-15 5.28529e-18 BessellR
52747.7 1.61709e-15 5.18046e-18 BessellR
52748.7 1.61008e-15 5.07662e-18 BessellR
52749.7 1.60297e-15 4.9738e-18 BessellR
52750.7 1.59578e-15 4.87201e-18 BessellR
52751.7 1.58849e-15 4.77127e-18 BessellR
52752.7 1.58112e-15 4.67159e-18 BessellR
52753.7 1.57366e-15 4.57301e-18 BessellR
52754.7 1.56611e-15 4.47553e-18 BessellR
52755.7 1.55847e-15 4.37917e-18 BessellR
52756.7 1.55075e-15 4.28396e-18 BessellR
52757.7 1.54294e-15 4.1899e-18 BessellR
52758.7 1.53504e-15 4.09701e-18 BessellR
52759.7 1.52707e-15 4.00531e-18 BessellR
52760.7 1.519e-15 3.91481e-18 BessellR
52761.7 1.51086e-15 3.82553e-18 BessellR
52762.7 1.50263e-15 3.73748e-18 BessellR
52763.7 1.49432e-15 3.65067e-18 BessellR
52764.7 1.48593e-15 3.56512e-18 BessellR
52765.7 1.47746e-15 3.48085e-18 BessellR
52766.7 1.46892e-15 3.39785e-18 BessellR
52767.7 1.4603e-15 3.31614e-18 BessellR
52768.7 1.4516e-15 3.23574e-18 BessellR
52769.7 1.44282e-15 3.15665e-18 BessellR
52770.7 1.43398e-15 3.07888e-18 BessellR
52771.7 1.42506e-15 3.00244e-18 BessellR
52772.7 1.41607e-15 2.92733e-18 BessellR
52773.7 1.40701e-15 2.85357e-18 BessellR
52774.7 1.39788e-15 2.78115e-18 BessellR
52775.7 1.38869e-15 2.71009e-18 BessellR
52776.7 1.37943e-15 2.64039e-18 BessellR
52777.7 1.37011e-15 2.57204e-18 BessellR
52778.7 1.36073e-15 2.50506e-18 BessellR
52779.7 1.35129e-15 2.43945e-18 BessellR
52780.7 1.34178e-15 2.3752e-18 BessellR
52781.7 1.33222e-15 2.31232e-18 BessellR
52782.7 1.32261e-15 2.2508e-18 BessellR
52783.7 1.31294e-15 2.19065e-18 BessellR
52784.7 1.30322e-15 2.13186e-18 BessellR
52785.7 1.29345e-15 2.07443e-18 BessellR
52786.7 1.28364e-15 2.01835e-18 BessellR
52787.7 1.27377e-15 1.96361e-18 BessellR
52788.7 1.26386e-15 1.91022e-18 BessellR
52789.7 1.25391e-15 1.85816e-18 BessellR
52790.7 1.24392e-15 1.80743e-18 BessellR
52791.7 1.23389e-15 1.75801e-18 BessellR
52792.7 1.22383e-15 1.7099e-18 BessellR
52793.7 1.21373e-15 1.66309e-18 BessellR
52794.7 1.2036e-15 1.61755e-18 BessellR
52795.7 1.19343e-15 1.57329e-18 BessellR
52796.7 1.18324e-15 1.53028e-18 BessellR
52797.7 1.17303e-15 1.48852e-18 BessellR
52798.7 1.16279e-15 1.44798e-18 BessellR
52799.7 1.15253e-15 1.40865e-18 BessellR
52800.7 1.14224e-15 1.3705e-18 BessellR
52801.7 1.13194e-15 1.33353e-18 BessellR
52802.7 1.12163e-15 1.29771e-18 BessellR
52803.7 1.1113e-15 1.26303e-18 BessellR
52804.7 1.10096e-15 1.22945e-18 BessellR
52805.7 1.09061e-15 1.19696e-18 BessellR
52806.7 1.08026e-15 1.16554e-18 BessellR
52807.7 1.0699e-15 1.13516e-18 BessellR
52808.7 1.05954e-15 1.10579e-18 BessellR
52809.7 1.04918e-15 1.07742e-18 BessellR
52810.7 1.03881e-15 1.05002e-18 BessellR
52811.7 1.02846e-15 1.02355e-18 BessellR
52812.7 1.01811e-15 9.98001e-19 BessellR
52813.7 1.00777e-15 9.73337e-19 BessellR
52814.7 9.97434e-16 9.49533e-19 BessellR
52815.7 9.87115e-16 9.26561e-19 BessellR
52816.7 9.7681e-16 9.04393e-19 BessellR
52817.7 9.66521e-16 8.83e-19 BessellR
52818.7 9.56251e-16 8.62356e-19 BessellR
52819.7 9.46002e-16 8.42431e-19 BessellR
52820.7 9.35776e-16 8.23198e-19 BessellR
52821.7 9.25574e-16 8.04629e-19 BessellR
52822.7 9.15398e-16 7.86697e-19 BessellR
52823.7 9.05251e-16 7.69374e-19 BessellR
52824.7 8.95134e-16 7.52634e-19 BessellR
52825.7 8.8505e-16 7.36451e-19 BessellR
52826.7 8.74999e-16 7.20798e-19 BessellR
52827.7 8.64984e-16 7.0565e-19 BessellR
52828.7 8.55007e-16 6.90984e-19 BessellR
52829.7 8.4507e-16 6.76774e-19 BessellR
52830.7 8.35173e-16 6.62999e-19 BessellR
52831.7 8.25319e-16 6.49636e-19 BessellR
52832.7 8.1551e-16 6.36663e-19 BessellR
52833.7 8.05746e-16 6.2406e-19 BessellR
52834.7 7.96031e-16 6.11808e-19 BessellR
52835.7 7.86364e-16 5.99887e-19 BessellR
52836.7 7.76748e-16 5.88279e-19 BessellR
52837.7 7.67184e-16 5.76968e-19 BessellR
52838.7 7.57673e-16 5.65937e-19 BessellR
52839.7 7.48218e-16 5.55172e-19 BessellR
52840.7 7.38818e-16 5.44657e-19 BessellR
52841.7 7.29476e-16 5.3438e-19 BessellR
52842.7 7.20193e-16 5.24328e-19 BessellR
52843.7 7.1097e-16 5.14488e-19 BessellR
52844.7 7.01808e-16 5.04851e-19 BessellR
52845.7 6.92708e-16 4.95405e-19 BessellR
52846.7 6.83672e-16 4.86142e-19 BessellR
52847.7 6.747e-16 4.77053e-19 BessellR
52848.7 6.65793e-16 4.6813e-19 BessellR
52849.7 6.56953e-16 4.59365e-19 BessellR
52850.7 6.4818e-16 4.50751e-19 BessellR
52851.7 6.39476e-16 4.42283e-19 BessellR
52852.7 6.3084e-16 4.33955e-19 BessellR
52853.7 6.22275e-16 4.25761e-19 BessellR
52854.7 6.1378e-16 4.17698e-19 BessellR
52855.7 6.05356e-16 4.0976e-19 BessellR
52856.7 5.97004e-16 4.01946e-19 BessellR
52857.7 5.88725e-16 3.9425e-19 BessellR
52858.7 5.80519e-16 3.8667e-19 BessellR
52859.7 5.72387e-16 3.79204e-19 BessellR
52860.7 5.64329e-16 3.71849e-19 BessellR
52861.7 5.56346e-16 3.64604e-19 BessellR
52862.7 5.48439e-16 3.57466e-19 BessellR
52863.7 5.40606e-16 3.50434e-19 BessellR
52864.7 5.3285e-16 3.43506e-19 BessellR
52865.7 5.25171e-16 3.36683e-19 BessellR
52866.7 5.17567e-16 3.29961e-19 BessellR
52867.7 5.10041e-16 3.23342e-19 BessellR
52868.7 5.02592e-16 3.16824e-19 BessellR
52869.7 4.9522e-16 3.10406e-19 BessellR
52870.7 4.87925e-16 3.04088e-19 BessellR
52871.7 4.80708e-16 2.9787e-19 BessellR
52872.7 4.73569e-16 2.91752e-19 BessellR
52873.7 4.66508e-16 2.85732e-19 BessellR
52874.7 4.59524e-16 2.79811e-19 BessellR
52875.7 4.52617e-16 2.73989e-19 BessellR
52876.7 4.45789e-16 2.68265e-19 BessellR
52877.7 4.39038e-16 2.6264e-19 BessellR
52878.7 4.32365e-16 2.57113e-19 BessellR
52879.7 4.25769e-16 2.51684e-19 BessellR
52880.7 4.1925e-16 2.46353e-19 BessellR
52881.7 4.12809e-16 2.41119e-19 BessellR
52882.7 4.06444e-16 2.35983e-19 BessellR
52883.7 4.00157e-16 2.30944e-19 BessellR
52884.7 3.93945e-16 2.26002e-19 BessellR
52885.7 3.8781e-16 2.21156e-19 BessellR
52886.7 3.81751e-16 2.16407e-19 BessellR
52887.7 3.75767e-16 2.11754e-19 BessellR
52888.7 3.69858e-16 2.07196e-19 BessellR
52889.7 3.64025e-16 2.02734e-19 BessellR
52890.7 3.58266e-16 1.98366e-19 BessellR
52891.7 3.52581e-16 1.94092e-19 BessellR
52892.7 3.4697e-16 1.89911e-19 BessellR
52893.7 3.41432e-16 1.85824e-19 BessellR
52894.7 3.35967e-16 1.81828e-19 BessellR
52895.7 3.30575e-16 1.77924e-19 BessellR
52896.7 3.25254e-16 1.7411e-19 BessellR
52897.7 3.20005e-16 1.70386e-19 BessellR
52898.7 3.14827e-16 1.66751e-19 BessellR
52899.7 3.0972e-16 1.63204e-19 BessellR
52900.7 3.04683e-16 1.59744e-19 BessellR
52901.7 2.99715e-16 1.5637e-19 BessellR
52902.7 2.94816e-16 1.5308e-19 BessellR
52903.7 2.89985e-16 1.49874e-19 BessellR
52904.7 2.85222e-16 1.46751e-19 BessellR
52905.7 2.80526e-16 1.43709e-19 BessellR
52906.7 2.75897e-16 1.40748e-19 BessellR
52907.7 2.71334e-16 1.37865e-19 BessellR
52908.7 2.66837e-16 1.35059e-19 BessellR
52909.7 2.62404e-16 1.3233e-19 BessellR
52910.7 2.58036e-16 1.29676e-19 BessellR
52911.7 2.53731e-16 1.27095e-19 BessellR
52912.7 2.4949e-16 1.24586e-19 BessellR
52913.7 2.4531e-16 1.22148e-19 BessellR
52914.7 2.41193e-16 1.19779e-19 BessellR
52915.7 2.37137e-16 1.17477e-19 BessellR
52916.7 2.33141e-16 1.15242e-19 BessellR
52917.7 2.29205e-16 1.13071e-19 BessellR
52918.7 2.25328e-16 1.10963e-19 BessellR
52919.7 2.2151e-16 1.08916e-19 BessellR
52920.7 2.1775e-16 1.0693e-19 BessellR
52921.7 2.14047e-16 1.05001e-19 BessellR
52922.7 2.10401e-16 1.0313e-19 BessellR
52923.7 2.06811e-16 1.01313e-19 BessellR
52924.7 2.03276e-16 9.95506e-20 BessellR
52925.7 1.99796e-16 9.78399e-20 BessellR
52926.7 1.9637e-16 9.61797e-20 BessellR
52927.7 1.92997e-16 9.45684e-20 BessellR
52928.7 1.89677e-16 9.30046e-20 BessellR
52929.7 1.86409e-16 9.14867e-20 BessellR
52930.7 1.83193e-16 9.00131e-20 BessellR
52931.7 1.80028e-16 8.85825e-20 BessellR
52932.7 1.76913e-16 8.71933e-20 BessellR
52933.7 1.73847e-16 8.58441e-20 BessellR
52934.7 1.7083e-16 8.45335e-20 BessellR
52935.7 1.67862e-16 8.32601e-20 BessellR
52936.7 1.64941e-16 8.20225e-20 BessellR
52937.7 1.62067e-16 8.08194e-20 BessellR
52938.7 1.5924e-16 7.96494e-20 BessellR
52939.7 1.56458e-16 7.85114e-20 BessellR
52940.7 1.53722e-16 7.74039e-20 BessellR
52941.7 1.5103e-16 7.63259e-20 BessellR
52942.7 1.48383e-16 7.52762e-20 BessellR
52943.7 1.45778e-16 7.42535e-20 BessellR
52944.7 1.43216e-16 7.32569e-20 BessellR
52945.7 1.40697e-16 7.22852e-20 BessellR
52946.7 1.38219e-16 7.13373e-20 BessellR
52947.7 1.35782e-16 7.04123e-20 BessellR
52948.7 1.33385e-16 6.95092e-20 BessellR
52949.7 1.31028e-16 6.8627e-20 BessellR
52950.7 1.28711e-16 6.77649e-20 BessellR
52951.7 1.26432e-16 6.6922e-20 BessellR
52952.7 1.24191e-16 6.60974e-20 BessellR
52953.7 1.21988e-16 6.52904e-20 BessellR
52954.7 1.19822e-16 6.45001e-20 BessellR
52955.7 1.17692e-16 6.37259e-20 BessellR
52956.7 1.15598e-16 6.29671e-20 BessellR
52957.7 1.1354e-16 6.22229e-20 BessellR
52958.7 1.11516e-16 6.14928e-20 BessellR
52959.7 1.09527e-16 6.07761e-20 BessellR
52960.7 1.07572e-16 6.00723e-20 BessellR
52961.7 1.0565e-16 5.93808e-20 BessellR
52962.7 1.0376e-16 5.8701e-20 BessellR
52963.7 1.01903e-16 5.80325e-20 BessellR
52964.7 1.00078e-16 5.73748e-20 BessellR
52965.7 9.8284e-17 5.67274e-20 BessellR
52966.7 9.65208e-17 5.609e-20 BessellR
52967.7 9.47879e-17 5.5462e-20 BessellR
52968.7 9.3085e-17 5.48432e-20 BessellR
52969.7 9.14114e-17 5.42332e-20 BessellR
52970.7 8.97667e-17 5.36316e-20 BessellR
52971.7 8.81505e-17 5.30381e-20 BessellR
52972.7 8.65623e-17 5.24525e-20 BessellR
52973.7 8.50017e-17 5.18743e-20 BessellR
52974.7 8.34682e-17 5.13034e-20 BessellR
52975.7 8.19614e-17 5.07395e-20 BessellR
52976.7 8.04808e-17 5.01823e-20 BessellR
52977.7 7.90261e-17 4.96317e-20 BessellR
52978.7 7.75969e-17 4.90874e-20 BessellR
52979.7 7.61926e-17 4.85493e-20 BessellR
52980.7 7.48129e-17 4.8017e-20 BessellR
52981.7 7.34575e-17 4.74906e-20 BessellR
52982.7 7.21258e-17 4.69698e-20 BessellR
52983.7 7.08176e-17 4.64544e-20 BessellR
52984.7 6.95324e-17 4.59443e-20 BessellR
52985.7 6.82699e-17 4.54394e-20 BessellR
52986.7 6.70296e-17 4.49395e-20 BessellR
52987.7 6.58112e-17 4.44446e-20 BessellR
52988.7 6.46144e-17 4.39545e-20 BessellR
52989.7 6.34388e-17 4.34692e-20 BessellR
52990.7 6.2284e-17 4.29884e-20 BessellR
52991.7 6.11497e-17 4.25122e-20 BessellR
52992.7 6.00355e-17 4.20405e-20 BessellR
52993.7 5.89411e-17 4.15731e-20 BessellR
52994.7 5.78662e-17 4.11101e-20 BessellR
52995.7 5.68104e-17 4.06513e-20 BessellR
52996.7 5.57735e-17 4.01967e-20 BessellR
52997.7 5.4755e-17 3.97462e-20 BessellR
52998.7 5.37547e-17 3.92997e-20 BessellR
52999.7 5.27723e-17 3.88573e-20 BessellR
53000.7 5.18075e-17 3.84188e-20 BessellR
53001.7 5.08599e-17 3.79843e-20 BessellR
53002.7 4.99293e-17 3.75536e-20 BessellR
53003.7 4.90154e-17 3.71267e-20 BessellR
53004.7 4.81179e-17 3.67037e-20 BessellR
53005.7 4.72365e-17 3.62844e-20 BessellR
53006.7 4.6371e-17 3.58689e-20 BessellR
53007.7 4.5521e-17 3.54571e-20 BessellR
53008.7 4.46863e-17 3.50489e-20 BessellR
53009.7 4.38666e-17 3.46444e-20 BessellR
53010.7 4.30617e-17 3.42435e-20 BessellR
53011.7 4.22713e-17 3.38462e-20 BessellR
53012.7 4.14952e-17 3.34524e-20 BessellR
53013.7 4.07331e-17 3.30622e-20 BessellR
53014.7 3.99847e-17 3.26756e-20 BessellR
53015.7 3.92499e-17 3.22924e-20 BessellR
53016.7 3.85284e-17 3.19128e-20 BessellR
53017.7 3.78199e-17 3.15366e-20 BessellR
53018.7 3.71243e-17 3.11638e-20 BessellR
53019.7 3.64413e-17 3.07945e-20 BessellR
52687 3.24006e-15 4.00028e-18 BessellV
52688 3.23759e-15 3.88737e-18 BessellV
52689 3.23485e-15 3.77578e-18 BessellV
52690 3.23186e-15 3.66557e-18 BessellV
52691 3.2286e-15 3.5568e-18 BessellV
52692 3.22507e-15 3.44954e-18 BessellV
52693 3.22127e-15 3.34386e-18 BessellV
52694 3.21719e-15 3.23981e-18 BessellV
52695 3.21284e-15 3.13747e-18 BessellV
52696 3.2082e-15 3.0369e-18 BessellV
52697 3.20328e-15 2.93818e-18 BessellV
52698 3.19807e-15 2.84138e-18 BessellV
52699 3.19257e-15 2.74656e-18 BessellV
52700 3.18678e-15 2.65381e-18 BessellV
52701 3.18069e-15 2.56321e-18 BessellV
52702 3.1743e-15 2.47483e-18 BessellV
52703 3.16762e-15 2.38875e-18 BessellV
52704 3.16063e-15 2.30505e-18 BessellV
52705 3.15334e-15 2.22383e-18 BessellV
52706 3.14574e-15 2.14516e-18 BessellV
52707 3.13784e-15 2.06912e-18 BessellV
52708 3.12963e-15 1.99581e-18 BessellV
52709 3.1211e-15 1.92532e-18 BessellV
52710 3.11226e-15 1.85771e-18 BessellV
52711 3.10311e-15 1.79308e-18 BessellV
52712 3.09365e-15 1.73151e-18 BessellV
52713 3.08387e-15 1.67307e-18 BessellV
52714 3.07377e-15 1.61783e-18 BessellV
52715 3.06336e-15 1.56584e-18 BessellV
52716 3.05263e-15 1.51715e-18 BessellV
52717 3.04159e-15 1.47181e-18 BessellV
52718 3.03023e-15 1.42983e-18 BessellV
52719 3.01855e-15 1.39121e-18 BessellV
52720 3.00656e-15 1.35594e-18 BessellV
52721 2.99425e-15 1.32398e-18 BessellV
52722 2.98163e-15 1.29526e-18 BessellV
52723 2.9687e-15 1.26972e-18 BessellV
52724 2.95546e-15 1.24722e-18 BessellV
52725 2.9419e-15 1.22765e-18 BessellV
52726 2.92804e-15 1.21086e-18 BessellV
52727 2.91387e-15 1.19668e-18 BessellV
52728 2.8994e-15 1.18491e-18 BessellV
52729 2.88463e-15 1.17537e-18 BessellV
52730 2.86956e-15 1.16785e-18 BessellV
52731 2.8542e-15 1.16214e-18 BessellV
52732 2.83854e-15 1.15803e-18 BessellV
52733 2.82259e-15 1.1553e-18 BessellV
52734 2.80636e-15 1.15377e-18 BessellV
52735 2.78985e-15 1.15322e-18 BessellV
52736 2.77306e-15 1.15347e-18 BessellV
52737 2.756e-15 1.15436e-18 BessellV
52738 2.73866e-15 1.15571e-18 BessellV
52739 2.72107e-15 1.15737e-18 BessellV
52740 2.70321e-15 1.15921e-18 BessellV
52741 2.6851e-15 1.16109e-18 BessellV
52742 2.66674e-15 1.16292e-18 BessellV
52743 2.64814e-15 1.16458e-18 BessellV
52744 2.6293e-15 1.166e-18 BessellV
52745 2.61023e-15 1.16708e-18 BessellV
52746 2.59093e-15 1.16777e-18 BessellV
52747 2.57141e-15 1.168e-18 BessellV
52748 2.55168e-15 1.16774e-18 BessellV
52749 2.53174e-15 1.16694e-18 BessellV
52750 2.5116e-15 1.16557e-18 BessellV
52751 2.49127e-15 1.1636e-18 BessellV
52752 2.47075e-15 1.16102e-18 BessellV
52753 2.45006e-15 1.15782e-18 BessellV
52754 2.42919e-15 1.15398e-18 BessellV
52755 2.40815e-15 1.14951e-18 BessellV
52756 2.38696e-15 1.14441e-18 BessellV
52757 2.36561e-15 1.13869e-18 BessellV
52758 2.34413e-15 1.13236e-18 BessellV
52759 2.32251e-15 1.12543e-18 BessellV
52760 2.30076e-15 1.11792e-18 BessellV
52761 2.27889e-15 1.10984e-18 BessellV
52762 2.25692e-15 1.10123e-18 BessellV
52763 2.23483e-15 1.0921e-18 BessellV
52764 2.21266e-15 1.08247e-18 BessellV
52765 2.19039e-15 1.07238e-18 BessellV
52766 2.16805e-15 1.06185e-18 BessellV
52767 2.14563e-15 1.0509e-18 BessellV
52768 2.12315e-15 1.03958e-18 BessellV
52769 2.10062e-15 1.02791e-18 BessellV
52770 2.07804e-15 1.01591e-18 BessellV
52771 2.05541e-15 1.00362e-18 BessellV
52772 2.03276e-15 9.91071e-19 BessellV
52773 2.01008e-15 9.78291e-19 BessellV
52774 1.98739e-15 9.65309e-19 BessellV
52775 1.96469e-15 9.52156e-19 BessellV
52776 1.94198e-15 9.3886e-19 BessellV
52777 1.91929e-15 9.25449e-19 BessellV
52778 1.8966e-15 9.11952e-19 BessellV
52779 1.87394e-15 8.98395e-19 BessellV
52780 1.85131e-15 8.84805e-19 BessellV
52781 1.82872e-15 8.71205e-19 BessellV
52782 1.80616e-15 8.57621e-19 BessellV
52783 1.78366e-15 8.44074e-19 BessellV
52784 1.76122e-15 8.30587e-19 BessellV
52785 1.73883e-15 8.1718e-19 BessellV
52786 1.71652e-15 8.03872e-19 BessellV
52787 1.69429e-15 7.90682e-19 BessellV
52788 1.67214e-15 7.77625e-19 BessellV
52789 1.65007e-15 7.64718e-19 BessellV
52790 1.62811e-15 7.51973e-19 BessellV
52791 1.60624e-15 7.39405e-19 BessellV
52792 1.58448e-15 7.27023e-19 BessellV
52793 1.56283e-15 7.14838e-19 BessellV
52794 1.5413e-15 7.02859e-19 BessellV
52795 1.51989e-15 6.91092e-19 BessellV
52796 1.49861e-15 6.79544e-19 BessellV
52797 1.47746e-15 6.6822e-19 BessellV
52798 1.45645e-15 6.57123e-19 BessellV
52799 1.43558e-15 6.46255e-19 BessellV
52800 1.41485e-15 6.35618e-19 BessellV
52801 1.39428e-15 6.25213e-19 BessellV
52802 1.37386e-15 6.15037e-19 BessellV
52803 1.3536e-15 6.05091e-19 BessellV
52804 1.33349e-15 5.95371e-19 BessellV
52805 1.31356e-15 5.85873e-19 BessellV
52806 1.29379e-15 5.76595e-19 BessellV
52807 1.27419e-15 5.67531e-19 BessellV
52808 1.25476e-15 5.58675e-19 BessellV
52809 1.23551e-15 5.50024e-19 BessellV
52810 1.21644e-15 5.41569e-19 BessellV
52811 1.19755e-15 5.33305e-19 BessellV
52812 1.17885e-15 5.25224e-19 BessellV
52813 1.16033e-15 5.17321e-19 BessellV
52814 1.142e-15 5.09587e-19 BessellV
52815 1.12386e-15 5.02015e-19 BessellV
52816 1.10591e-15 4.94598e-19 BessellV
52817 1.08815e-15 4.87329e-19 BessellV
52818 1.07059e-15 4.802e-19 BessellV
52819 1.05322e-15 4.73205e-19 BessellV
52820 1.03605e-15 4.66335e-19 BessellV
52821 1.01908e-15 4.59585e-19 BessellV
52822 1.0023e-15 4.52948e-19 BessellV
52823 9.85725e-16 4.46418e-19 BessellV
52824 9.69347e-16 4.39987e-19 BessellV
52825 9.53168e-16 4.33652e-19 BessellV
52826 9.37188e-16 4.27405e-19 BessellV
52827 9.21409e-16 4.21242e-19 BessellV
52828 9.0583e-16 4.15158e-19 BessellV
52829 8.9045e-16 4.09148e-19 BessellV
52830 8.75271e-16 4.03209e-19 BessellV
52831 8.60291e-16 3.97336e-19 BessellV
52832 8.45509e-16 3.91525e-19 BessellV
52833 8.30927e-16 3.85774e-19 BessellV
52834 8.16543e-16 3.80079e-19 BessellV
52835 8.02356e-16 3.74438e-19 BessellV
52836 7.88365e-16 3.68849e-19 BessellV
52837 7.74571e-16 3.63308e-19 BessellV
52838 7.60971e-16 3.57816e-19 BessellV
52839 7.47566e-16 3.52369e-19 BessellV
52840 7.34354e-16 3.46967e-19 BessellV
52841 7.21333e-16 3.41608e-19 BessellV
52842 7.08503e-16 3.36292e-19 BessellV
52843 6.95863e-16 3.31018e-19 BessellV
52844 6.83411e-16 3.25786e-19 BessellV
52845 6.71146e-16 3.20595e-19 BessellV
52846 6.59066e-16 3.15445e-19 BessellV
52847 6.4717e-16 3.10336e-19 BessellV
52848 6.35457e-16 3.05269e-19 BessellV
52849 6.23925e-16 3.00242e-19 BessellV
52850 6.12572e-16 2.95258e-19 BessellV
52851 6.01398e-16 2.90316e-19 BessellV
52852 5.90399e-16 2.85417e-19 BessellV
52853 5.79575e-16 2.80561e-19 BessellV
52854 5.68924e-16 2.75749e-19 BessellV
52855 5.58444e-16 2.70982e-19 BessellV
52856 5.48133e-16 2.6626e-19 BessellV
52857 5.3799e-16 2.61585e-19 BessellV
52858 5.28012e-16 2.56957e-19 BessellV
52859 5.18198e-16 2.52376e-19 BessellV
52860 5.08547e-16 2.47845e-19 BessellV
52861 4.99056e-16 2.43363e-19 BessellV
52862 4.89723e-16 2.38932e-19 BessellV
52863 4.80546e-16 2.34552e-19 BessellV
52864 4.71525e-16 2.30224e-19 BessellV
52865 4.62656e-16 2.25949e-19 BessellV
52866 4.53937e-16 2.21728e-19 BessellV
52867 4.45368e-16 2.17562e-19 BessellV
52868 4.36945e-16 2.1345e-19 BessellV
52869 4.28668e-16 2.09395e-19 BessellV
52870 4.20534e-16 2.05396e-19 BessellV
52871 4.12541e-16 2.01454e-19 BessellV
52872 4.04687e-16 1.9757e-19 BessellV
52873 3.96971e-16 1.93744e-19 BessellV
52874 3.8939e-16 1.89977e-19 BessellV
52875 3.81942e-16 1.86269e-19 BessellV
52876 3.74627e-16 1.82621e-19 BessellV
52877 3.67441e-16 1.79033e-19 BessellV
52878 3.60383e-16 1.75505e-19 BessellV
52879 3.53452e-16 1.72038e-19 BessellV
52880 3.46644e-16 1.68632e-19 BessellV
52881 3.39959e-16 1.65286e-19 BessellV
52882 3.33395e-16 1.62002e-19 BessellV
52883 3.26949e-16 1.58778e-19 BessellV
52884 3.2062e-16 1.55616e-19 BessellV
52885 3.14406e-16 1.52515e-19 BessellV
52886 3.08306e-16 1.49475e-19 BessellV
52887 3.02317e-16 1.46496e-19 BessellV
52888 2.96437e-16 1.43577e-19 BessellV
52889 2.90666e-16 1.40719e-19 BessellV
52890 2.85001e-16 1.37921e-19 BessellV
52891 2.79441e-16 1.35184e-19 BessellV
52892 2.73984e-16 1.32505e-19 BessellV
52893 2.68628e-16 1.29886e-19 BessellV
52894 2.63372e-16 1.27326e-19 BessellV
52895 2.58213e-16 1.24824e-19 BessellV
52896 2.53151e-16 1.2238e-19 BessellV
52897 2.48184e-16 1.19993e-19 BessellV
52898 2.4331e-16 1.17663e-19 BessellV
52899 2.38527e-16 1.15388e-19 BessellV
52900 2.33835e-16 1.13169e-19 BessellV
52901 2.29231e-16 1.11005e-19 BessellV
52902 2.24714e-16 1.08895e-19 BessellV
52903 2.20283e-16 1.06838e-19 BessellV
52904 2.15935e-16 1.04833e-19 BessellV
52905 2.1167e-16 1.0288e-19 BessellV
52906 2.07487e-16 1.00978e-19 BessellV
52907 2.03383e-16 9.91254e-20 BessellV
52908 1.99357e-16 9.73221e-20 BessellV
52909 1.95409e-16 9.55669e-20 BessellV
52910 1.91536e-16 9.38589e-20 BessellV
52911 1.87737e-16 9.21972e-20 BessellV
52912 1.84012e-16 9.05808e-20 BessellV
52913 1.80358e-16 8.90088e-20 BessellV
52914 1.76774e-16 8.74801e-20 BessellV
52915 1.73259e-16 8.59937e-20 BessellV
52916 1.69813e-16 8.45487e-20 BessellV
52917 1.66433e-16 8.3144e-20 BessellV
52918 1.63118e-16 8.17787e-20 BessellV
52919 1.59868e-16 8.04516e-20 BessellV
52920 1.56681e-16 7.91618e-20 BessellV
52921 1.53555e-16 7.79082e-20 BessellV
52922 1.50491e-16 7.66897e-20 BessellV
52923 1.47486e-16 7.55055e-20 BessellV
52924 1.4454e-16 7.43544e-20 BessellV
52925 1.41651e-16 7.32354e-20 BessellV
52926 1.38819e-16 7.21475e-20 BessellV
52927 1.36042e-16 7.10898e-20 BessellV
52928 1.33319e-16 7.00612e-20 BessellV
52929 1.3065e-16 6.90607e-20 BessellV
52930 1.28033e-16 6.80874e-20 BessellV
52931 1.25468e-16 6.71403e-20 BessellV
52932 1.22953e-16 6.62185e-20 BessellV
52933 1.20487e-16 6.53211e-20 BessellV
52934 1.1807e-16 6.44471e-20 BessellV
52935 1.157e-16 6.35957e-20 BessellV
52936 1.13378e-16 6.27661e-20 BessellV
52937 1.11101e-16 6.19573e-20 BessellV
52938 1.08869e-16 6.11685e-20 BessellV
52939 1.06681e-16 6.0399e-20 BessellV
52940 1.04536e-16 5.96479e-20 BessellV
52941 1.02434e-16 5.89145e-20 BessellV
52942 1.00373e-16 5.81981e-20 BessellV
52943 9.83536e-17 5.74979e-20 BessellV
52944 9.63739e-17 5.68133e-20 BessellV
52945 9.44335e-17 5.61436e-20 BessellV
52946 9.25316e-17 5.54881e-20 BessellV
52947 9.06675e-17 5.48463e-20 BessellV
52948 8.88405e-17 5.42174e-20 BessellV
52949 8.70497e-17 5.3601e-20 BessellV
52950 8.52947e-17 5.29965e-20 BessellV
52951 8.35745e-17 5.24034e-20 BessellV
52952 8.18887e-17 5.18211e-20 BessellV
52953 8.02364e-17 5.12492e-20 BessellV
52954 7.86171e-17 5.06872e-20 BessellV
52955 7.70301e-17 5.01346e-20 BessellV
52956 7.54748e-17 4.95911e-20 BessellV
52957 7.39506e-17 4.90562e-20 BessellV
52958 7.24568e-17 4.85296e-20 BessellV
52959 7.09929e-17 4.80108e-20 BessellV
52960 6.95583e-17 4.74995e-20 BessellV
52961 6.81523e-17 4.69955e-20 BessellV
52962 6.67746e-17 4.64983e-20 BessellV
52963 6.54244e-17 4.60077e-20 BessellV
52964 6.41013e-17 4.55234e-20 BessellV
52965 6.28047e-17 4.50452e-20 BessellV
52966 6.15341e-17 4.45727e-20 BessellV
52967 6.0289e-17 4.41058e-20 BessellV
52968 5.90688e-17 4.36443e-20 BessellV
52969 5.78732e-17 4.31878e-20 BessellV
52970 5.67016e-17 4.27363e-20 BessellV
52971 5.55535e-17 4.22896e-20 BessellV
52972 5.44285e-17 4.18474e-20 BessellV
52973 5.33261e-17 4.14096e-20 BessellV
52974 5.22459e-17 4.09761e-20 BessellV
52975 5.11874e-17 4.05466e-20 BessellV
52976 5.01502e-17 4.01212e-20 BessellV
52977 4.91338e-17 3.96996e-20 BessellV
52978 4.8138e-17 3.92818e-20 BessellV
52979 4.71622e-17 3.88676e-20 BessellV
52980 4.6206e-17 3.8457e-20 BessellV
52981 4.52692e-17 3.80498e-20 BessellV
52982 4.43512e-17 3.7646e-20 BessellV
52983 4.34517e-17 3.72454e-20 BessellV
52984 4.25704e-17 3.68481e-20 BessellV
52985 4.17068e-17 3.64539e-20 BessellV
52986 4.08607e-17 3.60628e-20 BessellV
52987 4.00316e-17 3.56747e-20 BessellV
52988 3.92193e-17 3.52896e-20 BessellV
52989 3.84233e-17 3.49075e-20 BessellV
52990 3.76435e-17 3.45282e-20 BessellV
52991 3.68794e-17 3.41518e-20 BessellV
52992 3.61307e-17 3.37782e-20 BessellV
52993 3.53972e-17 3.34074e-20 BessellV
52994 3.46785e-17 3.30393e-20 BessellV
52995 3.39743e-17 3.2674e-20 BessellV
52996 3.32844e-17 3.23114e-20 BessellV
52997 3.26084e-17 3.19514e-20 BessellV
52998 3.19461e-17 3.15941e-20 BessellV
52999 3.12972e-17 3.12395e-20 BessellV
53000 3.06614e-17 3.08875e-20 BessellV
53001 3.00385e-17 3.05381e-20 BessellV
53002 2.94282e-17 3.01913e-20 BessellV
53003 2.88302e-17 2.98472e-20 BessellV
53004 2.82444e-17 2.95056e-20 BessellV
53005 2.76704e-17 2.91666e-20 BessellV
53006 2.71081e-17 2.88302e-20 BessellV
53007 2.65571e-17 2.84963e-20 BessellV
53008 2.60173e-17 2.8165e-20 BessellV
53009 2.54884e-17 2.78363e-20 BessellV
53010 2.49703e-17 2.75102e-20 BessellV
53011 2.44627e-17 2.71866e-20 BessellV
53012 2.39653e-17 2.68655e-20 BessellV
53013 2.34781e-17 2.6547e-20 BessellV
53014 2.30007e-17 2.62311e-20 BessellV
53015 2.2533e-17 2.59177e-20 BessellV
53016 2.20747e-17 2.56069e-20 BessellV
53017 2.16258e-17 2.52986e-20 BessellV
53018 2.1186e-17 2.49929e-20 BessellV
53019 2.07551e-17 2.46897e-20 BessellV
53020 2.0333e-17 2.4389e-20 BessellV
53021 1.99194e-17 2.40909e-20 BessellV
