55865.3 2.27754e-15 5.28171e-18 BessellU
55866.3 2.09484e-15 4.71168e-18 BessellU
55867.3 1.92676e-15 4.20031e-18 BessellU
55868.3 1.77213e-15 3.74188e-18 BessellU
55869.3 1.62988e-15 3.3312e-18 BessellU
55870.3 1.49901e-15 2.96359e-18 BessellU
55871.3 1.37863e-15 2.6348e-18 BessellU
55872.3 1.2679e-15 2.34099e-18 BessellU
55873.3 1.16603e-15 2.0787e-18 BessellU
55874.3 1.07233e-15 1.84479e-18 BessellU
55875.3 9.86137e-16 1.63642e-18 BessellU
55876.3 9.06855e-16 1.45104e-18 BessellU
55877.3 8.33931e-16 1.28634e-18 BessellU
55878.3 7.66856e-16 1.14023e-18 BessellU
55879.3 7.05162e-16 1.01083e-18 BessellU
55880.3 6.48418e-16 8.96432e-19 BessellU
55881.3 5.96229e-16 7.95503e-19 BessellU
55882.3 5.48229e-16 7.06653e-19 BessellU
55883.3 5.04083e-16 6.28624e-19 BessellU
55884.3 4.63482e-16 5.60276e-19 BessellU
55885.3 4.26143e-16 5.00571e-19 BessellU
55886.3 3.91804e-16 4.48564e-19 BessellU
55887.3 3.60225e-16 4.03389e-19 BessellU
55888.3 3.31184e-16 3.64253e-19 BessellU
55889.3 3.04478e-16 3.30425e-19 BessellU
55890.3 2.79919e-16 3.01234e-19 BessellU
55891.3 2.57336e-16 2.76061e-19 BessellU
55892.3 2.3657e-16 2.54345e-19 BessellU
55893.3 2.17475e-16 2.35571e-19 BessellU
55894.3 1.99917e-16 2.19282e-19 BessellU
55895.3 1.83773e-16 2.05071e-19 BessellU
55896.3 1.68929e-16 1.92582e-19 BessellU
55897.3 1.55281e-16 1.81512e-19 BessellU
55898.3 1.42732e-16 1.71604e-19 BessellU
55899.3 1.31194e-16 1.62644e-19 BessellU
55900.3 1.20587e-16 1.54456e-19 BessellU
55901.3 1.10834e-16 1.469e-19 BessellU
55902.3 1.01868e-16 1.39864e-19 BessellU
55903.3 9.36259e-17 1.33258e-19 BessellU
55904.3 8.60483e-17 1.27014e-19 BessellU
55905.3 7.90823e-17 1.2108e-19 BessellU
55906.3 7.26786e-17 1.15416e-19 BessellU
55907.3 6.67919e-17 1.09991e-19 BessellU
55908.3 6.13807e-17 1.04784e-19 BessellU
55909.3 5.64066e-17 9.97761e-20 BessellU
55910.3 5.18344e-17 9.49567e-20 BessellU
55911.3 4.76318e-17 9.03162e-20 BessellU
55912.3 4.37689e-17 8.58479e-20 BessellU
55913.3 4.02183e-17 8.15466e-20 BessellU
55914.3 3.6955e-17 7.74082e-20 BessellU
55915.3 3.39556e-17 7.34293e-20 BessellU
55916.3 3.1199e-17 6.9607e-20 BessellU
55917.3 2.86655e-17 6.59384e-20 BessellU
55918.3 2.63371e-17 6.24209e-20 BessellU
55919.3 2.41973e-17 5.90516e-20 BessellU
55920.3 2.22308e-17 5.58276e-20 BessellU
55921.3 2.04237e-17 5.27458e-20 BessellU
55922.3 1.8763e-17 4.9803e-20 BessellU
55923.3 1.7237e-17 4.69957e-20 BessellU
55924.3 1.58347e-17 4.43204e-20 BessellU
55925.3 1.45461e-17 4.17733e-20 BessellU
55926.3 1.33621e-17 3.93506e-20 BessellU
55927.3 1.22742e-17 3.70483e-20 BessellU
55928.3 1.12746e-17 3.48623e-20 BessellU
55929.3 1.03561e-17 3.27886e-20 BessellU
55930.3 9.51223e-18 3.0823e-20 BessellU
55931.3 8.73692e-18 2.89614e-20 BessellU
55932.3 8.02461e-18 2.71995e-20 BessellU
55933.3 7.3702e-18 2.55333e-20 BessellU
55934.3 6.76899e-18 2.39588e-20 BessellU
55935.3 6.21667e-18 2.24718e-20 BessellU
55865.1 7.35382e-18 3.8951e-20 BessellI
55866.1 9.68733e-18 4.8083e-20 BessellI
55867.1 1.27587e-17 5.9076e-20 BessellI
55868.1 1.6799e-17 7.21855e-20 BessellI
55869.1 2.21101e-17 8.7639e-20 BessellI
55870.1 2.90841e-17 1.05593e-19 BessellI
55871.1 3.82284e-17 1.26067e-19 BessellI
55872.1 5.01939e-17 1.48848e-19 BessellI
55873.1 6.58069e-17 1.73355e-19 BessellI
55874.1 8.60995e-17 1.98474e-19 BessellI
55875.1 1.12332e-16 2.22365e-19 BessellI
55876.1 1.45991e-16 2.423e-19 BessellI
55877.1 1.88743e-16 2.54648e-19 BessellI
55878.1 2.42301e-16 2.55243e-19 BessellI
55879.1 3.08167e-16 2.40616e-19 BessellI
55880.1 3.87215e-16 2.11111e-19 BessellI
55881.1 4.79117e-16 1.78286e-19 BessellI
55882.1 5.81735e-16 1.74556e-19 BessellI
55883.1 6.90709e-16 2.24563e-19 BessellI
55884.1 7.9959e-16 3.05205e-19 BessellI
55885.1 9.00735e-16 3.87409e-19 BessellI
55886.1 9.86831e-16 4.57875e-19 BessellI
55887.1 1.05249e-15 5.15107e-19 BessellI
55888.1 1.09522e-15 5.61995e-19 BessellI
55889.1 1.11547e-15 5.99476e-19 BessellI
55890.1 1.11588e-15 6.25209e-19 BessellI
55891.1 1.10026e-15 6.36168e-19 BessellI
55892.1 1.07264e-15 6.31166e-19 BessellI
55893.1 1.03667e-15 6.11448e-19 BessellI
55894.1 9.95391e-16 5.79975e-19 BessellI
55895.1 9.5114e-16 5.40412e-19 BessellI
55896.1 9.05628e-16 4.9638e-19 BessellI
55897.1 8.60058e-16 4.51047e-19 BessellI
55898.1 8.15243e-16 4.06997e-19 BessellI
55899.1 7.71712e-16 3.66241e-19 BessellI
55900.1 7.29789e-16 3.30273e-19 BessellI
55901.1 6.89656e-16 3.00125e-19 BessellI
55902.1 6.51399e-16 2.7637e-19 BessellI
55903.1 6.15041e-16 2.59097e-19 BessellI
55904.1 5.8056e-16 2.47902e-19 BessellI
55905.1 5.4791e-16 2.41957e-19 BessellI
55906.1 5.17027e-16 2.40175e-19 BessellI
55907.1 4.87838e-16 2.414e-19 BessellI
55908.1 4.60265e-16 2.44578e-19 BessellI
55909.1 4.34229e-16 2.48841e-19 BessellI
55910.1 4.09651e-16 2.53528e-19 BessellI
55911.1 3.86455e-16 2.58164e-19 BessellI
55912.1 3.64565e-16 2.62427e-19 BessellI
55913.1 3.43912e-16 2.6611e-19 BessellI
55914.1 3.24425e-16 2.6909e-19 BessellI
55915.1 3.0604e-16 2.71306e-19 BessellI
55916.1 2.88696e-16 2.72737e-19 BessellI
55917.1 2.72334e-16 2.73393e-19 BessellI
55918.1 2.56898e-16 2.73301e-19 BessellI
55919.1 2.42337e-16 2.72502e-19 BessellI
55920.1 2.28601e-16 2.71044e-19 BessellI
55921.1 2.15644e-16 2.68979e-19 BessellI
55922.1 2.0342e-16 2.66361e-19 BessellI
55923.1 1.9189e-16 2.63243e-19 BessellI
55924.1 1.81013e-16 2.59679e-19 BessellI
55925.1 1.70752e-16 2.5572e-19 BessellI
55926.1 1.61073e-16 2.51413e-19 BessellI
55927.1 1.51943e-16 2.46804e-19 BessellI
55928.1 1.4333e-16 2.41937e-19 BessellI
55929.1 1.35206e-16 2.36851e-19 BessellI
55930.1 1.27542e-16 2.31583e-19 BessellI
55931.1 1.20312e-16 2.26167e-19 BessellI
55932.1 1.13492e-16 2.20634e-19 BessellI
55933.1 1.07059e-16 2.15014e-19 BessellI
55934.1 1.00991e-16 2.09332e-19 BessellI
55935.1 9.52661e-17 2.03611e-19 BessellI
55865.1 1.01379e-19 2.28864e-21 BessellB
55866.1 1.87925e-19 3.97129e-21 BessellB
55867.1 3.48347e-19 6.85891e-21 BessellB
55868.1 6.45689e-19 1.17822e-20 BessellB
55869.1 1.19673e-18 2.01112e-20 BessellB
55870.1 2.21767e-18 3.40677e-20 BessellB
55871.1 4.10816e-18 5.71728e-20 BessellB
55872.1 7.60499e-18 9.48186e-20 BessellB
55873.1 1.4059e-17 1.54815e-19 BessellB
55874.1 2.59195e-17 2.47359e-19 BessellB
55875.1 4.75294e-17 3.82915e-19 BessellB
55876.1 8.62461e-17 5.64595e-19 BessellB
55877.1 1.53401e-16 7.70101e-19 BessellB
55878.1 2.63069e-16 9.25842e-19 BessellB
55879.1 4.24182e-16 9.14087e-19 BessellB
55880.1 6.2401e-16 6.99176e-19 BessellB
55881.1 8.18965e-16 4.90432e-19 BessellB
55882.1 9.58742e-16 4.37743e-19 BessellB
55883.1 1.02361e-15 3.92257e-19 BessellB
55884.1 1.02719e-15 3.56976e-19 BessellB
55885.1 9.93575e-16 3.58307e-19 BessellB
55886.1 9.41876e-16 3.63326e-19 BessellB
55887.1 8.83465e-16 3.53335e-19 BessellB
55888.1 8.24189e-16 3.29954e-19 BessellB
55889.1 7.66777e-16 2.99634e-19 BessellB
55890.1 7.12377e-16 2.67605e-19 BessellB
55891.1 6.61376e-16 2.3706e-19 BessellB
55892.1 6.13812e-16 2.09667e-19 BessellB
55893.1 5.6957e-16 1.86151e-19 BessellB
55894.1 5.2847e-16 1.66689e-19 BessellB
55895.1 4.90314e-16 1.51134e-19 BessellB
55896.1 4.54904e-16 1.39132e-19 BessellB
55897.1 4.22046e-16 1.302e-19 BessellB
55898.1 3.91559e-16 1.23777e-19 BessellB
55899.1 3.63274e-16 1.19294e-19 BessellB
55900.1 3.37031e-16 1.16218e-19 BessellB
55901.1 3.12684e-16 1.14093e-19 BessellB
55902.1 2.90095e-16 1.12556e-19 BessellB
55903.1 2.69139e-16 1.1133e-19 BessellB
55904.1 2.49696e-16 1.10218e-19 BessellB
55905.1 2.31658e-16 1.09087e-19 BessellB
55906.1 2.14923e-16 1.07851e-19 BessellB
55907.1 1.99396e-16 1.06459e-19 BessellB
55908.1 1.84992e-16 1.04886e-19 BessellB
55909.1 1.71628e-16 1.03125e-19 BessellB
55910.1 1.59229e-16 1.0118e-19 BessellB
55911.1 1.47727e-16 9.90635e-20 BessellB
55912.1 1.37055e-16 9.67924e-20 BessellB
55913.1 1.27154e-16 9.43862e-20 BessellB
55914.1 1.17968e-16 9.18654e-20 BessellB
55915.1 1.09446e-16 8.92507e-20 BessellB
55916.1 1.0154e-16 8.65622e-20 BessellB
55917.1 9.42042e-17 8.38189e-20 BessellB
55918.1 8.73989e-17 8.10387e-20 BessellB
55919.1 8.10851e-17 7.82379e-20 BessellB
55920.1 7.52275e-17 7.54313e-20 BessellB
55921.1 6.9793e-17 7.26321e-20 BessellB
55922.1 6.47511e-17 6.98523e-20 BessellB
55923.1 6.00734e-17 6.71022e-20 BessellB
55924.1 5.57337e-17 6.43908e-20 BessellB
55925.1 5.17074e-17 6.17259e-20 BessellB
55926.1 4.79721e-17 5.91143e-20 BessellB
55927.1 4.45065e-17 5.65613e-20 BessellB
55928.1 4.12913e-17 5.40717e-20 BessellB
55929.1 3.83084e-17 5.16492e-20 BessellB
55930.1 3.5541e-17 4.92967e-20 BessellB
55931.1 3.29735e-17 4.70163e-20 BessellB
55932.1 3.05915e-17 4.48097e-20 BessellB
55933.1 2.83815e-17 4.26779e-20 BessellB
55934.1 2.63312e-17 4.06214e-20 BessellB
55935.1 2.4429e-17 3.86403e-20 BessellB
55936.1 2.26643e-17 3.67343e-20 BessellB
55937.1 2.1027e-17 3.49028e-20 BessellB
55938.1 1.9508e-17 3.31448e-20 BessellB
55939.1 1.80987e-17 3.14592e-20 BessellB
55940.1 1.67912e-17 2.98446e-20 BessellB
55862.5 5.19924e-18 3.06884e-20 BessellR
55863.5 6.86695e-18 3.83286e-20 BessellR
55864.5 9.06909e-18 4.77102e-20 BessellR
55865.5 1.19764e-17 5.91627e-20 BessellR
55866.5 1.5814e-17 7.30467e-20 BessellR
55867.5 2.08776e-17 8.97396e-20 BessellR
55868.5 2.75562e-17 1.09609e-19 BessellR
55869.5 3.63588e-17 1.32966e-19 BessellR
55870.5 4.79502e-17 1.59996e-19 BessellR
55871.5 6.31935e-17 1.9064e-19 BessellR
55872.5 8.32014e-17 2.24446e-19 BessellR
55873.5 1.09392e-16 2.6034e-19 BessellR
55874.5 1.43547e-16 2.96356e-19 BessellR
55875.5 1.87847e-16 3.29334e-19 BessellR
55876.5 2.4487e-16 3.5471e-19 BessellR
55877.5 3.17497e-16 3.66632e-19 BessellR
55878.5 4.08642e-16 3.58979e-19 BessellR
55879.5 5.20731e-16 3.28434e-19 BessellR
55880.5 6.54843e-16 2.82383e-19 BessellR
55881.5 8.09542e-16 2.54445e-19 BessellR
55882.5 9.79676e-16 2.94812e-19 BessellR
55883.5 1.15572e-15 3.92949e-19 BessellR
55884.5 1.32446e-15 4.95268e-19 BessellR
55885.5 1.47135e-15 5.67231e-19 BessellR
55886.5 1.58401e-15 6.03602e-19 BessellR
55887.5 1.65521e-15 6.20537e-19 BessellR
55888.5 1.68411e-15 6.36165e-19 BessellR
55889.5 1.67517e-15 6.53931e-19 BessellR
55890.5 1.63596e-15 6.64794e-19 BessellR
55891.5 1.5749e-15 6.59566e-19 BessellR
55892.5 1.49967e-15 6.35454e-19 BessellR
55893.5 1.41652e-15 5.95411e-19 BessellR
55894.5 1.33008e-15 5.45258e-19 BessellR
55895.5 1.24359e-15 4.91375e-19 BessellR
55896.5 1.15917e-15 4.39458e-19 BessellR
55897.5 1.07814e-15 3.93999e-19 BessellR
55898.5 1.00123e-15 3.58038e-19 BessellR
55899.5 9.2879e-16 3.32985e-19 BessellR
55900.5 8.60935e-16 3.18537e-19 BessellR
55901.5 7.97608e-16 3.12967e-19 BessellR
55902.5 7.38661e-16 3.13788e-19 BessellR
55903.5 6.83888e-16 3.18488e-19 BessellR
55904.5 6.33059e-16 3.24996e-19 BessellR
55905.5 5.85931e-16 3.31819e-19 BessellR
55906.5 5.42263e-16 3.37984e-19 BessellR
55907.5 5.01816e-16 3.42918e-19 BessellR
55908.5 4.64366e-16 3.46328e-19 BessellR
55909.5 4.29697e-16 3.48105e-19 BessellR
55910.5 3.97608e-16 3.48256e-19 BessellR
55911.5 3.67909e-16 3.46864e-19 BessellR
55912.5 3.40425e-16 3.44048e-19 BessellR
55913.5 3.14992e-16 3.39952e-19 BessellR
55914.5 2.91457e-16 3.34725e-19 BessellR
55915.5 2.6968e-16 3.28518e-19 BessellR
55916.5 2.49529e-16 3.21475e-19 BessellR
55917.5 2.30883e-16 3.13733e-19 BessellR
55918.5 2.13631e-16 3.05418e-19 BessellR
55919.5 1.97667e-16 2.96646e-19 BessellR
55920.5 1.82897e-16 2.8752e-19 BessellR
55921.5 1.69229e-16 2.78134e-19 BessellR
55922.5 1.56584e-16 2.68573e-19 BessellR
55923.5 1.44883e-16 2.58909e-19 BessellR
55924.5 1.34056e-16 2.49207e-19 BessellR
55925.5 1.24039e-16 2.39524e-19 BessellR
55926.5 1.1477e-16 2.29909e-19 BessellR
55927.5 1.06193e-16 2.20403e-19 BessellR
55928.5 9.82578e-17 2.11043e-19 BessellR
55929.5 9.09153e-17 2.01857e-19 BessellR
55930.5 8.41215e-17 1.92872e-19 BessellR
55931.5 7.78354e-17 1.84107e-19 BessellR
55932.5 7.2019e-17 1.75579e-19 BessellR
55933.5 6.66373e-17 1.67301e-19 BessellR
55934.5 6.16577e-17 1.59283e-19 BessellR
55935.5 5.70502e-17 1.51531e-19 BessellR
55865.1 4.36757e-18 2.36377e-20 BessellV
55866.1 6.19412e-18 3.1452e-20 BessellV
55867.1 8.78351e-18 4.16624e-20 BessellV
55868.1 1.24531e-17 5.49013e-20 BessellV
55869.1 1.76511e-17 7.19061e-20 BessellV
55870.1 2.50082e-17 9.34935e-20 BessellV
55871.1 3.54094e-17 1.20491e-19 BessellV
55872.1 5.00881e-17 1.53597e-19 BessellV
55873.1 7.07475e-17 1.93122e-19 BessellV
55874.1 9.97058e-17 2.38564e-19 BessellV
55875.1 1.40046e-16 2.87947e-19 BessellV
55876.1 1.9572e-16 3.36965e-19 BessellV
55877.1 2.71496e-16 3.78124e-19 BessellV
55878.1 3.72534e-16 4.00647e-19 BessellV
55879.1 5.03299e-16 3.92876e-19 BessellV
55880.1 6.65526e-16 3.50539e-19 BessellV
55881.1 8.55395e-16 2.95941e-19 BessellV
55882.1 1.06106e-15 2.93605e-19 BessellV
55883.1 1.26279e-15 3.68213e-19 BessellV
55884.1 1.4375e-15 4.53835e-19 BessellV
55885.1 1.56625e-15 5.03546e-19 BessellV
55886.1 1.6403e-15 5.16686e-19 BessellV
55887.1 1.66194e-15 5.12404e-19 BessellV
55888.1 1.64082e-15 5.03846e-19 BessellV
55889.1 1.58909e-15 4.91815e-19 BessellV
55890.1 1.51799e-15 4.72695e-19 BessellV
55891.1 1.43628e-15 4.44981e-19 BessellV
55892.1 1.35016e-15 4.10074e-19 BessellV
55893.1 1.26367e-15 3.7078e-19 BessellV
55894.1 1.17928e-15 3.30007e-19 BessellV
55895.1 1.0984e-15 2.9015e-19 BessellV
55896.1 1.02178e-15 2.52961e-19 BessellV
55897.1 9.49707e-16 2.19625e-19 BessellV
55898.1 8.82234e-16 1.90891e-19 BessellV
55899.1 8.1926e-16 1.67179e-19 BessellV
55900.1 7.60602e-16 1.48623e-19 BessellV
55901.1 7.06035e-16 1.35065e-19 BessellV
55902.1 6.55317e-16 1.26027e-19 BessellV
55903.1 6.08202e-16 1.20746e-19 BessellV
55904.1 5.6445e-16 1.18299e-19 BessellV
55905.1 5.23831e-16 1.17766e-19 BessellV
55906.1 4.86125e-16 1.18363e-19 BessellV
55907.1 4.51128e-16 1.19492e-19 BessellV
55908.1 4.18648e-16 1.20735e-19 BessellV
55909.1 3.88504e-16 1.21821e-19 BessellV
55910.1 3.60529e-16 1.2259e-19 BessellV
55911.1 3.34568e-16 1.22955e-19 BessellV
55912.1 3.10475e-16 1.2288e-19 BessellV
55913.1 2.88118e-16 1.22363e-19 BessellV
55914.1 2.6737e-16 1.21422e-19 BessellV
55915.1 2.48116e-16 1.20088e-19 BessellV
55916.1 2.30249e-16 1.18396e-19 BessellV
55917.1 2.13668e-16 1.16388e-19 BessellV
55918.1 1.98281e-16 1.14104e-19 BessellV
55919.1 1.84003e-16 1.11584e-19 BessellV
55920.1 1.70752e-16 1.08865e-19 BessellV
55921.1 1.58456e-16 1.05983e-19 BessellV
55922.1 1.47045e-16 1.02971e-19 BessellV
55923.1 1.36456e-16 9.98596e-20 BessellV
55924.1 1.26629e-16 9.66747e-20 BessellV
55925.1 1.1751e-16 9.34412e-20 BessellV
55926.1 1.09048e-16 9.01806e-20 BessellV
55927.1 1.01195e-16 8.69121e-20 BessellV
55928.1 9.3908e-17 8.36526e-20 BessellV
55929.1 8.71455e-17 8.04167e-20 BessellV
55930.1 8.08699e-17 7.72172e-20 BessellV
55931.1 7.50463e-17 7.40648e-20 BessellV
55932.1 6.9642e-17 7.09689e-20 BessellV
55933.1 6.46269e-17 6.79372e-20 BessellV
55934.1 5.99729e-17 6.49762e-20 BessellV
55935.1 5.56541e-17 6.20911e-20 BessellV
55936.1 5.16463e-17 5.9286e-20 BessellV
55937.1 4.79271e-17 5.65641e-20 BessellV
55938.1 4.44758e-17 5.3928e-20 BessellV
55939.1 4.1273e-17 5.1379e-20 BessellV
55940.1 3.83008e-17 4.89184e-20 BessellV
55865.1 1.12513e-17 9.54952e-20 SDSS_g
55866.1 1.50576e-17 1.19967e-19 SDSS_g
55867.1 2.01481e-17 1.50038e-19 SDSS_g
55868.1 2.69528e-17 1.86674e-19 SDSS_g
55869.1 3.60423e-17 2.30843e-19 SDSS_g
55870.1 4.81709e-17 2.83396e-19 SDSS_g
55871.1 6.43297e-17 3.44869e-19 SDSS_g
55872.1 8.58088e-17 4.15176e-19 SDSS_g
55873.1 1.14265e-16 4.93141e-19 SDSS_g
55874.1 1.51781e-16 5.75865e-19 SDSS_g
55875.1 2.00894e-16 6.5793e-19 SDSS_g
55876.1 2.64534e-16 7.30646e-19 SDSS_g
55877.1 3.45792e-16 7.81779e-19 SDSS_g
55878.1 4.47403e-16 7.96764e-19 SDSS_g
55879.1 5.70793e-16 7.6295e-19 SDSS_g
55880.1 7.14702e-16 6.78676e-19 SDSS_g
55881.1 8.73641e-16 5.67313e-19 SDSS_g
55882.1 1.03699e-15 4.85446e-19 SDSS_g
55883.1 1.18984e-15 4.79303e-19 SDSS_g
55884.1 1.31618e-15 5.11406e-19 SDSS_g
55885.1 1.4034e-15 5.2006e-19 SDSS_g
55886.1 1.44592e-15 4.92643e-19 SDSS_g
55887.1 1.44574e-15 4.53268e-19 SDSS_g
55888.1 1.41035e-15 4.25578e-19 SDSS_g
55889.1 1.34953e-15 4.11016e-19 SDSS_g
55890.1 1.27269e-15 3.97323e-19 SDSS_g
55891.1 1.18752e-15 3.75327e-19 SDSS_g
55892.1 1.09966e-15 3.43579e-19 SDSS_g
55893.1 1.01285e-15 3.05427e-19 SDSS_g
55894.1 9.29411e-16 2.65806e-19 SDSS_g
55895.1 8.50648e-16 2.29521e-19 SDSS_g
55896.1 7.77178e-16 2.00477e-19 SDSS_g
55897.1 7.0919e-16 1.81116e-19 SDSS_g
55898.1 6.4661e-16 1.71797e-19 SDSS_g
55899.1 5.89219e-16 1.70716e-19 SDSS_g
55900.1 5.36713e-16 1.74913e-19 SDSS_g
55901.1 4.88757e-16 1.81574e-19 SDSS_g
55902.1 4.45007e-16 1.88684e-19 SDSS_g
55903.1 4.05123e-16 1.95039e-19 SDSS_g
55904.1 3.68783e-16 2.00019e-19 SDSS_g
55905.1 3.35684e-16 2.03377e-19 SDSS_g
55906.1 3.05544e-16 2.05081e-19 SDSS_g
55907.1 2.78103e-16 2.0522e-19 SDSS_g
55908.1 2.53122e-16 2.03942e-19 SDSS_g
55909.1 2.30382e-16 2.01421e-19 SDSS_g
55910.1 2.09684e-16 1.97837e-19 SDSS_g
55911.1 1.90843e-16 1.93365e-19 SDSS_g
55912.1 1.73695e-16 1.88169e-19 SDSS_g
55913.1 1.58088e-16 1.82396e-19 SDSS_g
55914.1 1.43883e-16 1.76179e-19 SDSS_g
55915.1 1.30953e-16 1.69635e-19 SDSS_g
55916.1 1.19186e-16 1.62867e-19 SDSS_g
55917.1 1.08476e-16 1.55963e-19 SDSS_g
55918.1 9.87283e-17 1.48997e-19 SDSS_g
55919.1 8.98565e-17 1.42035e-19 SDSS_g
55920.1 8.1782e-17 1.35128e-19 SDSS_g
55921.1 7.4433e-17 1.28323e-19 SDSS_g
55922.1 6.77444e-17 1.21654e-19 SDSS_g
55923.1 6.16568e-17 1.15152e-19 SDSS_g
55924.1 5.61163e-17 1.0884e-19 SDSS_g
55925.1 5.10736e-17 1.02735e-19 SDSS_g
55926.1 4.64841e-17 9.68507e-20 SDSS_g
55927.1 4.2307e-17 9.1196e-20 SDSS_g
55928.1 3.85053e-17 8.57771e-20 SDSS_g
55929.1 3.50451e-17 8.05969e-20 SDSS_g
55930.1 3.1896e-17 7.56561e-20 SDSS_g
55931.1 2.90298e-17 7.09533e-20 SDSS_g
55932.1 2.64211e-17 6.64855e-20 SDSS_g
55933.1 2.40469e-17 6.22483e-20 SDSS_g
55934.1 2.1886e-17 5.82363e-20 SDSS_g
55935.1 1.99193e-17 5.44431e-20 SDSS_g
55936.1 1.81294e-17 5.08617e-20 SDSS_g
55937.1 1.65002e-17 4.74846e-20 SDSS_g
55865.1 1.00531e-17 6.85506e-20 SDSS_r
55866.1 1.3405e-17 8.59447e-20 SDSS_r
55867.1 1.78721e-17 1.07302e-19 SDSS_r
55868.1 2.38233e-17 1.3332e-19 SDSS_r
55869.1 3.17477e-17 1.6472e-19 SDSS_r
55870.1 4.22913e-17 2.02171e-19 SDSS_r
55871.1 5.63046e-17 2.46184e-19 SDSS_r
55872.1 7.49003e-17 2.96925e-19 SDSS_r
55873.1 9.9521e-17 3.53943e-19 SDSS_r
55874.1 1.32013e-16 4.15782e-19 SDSS_r
55875.1 1.74694e-16 4.79465e-19 SDSS_r
55876.1 2.30388e-16 5.39916e-19 SDSS_r
55877.1 3.02379e-16 5.89475e-19 SDSS_r
55878.1 3.94207e-16 6.17949e-19 SDSS_r
55879.1 5.09178e-16 6.14032e-19 SDSS_r
55880.1 6.49484e-16 5.69592e-19 SDSS_r
55881.1 8.14863e-16 4.89251e-19 SDSS_r
55882.1 1.00101e-15 4.08037e-19 SDSS_r
55883.1 1.19836e-15 3.9696e-19 SDSS_r
55884.1 1.39227e-15 4.76266e-19 SDSS_r
55885.1 1.56535e-15 5.75858e-19 SDSS_r
55886.1 1.70168e-15 6.4367e-19 SDSS_r
55887.1 1.79103e-15 6.76782e-19 SDSS_r
55888.1 1.83093e-15 6.9645e-19 SDSS_r
55889.1 1.82589e-15 7.16708e-19 SDSS_r
55890.1 1.78469e-15 7.33006e-19 SDSS_r
55891.1 1.71741e-15 7.33767e-19 SDSS_r
55892.1 1.63333e-15 7.1252e-19 SDSS_r
55893.1 1.53999e-15 6.70151e-19 SDSS_r
55894.1 1.44293e-15 6.12013e-19 SDSS_r
55895.1 1.34597e-15 5.44849e-19 SDSS_r
55896.1 1.25156e-15 4.74987e-19 SDSS_r
55897.1 1.16119e-15 4.07665e-19 SDSS_r
55898.1 1.07568e-15 3.46997e-19 SDSS_r
55899.1 9.95393e-16 2.96158e-19 SDSS_r
55900.1 9.20403e-16 2.57448e-19 SDSS_r
55901.1 8.50618e-16 2.31995e-19 SDSS_r
55902.1 7.85839e-16 2.19202e-19 SDSS_r
55903.1 7.25811e-16 2.16646e-19 SDSS_r
55904.1 6.70252e-16 2.20927e-19 SDSS_r
55905.1 6.18871e-16 2.28843e-19 SDSS_r
55906.1 5.71381e-16 2.38017e-19 SDSS_r
55907.1 5.27505e-16 2.46936e-19 SDSS_r
55908.1 4.86979e-16 2.54738e-19 SDSS_r
55909.1 4.49553e-16 2.60996e-19 SDSS_r
55910.1 4.14996e-16 2.65543e-19 SDSS_r
55911.1 3.83091e-16 2.68373e-19 SDSS_r
55912.1 3.53634e-16 2.69568e-19 SDSS_r
55913.1 3.26441e-16 2.69257e-19 SDSS_r
55914.1 3.01338e-16 2.67593e-19 SDSS_r
55915.1 2.78164e-16 2.64735e-19 SDSS_r
55916.1 2.56772e-16 2.60841e-19 SDSS_r
55917.1 2.37024e-16 2.5606e-19 SDSS_r
55918.1 2.18795e-16 2.50533e-19 SDSS_r
55919.1 2.01968e-16 2.44389e-19 SDSS_r
55920.1 1.86435e-16 2.37746e-19 SDSS_r
55921.1 1.72097e-16 2.30708e-19 SDSS_r
55922.1 1.58861e-16 2.2337e-19 SDSS_r
55923.1 1.46643e-16 2.15814e-19 SDSS_r
55924.1 1.35365e-16 2.08114e-19 SDSS_r
55925.1 1.24954e-16 2.00334e-19 SDSS_r
55926.1 1.15344e-16 1.9253e-19 SDSS_r
55927.1 1.06473e-16 1.84749e-19 SDSS_r
55928.1 9.8284e-17 1.77032e-19 SDSS_r
55929.1 9.0725e-17 1.69415e-19 SDSS_r
55930.1 8.37474e-17 1.61927e-19 SDSS_r
55931.1 7.73064e-17 1.54593e-19 SDSS_r
55932.1 7.13608e-17 1.47431e-19 SDSS_r
55933.1 6.58725e-17 1.4046e-19 SDSS_r
55934.1 6.08063e-17 1.33691e-19 SDSS_r
55935.1 5.61297e-17 1.27134e-19 SDSS_r
55936.1 5.18128e-17 1.20797e-19 SDSS_r
55937.1 4.78279e-17 1.14683e-19 SDSS_r
55865.1 1.2279e-17 8.65353e-20 SDSS_i
55866.1 1.579e-17 1.0446e-19 SDSS_i
55867.1 2.03016e-17 1.25544e-19 SDSS_i
55868.1 2.60963e-17 1.5012e-19 SDSS_i
55869.1 3.35346e-17 1.78451e-19 SDSS_i
55870.1 4.30742e-17 2.10666e-19 SDSS_i
55871.1 5.52945e-17 2.46664e-19 SDSS_i
55872.1 7.09232e-17 2.85982e-19 SDSS_i
55873.1 9.0866e-17 3.27626e-19 SDSS_i
55874.1 1.16235e-16 3.69862e-19 SDSS_i
55875.1 1.48369e-16 4.09992e-19 SDSS_i
55876.1 1.88837e-16 4.4419e-19 SDSS_i
55877.1 2.39395e-16 4.67524e-19 SDSS_i
55878.1 3.01885e-16 4.74484e-19 SDSS_i
55879.1 3.78013e-16 4.60557e-19 SDSS_i
55880.1 4.68983e-16 4.25912e-19 SDSS_i
55881.1 5.7497e-16 3.82787e-19 SDSS_i
55882.1 6.94463e-16 3.64052e-19 SDSS_i
55883.1 8.23664e-16 4.06388e-19 SDSS_i
55884.1 9.56232e-16 5.00927e-19 SDSS_i
55885.1 1.08371e-15 6.03619e-19 SDSS_i
55886.1 1.19682e-15 6.78931e-19 SDSS_i
55887.1 1.28731e-15 7.14586e-19 SDSS_i
55888.1 1.34968e-15 7.19663e-19 SDSS_i
55889.1 1.38215e-15 7.12792e-19 SDSS_i
55890.1 1.38641e-15 7.06542e-19 SDSS_i
55891.1 1.36663e-15 7.00328e-19 SDSS_i
55892.1 1.32813e-15 6.86133e-19 SDSS_i
55893.1 1.27627e-15 6.57351e-19 SDSS_i
55894.1 1.2158e-15 6.12516e-19 SDSS_i
55895.1 1.15056e-15 5.54523e-19 SDSS_i
55896.1 1.08344e-15 4.88591e-19 SDSS_i
55897.1 1.01647e-15 4.2069e-19 SDSS_i
55898.1 9.51058e-16 3.56797e-19 SDSS_i
55899.1 8.88086e-16 3.02705e-19 SDSS_i
55900.1 8.2808e-16 2.63756e-19 SDSS_i
55901.1 7.71312e-16 2.43535e-19 SDSS_i
55902.1 7.17884e-16 2.41677e-19 SDSS_i
55903.1 6.67786e-16 2.53583e-19 SDSS_i
55904.1 6.20933e-16 2.73226e-19 SDSS_i
55905.1 5.772e-16 2.95751e-19 SDSS_i
55906.1 5.36433e-16 3.18092e-19 SDSS_i
55907.1 4.9847e-16 3.38556e-19 SDSS_i
55908.1 4.63142e-16 3.5631e-19 SDSS_i
55909.1 4.30284e-16 3.71024e-19 SDSS_i
55910.1 3.99734e-16 3.82654e-19 SDSS_i
55911.1 3.71338e-16 3.91312e-19 SDSS_i
55912.1 3.44948e-16 3.97197e-19 SDSS_i
55913.1 3.20427e-16 4.00546e-19 SDSS_i
55914.1 2.97645e-16 4.01612e-19 SDSS_i
55915.1 2.76479e-16 4.00651e-19 SDSS_i
55916.1 2.56816e-16 3.97906e-19 SDSS_i
55917.1 2.3855e-16 3.93608e-19 SDSS_i
55918.1 2.21583e-16 3.87972e-19 SDSS_i
55919.1 2.05821e-16 3.81196e-19 SDSS_i
55920.1 1.91181e-16 3.73459e-19 SDSS_i
55921.1 1.77581e-16 3.64924e-19 SDSS_i
55922.1 1.64949e-16 3.55737e-19 SDSS_i
55923.1 1.53215e-16 3.4603e-19 SDSS_i
55924.1 1.42316e-16 3.35919e-19 SDSS_i
55925.1 1.32192e-16 3.25508e-19 SDSS_i
55926.1 1.22788e-16 3.14888e-19 SDSS_i
55927.1 1.14053e-16 3.0414e-19 SDSS_i
55928.1 1.0594e-16 2.93334e-19 SDSS_i
55929.1 9.84034e-17 2.82532e-19 SDSS_i
55930.1 9.14032e-17 2.71788e-19 SDSS_i
55931.1 8.4901e-17 2.61146e-19 SDSS_i
55932.1 7.88613e-17 2.50646e-19 SDSS_i
55933.1 7.32512e-17 2.40322e-19 SDSS_i
55934.1 6.80403e-17 2.302e-19 SDSS_i
55935.1 6.32e-17 2.20304e-19 SDSS_i
55936.1 5.87041e-17 2.10652e-19 SDSS_i
55937.1 5.4528e-17 2.01261e-19 SDSS_i
55868.1 4.1562e-15 2.87155e-17 SDSS_u
55869.1 3.67327e-15 2.41376e-17 SDSS_u
55870.1 3.24637e-15 2.02447e-17 SDSS_u
55871.1 2.86902e-15 1.69394e-17 SDSS_u
55872.1 2.53547e-15 1.41378e-17 SDSS_u
55873.1 2.24064e-15 1.17677e-17 SDSS_u
55874.1 1.98005e-15 9.76697e-18 SDSS_u
55875.1 1.74972e-15 8.08212e-18 SDSS_u
55876.1 1.54614e-15 6.66733e-18 SDSS_u
55877.1 1.36622e-15 5.4833e-18 SDSS_u
55878.1 1.2072e-15 4.4964e-18 SDSS_u
55879.1 1.06667e-15 3.67789e-18 SDSS_u
55880.1 9.42472e-16 3.00332e-18 SDSS_u
55881.1 8.32714e-16 2.45185e-18 SDSS_u
55882.1 7.3572e-16 2.00576e-18 SDSS_u
55883.1 6.50007e-16 1.64989e-18 SDSS_u
55884.1 5.74265e-16 1.37099e-18 SDSS_u
55885.1 5.07336e-16 1.15717e-18 SDSS_u
55886.1 4.48196e-16 9.97226e-19 SDSS_u
55887.1 3.9594e-16 8.80334e-19 SDSS_u
55888.1 3.49767e-16 7.96133e-19 SDSS_u
55889.1 3.08971e-16 7.35235e-19 SDSS_u
55890.1 2.72926e-16 6.89815e-19 SDSS_u
55891.1 2.4108e-16 6.5392e-19 SDSS_u
55892.1 2.12945e-16 6.234e-19 SDSS_u
55893.1 1.88088e-16 5.95589e-19 SDSS_u
55894.1 1.66128e-16 5.68911e-19 SDSS_u
55895.1 1.46728e-16 5.42534e-19 SDSS_u
55896.1 1.2959e-16 5.16096e-19 SDSS_u
55897.1 1.14451e-16 4.89519e-19 SDSS_u
55898.1 1.01078e-16 4.62885e-19 SDSS_u
55899.1 8.92652e-17 4.36352e-19 SDSS_u
55900.1 7.88307e-17 4.10107e-19 SDSS_u
55901.1 6.96141e-17 3.84337e-19 SDSS_u
55902.1 6.14734e-17 3.59211e-19 SDSS_u
55903.1 5.42833e-17 3.34874e-19 SDSS_u
55904.1 4.79328e-17 3.11445e-19 SDSS_u
55905.1 4.23242e-17 2.89013e-19 SDSS_u
55906.1 3.73708e-17 2.67643e-19 SDSS_u
55907.1 3.29962e-17 2.47376e-19 SDSS_u
55908.1 2.91329e-17 2.28234e-19 SDSS_u
55909.1 2.57213e-17 2.10221e-19 SDSS_u
55910.1 2.27085e-17 1.93328e-19 SDSS_u
55911.1 2.00481e-17 1.77532e-19 SDSS_u
55912.1 1.76989e-17 1.62805e-19 SDSS_u
55913.1 1.56246e-17 1.49108e-19 SDSS_u
55914.1 1.37929e-17 1.36399e-19 SDSS_u
55915.1 1.21757e-17 1.24632e-19 SDSS_u
55916.1 1.07478e-17 1.13759e-19 SDSS_u
55917.1 9.4871e-18 1.03731e-19 SDSS_u
55918.1 8.37404e-18 9.44974e-20 SDSS_u
55919.1 7.39136e-18 8.60086e-20 SDSS_u
55920.1 6.52382e-18 7.82161e-20 SDSS_u
55921.1 5.75795e-18 7.10725e-20 SDSS_u
55922.1 5.08185e-18 6.45321e-20 SDSS_u
55923.1 4.48501e-18 5.85513e-20 SDSS_u
55924.1 3.95816e-18 5.30882e-20 SDSS_u
55925.1 3.4931e-18 4.81033e-20 SDSS_u
