53532.9 3.24184e-28 3.38195e-29 BessellB
53533.9 2.11971e-27 2.0733e-28 BessellB
53534.9 1.38605e-26 1.26555e-27 BessellB
53535.9 9.06362e-26 7.68669e-27 BessellB
53536.9 5.92709e-25 4.64193e-26 BessellB
53537.9 3.87614e-24 2.78436e-25 BessellB
53538.9 2.53498e-23 1.6568e-24 BessellB
53539.9 1.65794e-22 9.76365e-24 BessellB
53540.9 1.08438e-21 5.6858e-23 BessellB
53541.9 7.09273e-21 3.26198e-22 BessellB
53542.9 4.63939e-20 1.83563e-21 BessellB
53543.9 3.03473e-19 1.00661e-20 BessellB
53544.9 1.98495e-18 5.32312e-20 BessellB
53545.9 1.29739e-17 2.66495e-19 BessellB
53546.9 8.43736e-17 1.21552e-18 BessellB
53547.9 5.30681e-16 4.59826e-18 BessellB
53548.9 2.75214e-15 1.29203e-17 BessellB
53549.9 7.49056e-15 2.08622e-17 BessellB
53550.9 9.89254e-15 9.09071e-18 BessellB
53551.9 1.01069e-14 3.30588e-18 BessellB
53552.9 9.85008e-15 2.70303e-18 BessellB
53553.9 9.53055e-15 2.56578e-18 BessellB
53554.9 9.21149e-15 2.42903e-18 BessellB
53555.9 8.9017e-15 2.29534e-18 BessellB
53556.9 8.60212e-15 2.16837e-18 BessellB
53557.9 8.31259e-15 2.0486e-18 BessellB
53558.9 8.03281e-15 1.93586e-18 BessellB
53559.9 7.76244e-15 1.82988e-18 BessellB
53560.9 7.50117e-15 1.73038e-18 BessellB
53561.9 7.2487e-15 1.6371e-18 BessellB
53562.9 7.00472e-15 1.54977e-18 BessellB
53563.9 6.76896e-15 1.46815e-18 BessellB
53564.9 6.54113e-15 1.392e-18 BessellB
53565.9 6.32097e-15 1.32107e-18 BessellB
53566.9 6.10822e-15 1.25515e-18 BessellB
53567.9 5.90263e-15 1.194e-18 BessellB
53568.9 5.70396e-15 1.1374e-18 BessellB
53569.9 5.51197e-15 1.08512e-18 BessellB
53570.9 5.32645e-15 1.03696e-18 BessellB
53571.9 5.14718e-15 9.92688e-19 BessellB
53572.9 4.97393e-15 9.52087e-19 BessellB
53573.9 4.80652e-15 9.1494e-19 BessellB
53574.9 4.64474e-15 8.81028e-19 BessellB
53575.9 4.48841e-15 8.50132e-19 BessellB
53576.9 4.33734e-15 8.22036e-19 BessellB
53577.9 4.19135e-15 7.96525e-19 BessellB
53578.9 4.05028e-15 7.73389e-19 BessellB
53579.9 3.91396e-15 7.52421e-19 BessellB
53580.9 3.78222e-15 7.33422e-19 BessellB
53581.9 3.65492e-15 7.16198e-19 BessellB
53582.9 3.5319e-15 7.00567e-19 BessellB
53583.9 3.41303e-15 6.86353e-19 BessellB
53584.9 3.29815e-15 6.73395e-19 BessellB
53585.9 3.18714e-15 6.6154e-19 BessellB
53586.9 3.07987e-15 6.50648e-19 BessellB
53587.9 2.97621e-15 6.40589e-19 BessellB
53588.9 2.87603e-15 6.31247e-19 BessellB
53589.9 2.77923e-15 6.22517e-19 BessellB
53590.9 2.68569e-15 6.14302e-19 BessellB
53591.9 2.59529e-15 6.0652e-19 BessellB
53592.9 2.50794e-15 5.99094e-19 BessellB
53593.9 2.42353e-15 5.91961e-19 BessellB
53594.9 2.34196e-15 5.85061e-19 BessellB
53595.9 2.26313e-15 5.78347e-19 BessellB
53596.9 2.18696e-15 5.71775e-19 BessellB
53597.9 2.11335e-15 5.65308e-19 BessellB
53598.9 2.04222e-15 5.58917e-19 BessellB
53599.9 1.97348e-15 5.52575e-19 BessellB
53600.9 1.90706e-15 5.4626e-19 BessellB
53601.9 1.84287e-15 5.39956e-19 BessellB
53602.9 1.78085e-15 5.33648e-19 BessellB
53603.9 1.72091e-15 5.27326e-19 BessellB
53604.9 1.66298e-15 5.2098e-19 BessellB
53605.9 1.60701e-15 5.14605e-19 BessellB
53606.9 1.55292e-15 5.08196e-19 BessellB
53607.9 1.50065e-15 5.01751e-19 BessellB
53608.9 1.45015e-15 4.95268e-19 BessellB
53609.9 1.40134e-15 4.88748e-19 BessellB
53610.9 1.35417e-15 4.82193e-19 BessellB
53611.9 1.30859e-15 4.75602e-19 BessellB
53612.9 1.26455e-15 4.6898e-19 BessellB
53613.9 1.22199e-15 4.6233e-19 BessellB
53614.9 1.18086e-15 4.55655e-19 BessellB
53615.9 1.14111e-15 4.48959e-19 BessellB
53616.9 1.1027e-15 4.42246e-19 BessellB
53617.9 1.06559e-15 4.35521e-19 BessellB
53618.9 1.02972e-15 4.28788e-19 BessellB
53619.9 9.95065e-16 4.22052e-19 BessellB
53620.9 9.61573e-16 4.15318e-19 BessellB
53621.9 9.29208e-16 4.0859e-19 BessellB
53622.9 8.97933e-16 4.01873e-19 BessellB
53623.9 8.6771e-16 3.95171e-19 BessellB
53624.9 8.38505e-16 3.88489e-19 BessellB
53625.9 8.10283e-16 3.81832e-19 BessellB
53626.9 7.8301e-16 3.75202e-19 BessellB
53627.9 7.56656e-16 3.68605e-19 BessellB
53628.9 7.31188e-16 3.62043e-19 BessellB
53629.9 7.06578e-16 3.55522e-19 BessellB
53630.9 6.82796e-16 3.49043e-19 BessellB
53631.9 6.59815e-16 3.42612e-19 BessellB
53632.9 6.37607e-16 3.3623e-19 BessellB
53633.9 6.16146e-16 3.29901e-19 BessellB
53634.9 5.95408e-16 3.23628e-19 BessellB
53635.9 5.75368e-16 3.17412e-19 BessellB
53636.9 5.56002e-16 3.11258e-19 BessellB
53637.9 5.37288e-16 3.05166e-19 BessellB
53638.9 5.19204e-16 2.9914e-19 BessellB
53639.9 5.01729e-16 2.9318e-19 BessellB
53640.9 4.84842e-16 2.8729e-19 BessellB
53641.9 4.68523e-16 2.8147e-19 BessellB
53642.9 4.52753e-16 2.75721e-19 BessellB
53643.9 4.37515e-16 2.70046e-19 BessellB
53644.9 4.22789e-16 2.64446e-19 BessellB
53645.9 4.08558e-16 2.58921e-19 BessellB
53646.9 3.94807e-16 2.53473e-19 BessellB
53647.9 3.81519e-16 2.48102e-19 BessellB
53648.9 3.68678e-16 2.42809e-19 BessellB
53649.9 3.56269e-16 2.37594e-19 BessellB
53650.9 3.44277e-16 2.32459e-19 BessellB
53651.9 3.3269e-16 2.27403e-19 BessellB
53652.9 3.21492e-16 2.22427e-19 BessellB
53653.9 3.10671e-16 2.17531e-19 BessellB
53654.9 3.00215e-16 2.12714e-19 BessellB
53655.9 2.9011e-16 2.07978e-19 BessellB
53656.9 2.80346e-16 2.03322e-19 BessellB
53657.9 2.7091e-16 1.98745e-19 BessellB
53658.9 2.61792e-16 1.94248e-19 BessellB
53659.9 2.5298e-16 1.8983e-19 BessellB
53660.9 2.44465e-16 1.85491e-19 BessellB
53661.9 2.36237e-16 1.8123e-19 BessellB
53662.9 2.28286e-16 1.77048e-19 BessellB
53663.9 2.20602e-16 1.72943e-19 BessellB
53664.9 2.13177e-16 1.68915e-19 BessellB
53665.9 2.06002e-16 1.64963e-19 BessellB
53666.9 1.99069e-16 1.61087e-19 BessellB
53667.9 1.92368e-16 1.57286e-19 BessellB
53668.9 1.85894e-16 1.53559e-19 BessellB
53669.9 1.79637e-16 1.49906e-19 BessellB
53670.9 1.73591e-16 1.46326e-19 BessellB
53671.9 1.67748e-16 1.42818e-19 BessellB
53672.9 1.62102e-16 1.3938e-19 BessellB
53673.9 1.56646e-16 1.36013e-19 BessellB
53674.9 1.51373e-16 1.32715e-19 BessellB
53675.9 1.46279e-16 1.29486e-19 BessellB
53676.9 1.41355e-16 1.26325e-19 BessellB
53677.9 1.36597e-16 1.2323e-19 BessellB
53678.9 1.32e-16 1.202e-19 BessellB
53679.9 1.27557e-16 1.17236e-19 BessellB
53680.9 1.23264e-16 1.14335e-19 BessellB
53681.9 1.19115e-16 1.11497e-19 BessellB
53682.9 1.15106e-16 1.08722e-19 BessellB
53683.9 1.11232e-16 1.06007e-19 BessellB
53684.9 1.07488e-16 1.03351e-19 BessellB
53685.9 1.0387e-16 1.00755e-19 BessellB
53686.9 1.00374e-16 9.82171e-20 BessellB
53687.9 9.69954e-17 9.5736e-20 BessellB
53688.9 9.37308e-17 9.33108e-20 BessellB
53689.9 9.0576e-17 9.09407e-20 BessellB
53690.9 8.75274e-17 8.86247e-20 BessellB
53691.9 8.45814e-17 8.63617e-20 BessellB
53692.9 8.17346e-17 8.41509e-20 BessellB
53693.9 7.89835e-17 8.19913e-20 BessellB
53694.9 7.63251e-17 7.98819e-20 BessellB
53695.9 7.37562e-17 7.78218e-20 BessellB
53696.9 7.12737e-17 7.58101e-20 BessellB
53697.9 6.88748e-17 7.38457e-20 BessellB
53698.9 6.65566e-17 7.19279e-20 BessellB
53699.9 6.43164e-17 7.00556e-20 BessellB
53700.9 6.21517e-17 6.8228e-20 BessellB
53701.9 6.00598e-17 6.64442e-20 BessellB
53702.9 5.80383e-17 6.47033e-20 BessellB
53703.9 5.60848e-17 6.30045e-20 BessellB
53704.9 5.41971e-17 6.13468e-20 BessellB
53705.9 5.2373e-17 5.97294e-20 BessellB
53706.9 5.06102e-17 5.81514e-20 BessellB
53707.9 4.89068e-17 5.66121e-20 BessellB
53708.9 4.72607e-17 5.51107e-20 BessellB
53709.9 4.567e-17 5.36462e-20 BessellB
53710.9 4.41328e-17 5.2218e-20 BessellB
53711.9 4.26474e-17 5.08252e-20 BessellB
53712.9 4.1212e-17 4.94671e-20 BessellB
53713.9 3.98249e-17 4.81429e-20 BessellB
53714.9 3.84844e-17 4.68518e-20 BessellB
53715.9 3.71891e-17 4.55932e-20 BessellB
53716.9 3.59374e-17 4.43663e-20 BessellB
53717.9 3.47278e-17 4.31704e-20 BessellB
53718.9 3.3559e-17 4.20047e-20 BessellB
53719.9 3.24295e-17 4.08687e-20 BessellB
53720.9 3.13379e-17 3.97616e-20 BessellB
53721.9 3.02832e-17 3.86827e-20 BessellB
53722.9 2.92639e-17 3.76315e-20 BessellB
53723.9 2.82789e-17 3.66073e-20 BessellB
53724.9 2.73271e-17 3.56094e-20 BessellB
53725.9 2.64074e-17 3.46372e-20 BessellB
53726.9 2.55185e-17 3.36902e-20 BessellB
53536.9 1.04478e-13 1.18246e-16 BessellU
53537.9 9.28883e-14 1.00775e-16 BessellU
53538.9 8.25826e-14 8.57371e-17 BessellU
53539.9 7.34189e-14 7.28064e-17 BessellU
53540.9 6.52708e-14 6.17015e-17 BessellU
53541.9 5.80259e-14 5.21768e-17 BessellU
53542.9 5.15842e-14 4.40191e-17 BessellU
53543.9 4.58567e-14 3.70429e-17 BessellU
53544.9 4.07644e-14 3.10873e-17 BessellU
53545.9 3.62369e-14 2.60125e-17 BessellU
53546.9 3.22116e-14 2.16976e-17 BessellU
53547.9 2.86329e-14 1.80377e-17 BessellU
53548.9 2.54513e-14 1.49422e-17 BessellU
53549.9 2.26228e-14 1.23327e-17 BessellU
53550.9 2.01083e-14 1.01419e-17 BessellU
53551.9 1.78728e-14 8.31188e-18 BessellU
53552.9 1.58856e-14 6.79305e-18 BessellU
53553.9 1.41191e-14 5.54313e-18 BessellU
53554.9 1.25487e-14 4.52617e-18 BessellU
53555.9 1.11528e-14 3.71149e-18 BessellU
53556.9 9.91196e-15 3.07245e-18 BessellU
53557.9 8.809e-15 2.58495e-18 BessellU
53558.9 7.82861e-15 2.22562e-18 BessellU
53559.9 6.95719e-15 1.97051e-18 BessellU
53560.9 6.18264e-15 1.79518e-18 BessellU
53561.9 5.49421e-15 1.67623e-18 BessellU
53562.9 4.88234e-15 1.5936e-18 BessellU
53563.9 4.33852e-15 1.53194e-18 BessellU
53564.9 3.85519e-15 1.48067e-18 BessellU
53565.9 3.42563e-15 1.43316e-18 BessellU
53566.9 3.04388e-15 1.38565e-18 BessellU
53567.9 2.70461e-15 1.3363e-18 BessellU
53568.9 2.4031e-15 1.28446e-18 BessellU
53569.9 2.13516e-15 1.23018e-18 BessellU
53570.9 1.89705e-15 1.17388e-18 BessellU
53571.9 1.68546e-15 1.11616e-18 BessellU
53572.9 1.49744e-15 1.05765e-18 BessellU
53573.9 1.33037e-15 9.98998e-19 BessellU
53574.9 1.18191e-15 9.40772e-19 BessellU
53575.9 1.04999e-15 8.83475e-19 BessellU
53576.9 9.32777e-16 8.27526e-19 BessellU
53577.9 8.2863e-16 7.73266e-19 BessellU
53578.9 7.36096e-16 7.20962e-19 BessellU
53579.9 6.53881e-16 6.70814e-19 BessellU
53580.9 5.80835e-16 6.22962e-19 BessellU
53581.9 5.15939e-16 5.77498e-19 BessellU
53582.9 4.58282e-16 5.34466e-19 BessellU
53583.9 4.0706e-16 4.93879e-19 BessellU
53584.9 3.61555e-16 4.55716e-19 BessellU
53585.9 3.21129e-16 4.19936e-19 BessellU
53586.9 2.85217e-16 3.86475e-19 BessellU
53587.9 2.53316e-16 3.55259e-19 BessellU
53588.9 2.24977e-16 3.26199e-19 BessellU
53589.9 1.99804e-16 2.99202e-19 BessellU
53590.9 1.77444e-16 2.74166e-19 BessellU
53591.9 1.57583e-16 2.5099e-19 BessellU
53592.9 1.39941e-16 2.29569e-19 BessellU
53593.9 1.24271e-16 2.09799e-19 BessellU
53594.9 1.10354e-16 1.91579e-19 BessellU
53595.9 9.79927e-17 1.74808e-19 BessellU
53596.9 8.70142e-17 1.5939e-19 BessellU
53597.9 7.72638e-17 1.45232e-19 BessellU
53598.9 6.86045e-17 1.32245e-19 BessellU
53599.9 6.09141e-17 1.20344e-19 BessellU
53600.9 5.40846e-17 1.09448e-19 BessellU
53601.9 4.80196e-17 9.94817e-20 BessellU
53602.9 4.26338e-17 9.03733e-20 BessellU
53603.9 3.78511e-17 8.20556e-20 BessellU
53604.9 3.36042e-17 7.44658e-20 BessellU
53605.9 2.9833e-17 6.75453e-20 BessellU
53606.9 2.64845e-17 6.12394e-20 BessellU
53607.9 2.35112e-17 5.54972e-20 BessellU
53608.9 2.08712e-17 5.02718e-20 BessellU
53609.9 1.85272e-17 4.55194e-20 BessellU
53610.9 1.64461e-17 4.11997e-20 BessellU
53611.9 1.45984e-17 3.72754e-20 BessellU
53612.9 1.29579e-17 3.37124e-20 BessellU
53613.9 1.15015e-17 3.04788e-20 BessellU
53614.9 1.02086e-17 2.75458e-20 BessellU
53615.9 9.06077e-18 2.48866e-20 BessellU
53616.9 8.04182e-18 2.24767e-20 BessellU
53617.9 7.13728e-18 2.02937e-20 BessellU
53618.9 6.33433e-18 1.83171e-20 BessellU
53619.9 5.62157e-18 1.65281e-20 BessellU
53620.9 4.98889e-18 1.49094e-20 BessellU
53621.9 4.42731e-18 1.34455e-20 BessellU
53622.9 3.92885e-18 1.2122e-20 BessellU
53623.9 3.48642e-18 1.09259e-20 BessellU
53624.9 3.09374e-18 9.84525e-21 BessellU
53625.9 2.74522e-18 8.86924e-21 BessellU
53626.9 2.4359e-18 7.98802e-21 BessellU
53627.9 2.16138e-18 7.19264e-21 BessellU
53628.9 1.91775e-18 6.47494e-21 BessellU
53629.9 1.70154e-18 5.82753e-21 BessellU
53630.9 1.50967e-18 5.24369e-21 BessellU
53631.9 1.3394e-18 4.71733e-21 BessellU
53632.9 1.1883e-18 4.2429e-21 BessellU
53633.9 1.05423e-18 3.8154e-21 BessellU
53634.9 9.35257e-19 3.43028e-21 BessellU
53635.9 8.2969e-19 3.08342e-21 BessellU
53636.9 7.36022e-19 2.77111e-21 BessellU
53637.9 6.52911e-19 2.48995e-21 BessellU
53638.9 5.79171e-19 2.23692e-21 BessellU
53639.9 5.13747e-19 2.00923e-21 BessellU
53640.9 4.55701e-19 1.8044e-21 BessellU
53641.9 4.04204e-19 1.62017e-21 BessellU
53642.9 3.58517e-19 1.4545e-21 BessellU
53643.9 3.17986e-19 1.30556e-21 BessellU
53644.9 2.8203e-19 1.17168e-21 BessellU
53645.9 2.50134e-19 1.05136e-21 BessellU
53646.9 2.21839e-19 9.43244e-22 BessellU
53647.9 1.9674e-19 8.46119e-22 BessellU
53536.3 1.46388e-15 9.02651e-19 BessellI
53537.3 1.48319e-15 8.91941e-19 BessellI
53538.3 1.50274e-15 8.80966e-19 BessellI
53539.3 1.52253e-15 8.69733e-19 BessellI
53540.3 1.54255e-15 8.5825e-19 BessellI
53541.3 1.5628e-15 8.46527e-19 BessellI
53542.3 1.58329e-15 8.34573e-19 BessellI
53543.3 1.60402e-15 8.22401e-19 BessellI
53544.3 1.62499e-15 8.10024e-19 BessellI
53545.3 1.64619e-15 7.97456e-19 BessellI
53546.3 1.66764e-15 7.84713e-19 BessellI
53547.3 1.68931e-15 7.71814e-19 BessellI
53548.3 1.71123e-15 7.58778e-19 BessellI
53549.3 1.73338e-15 7.45626e-19 BessellI
53550.3 1.75577e-15 7.32381e-19 BessellI
53551.3 1.77839e-15 7.1907e-19 BessellI
53552.3 1.80125e-15 7.05719e-19 BessellI
53553.3 1.82434e-15 6.92358e-19 BessellI
53554.3 1.84765e-15 6.79018e-19 BessellI
53555.3 1.87119e-15 6.65734e-19 BessellI
53556.3 1.89495e-15 6.52542e-19 BessellI
53557.3 1.91893e-15 6.3948e-19 BessellI
53558.3 1.94312e-15 6.26587e-19 BessellI
53559.3 1.96753e-15 6.13906e-19 BessellI
53560.3 1.99213e-15 6.01481e-19 BessellI
53561.3 2.01694e-15 5.89355e-19 BessellI
53562.3 2.04194e-15 5.77574e-19 BessellI
53563.3 2.06712e-15 5.66185e-19 BessellI
53564.3 2.09248e-15 5.55232e-19 BessellI
53565.3 2.11801e-15 5.44761e-19 BessellI
53566.3 2.1437e-15 5.34812e-19 BessellI
53567.3 2.16953e-15 5.25427e-19 BessellI
53568.3 2.1955e-15 5.16642e-19 BessellI
53569.3 2.22159e-15 5.08486e-19 BessellI
53570.3 2.2478e-15 5.00987e-19 BessellI
53571.3 2.2741e-15 4.94162e-19 BessellI
53572.3 2.30047e-15 4.88024e-19 BessellI
53573.3 2.32692e-15 4.82576e-19 BessellI
53574.3 2.3534e-15 4.77813e-19 BessellI
53575.3 2.37991e-15 4.73721e-19 BessellI
53576.3 2.40642e-15 4.7028e-19 BessellI
53577.3 2.43292e-15 4.67462e-19 BessellI
53578.3 2.45937e-15 4.65233e-19 BessellI
53579.3 2.48575e-15 4.63552e-19 BessellI
53580.3 2.51203e-15 4.62381e-19 BessellI
53581.3 2.53819e-15 4.61677e-19 BessellI
53582.3 2.56419e-15 4.614e-19 BessellI
53583.3 2.58999e-15 4.61518e-19 BessellI
53584.3 2.61557e-15 4.62005e-19 BessellI
53585.3 2.64089e-15 4.62848e-19 BessellI
53586.3 2.6659e-15 4.64047e-19 BessellI
53587.3 2.69057e-15 4.65623e-19 BessellI
53588.3 2.71485e-15 4.67618e-19 BessellI
53589.3 2.73869e-15 4.70098e-19 BessellI
53590.3 2.76206e-15 4.73161e-19 BessellI
53591.3 2.78489e-15 4.76929e-19 BessellI
53592.3 2.80714e-15 4.81561e-19 BessellI
53593.3 2.82875e-15 4.87242e-19 BessellI
53594.3 2.84967e-15 4.9419e-19 BessellI
53595.3 2.86984e-15 5.02645e-19 BessellI
53596.3 2.88919e-15 5.12865e-19 BessellI
53597.3 2.90768e-15 5.25116e-19 BessellI
53598.3 2.92522e-15 5.39663e-19 BessellI
53599.3 2.94177e-15 5.56759e-19 BessellI
53600.3 2.95724e-15 5.76628e-19 BessellI
53601.3 2.97158e-15 5.99461e-19 BessellI
53602.3 2.98472e-15 6.25401e-19 BessellI
53603.3 2.9966e-15 6.54543e-19 BessellI
53604.3 3.00713e-15 6.86926e-19 BessellI
53605.3 3.01625e-15 7.22537e-19 BessellI
53606.3 3.02391e-15 7.6131e-19 BessellI
53607.3 3.03002e-15 8.03128e-19 BessellI
53608.3 3.03453e-15 8.47832e-19 BessellI
53609.3 3.03737e-15 8.95222e-19 BessellI
53610.3 3.03848e-15 9.4506e-19 BessellI
53611.3 3.03781e-15 9.97077e-19 BessellI
53612.3 3.0353e-15 1.05097e-18 BessellI
53613.3 3.03091e-15 1.10643e-18 BessellI
53614.3 3.02458e-15 1.16309e-18 BessellI
53615.3 3.01627e-15 1.2206e-18 BessellI
53616.3 3.00597e-15 1.27858e-18 BessellI
53617.3 2.99362e-15 1.33662e-18 BessellI
53618.3 2.97922e-15 1.39433e-18 BessellI
53619.3 2.96274e-15 1.45128e-18 BessellI
53620.3 2.94419e-15 1.50708e-18 BessellI
53621.3 2.92356e-15 1.5613e-18 BessellI
53622.3 2.90086e-15 1.61353e-18 BessellI
53623.3 2.87611e-15 1.66339e-18 BessellI
53624.3 2.84933e-15 1.71048e-18 BessellI
53625.3 2.82056e-15 1.75444e-18 BessellI
53626.3 2.78984e-15 1.79494e-18 BessellI
53627.3 2.75722e-15 1.83164e-18 BessellI
53628.3 2.72275e-15 1.86427e-18 BessellI
53629.3 2.68652e-15 1.89258e-18 BessellI
53630.3 2.64858e-15 1.91635e-18 BessellI
53631.3 2.60902e-15 1.93541e-18 BessellI
53632.3 2.56792e-15 1.94962e-18 BessellI
53633.3 2.52539e-15 1.9589e-18 BessellI
53634.3 2.48152e-15 1.96319e-18 BessellI
53635.3 2.43642e-15 1.9625e-18 BessellI
53636.3 2.39018e-15 1.95687e-18 BessellI
53637.3 2.34293e-15 1.94637e-18 BessellI
53638.3 2.29477e-15 1.93114e-18 BessellI
53639.3 2.24581e-15 1.91134e-18 BessellI
53640.3 2.19618e-15 1.88716e-18 BessellI
53641.3 2.14599e-15 1.85883e-18 BessellI
53642.3 2.09535e-15 1.82662e-18 BessellI
53643.3 2.04438e-15 1.7908e-18 BessellI
53644.3 1.99318e-15 1.75168e-18 BessellI
53645.3 1.94187e-15 1.70958e-18 BessellI
53646.3 1.89055e-15 1.66484e-18 BessellI
53647.3 1.83931e-15 1.6178e-18 BessellI
53648.3 1.78826e-15 1.56881e-18 BessellI
53649.3 1.73749e-15 1.51822e-18 BessellI
53650.3 1.68709e-15 1.46639e-18 BessellI
53651.3 1.63713e-15 1.41366e-18 BessellI
53652.3 1.58769e-15 1.36036e-18 BessellI
53653.3 1.53885e-15 1.30682e-18 BessellI
53654.3 1.49066e-15 1.25336e-18 BessellI
53655.3 1.4432e-15 1.20029e-18 BessellI
53656.3 1.3965e-15 1.14788e-18 BessellI
53657.3 1.35063e-15 1.0964e-18 BessellI
53658.3 1.30562e-15 1.04611e-18 BessellI
53659.3 1.26151e-15 9.97243e-19 BessellI
53660.3 1.21833e-15 9.50006e-19 BessellI
53661.3 1.17611e-15 9.04593e-19 BessellI
53662.3 1.13488e-15 8.61175e-19 BessellI
53663.3 1.09465e-15 8.199e-19 BessellI
53664.3 1.05543e-15 7.80893e-19 BessellI
53665.3 1.01723e-15 7.44257e-19 BessellI
53666.3 9.80072e-16 7.10066e-19 BessellI
53667.3 9.43944e-16 6.7837e-19 BessellI
53668.3 9.0885e-16 6.4919e-19 BessellI
53669.3 8.74787e-16 6.22517e-19 BessellI
53670.3 8.41749e-16 5.98316e-19 BessellI
53671.3 8.09726e-16 5.7652e-19 BessellI
53672.3 7.7871e-16 5.57036e-19 BessellI
53673.3 7.48687e-16 5.39745e-19 BessellI
53674.3 7.19643e-16 5.24504e-19 BessellI
53675.3 6.91562e-16 5.11155e-19 BessellI
53676.3 6.64428e-16 4.99522e-19 BessellI
53677.3 6.38221e-16 4.89425e-19 BessellI
53678.3 6.12923e-16 4.80678e-19 BessellI
53679.3 5.88514e-16 4.73098e-19 BessellI
53680.3 5.64973e-16 4.66508e-19 BessellI
53681.3 5.42278e-16 4.60741e-19 BessellI
53682.3 5.20409e-16 4.55641e-19 BessellI
53683.3 4.99342e-16 4.51067e-19 BessellI
53684.3 4.79057e-16 4.46892e-19 BessellI
53685.3 4.5953e-16 4.43005e-19 BessellI
53686.3 4.40739e-16 4.39309e-19 BessellI
53687.3 4.22663e-16 4.35721e-19 BessellI
53688.3 4.05279e-16 4.32172e-19 BessellI
53689.3 3.88565e-16 4.28605e-19 BessellI
53690.3 3.72499e-16 4.24973e-19 BessellI
53691.3 3.57061e-16 4.2124e-19 BessellI
53692.3 3.42229e-16 4.17377e-19 BessellI
53693.3 3.27983e-16 4.13364e-19 BessellI
53694.3 3.14302e-16 4.09186e-19 BessellI
53695.3 3.01166e-16 4.04834e-19 BessellI
53696.3 2.88557e-16 4.00305e-19 BessellI
53697.3 2.76455e-16 3.95596e-19 BessellI
53698.3 2.64842e-16 3.90712e-19 BessellI
53699.3 2.53699e-16 3.85657e-19 BessellI
53700.3 2.4301e-16 3.80438e-19 BessellI
53701.3 2.32758e-16 3.75064e-19 BessellI
53702.3 2.22925e-16 3.69546e-19 BessellI
53703.3 2.13496e-16 3.63894e-19 BessellI
53704.3 2.04456e-16 3.58121e-19 BessellI
53705.3 1.95789e-16 3.52237e-19 BessellI
53706.3 1.87481e-16 3.46256e-19 BessellI
53707.3 1.79518e-16 3.4019e-19 BessellI
53708.3 1.71886e-16 3.34052e-19 BessellI
53709.3 1.64572e-16 3.27852e-19 BessellI
53710.3 1.57564e-16 3.21604e-19 BessellI
53711.3 1.50849e-16 3.15319e-19 BessellI
53712.3 1.44415e-16 3.09007e-19 BessellI
53713.3 1.38252e-16 3.02679e-19 BessellI
53714.3 1.32347e-16 2.96346e-19 BessellI
53715.3 1.26692e-16 2.90017e-19 BessellI
53716.3 1.21275e-16 2.83701e-19 BessellI
53717.3 1.16087e-16 2.77407e-19 BessellI
53718.3 1.11118e-16 2.71143e-19 BessellI
53719.3 1.06359e-16 2.64916e-19 BessellI
53720.3 1.01803e-16 2.58734e-19 BessellI
53721.3 9.74392e-17 2.52602e-19 BessellI
53722.3 9.32611e-17 2.46527e-19 BessellI
53723.3 8.92605e-17 2.40514e-19 BessellI
53724.3 8.54302e-17 2.34569e-19 BessellI
53725.3 8.1763e-17 2.28695e-19 BessellI
53726.3 7.8252e-17 2.22898e-19 BessellI
53727.3 7.48908e-17 2.1718e-19 BessellI
53728.3 7.1673e-17 2.11546e-19 BessellI
53729.3 6.85926e-17 2.05998e-19 BessellI
53730.3 6.56438e-17 2.00538e-19 BessellI
53731.3 6.28212e-17 1.95169e-19 BessellI
53732.3 6.01192e-17 1.89894e-19 BessellI
53733.3 5.75329e-17 1.84713e-19 BessellI
53734.3 5.50574e-17 1.79628e-19 BessellI
53735.3 5.26879e-17 1.7464e-19 BessellI
53736.3 5.042e-17 1.6975e-19 BessellI
53737.3 4.82493e-17 1.64958e-19 BessellI
53738.3 4.61717e-17 1.60266e-19 BessellI
53739.3 4.41833e-17 1.55673e-19 BessellI
53740.3 4.22803e-17 1.51179e-19 BessellI
53741.3 4.04589e-17 1.46784e-19 BessellI
53742.3 3.87158e-17 1.42488e-19 BessellI
53743.3 3.70476e-17 1.38291e-19 BessellI
53744.3 3.54511e-17 1.34191e-19 BessellI
53745.3 3.39232e-17 1.30188e-19 BessellI
53746.3 3.2461e-17 1.26282e-19 BessellI
53747.3 3.10617e-17 1.22471e-19 BessellI
53748.3 2.97226e-17 1.18754e-19 BessellI
53749.3 2.84411e-17 1.1513e-19 BessellI
53750.3 2.72147e-17 1.11599e-19 BessellI
53751.3 2.60412e-17 1.08158e-19 BessellI
53752.3 2.49182e-17 1.04807e-19 BessellI
53753.3 2.38435e-17 1.01544e-19 BessellI
53754.3 2.28151e-17 9.83681e-20 BessellI
53755.3 2.1831e-17 9.52772e-20 BessellI
53756.3 2.08893e-17 9.22702e-20 BessellI
53757.3 1.99882e-17 8.93455e-20 BessellI
53758.3 1.91259e-17 8.65017e-20 BessellI
53759.3 1.83007e-17 8.37371e-20 BessellI
53760.3 1.75111e-17 8.10502e-20 BessellI
53761.3 1.67556e-17 7.84394e-20 BessellI
53762.3 1.60326e-17 7.59032e-20 BessellI
53763.3 1.53408e-17 7.34399e-20 BessellI
53764.3 1.46788e-17 7.1048e-20 BessellI
53765.3 1.40454e-17 6.8726e-20 BessellI
53766.3 1.34393e-17 6.64721e-20 BessellI
53767.3 1.28593e-17 6.42849e-20 BessellI
53768.3 1.23043e-17 6.21627e-20 BessellI
53769.3 1.17733e-17 6.01041e-20 BessellI
53770.3 1.12651e-17 5.81074e-20 BessellI
53771.3 1.07789e-17 5.61713e-20 BessellI
53772.3 1.03137e-17 5.42941e-20 BessellI
53773.3 9.86852e-18 5.24743e-20 BessellI
53774.3 9.44256e-18 5.07106e-20 BessellI
53775.3 9.03498e-18 4.90014e-20 BessellI
53776.3 8.64498e-18 4.73454e-20 BessellI
53777.3 8.27182e-18 4.57411e-20 BessellI
53778.3 7.91475e-18 4.41871e-20 BessellI
53779.3 7.57309e-18 4.26821e-20 BessellI
53780.3 7.24618e-18 4.12247e-20 BessellI
53781.3 6.93337e-18 3.98137e-20 BessellI
53782.3 6.63406e-18 3.84477e-20 BessellI
53783.3 6.34768e-18 3.71254e-20 BessellI
53784.3 6.07365e-18 3.58458e-20 BessellI
53785.3 5.81144e-18 3.46074e-20 BessellI
53786.3 5.56056e-18 3.34092e-20 BessellI
53787.3 5.3205e-18 3.225e-20 BessellI
53788.3 5.09081e-18 3.11286e-20 BessellI
53789.3 4.87102e-18 3.0044e-20 BessellI
53790.3 4.66073e-18 2.89951e-20 BessellI
53791.3 4.45951e-18 2.79807e-20 BessellI
53792.3 4.26698e-18 2.69999e-20 BessellI
53793.3 4.08276e-18 2.60517e-20 BessellI
53794.3 3.90649e-18 2.5135e-20 BessellI
53795.3 3.73783e-18 2.42489e-20 BessellI
53796.3 3.57646e-18 2.33925e-20 BessellI
53797.3 3.42204e-18 2.25649e-20 BessellI
53798.3 3.2743e-18 2.17652e-20 BessellI
53799.3 3.13293e-18 2.09924e-20 BessellI
53800.3 2.99767e-18 2.02459e-20 BessellI
53801.3 2.86824e-18 1.95246e-20 BessellI
53802.3 2.7444e-18 1.8828e-20 BessellI
53803.3 2.62591e-18 1.81551e-20 BessellI
53804.3 2.51254e-18 1.75052e-20 BessellI
53805.3 2.40405e-18 1.68776e-20 BessellI
53806.3 2.30026e-18 1.62716e-20 BessellI
53807.3 2.20094e-18 1.56864e-20 BessellI
53808.3 2.10591e-18 1.51215e-20 BessellI
53809.3 2.01499e-18 1.45761e-20 BessellI
53810.3 1.92799e-18 1.40496e-20 BessellI
53811.3 1.84474e-18 1.35414e-20 BessellI
53812.3 1.76509e-18 1.3051e-20 BessellI
53813.3 1.68888e-18 1.25776e-20 BessellI
53814.3 1.61596e-18 1.21208e-20 BessellI
53815.3 1.54619e-18 1.168e-20 BessellI
53816.3 1.47943e-18 1.12546e-20 BessellI
53817.3 1.41555e-18 1.08443e-20 BessellI
53818.3 1.35443e-18 1.04484e-20 BessellI
53819.3 1.29595e-18 1.00664e-20 BessellI
53820.3 1.23999e-18 9.698e-21 BessellI
53821.3 1.18645e-18 9.34263e-21 BessellI
53822.3 1.13523e-18 8.99986e-21 BessellI
53823.3 1.08621e-18 8.66929e-21 BessellI
53824.3 1.03931e-18 8.35048e-21 BessellI
53825.3 9.94435e-19 8.04305e-21 BessellI
53826.3 9.51497e-19 7.7466e-21 BessellI
53827.3 9.10414e-19 7.46076e-21 BessellI
53828.3 8.71104e-19 7.18516e-21 BessellI
53829.3 8.33492e-19 6.91946e-21 BessellI
53830.3 7.97504e-19 6.6633e-21 BessellI
53831.3 7.63069e-19 6.41637e-21 BessellI
53832.3 7.30121e-19 6.17835e-21 BessellI
53833.3 6.98596e-19 5.94892e-21 BessellI
53834.3 6.68432e-19 5.72778e-21 BessellI
53525.1 6.39026e-30 1.4392e-31 BessellR
53526.1 2.35328e-29 5.09143e-31 BessellR
53527.1 8.66621e-29 1.79818e-30 BessellR
53528.1 3.19143e-28 6.33926e-30 BessellR
53529.1 1.17528e-27 2.23041e-29 BessellR
53530.1 4.32811e-27 7.83049e-29 BessellR
53531.1 1.59388e-26 2.74257e-28 BessellR
53532.1 5.86965e-26 9.58043e-28 BessellR
53533.1 2.16157e-25 3.3369e-27 BessellR
53534.1 7.96027e-25 1.15847e-26 BessellR
53535.1 2.93147e-24 4.00713e-26 BessellR
53536.1 1.07955e-23 1.38033e-25 BessellR
53537.1 3.97561e-23 4.73236e-25 BessellR
53538.1 1.46407e-22 1.61366e-24 BessellR
53539.1 5.39166e-22 5.46762e-24 BessellR
53540.1 1.98556e-21 1.8389e-23 BessellR
53541.1 7.31211e-21 6.13011e-23 BessellR
53542.1 2.69279e-20 2.02171e-22 BessellR
53543.1 9.9165e-20 6.57995e-22 BessellR
53544.1 3.65177e-19 2.10605e-21 BessellR
53545.1 1.34463e-18 6.59608e-21 BessellR
53546.1 4.9491e-18 2.00626e-20 BessellR
53547.1 1.81885e-17 5.85387e-20 BessellR
53548.1 6.64705e-17 1.60449e-19 BessellR
53549.1 2.37963e-16 4.00233e-19 BessellR
53550.1 7.93269e-16 9.07974e-19 BessellR
53551.1 2.15448e-15 1.9132e-18 BessellR
53552.1 3.99568e-15 2.39436e-18 BessellR
53553.1 5.13786e-15 1.49585e-18 BessellR
53554.1 5.49409e-15 9.89056e-19 BessellR
53555.1 5.52108e-15 9.81128e-19 BessellR
53556.1 5.45052e-15 9.97699e-19 BessellR
53557.1 5.35495e-15 9.87591e-19 BessellR
53558.1 5.25427e-15 9.66261e-19 BessellR
53559.1 5.15371e-15 9.41812e-19 BessellR
53560.1 5.0546e-15 9.16978e-19 BessellR
53561.1 4.95728e-15 8.92578e-19 BessellR
53562.1 4.86181e-15 8.6884e-19 BessellR
53563.1 4.76816e-15 8.45815e-19 BessellR
53564.1 4.67632e-15 8.23504e-19 BessellR
53565.1 4.58624e-15 8.01893e-19 BessellR
53566.1 4.4979e-15 7.80965e-19 BessellR
53567.1 4.41126e-15 7.60704e-19 BessellR
53568.1 4.32629e-15 7.41091e-19 BessellR
53569.1 4.24296e-15 7.22109e-19 BessellR
53570.1 4.16123e-15 7.03742e-19 BessellR
53571.1 4.08107e-15 6.85971e-19 BessellR
53572.1 4.00246e-15 6.68782e-19 BessellR
53573.1 3.92537e-15 6.52158e-19 BessellR
53574.1 3.84975e-15 6.36082e-19 BessellR
53575.1 3.7756e-15 6.20541e-19 BessellR
53576.1 3.70287e-15 6.05518e-19 BessellR
53577.1 3.63155e-15 5.90999e-19 BessellR
53578.1 3.5616e-15 5.76969e-19 BessellR
53579.1 3.49299e-15 5.63414e-19 BessellR
53580.1 3.42571e-15 5.50319e-19 BessellR
53581.1 3.35972e-15 5.37671e-19 BessellR
53582.1 3.29501e-15 5.25457e-19 BessellR
53583.1 3.23154e-15 5.13662e-19 BessellR
53584.1 3.16929e-15 5.02275e-19 BessellR
53585.1 3.10824e-15 4.91281e-19 BessellR
53586.1 3.04837e-15 4.80669e-19 BessellR
53587.1 2.98965e-15 4.70426e-19 BessellR
53588.1 2.93207e-15 4.6054e-19 BessellR
53589.1 2.87559e-15 4.50999e-19 BessellR
53590.1 2.8202e-15 4.41791e-19 BessellR
53591.1 2.76587e-15 4.32906e-19 BessellR
53592.1 2.7126e-15 4.2433e-19 BessellR
53593.1 2.66035e-15 4.16054e-19 BessellR
53594.1 2.6091e-15 4.08068e-19 BessellR
53595.1 2.55885e-15 4.00359e-19 BessellR
53596.1 2.50956e-15 3.92919e-19 BessellR
53597.1 2.46122e-15 3.85736e-19 BessellR
53598.1 2.41381e-15 3.78802e-19 BessellR
53599.1 2.36731e-15 3.72106e-19 BessellR
53600.1 2.32171e-15 3.65639e-19 BessellR
53601.1 2.27699e-15 3.59392e-19 BessellR
53602.1 2.23313e-15 3.53356e-19 BessellR
53603.1 2.19012e-15 3.47523e-19 BessellR
53604.1 2.14793e-15 3.41884e-19 BessellR
53605.1 2.10656e-15 3.36431e-19 BessellR
53606.1 2.06598e-15 3.31156e-19 BessellR
53607.1 2.02618e-15 3.26051e-19 BessellR
53608.1 1.98716e-15 3.21109e-19 BessellR
53609.1 1.94888e-15 3.16323e-19 BessellR
53610.1 1.91134e-15 3.11685e-19 BessellR
53611.1 1.87452e-15 3.0719e-19 BessellR
53612.1 1.83842e-15 3.0283e-19 BessellR
53613.1 1.803e-15 2.986e-19 BessellR
53614.1 1.76827e-15 2.94493e-19 BessellR
53615.1 1.73421e-15 2.90503e-19 BessellR
53616.1 1.70081e-15 2.86626e-19 BessellR
53617.1 1.66805e-15 2.82856e-19 BessellR
53618.1 1.63592e-15 2.79187e-19 BessellR
53619.1 1.6044e-15 2.75614e-19 BessellR
53620.1 1.5735e-15 2.72134e-19 BessellR
53621.1 1.54319e-15 2.68741e-19 BessellR
53622.1 1.51347e-15 2.65432e-19 BessellR
53623.1 1.48431e-15 2.62202e-19 BessellR
53624.1 1.45572e-15 2.59047e-19 BessellR
53625.1 1.42768e-15 2.55964e-19 BessellR
53626.1 1.40018e-15 2.52949e-19 BessellR
53627.1 1.37321e-15 2.49998e-19 BessellR
53628.1 1.34676e-15 2.47109e-19 BessellR
53629.1 1.32082e-15 2.44279e-19 BessellR
53630.1 1.29538e-15 2.41504e-19 BessellR
53631.1 1.27042e-15 2.38782e-19 BessellR
53632.1 1.24595e-15 2.36111e-19 BessellR
53633.1 1.22195e-15 2.33487e-19 BessellR
53634.1 1.19842e-15 2.30909e-19 BessellR
53635.1 1.17533e-15 2.28374e-19 BessellR
53636.1 1.15269e-15 2.25881e-19 BessellR
53637.1 1.13049e-15 2.23427e-19 BessellR
53638.1 1.10871e-15 2.2101e-19 BessellR
53639.1 1.08736e-15 2.1863e-19 BessellR
53640.1 1.06641e-15 2.16284e-19 BessellR
53641.1 1.04587e-15 2.1397e-19 BessellR
53642.1 1.02572e-15 2.11688e-19 BessellR
53643.1 1.00597e-15 2.09435e-19 BessellR
53644.1 9.8659e-16 2.07212e-19 BessellR
53645.1 9.67586e-16 2.05015e-19 BessellR
53646.1 9.48948e-16 2.02845e-19 BessellR
53647.1 9.30669e-16 2.00701e-19 BessellR
53648.1 9.12742e-16 1.98581e-19 BessellR
53649.1 8.95161e-16 1.96484e-19 BessellR
53650.1 8.77918e-16 1.9441e-19 BessellR
53651.1 8.61008e-16 1.92358e-19 BessellR
53652.1 8.44423e-16 1.90326e-19 BessellR
53653.1 8.28157e-16 1.88316e-19 BessellR
53654.1 8.12205e-16 1.86325e-19 BessellR
53655.1 7.9656e-16 1.84353e-19 BessellR
53656.1 7.81217e-16 1.82399e-19 BessellR
53657.1 7.66169e-16 1.80464e-19 BessellR
53658.1 7.51411e-16 1.78547e-19 BessellR
53659.1 7.36937e-16 1.76646e-19 BessellR
53660.1 7.22742e-16 1.74763e-19 BessellR
53661.1 7.0882e-16 1.72896e-19 BessellR
53662.1 6.95167e-16 1.71044e-19 BessellR
53663.1 6.81776e-16 1.69209e-19 BessellR
53664.1 6.68644e-16 1.67389e-19 BessellR
53665.1 6.55764e-16 1.65584e-19 BessellR
53666.1 6.43133e-16 1.63794e-19 BessellR
53667.1 6.30745e-16 1.62019e-19 BessellR
53668.1 6.18595e-16 1.60258e-19 BessellR
53669.1 6.0668e-16 1.58511e-19 BessellR
53670.1 5.94994e-16 1.56779e-19 BessellR
53671.1 5.83533e-16 1.5506e-19 BessellR
53672.1 5.72293e-16 1.53355e-19 BessellR
53673.1 5.61269e-16 1.51664e-19 BessellR
53674.1 5.50458e-16 1.49986e-19 BessellR
53675.1 5.39855e-16 1.48322e-19 BessellR
53676.1 5.29456e-16 1.4667e-19 BessellR
53677.1 5.19257e-16 1.45032e-19 BessellR
53678.1 5.09255e-16 1.43407e-19 BessellR
53679.1 4.99446e-16 1.41795e-19 BessellR
53680.1 4.89825e-16 1.40196e-19 BessellR
53681.1 4.8039e-16 1.38609e-19 BessellR
53682.1 4.71137e-16 1.37036e-19 BessellR
53683.1 4.62062e-16 1.35475e-19 BessellR
53684.1 4.53161e-16 1.33927e-19 BessellR
53685.1 4.44433e-16 1.32391e-19 BessellR
53686.1 4.35872e-16 1.30868e-19 BessellR
53687.1 4.27476e-16 1.29357e-19 BessellR
53688.1 4.19242e-16 1.27859e-19 BessellR
53689.1 4.11166e-16 1.26374e-19 BessellR
53690.1 4.03246e-16 1.249e-19 BessellR
53691.1 3.95479e-16 1.23439e-19 BessellR
53692.1 3.87861e-16 1.21991e-19 BessellR
53693.1 3.8039e-16 1.20554e-19 BessellR
53694.1 3.73063e-16 1.1913e-19 BessellR
53695.1 3.65877e-16 1.17719e-19 BessellR
53696.1 3.58829e-16 1.16319e-19 BessellR
53697.1 3.51917e-16 1.14931e-19 BessellR
53698.1 3.45139e-16 1.13556e-19 BessellR
53699.1 3.38491e-16 1.12193e-19 BessellR
53700.1 3.31971e-16 1.10842e-19 BessellR
53701.1 3.25576e-16 1.09503e-19 BessellR
53702.1 3.19305e-16 1.08176e-19 BessellR
53703.1 3.13154e-16 1.06861e-19 BessellR
53704.1 3.07122e-16 1.05558e-19 BessellR
53705.1 3.01206e-16 1.04267e-19 BessellR
53706.1 2.95404e-16 1.02987e-19 BessellR
53707.1 2.89714e-16 1.0172e-19 BessellR
53708.1 2.84134e-16 1.00465e-19 BessellR
53709.1 2.78661e-16 9.92209e-20 BessellR
53710.1 2.73293e-16 9.7989e-20 BessellR
53711.1 2.68029e-16 9.67688e-20 BessellR
53712.1 2.62866e-16 9.55603e-20 BessellR
53713.1 2.57803e-16 9.43634e-20 BessellR
53714.1 2.52837e-16 9.31782e-20 BessellR
53715.1 2.47967e-16 9.20045e-20 BessellR
53716.1 2.4319e-16 9.08424e-20 BessellR
53717.1 2.38506e-16 8.96918e-20 BessellR
53718.1 2.33912e-16 8.85526e-20 BessellR
53719.1 2.29406e-16 8.74248e-20 BessellR
53720.1 2.24987e-16 8.63084e-20 BessellR
53721.1 2.20653e-16 8.52032e-20 BessellR
53722.1 2.16403e-16 8.41094e-20 BessellR
53723.1 2.12235e-16 8.30267e-20 BessellR
53724.1 2.08147e-16 8.19552e-20 BessellR
53725.1 2.04137e-16 8.08947e-20 BessellR
53726.1 2.00205e-16 7.98453e-20 BessellR
53727.1 1.96349e-16 7.8807e-20 BessellR
53728.1 1.92567e-16 7.77795e-20 BessellR
53729.1 1.88857e-16 7.67629e-20 BessellR
53730.1 1.8522e-16 7.57572e-20 BessellR
53731.1 1.81652e-16 7.47622e-20 BessellR
53732.1 1.78153e-16 7.37779e-20 BessellR
53733.1 1.74721e-16 7.28042e-20 BessellR
53734.1 1.71356e-16 7.18411e-20 BessellR
53735.1 1.68055e-16 7.08886e-20 BessellR
53736.1 1.64818e-16 6.99465e-20 BessellR
53737.1 1.61643e-16 6.90148e-20 BessellR
53738.1 1.58529e-16 6.80934e-20 BessellR
53739.1 1.55476e-16 6.71822e-20 BessellR
53740.1 1.52481e-16 6.62813e-20 BessellR
53741.1 1.49544e-16 6.53904e-20 BessellR
53742.1 1.46663e-16 6.45097e-20 BessellR
53743.1 1.43838e-16 6.36389e-20 BessellR
53744.1 1.41068e-16 6.2778e-20 BessellR
53745.1 1.3835e-16 6.1927e-20 BessellR
53746.1 1.35685e-16 6.10857e-20 BessellR
53747.1 1.33072e-16 6.02542e-20 BessellR
53748.1 1.30509e-16 5.94322e-20 BessellR
53749.1 1.27995e-16 5.86199e-20 BessellR
53750.1 1.25529e-16 5.7817e-20 BessellR
53751.1 1.23111e-16 5.70236e-20 BessellR
53752.1 1.2074e-16 5.62395e-20 BessellR
53753.1 1.18414e-16 5.54646e-20 BessellR
53754.1 1.16133e-16 5.4699e-20 BessellR
53755.1 1.13896e-16 5.39424e-20 BessellR
53756.1 1.11702e-16 5.3195e-20 BessellR
53757.1 1.09551e-16 5.24565e-20 BessellR
53758.1 1.07441e-16 5.17269e-20 BessellR
53759.1 1.05371e-16 5.10061e-20 BessellR
53760.1 1.03341e-16 5.0294e-20 BessellR
53761.1 1.01351e-16 4.95906e-20 BessellR
53762.1 9.93985e-17 4.88959e-20 BessellR
53763.1 9.74839e-17 4.82096e-20 BessellR
53764.1 9.56061e-17 4.75318e-20 BessellR
53765.1 9.37645e-17 4.68624e-20 BessellR
53766.1 9.19584e-17 4.62012e-20 BessellR
53767.1 9.01871e-17 4.55483e-20 BessellR
53768.1 8.84499e-17 4.49035e-20 BessellR
53769.1 8.67462e-17 4.42667e-20 BessellR
53770.1 8.50752e-17 4.3638e-20 BessellR
53771.1 8.34365e-17 4.30171e-20 BessellR
53772.1 8.18293e-17 4.24042e-20 BessellR
53773.1 8.02531e-17 4.17989e-20 BessellR
53774.1 7.87073e-17 4.12014e-20 BessellR
53775.1 7.71912e-17 4.06114e-20 BessellR
53776.1 7.57043e-17 4.0029e-20 BessellR
53777.1 7.42461e-17 3.94541e-20 BessellR
53778.1 7.28159e-17 3.88866e-20 BessellR
53779.1 7.14133e-17 3.83263e-20 BessellR
53780.1 7.00378e-17 3.77733e-20 BessellR
53781.1 6.86887e-17 3.72275e-20 BessellR
53782.1 6.73656e-17 3.66888e-20 BessellR
53783.1 6.6068e-17 3.61571e-20 BessellR
53784.1 6.47954e-17 3.56323e-20 BessellR
53785.1 6.35473e-17 3.51144e-20 BessellR
53786.1 6.23232e-17 3.46033e-20 BessellR
53787.1 6.11227e-17 3.40989e-20 BessellR
53788.1 5.99454e-17 3.36012e-20 BessellR
53789.1 5.87907e-17 3.31101e-20 BessellR
53790.1 5.76582e-17 3.26254e-20 BessellR
53791.1 5.65476e-17 3.21473e-20 BessellR
53792.1 5.54584e-17 3.16755e-20 BessellR
53793.1 5.43901e-17 3.121e-20 BessellR
53794.1 5.33425e-17 3.07507e-20 BessellR
53795.1 5.2315e-17 3.02976e-20 BessellR
53796.1 5.13073e-17 2.98506e-20 BessellR
53797.1 5.0319e-17 2.94096e-20 BessellR
53798.1 4.93497e-17 2.89746e-20 BessellR
53799.1 4.83991e-17 2.85455e-20 BessellR
53800.1 4.74669e-17 2.81222e-20 BessellR
53801.1 4.65525e-17 2.77046e-20 BessellR
53802.1 4.56558e-17 2.72928e-20 BessellR
53803.1 4.47764e-17 2.68865e-20 BessellR
53804.1 4.39139e-17 2.64859e-20 BessellR
53805.1 4.3068e-17 2.60907e-20 BessellR
53806.1 4.22384e-17 2.5701e-20 BessellR
53807.1 4.14248e-17 2.53166e-20 BessellR
53808.1 4.06269e-17 2.49375e-20 BessellR
53809.1 3.98443e-17 2.45637e-20 BessellR
53810.1 3.90768e-17 2.41951e-20 BessellR
53811.1 3.83241e-17 2.38315e-20 BessellR
53812.1 3.75859e-17 2.34731e-20 BessellR
53813.1 3.68619e-17 2.31196e-20 BessellR
53814.1 3.61519e-17 2.27711e-20 BessellR
53815.1 3.54555e-17 2.24274e-20 BessellR
53816.1 3.47726e-17 2.20886e-20 BessellR
53817.1 3.41028e-17 2.17545e-20 BessellR
53818.1 3.34459e-17 2.14251e-20 BessellR
53819.1 3.28017e-17 2.11003e-20 BessellR
53820.1 3.21698e-17 2.07802e-20 BessellR
53821.1 3.15502e-17 2.04645e-20 BessellR
53822.1 3.09424e-17 2.01534e-20 BessellR
53823.1 3.03464e-17 1.98466e-20 BessellR
53824.1 2.97619e-17 1.95442e-20 BessellR
53825.1 2.91886e-17 1.92461e-20 BessellR
53826.1 2.86264e-17 1.89523e-20 BessellR
53827.1 2.80749e-17 1.86627e-20 BessellR
53828.1 2.75342e-17 1.83772e-20 BessellR
53829.1 2.70038e-17 1.80958e-20 BessellR
53830.1 2.64836e-17 1.78184e-20 BessellR
53831.1 2.59735e-17 1.7545e-20 BessellR
53832.1 2.54732e-17 1.72756e-20 BessellR
53833.1 2.49825e-17 1.701e-20 BessellR
53834.1 2.45013e-17 1.67483e-20 BessellR
53835.1 2.40294e-17 1.64904e-20 BessellR
53836.1 2.35665e-17 1.62362e-20 BessellR
53837.1 2.31126e-17 1.59857e-20 BessellR
53838.1 2.26674e-17 1.57388e-20 BessellR
53839.1 2.22307e-17 1.54955e-20 BessellR
53840.1 2.18025e-17 1.52558e-20 BessellR
53841.1 2.13826e-17 1.50195e-20 BessellR
53842.1 2.09707e-17 1.47868e-20 BessellR
53843.1 2.05667e-17 1.45574e-20 BessellR
53844.1 2.01706e-17 1.43314e-20 BessellR
53845.1 1.97821e-17 1.41087e-20 BessellR
53846.1 1.9401e-17 1.38892e-20 BessellR
53847.1 1.90273e-17 1.3673e-20 BessellR
53848.1 1.86608e-17 1.346e-20 BessellR
53849.1 1.83013e-17 1.32501e-20 BessellR
53850.1 1.79488e-17 1.30434e-20 BessellR
53851.1 1.76031e-17 1.28396e-20 BessellR
53852.1 1.7264e-17 1.26389e-20 BessellR
53853.1 1.69315e-17 1.24412e-20 BessellR
53854.1 1.66053e-17 1.22464e-20 BessellR
53855.1 1.62855e-17 1.20545e-20 BessellR
53856.1 1.59718e-17 1.18655e-20 BessellR
53857.1 1.56641e-17 1.16793e-20 BessellR
53858.1 1.53624e-17 1.14958e-20 BessellR
53859.1 1.50665e-17 1.13151e-20 BessellR
53860.1 1.47763e-17 1.11371e-20 BessellR
53861.1 1.44917e-17 1.09618e-20 BessellR
53862.1 1.42125e-17 1.07891e-20 BessellR
53863.1 1.39387e-17 1.0619e-20 BessellR
53864.1 1.36703e-17 1.04514e-20 BessellR
53865.1 1.34069e-17 1.02864e-20 BessellR
53866.1 1.31487e-17 1.01239e-20 BessellR
53867.1 1.28954e-17 9.96375e-21 BessellR
53868.1 1.2647e-17 9.80607e-21 BessellR
53869.1 1.24034e-17 9.65077e-21 BessellR
53870.1 1.21645e-17 9.49782e-21 BessellR
53871.1 1.19302e-17 9.34719e-21 BessellR
53872.1 1.17004e-17 9.19884e-21 BessellR
53873.1 1.1475e-17 9.05274e-21 BessellR
53874.1 1.1254e-17 8.90886e-21 BessellR
53875.1 1.10372e-17 8.76717e-21 BessellR
53876.1 1.08246e-17 8.62763e-21 BessellR
53877.1 1.06161e-17 8.49022e-21 BessellR
53878.1 1.04116e-17 8.35491e-21 BessellR
53879.1 1.0211e-17 8.22167e-21 BessellR
53880.1 1.00144e-17 8.09046e-21 BessellR
53881.1 9.82146e-18 7.96126e-21 BessellR
53882.1 9.63228e-18 7.83404e-21 BessellR
53883.1 9.44674e-18 7.70877e-21 BessellR
53884.1 9.26477e-18 7.58542e-21 BessellR
53885.1 9.08631e-18 7.46396e-21 BessellR
53886.1 8.91129e-18 7.34438e-21 BessellR
53887.1 8.73964e-18 7.22663e-21 BessellR
53888.1 8.5713e-18 7.1107e-21 BessellR
53889.1 8.40619e-18 6.99656e-21 BessellR
53890.1 8.24427e-18 6.88417e-21 BessellR
53891.1 8.08547e-18 6.77353e-21 BessellR
53468.1 6.52855e-17 1.1295e-19 BessellV
53469.1 6.863e-17 1.17292e-19 BessellV
53470.1 7.21457e-17 1.21783e-19 BessellV
53471.1 7.58415e-17 1.26427e-19 BessellV
53472.1 7.97264e-17 1.31227e-19 BessellV
53473.1 8.38101e-17 1.36188e-19 BessellV
53474.1 8.81029e-17 1.41313e-19 BessellV
53475.1 9.26153e-17 1.46607e-19 BessellV
53476.1 9.73587e-17 1.52072e-19 BessellV
53477.1 1.02345e-16 1.57714e-19 BessellV
53478.1 1.07586e-16 1.63535e-19 BessellV
53479.1 1.13095e-16 1.69539e-19 BessellV
53480.1 1.18886e-16 1.7573e-19 BessellV
53481.1 1.24973e-16 1.82111e-19 BessellV
53482.1 1.31371e-16 1.88686e-19 BessellV
53483.1 1.38096e-16 1.95458e-19 BessellV
53484.1 1.45165e-16 2.02429e-19 BessellV
53485.1 1.52595e-16 2.09603e-19 BessellV
53486.1 1.60404e-16 2.16981e-19 BessellV
53487.1 1.68612e-16 2.24568e-19 BessellV
53488.1 1.77239e-16 2.32363e-19 BessellV
53489.1 1.86306e-16 2.4037e-19 BessellV
53490.1 1.95835e-16 2.48589e-19 BessellV
53491.1 2.0585e-16 2.57022e-19 BessellV
53492.1 2.16376e-16 2.65668e-19 BessellV
53493.1 2.27438e-16 2.74529e-19 BessellV
53494.1 2.39062e-16 2.83603e-19 BessellV
53495.1 2.51278e-16 2.92889e-19 BessellV
53496.1 2.64115e-16 3.02386e-19 BessellV
53497.1 2.77605e-16 3.12092e-19 BessellV
53498.1 2.91779e-16 3.22002e-19 BessellV
53499.1 3.06672e-16 3.32114e-19 BessellV
53500.1 3.2232e-16 3.42423e-19 BessellV
53501.1 3.3876e-16 3.52923e-19 BessellV
53502.1 3.56032e-16 3.63607e-19 BessellV
53503.1 3.74177e-16 3.74467e-19 BessellV
53504.1 3.93237e-16 3.85496e-19 BessellV
53505.1 4.13257e-16 3.96681e-19 BessellV
53506.1 4.34285e-16 4.08013e-19 BessellV
53507.1 4.56369e-16 4.19479e-19 BessellV
53508.1 4.79561e-16 4.31064e-19 BessellV
53509.1 5.03913e-16 4.42752e-19 BessellV
53510.1 5.29482e-16 4.54527e-19 BessellV
53511.1 5.56325e-16 4.6637e-19 BessellV
53512.1 5.84503e-16 4.7826e-19 BessellV
53513.1 6.14079e-16 4.90176e-19 BessellV
53514.1 6.45116e-16 5.02092e-19 BessellV
53515.1 6.77684e-16 5.13984e-19 BessellV
53516.1 7.11851e-16 5.25823e-19 BessellV
53517.1 7.4769e-16 5.37581e-19 BessellV
53518.1 7.85276e-16 5.49227e-19 BessellV
53519.1 8.24685e-16 5.60728e-19 BessellV
53520.1 8.65998e-16 5.7205e-19 BessellV
53521.1 9.09295e-16 5.83158e-19 BessellV
53522.1 9.5466e-16 5.94015e-19 BessellV
53523.1 1.00218e-15 6.04585e-19 BessellV
53524.1 1.05194e-15 6.14829e-19 BessellV
53525.1 1.10402e-15 6.24711e-19 BessellV
53526.1 1.15852e-15 6.34194e-19 BessellV
53527.1 1.21553e-15 6.43241e-19 BessellV
53528.1 1.27514e-15 6.5182e-19 BessellV
53529.1 1.33743e-15 6.599e-19 BessellV
53530.1 1.40249e-15 6.67455e-19 BessellV
53531.1 1.47041e-15 6.74463e-19 BessellV
53532.1 1.54128e-15 6.80911e-19 BessellV
53533.1 1.61517e-15 6.86792e-19 BessellV
53534.1 1.69216e-15 6.9211e-19 BessellV
53535.1 1.77232e-15 6.9688e-19 BessellV
53536.1 1.85571e-15 7.01129e-19 BessellV
53537.1 1.94239e-15 7.04902e-19 BessellV
53538.1 2.03239e-15 7.08259e-19 BessellV
53539.1 2.12575e-15 7.11276e-19 BessellV
53540.1 2.22249e-15 7.14052e-19 BessellV
53541.1 2.32261e-15 7.167e-19 BessellV
53542.1 2.42609e-15 7.19356e-19 BessellV
53543.1 2.5329e-15 7.22169e-19 BessellV
53544.1 2.64296e-15 7.25302e-19 BessellV
53545.1 2.7562e-15 7.28924e-19 BessellV
53546.1 2.87251e-15 7.33205e-19 BessellV
53547.1 2.99172e-15 7.38308e-19 BessellV
53548.1 3.11368e-15 7.44377e-19 BessellV
53549.1 3.23815e-15 7.51525e-19 BessellV
53550.1 3.36489e-15 7.59826e-19 BessellV
53551.1 3.4936e-15 7.69301e-19 BessellV
53552.1 3.62395e-15 7.79914e-19 BessellV
53553.1 3.75557e-15 7.9156e-19 BessellV
53554.1 3.88803e-15 8.04068e-19 BessellV
53555.1 4.02087e-15 8.17198e-19 BessellV
53556.1 4.15359e-15 8.30651e-19 BessellV
53557.1 4.28564e-15 8.44074e-19 BessellV
53558.1 4.41644e-15 8.57076e-19 BessellV
53559.1 4.54538e-15 8.69239e-19 BessellV
53560.1 4.67183e-15 8.80138e-19 BessellV
53561.1 4.7951e-15 8.89357e-19 BessellV
53562.1 4.91454e-15 8.9651e-19 BessellV
53563.1 5.02945e-15 9.01258e-19 BessellV
53564.1 5.13916e-15 9.03329e-19 BessellV
53565.1 5.24299e-15 9.0253e-19 BessellV
53566.1 5.3403e-15 8.98768e-19 BessellV
53567.1 5.43048e-15 8.92063e-19 BessellV
53568.1 5.51295e-15 8.8255e-19 BessellV
53569.1 5.5872e-15 8.70493e-19 BessellV
53570.1 5.65275e-15 8.5628e-19 BessellV
53571.1 5.70923e-15 8.40422e-19 BessellV
53572.1 5.75631e-15 8.23534e-19 BessellV
53573.1 5.79376e-15 8.06318e-19 BessellV
53574.1 5.82142e-15 7.8953e-19 BessellV
53575.1 5.83922e-15 7.73939e-19 BessellV
53576.1 5.84718e-15 7.60273e-19 BessellV
53577.1 5.8454e-15 7.4917e-19 BessellV
53578.1 5.83404e-15 7.41117e-19 BessellV
53579.1 5.81337e-15 7.36412e-19 BessellV
53580.1 5.78369e-15 7.35134e-19 BessellV
53581.1 5.7454e-15 7.37145e-19 BessellV
53582.1 5.69891e-15 7.42115e-19 BessellV
53583.1 5.64471e-15 7.49558e-19 BessellV
53584.1 5.58329e-15 7.58896e-19 BessellV
53585.1 5.51521e-15 7.695e-19 BessellV
53586.1 5.44101e-15 7.8075e-19 BessellV
53587.1 5.36126e-15 7.92062e-19 BessellV
53588.1 5.27652e-15 8.02916e-19 BessellV
53589.1 5.18735e-15 8.12873e-19 BessellV
53590.1 5.09431e-15 8.21576e-19 BessellV
53591.1 4.99793e-15 8.28752e-19 BessellV
53592.1 4.89872e-15 8.34205e-19 BessellV
53593.1 4.79719e-15 8.37812e-19 BessellV
53594.1 4.6938e-15 8.39512e-19 BessellV
53595.1 4.58899e-15 8.39294e-19 BessellV
53596.1 4.48317e-15 8.37193e-19 BessellV
53597.1 4.37671e-15 8.33281e-19 BessellV
53598.1 4.26998e-15 8.27653e-19 BessellV
53599.1 4.16328e-15 8.20429e-19 BessellV
53600.1 4.05692e-15 8.1174e-19 BessellV
53601.1 3.95115e-15 8.01729e-19 BessellV
53602.1 3.84622e-15 7.90541e-19 BessellV
53603.1 3.74232e-15 7.78325e-19 BessellV
53604.1 3.63964e-15 7.65225e-19 BessellV
53605.1 3.53836e-15 7.51383e-19 BessellV
53606.1 3.43859e-15 7.36934e-19 BessellV
53607.1 3.34048e-15 7.22006e-19 BessellV
53608.1 3.24411e-15 7.06717e-19 BessellV
53609.1 3.14958e-15 6.91178e-19 BessellV
53610.1 3.05695e-15 6.75488e-19 BessellV
53611.1 2.96628e-15 6.5974e-19 BessellV
53612.1 2.87762e-15 6.44015e-19 BessellV
53613.1 2.79098e-15 6.28384e-19 BessellV
53614.1 2.7064e-15 6.12911e-19 BessellV
53615.1 2.62389e-15 5.97651e-19 BessellV
53616.1 2.54345e-15 5.8265e-19 BessellV
53617.1 2.46507e-15 5.67947e-19 BessellV
53618.1 2.38876e-15 5.53575e-19 BessellV
53619.1 2.31449e-15 5.39559e-19 BessellV
53620.1 2.24224e-15 5.25919e-19 BessellV
53621.1 2.172e-15 5.12669e-19 BessellV
53622.1 2.10372e-15 4.99819e-19 BessellV
53623.1 2.03739e-15 4.87374e-19 BessellV
53624.1 1.97297e-15 4.75336e-19 BessellV
53625.1 1.91042e-15 4.63703e-19 BessellV
53626.1 1.84971e-15 4.52471e-19 BessellV
53627.1 1.79081e-15 4.41632e-19 BessellV
53628.1 1.73366e-15 4.31179e-19 BessellV
53629.1 1.67823e-15 4.21099e-19 BessellV
53630.1 1.62448e-15 4.11382e-19 BessellV
53631.1 1.57238e-15 4.02014e-19 BessellV
53632.1 1.52187e-15 3.92982e-19 BessellV
53633.1 1.47291e-15 3.84272e-19 BessellV
53634.1 1.42548e-15 3.75868e-19 BessellV
53635.1 1.37952e-15 3.67757e-19 BessellV
53636.1 1.33499e-15 3.59923e-19 BessellV
53637.1 1.29187e-15 3.52353e-19 BessellV
53638.1 1.2501e-15 3.45032e-19 BessellV
53639.1 1.20964e-15 3.37946e-19 BessellV
53640.1 1.17047e-15 3.31082e-19 BessellV
53641.1 1.13254e-15 3.24427e-19 BessellV
53642.1 1.09581e-15 3.1797e-19 BessellV
53643.1 1.06026e-15 3.11698e-19 BessellV
53644.1 1.02584e-15 3.056e-19 BessellV
53645.1 9.92523e-16 2.99667e-19 BessellV
53646.1 9.60273e-16 2.93888e-19 BessellV
53647.1 9.29057e-16 2.88254e-19 BessellV
53648.1 8.98845e-16 2.82757e-19 BessellV
53649.1 8.69605e-16 2.77389e-19 BessellV
53650.1 8.41307e-16 2.72143e-19 BessellV
53651.1 8.13922e-16 2.67012e-19 BessellV
53652.1 7.87421e-16 2.6199e-19 BessellV
53653.1 7.61777e-16 2.5707e-19 BessellV
53654.1 7.36962e-16 2.52249e-19 BessellV
53655.1 7.1295e-16 2.4752e-19 BessellV
53656.1 6.89716e-16 2.42881e-19 BessellV
53657.1 6.67235e-16 2.38325e-19 BessellV
53658.1 6.45483e-16 2.33851e-19 BessellV
53659.1 6.24437e-16 2.29455e-19 BessellV
53660.1 6.04075e-16 2.25133e-19 BessellV
53661.1 5.84374e-16 2.20883e-19 BessellV
53662.1 5.65313e-16 2.16703e-19 BessellV
53663.1 5.46872e-16 2.12591e-19 BessellV
53664.1 5.2903e-16 2.08543e-19 BessellV
53665.1 5.11769e-16 2.0456e-19 BessellV
53666.1 4.9507e-16 2.00638e-19 BessellV
53667.1 4.78915e-16 1.96777e-19 BessellV
53668.1 4.63285e-16 1.92975e-19 BessellV
53669.1 4.48165e-16 1.89231e-19 BessellV
53670.1 4.33537e-16 1.85544e-19 BessellV
53671.1 4.19386e-16 1.81913e-19 BessellV
53672.1 4.05696e-16 1.78337e-19 BessellV
53673.1 3.92452e-16 1.74816e-19 BessellV
53674.1 3.7964e-16 1.71348e-19 BessellV
53675.1 3.67246e-16 1.67932e-19 BessellV
53676.1 3.55256e-16 1.64569e-19 BessellV
53677.1 3.43657e-16 1.61258e-19 BessellV
53678.1 3.32437e-16 1.57998e-19 BessellV
53679.1 3.21582e-16 1.54788e-19 BessellV
53680.1 3.11082e-16 1.51629e-19 BessellV
53681.1 3.00924e-16 1.48519e-19 BessellV
53682.1 2.91098e-16 1.45458e-19 BessellV
53683.1 2.81592e-16 1.42446e-19 BessellV
53684.1 2.72397e-16 1.39483e-19 BessellV
53685.1 2.63501e-16 1.36568e-19 BessellV
53686.1 2.54897e-16 1.337e-19 BessellV
53687.1 2.46572e-16 1.30879e-19 BessellV
53688.1 2.3852e-16 1.28105e-19 BessellV
53689.1 2.30731e-16 1.25378e-19 BessellV
53690.1 2.23195e-16 1.22697e-19 BessellV
53691.1 2.15906e-16 1.20061e-19 BessellV
53692.1 2.08855e-16 1.17471e-19 BessellV
53693.1 2.02034e-16 1.14925e-19 BessellV
53694.1 1.95436e-16 1.12424e-19 BessellV
53695.1 1.89053e-16 1.09967e-19 BessellV
53696.1 1.82879e-16 1.07553e-19 BessellV
53697.1 1.76906e-16 1.05183e-19 BessellV
53698.1 1.71128e-16 1.02856e-19 BessellV
53699.1 1.65539e-16 1.0057e-19 BessellV
53700.1 1.60132e-16 9.83271e-20 BessellV
53701.1 1.54902e-16 9.61252e-20 BessellV
53702.1 1.49843e-16 9.39643e-20 BessellV
53703.1 1.44949e-16 9.1844e-20 BessellV
53704.1 1.40215e-16 8.97638e-20 BessellV
53705.1 1.35636e-16 8.77231e-20 BessellV
53706.1 1.31205e-16 8.57216e-20 BessellV
53707.1 1.2692e-16 8.37588e-20 BessellV
53708.1 1.22775e-16 8.18341e-20 BessellV
53709.1 1.18765e-16 7.99471e-20 BessellV
53710.1 1.14886e-16 7.80974e-20 BessellV
53711.1 1.11133e-16 7.62843e-20 BessellV
53712.1 1.07504e-16 7.45074e-20 BessellV
53713.1 1.03992e-16 7.27663e-20 BessellV
53714.1 1.00596e-16 7.10604e-20 BessellV
53715.1 9.73102e-17 6.93892e-20 BessellV
53716.1 9.41319e-17 6.77522e-20 BessellV
53717.1 9.10574e-17 6.61489e-20 BessellV
53718.1 8.80833e-17 6.45788e-20 BessellV
53719.1 8.52063e-17 6.30415e-20 BessellV
53720.1 8.24233e-17 6.15363e-20 BessellV
53721.1 7.97312e-17 6.00629e-20 BessellV
53722.1 7.7127e-17 5.86206e-20 BessellV
53723.1 7.46079e-17 5.7209e-20 BessellV
53724.1 7.2171e-17 5.58277e-20 BessellV
53725.1 6.98138e-17 5.4476e-20 BessellV
53726.1 6.75335e-17 5.31536e-20 BessellV
53727.1 6.53277e-17 5.18598e-20 BessellV
53728.1 6.3194e-17 5.05943e-20 BessellV
53729.1 6.113e-17 4.93565e-20 BessellV
53730.1 5.91333e-17 4.8146e-20 BessellV
53731.1 5.72019e-17 4.69622e-20 BessellV
53732.1 5.53336e-17 4.58048e-20 BessellV
53733.1 5.35263e-17 4.46731e-20 BessellV
53734.1 5.1778e-17 4.35668e-20 BessellV
53735.1 5.00868e-17 4.24854e-20 BessellV
53736.1 4.84508e-17 4.14284e-20 BessellV
53737.1 4.68683e-17 4.03954e-20 BessellV
53738.1 4.53375e-17 3.93859e-20 BessellV
53739.1 4.38567e-17 3.83995e-20 BessellV
53740.1 4.24242e-17 3.74357e-20 BessellV
53741.1 4.10386e-17 3.64941e-20 BessellV
53742.1 3.96982e-17 3.55743e-20 BessellV
53743.1 3.84015e-17 3.46757e-20 BessellV
53744.1 3.71473e-17 3.37981e-20 BessellV
53745.1 3.59339e-17 3.2941e-20 BessellV
53746.1 3.47603e-17 3.2104e-20 BessellV
53747.1 3.36249e-17 3.12866e-20 BessellV
53748.1 3.25266e-17 3.04886e-20 BessellV
53749.1 3.14643e-17 2.97094e-20 BessellV
53750.1 3.04366e-17 2.89487e-20 BessellV
53751.1 2.94424e-17 2.82061e-20 BessellV
53752.1 2.84808e-17 2.74812e-20 BessellV
53753.1 2.75505e-17 2.67737e-20 BessellV
53754.1 2.66507e-17 2.60832e-20 BessellV
53755.1 2.57802e-17 2.54094e-20 BessellV
53756.1 2.49382e-17 2.47518e-20 BessellV
53757.1 2.41236e-17 2.41101e-20 BessellV
53758.1 2.33357e-17 2.3484e-20 BessellV
53759.1 2.25735e-17 2.28732e-20 BessellV
53760.1 2.18362e-17 2.22773e-20 BessellV
53761.1 2.1123e-17 2.1696e-20 BessellV
53762.1 2.04331e-17 2.1129e-20 BessellV
53763.1 1.97657e-17 2.05759e-20 BessellV
53764.1 1.91201e-17 2.00364e-20 BessellV
53765.1 1.84956e-17 1.95103e-20 BessellV
53766.1 1.78915e-17 1.89973e-20 BessellV
53767.1 1.73071e-17 1.8497e-20 BessellV
53768.1 1.67418e-17 1.80091e-20 BessellV
53769.1 1.6195e-17 1.75334e-20 BessellV
53770.1 1.5666e-17 1.70697e-20 BessellV
53771.1 1.51543e-17 1.66175e-20 BessellV
53772.1 1.46593e-17 1.61767e-20 BessellV
53773.1 1.41805e-17 1.57471e-20 BessellV
53774.1 1.37174e-17 1.53282e-20 BessellV
53775.1 1.32693e-17 1.492e-20 BessellV
53776.1 1.28359e-17 1.45221e-20 BessellV
53777.1 1.24167e-17 1.41343e-20 BessellV
53778.1 1.20111e-17 1.37564e-20 BessellV
53779.1 1.16188e-17 1.33881e-20 BessellV
53780.1 1.12393e-17 1.30292e-20 BessellV
53781.1 1.08722e-17 1.26795e-20 BessellV
53782.1 1.05171e-17 1.23388e-20 BessellV
53783.1 1.01736e-17 1.20068e-20 BessellV
53784.1 9.84129e-18 1.16833e-20 BessellV
53785.1 9.51985e-18 1.13682e-20 BessellV
53786.1 9.20891e-18 1.10613e-20 BessellV
53787.1 8.90813e-18 1.07623e-20 BessellV
53788.1 8.61717e-18 1.0471e-20 BessellV
53789.1 8.33571e-18 1.01873e-20 BessellV
53790.1 8.06345e-18 9.91093e-21 BessellV
53791.1 7.80008e-18 9.64179e-21 BessellV
53792.1 7.54531e-18 9.37968e-21 BessellV
53793.1 7.29886e-18 9.12441e-21 BessellV
53794.1 7.06047e-18 8.87582e-21 BessellV
53795.1 6.82986e-18 8.63375e-21 BessellV
53796.1 6.60678e-18 8.39803e-21 BessellV
53797.1 6.39099e-18 8.16852e-21 BessellV
53798.1 6.18224e-18 7.94504e-21 BessellV
53799.1 5.98032e-18 7.72746e-21 BessellV
53800.1 5.78499e-18 7.51562e-21 BessellV
53801.1 5.59603e-18 7.30939e-21 BessellV
53802.1 5.41326e-18 7.10862e-21 BessellV
53803.1 5.23645e-18 6.91318e-21 BessellV
53804.1 5.06541e-18 6.72292e-21 BessellV
53805.1 4.89996e-18 6.53773e-21 BessellV
53806.1 4.73992e-18 6.35747e-21 BessellV
53807.1 4.5851e-18 6.18201e-21 BessellV
53808.1 4.43534e-18 6.01124e-21 BessellV
53809.1 4.29048e-18 5.84504e-21 BessellV
53810.1 4.15034e-18 5.68328e-21 BessellV
53811.1 4.01478e-18 5.52586e-21 BessellV
53812.1 3.88365e-18 5.37267e-21 BessellV
53813.1 3.7568e-18 5.2236e-21 BessellV
53814.1 3.63409e-18 5.07853e-21 BessellV
53815.1 3.5154e-18 4.93737e-21 BessellV
53816.1 3.40058e-18 4.80002e-21 BessellV
53817.1 3.2895e-18 4.66638e-21 BessellV
53818.1 3.18206e-18 4.53635e-21 BessellV
53819.1 3.07813e-18 4.40984e-21 BessellV
53820.1 2.97759e-18 4.28676e-21 BessellV
53821.1 2.88034e-18 4.16702e-21 BessellV
53822.1 2.78626e-18 4.05053e-21 BessellV
53823.1 2.69525e-18 3.93721e-21 BessellV
53824.1 2.60722e-18 3.82697e-21 BessellV
53825.1 2.52206e-18 3.71973e-21 BessellV
53826.1 2.43968e-18 3.61542e-21 BessellV
53827.1 2.36e-18 3.51396e-21 BessellV
53828.1 2.28292e-18 3.41527e-21 BessellV
53829.1 2.20835e-18 3.31928e-21 BessellV
53830.1 2.13622e-18 3.22592e-21 BessellV
53831.1 2.06645e-18 3.13512e-21 BessellV
53832.1 1.99895e-18 3.04682e-21 BessellV
53833.1 1.93366e-18 2.96093e-21 BessellV
53834.1 1.8705e-18 2.87741e-21 BessellV
53835.1 1.80941e-18 2.79619e-21 BessellV
53836.1 1.75031e-18 2.71721e-21 BessellV
53837.1 1.69314e-18 2.6404e-21 BessellV
53838.1 1.63784e-18 2.56571e-21 BessellV
