56358.7 6.1862e-16 3.59165e-17 BessellU
56359.7 6.52818e-16 3.51254e-17 BessellU
56360.7 6.87399e-16 3.40546e-17 BessellU
56361.7 7.21948e-16 3.26863e-17 BessellU
56362.7 7.55946e-16 3.10098e-17 BessellU
56363.7 7.88767e-16 2.90245e-17 BessellU
56364.7 8.19676e-16 2.67434e-17 BessellU
56365.7 8.47839e-16 2.41958e-17 BessellU
56366.7 8.72345e-16 2.14296e-17 BessellU
56367.7 8.92244e-16 1.85122e-17 BessellU
56368.7 9.06599e-16 1.55281e-17 BessellU
56369.7 9.14556e-16 1.25756e-17 BessellU
56370.7 9.15415e-16 9.7595e-18 BessellU
56371.7 9.0871e-16 7.18283e-18 BessellU
56372.7 8.9427e-16 4.9409e-18 BessellU
56373.7 8.72256e-16 3.12421e-18 BessellU
56374.7 8.4317e-16 1.85267e-18 BessellU
56375.7 8.07824e-16 1.32414e-18 BessellU
56376.7 7.67272e-16 1.4293e-18 BessellU
56377.7 7.22728e-16 1.6441e-18 BessellU
56378.7 6.75468e-16 1.73971e-18 BessellU
56379.7 6.26741e-16 1.69731e-18 BessellU
56380.7 5.77694e-16 1.5514e-18 BessellU
56381.7 5.29319e-16 1.34489e-18 BessellU
56382.7 4.82425e-16 1.11637e-18 BessellU
56383.7 4.37632e-16 8.96764e-19 BessellU
56384.7 3.95379e-16 7.0961e-19 BessellU
56385.7 3.55943e-16 5.71632e-19 BessellU
56386.7 3.19467e-16 4.90404e-19 BessellU
56387.7 2.85985e-16 4.59047e-19 BessellU
56388.7 2.55446e-16 4.58377e-19 BessellU
56389.7 2.27742e-16 4.69015e-19 BessellU
56390.7 2.02722e-16 4.78959e-19 BessellU
56391.7 1.80212e-16 4.82933e-19 BessellU
56392.7 1.60023e-16 4.79577e-19 BessellU
56393.7 1.41964e-16 4.69383e-19 BessellU
56394.7 1.25845e-16 4.5358e-19 BessellU
56395.7 1.11484e-16 4.33568e-19 BessellU
56396.7 9.87088e-17 4.1067e-19 BessellU
56397.7 8.73582e-17 3.8602e-19 BessellU
56398.7 7.72841e-17 3.60542e-19 BessellU
56399.7 6.83505e-17 3.34952e-19 BessellU
56400.7 6.04341e-17 3.09791e-19 BessellU
56401.7 5.34232e-17 2.85444e-19 BessellU
56402.7 4.72173e-17 2.62179e-19 BessellU
56403.7 4.17262e-17 2.40165e-19 BessellU
56404.7 3.68692e-17 2.19498e-19 BessellU
56405.7 3.25743e-17 2.00218e-19 BessellU
56406.7 2.87773e-17 1.82327e-19 BessellU
56407.7 2.54212e-17 1.65794e-19 BessellU
56408.7 2.24552e-17 1.50571e-19 BessellU
56409.7 1.98343e-17 1.36596e-19 BessellU
56410.7 1.75186e-17 1.23798e-19 BessellU
56411.7 1.54728e-17 1.12102e-19 BessellU
56412.7 1.36655e-17 1.01433e-19 BessellU
56413.7 1.20691e-17 9.17165e-20 BessellU
56414.7 1.06589e-17 8.28785e-20 BessellU
56415.7 9.41341e-18 7.48492e-20 BessellU
56416.7 8.31332e-18 6.75621e-20 BessellU
56417.7 7.34172e-18 6.09546e-20 BessellU
56418.7 6.48362e-18 5.49683e-20 BessellU
56419.7 5.72577e-18 4.95488e-20 BessellU
56420.7 5.05648e-18 4.46457e-20 BessellU
56359.6 3.83671e-16 2.16901e-18 BessellI
56360.6 4.01624e-16 2.15832e-18 BessellI
56361.6 4.20207e-16 2.14233e-18 BessellI
56362.6 4.39419e-16 2.12089e-18 BessellI
56363.6 4.59256e-16 2.0939e-18 BessellI
56364.6 4.79711e-16 2.06132e-18 BessellI
56365.6 5.00774e-16 2.02319e-18 BessellI
56366.6 5.2243e-16 1.97961e-18 BessellI
56367.6 5.44661e-16 1.9308e-18 BessellI
56368.6 5.67446e-16 1.87709e-18 BessellI
56369.6 5.90758e-16 1.81896e-18 BessellI
56370.6 6.14567e-16 1.75701e-18 BessellI
56371.6 6.38837e-16 1.69207e-18 BessellI
56372.6 6.63528e-16 1.62513e-18 BessellI
56373.6 6.88597e-16 1.55745e-18 BessellI
56374.6 7.13994e-16 1.49052e-18 BessellI
56375.6 7.39666e-16 1.4261e-18 BessellI
56376.6 7.65554e-16 1.3662e-18 BessellI
56377.6 7.91598e-16 1.31302e-18 BessellI
56378.6 8.17731e-16 1.26884e-18 BessellI
56379.6 8.43885e-16 1.23584e-18 BessellI
56380.6 8.69988e-16 1.21585e-18 BessellI
56381.6 8.95965e-16 1.21003e-18 BessellI
56382.6 9.21739e-16 1.21873e-18 BessellI
56383.6 9.47235e-16 1.24135e-18 BessellI
56384.6 9.72372e-16 1.2765e-18 BessellI
56385.6 9.97074e-16 1.32215e-18 BessellI
56386.6 1.02126e-15 1.37596e-18 BessellI
56387.6 1.04486e-15 1.43549e-18 BessellI
56388.6 1.0678e-15 1.49839e-18 BessellI
56389.6 1.09001e-15 1.56252e-18 BessellI
56390.6 1.11141e-15 1.62599e-18 BessellI
56391.6 1.13196e-15 1.68719e-18 BessellI
56392.6 1.15158e-15 1.74477e-18 BessellI
56393.6 1.17024e-15 1.79762e-18 BessellI
56394.6 1.18787e-15 1.84489e-18 BessellI
56395.6 1.20445e-15 1.88594e-18 BessellI
56396.6 1.21993e-15 1.92031e-18 BessellI
56397.6 1.23429e-15 1.94774e-18 BessellI
56398.6 1.24751e-15 1.96813e-18 BessellI
56399.6 1.25957e-15 1.9815e-18 BessellI
56400.6 1.27047e-15 1.98802e-18 BessellI
56401.6 1.28019e-15 1.98796e-18 BessellI
56402.6 1.28876e-15 1.9817e-18 BessellI
56403.6 1.29616e-15 1.96968e-18 BessellI
56404.6 1.30243e-15 1.9524e-18 BessellI
56405.6 1.30757e-15 1.93043e-18 BessellI
56406.6 1.31162e-15 1.90437e-18 BessellI
56407.6 1.31459e-15 1.87481e-18 BessellI
56408.6 1.31653e-15 1.84239e-18 BessellI
56409.6 1.31746e-15 1.80773e-18 BessellI
56410.6 1.31742e-15 1.77142e-18 BessellI
56411.6 1.31645e-15 1.73405e-18 BessellI
56412.6 1.31459e-15 1.69616e-18 BessellI
56413.6 1.31188e-15 1.65826e-18 BessellI
56414.6 1.30837e-15 1.62081e-18 BessellI
56415.6 1.30409e-15 1.58422e-18 BessellI
56416.6 1.29909e-15 1.54885e-18 BessellI
56417.6 1.29342e-15 1.51497e-18 BessellI
56418.6 1.28711e-15 1.48283e-18 BessellI
56419.6 1.2802e-15 1.45261e-18 BessellI
56420.6 1.27275e-15 1.4244e-18 BessellI
56421.6 1.26478e-15 1.39829e-18 BessellI
56422.6 1.25634e-15 1.37426e-18 BessellI
56423.6 1.24746e-15 1.35229e-18 BessellI
56424.6 1.23818e-15 1.3323e-18 BessellI
56425.6 1.22854e-15 1.31419e-18 BessellI
56426.6 1.21856e-15 1.29781e-18 BessellI
56427.6 1.20829e-15 1.28301e-18 BessellI
56428.6 1.19774e-15 1.26964e-18 BessellI
56429.6 1.18695e-15 1.25751e-18 BessellI
56430.6 1.17595e-15 1.24645e-18 BessellI
56431.6 1.16475e-15 1.2363e-18 BessellI
56432.6 1.1534e-15 1.2269e-18 BessellI
56433.6 1.1419e-15 1.2181e-18 BessellI
56434.6 1.13028e-15 1.20974e-18 BessellI
56435.6 1.11855e-15 1.20172e-18 BessellI
56436.6 1.10675e-15 1.19392e-18 BessellI
56437.6 1.09488e-15 1.18623e-18 BessellI
56438.6 1.08296e-15 1.17857e-18 BessellI
56439.6 1.071e-15 1.17088e-18 BessellI
56440.6 1.05903e-15 1.16308e-18 BessellI
56441.6 1.04704e-15 1.15513e-18 BessellI
56442.6 1.03507e-15 1.14699e-18 BessellI
56443.6 1.0231e-15 1.13863e-18 BessellI
56444.6 1.01116e-15 1.13004e-18 BessellI
56445.6 9.99261e-16 1.12118e-18 BessellI
56446.6 9.87401e-16 1.11207e-18 BessellI
56447.6 9.75592e-16 1.10268e-18 BessellI
56448.6 9.63841e-16 1.09304e-18 BessellI
56449.6 9.52155e-16 1.08314e-18 BessellI
56450.6 9.40539e-16 1.07299e-18 BessellI
56451.6 9.28999e-16 1.0626e-18 BessellI
56452.6 9.17539e-16 1.05199e-18 BessellI
56453.6 9.06164e-16 1.04117e-18 BessellI
56454.6 8.94878e-16 1.03016e-18 BessellI
56455.6 8.83685e-16 1.01897e-18 BessellI
56456.6 8.72586e-16 1.00764e-18 BessellI
56457.6 8.61586e-16 9.9616e-19 BessellI
56458.6 8.50686e-16 9.84566e-19 BessellI
56459.6 8.39889e-16 9.72872e-19 BessellI
56460.6 8.29196e-16 9.61096e-19 BessellI
56461.6 8.1861e-16 9.49256e-19 BessellI
56462.6 8.0813e-16 9.37368e-19 BessellI
56463.6 7.97759e-16 9.25449e-19 BessellI
56464.6 7.87498e-16 9.13516e-19 BessellI
56465.6 7.77346e-16 9.01583e-19 BessellI
56466.6 7.67305e-16 8.89664e-19 BessellI
56467.6 7.57376e-16 8.77774e-19 BessellI
56468.6 7.47557e-16 8.65926e-19 BessellI
56469.6 7.3785e-16 8.54131e-19 BessellI
56470.6 7.28254e-16 8.42401e-19 BessellI
56471.6 7.18769e-16 8.30746e-19 BessellI
56472.6 7.09395e-16 8.19177e-19 BessellI
56473.6 7.00132e-16 8.07702e-19 BessellI
56474.6 6.90979e-16 7.96331e-19 BessellI
56475.6 6.81936e-16 7.8507e-19 BessellI
56476.6 6.73002e-16 7.73926e-19 BessellI
56477.6 6.64177e-16 7.62907e-19 BessellI
56478.6 6.5546e-16 7.52018e-19 BessellI
56479.6 6.4685e-16 7.41264e-19 BessellI
56480.6 6.38346e-16 7.30649e-19 BessellI
56481.6 6.29949e-16 7.20179e-19 BessellI
56482.6 6.21656e-16 7.09856e-19 BessellI
56483.6 6.13467e-16 6.99683e-19 BessellI
56484.6 6.05381e-16 6.89664e-19 BessellI
56485.6 5.97397e-16 6.798e-19 BessellI
56486.6 5.89515e-16 6.70093e-19 BessellI
56487.6 5.81732e-16 6.60545e-19 BessellI
56488.6 5.74049e-16 6.51157e-19 BessellI
56489.6 5.66465e-16 6.4193e-19 BessellI
56490.6 5.58977e-16 6.32863e-19 BessellI
56491.6 5.51586e-16 6.23958e-19 BessellI
56492.6 5.4429e-16 6.15214e-19 BessellI
56493.6 5.37088e-16 6.06631e-19 BessellI
56494.6 5.29979e-16 5.98208e-19 BessellI
56495.6 5.22963e-16 5.89944e-19 BessellI
56496.6 5.16037e-16 5.81839e-19 BessellI
56497.6 5.09202e-16 5.7389e-19 BessellI
56498.6 5.02455e-16 5.66098e-19 BessellI
56499.6 4.95797e-16 5.5846e-19 BessellI
56500.6 4.89225e-16 5.50975e-19 BessellI
56501.6 4.82739e-16 5.4364e-19 BessellI
56502.6 4.76338e-16 5.36455e-19 BessellI
56503.6 4.70021e-16 5.29417e-19 BessellI
56504.6 4.63787e-16 5.22523e-19 BessellI
56505.6 4.57635e-16 5.15773e-19 BessellI
56506.6 4.51563e-16 5.09162e-19 BessellI
56507.6 4.45571e-16 5.0269e-19 BessellI
56508.6 4.39658e-16 4.96354e-19 BessellI
56509.6 4.33823e-16 4.90151e-19 BessellI
56510.6 4.28065e-16 4.84079e-19 BessellI
56511.6 4.22382e-16 4.78136e-19 BessellI
56512.6 4.16775e-16 4.72318e-19 BessellI
56513.6 4.11241e-16 4.66624e-19 BessellI
56514.6 4.05781e-16 4.6105e-19 BessellI
56515.6 4.00392e-16 4.55595e-19 BessellI
56516.6 3.95075e-16 4.50255e-19 BessellI
56517.6 3.89828e-16 4.45028e-19 BessellI
56518.6 3.84651e-16 4.39912e-19 BessellI
56519.6 3.79542e-16 4.34904e-19 BessellI
56520.6 3.745e-16 4.30001e-19 BessellI
56521.6 3.69526e-16 4.25201e-19 BessellI
56522.6 3.64617e-16 4.20501e-19 BessellI
56523.6 3.59773e-16 4.15899e-19 BessellI
56524.6 3.54993e-16 4.11392e-19 BessellI
56525.6 3.50277e-16 4.06978e-19 BessellI
56526.6 3.45623e-16 4.02655e-19 BessellI
56527.6 3.41031e-16 3.98419e-19 BessellI
56528.6 3.36499e-16 3.94269e-19 BessellI
56529.6 3.32028e-16 3.90203e-19 BessellI
56530.6 3.27616e-16 3.86217e-19 BessellI
56531.6 3.23263e-16 3.82311e-19 BessellI
56532.6 3.18967e-16 3.78481e-19 BessellI
56533.6 3.14728e-16 3.74725e-19 BessellI
56534.6 3.10546e-16 3.71042e-19 BessellI
56535.6 3.06419e-16 3.67429e-19 BessellI
56536.6 3.02347e-16 3.63884e-19 BessellI
56537.6 2.98329e-16 3.60406e-19 BessellI
56538.6 2.94364e-16 3.56992e-19 BessellI
56539.6 2.90452e-16 3.5364e-19 BessellI
56540.6 2.86592e-16 3.50348e-19 BessellI
56541.6 2.82783e-16 3.47116e-19 BessellI
56542.6 2.79024e-16 3.4394e-19 BessellI
56543.6 2.75316e-16 3.40819e-19 BessellI
56544.6 2.71657e-16 3.37752e-19 BessellI
56545.6 2.68046e-16 3.34736e-19 BessellI
56546.6 2.64483e-16 3.31771e-19 BessellI
56547.6 2.60968e-16 3.28855e-19 BessellI
56548.6 2.57499e-16 3.25986e-19 BessellI
56549.6 2.54077e-16 3.23162e-19 BessellI
56550.6 2.507e-16 3.20383e-19 BessellI
56551.6 2.47367e-16 3.17646e-19 BessellI
56552.6 2.44079e-16 3.14952e-19 BessellI
56553.6 2.40835e-16 3.12297e-19 BessellI
56554.6 2.37634e-16 3.09681e-19 BessellI
56555.6 2.34475e-16 3.07104e-19 BessellI
56556.6 2.31359e-16 3.04563e-19 BessellI
56557.6 2.28283e-16 3.02057e-19 BessellI
56558.6 2.25249e-16 2.99586e-19 BessellI
56559.6 2.22255e-16 2.97147e-19 BessellI
56560.6 2.19301e-16 2.94742e-19 BessellI
56561.6 2.16386e-16 2.92367e-19 BessellI
56562.6 2.13509e-16 2.90023e-19 BessellI
56563.6 2.10671e-16 2.87708e-19 BessellI
56564.6 2.07871e-16 2.85421e-19 BessellI
56565.6 2.05108e-16 2.83162e-19 BessellI
56566.6 2.02382e-16 2.8093e-19 BessellI
56567.6 1.99691e-16 2.78724e-19 BessellI
56568.6 1.97037e-16 2.76542e-19 BessellI
56569.6 1.94418e-16 2.74386e-19 BessellI
56570.6 1.91834e-16 2.72253e-19 BessellI
56571.6 1.89284e-16 2.70143e-19 BessellI
56572.6 1.86768e-16 2.68055e-19 BessellI
56573.6 1.84285e-16 2.65989e-19 BessellI
56574.6 1.81835e-16 2.63944e-19 BessellI
56575.6 1.79418e-16 2.61919e-19 BessellI
56576.6 1.77033e-16 2.59914e-19 BessellI
56577.6 1.7468e-16 2.57929e-19 BessellI
56578.6 1.72358e-16 2.55962e-19 BessellI
56579.6 1.70067e-16 2.54014e-19 BessellI
56580.6 1.67806e-16 2.52084e-19 BessellI
56581.6 1.65576e-16 2.50171e-19 BessellI
56582.6 1.63375e-16 2.48274e-19 BessellI
56583.6 1.61203e-16 2.46395e-19 BessellI
56584.6 1.5906e-16 2.44531e-19 BessellI
56585.6 1.56946e-16 2.42683e-19 BessellI
56586.6 1.54859e-16 2.4085e-19 BessellI
56587.6 1.52801e-16 2.39032e-19 BessellI
56588.6 1.5077e-16 2.37229e-19 BessellI
56589.6 1.48766e-16 2.3544e-19 BessellI
56590.6 1.46788e-16 2.33665e-19 BessellI
56591.6 1.44837e-16 2.31904e-19 BessellI
56592.6 1.42912e-16 2.30155e-19 BessellI
56593.6 1.41012e-16 2.2842e-19 BessellI
56594.6 1.39137e-16 2.26698e-19 BessellI
56595.6 1.37288e-16 2.24988e-19 BessellI
56596.6 1.35463e-16 2.23291e-19 BessellI
56597.6 1.33662e-16 2.21605e-19 BessellI
56598.6 1.31885e-16 2.19932e-19 BessellI
56599.6 1.30132e-16 2.1827e-19 BessellI
56600.6 1.28402e-16 2.16619e-19 BessellI
56601.6 1.26696e-16 2.1498e-19 BessellI
56602.6 1.25012e-16 2.13351e-19 BessellI
56603.6 1.2335e-16 2.11734e-19 BessellI
56604.6 1.2171e-16 2.10127e-19 BessellI
56605.6 1.20092e-16 2.08531e-19 BessellI
56606.6 1.18496e-16 2.06945e-19 BessellI
56607.6 1.16921e-16 2.05369e-19 BessellI
56608.6 1.15366e-16 2.03804e-19 BessellI
56609.6 1.13833e-16 2.02248e-19 BessellI
56610.6 1.1232e-16 2.00702e-19 BessellI
56611.6 1.10827e-16 1.99166e-19 BessellI
56612.6 1.09353e-16 1.9764e-19 BessellI
56613.6 1.079e-16 1.96123e-19 BessellI
56614.6 1.06466e-16 1.94615e-19 BessellI
56615.6 1.0505e-16 1.93117e-19 BessellI
56616.6 1.03654e-16 1.91627e-19 BessellI
56617.6 1.02276e-16 1.90147e-19 BessellI
56618.6 1.00916e-16 1.88676e-19 BessellI
56619.6 9.9575e-17 1.87214e-19 BessellI
56620.6 9.82513e-17 1.85761e-19 BessellI
56621.6 9.69453e-17 1.84316e-19 BessellI
56622.6 9.56566e-17 1.8288e-19 BessellI
56623.6 9.4385e-17 1.81453e-19 BessellI
56624.6 9.31304e-17 1.80034e-19 BessellI
56625.6 9.18924e-17 1.78624e-19 BessellI
56626.6 9.06709e-17 1.77223e-19 BessellI
56627.6 8.94656e-17 1.75829e-19 BessellI
56628.6 8.82763e-17 1.74444e-19 BessellI
56629.6 8.71029e-17 1.73067e-19 BessellI
56630.6 8.5945e-17 1.71699e-19 BessellI
56631.6 8.48026e-17 1.70339e-19 BessellI
56632.6 8.36753e-17 1.68986e-19 BessellI
56633.6 8.2563e-17 1.67642e-19 BessellI
56634.6 8.14655e-17 1.66306e-19 BessellI
56635.6 8.03826e-17 1.64978e-19 BessellI
56636.6 7.93141e-17 1.63658e-19 BessellI
56637.6 7.82598e-17 1.62346e-19 BessellI
56638.6 7.72195e-17 1.61042e-19 BessellI
56639.6 7.6193e-17 1.59746e-19 BessellI
56640.6 7.51802e-17 1.58457e-19 BessellI
56641.6 7.41808e-17 1.57176e-19 BessellI
56642.6 7.31947e-17 1.55903e-19 BessellI
56643.6 7.22217e-17 1.54638e-19 BessellI
56644.6 7.12617e-17 1.53381e-19 BessellI
56645.6 7.03144e-17 1.52131e-19 BessellI
56646.6 6.93797e-17 1.50889e-19 BessellI
56647.6 6.84575e-17 1.49654e-19 BessellI
56648.6 6.75475e-17 1.48427e-19 BessellI
56649.6 6.66496e-17 1.47208e-19 BessellI
56650.6 6.57636e-17 1.45996e-19 BessellI
56651.6 6.48894e-17 1.44792e-19 BessellI
56652.6 6.40268e-17 1.43595e-19 BessellI
56653.6 6.31757e-17 1.42406e-19 BessellI
56654.6 6.23359e-17 1.41224e-19 BessellI
56655.6 6.15073e-17 1.4005e-19 BessellI
56656.6 6.06897e-17 1.38883e-19 BessellI
56657.6 5.9883e-17 1.37723e-19 BessellI
56658.6 5.90869e-17 1.36571e-19 BessellI
56659.6 5.83015e-17 1.35427e-19 BessellI
56660.6 5.75265e-17 1.34289e-19 BessellI
56661.6 5.67618e-17 1.33159e-19 BessellI
56662.6 5.60073e-17 1.32036e-19 BessellI
56663.6 5.52628e-17 1.3092e-19 BessellI
56664.6 5.45282e-17 1.29812e-19 BessellI
56665.6 5.38033e-17 1.28711e-19 BessellI
56666.6 5.30881e-17 1.27617e-19 BessellI
56667.6 5.23824e-17 1.2653e-19 BessellI
56668.6 5.16861e-17 1.25451e-19 BessellI
56669.6 5.09991e-17 1.24378e-19 BessellI
56670.6 5.03211e-17 1.23313e-19 BessellI
56671.6 4.96522e-17 1.22255e-19 BessellI
56672.6 4.89922e-17 1.21204e-19 BessellI
56673.6 4.83409e-17 1.20159e-19 BessellI
56674.6 4.76984e-17 1.19122e-19 BessellI
56675.6 4.70643e-17 1.18092e-19 BessellI
56676.6 4.64387e-17 1.17069e-19 BessellI
56677.6 4.58214e-17 1.16053e-19 BessellI
56678.6 4.52123e-17 1.15044e-19 BessellI
56679.6 4.46113e-17 1.14042e-19 BessellI
56680.6 4.40183e-17 1.13047e-19 BessellI
56681.6 4.34331e-17 1.12058e-19 BessellI
56682.6 4.28558e-17 1.11077e-19 BessellI
56683.6 4.22861e-17 1.10102e-19 BessellI
56684.6 4.1724e-17 1.09134e-19 BessellI
56685.6 4.11694e-17 1.08173e-19 BessellI
56686.6 4.06221e-17 1.07219e-19 BessellI
56687.6 4.00821e-17 1.06271e-19 BessellI
56688.6 3.95493e-17 1.0533e-19 BessellI
56689.6 3.90236e-17 1.04396e-19 BessellI
56690.6 3.85048e-17 1.03469e-19 BessellI
56691.6 3.7993e-17 1.02548e-19 BessellI
56692.6 3.7488e-17 1.01634e-19 BessellI
56693.6 3.69896e-17 1.00726e-19 BessellI
56694.6 3.64979e-17 9.9825e-20 BessellI
56695.6 3.60128e-17 9.89305e-20 BessellI
56696.6 3.5534e-17 9.80425e-20 BessellI
56697.6 3.50617e-17 9.71611e-20 BessellI
56698.6 3.45956e-17 9.62861e-20 BessellI
56699.6 3.41357e-17 9.54175e-20 BessellI
56700.6 3.3682e-17 9.45554e-20 BessellI
56701.6 3.32343e-17 9.36997e-20 BessellI
56702.6 3.27925e-17 9.28504e-20 BessellI
56703.6 3.23566e-17 9.20074e-20 BessellI
56704.6 3.19264e-17 9.11707e-20 BessellI
56705.6 3.15021e-17 9.03403e-20 BessellI
56706.6 3.10833e-17 8.95161e-20 BessellI
56707.6 3.06701e-17 8.86982e-20 BessellI
56708.6 3.02624e-17 8.78865e-20 BessellI
56709.6 2.98601e-17 8.7081e-20 BessellI
56710.6 2.94632e-17 8.62816e-20 BessellI
56711.6 2.90716e-17 8.54884e-20 BessellI
56712.6 2.86851e-17 8.47012e-20 BessellI
56713.6 2.83038e-17 8.39202e-20 BessellI
56714.6 2.79276e-17 8.31451e-20 BessellI
56715.6 2.75563e-17 8.23761e-20 BessellI
56716.6 2.719e-17 8.1613e-20 BessellI
56717.6 2.68286e-17 8.08559e-20 BessellI
56718.6 2.6472e-17 8.01048e-20 BessellI
56719.6 2.61201e-17 7.93595e-20 BessellI
56720.6 2.57729e-17 7.86201e-20 BessellI
56721.6 2.54303e-17 7.78865e-20 BessellI
56722.6 2.50922e-17 7.71587e-20 BessellI
56723.6 2.47587e-17 7.64367e-20 BessellI
56724.6 2.44296e-17 7.57205e-20 BessellI
56725.6 2.41048e-17 7.501e-20 BessellI
56726.6 2.37844e-17 7.43051e-20 BessellI
56727.6 2.34682e-17 7.36059e-20 BessellI
56728.6 2.31563e-17 7.29124e-20 BessellI
56729.6 2.28484e-17 7.22244e-20 BessellI
56730.6 2.25447e-17 7.1542e-20 BessellI
56731.6 2.2245e-17 7.08651e-20 BessellI
56732.6 2.19493e-17 7.01938e-20 BessellI
56733.6 2.16576e-17 6.95279e-20 BessellI
56734.6 2.13697e-17 6.88675e-20 BessellI
56735.6 2.10856e-17 6.82124e-20 BessellI
56359.6 1.4762e-15 2.92813e-18 BessellB
56360.6 1.44138e-15 2.79773e-18 BessellB
56361.6 1.40735e-15 2.67227e-18 BessellB
56362.6 1.3741e-15 2.5516e-18 BessellB
56363.6 1.34162e-15 2.43559e-18 BessellB
56364.6 1.30987e-15 2.32412e-18 BessellB
56365.6 1.27886e-15 2.21706e-18 BessellB
56366.6 1.24855e-15 2.11429e-18 BessellB
56367.6 1.21894e-15 2.0157e-18 BessellB
56368.6 1.19001e-15 1.92118e-18 BessellB
56369.6 1.16174e-15 1.83062e-18 BessellB
56370.6 1.13412e-15 1.74393e-18 BessellB
56371.6 1.10714e-15 1.66101e-18 BessellB
56372.6 1.08078e-15 1.58177e-18 BessellB
56373.6 1.05502e-15 1.50611e-18 BessellB
56374.6 1.02986e-15 1.43396e-18 BessellB
56375.6 1.00528e-15 1.36524e-18 BessellB
56376.6 9.81265e-16 1.29986e-18 BessellB
56377.6 9.57806e-16 1.23777e-18 BessellB
56378.6 9.34888e-16 1.17889e-18 BessellB
56379.6 9.12501e-16 1.12315e-18 BessellB
56380.6 8.90631e-16 1.07049e-18 BessellB
56381.6 8.69269e-16 1.02085e-18 BessellB
56382.6 8.48401e-16 9.74176e-19 BessellB
56383.6 8.28017e-16 9.30401e-19 BessellB
56384.6 8.08106e-16 8.89469e-19 BessellB
56385.6 7.88658e-16 8.51319e-19 BessellB
56386.6 7.69661e-16 8.1589e-19 BessellB
56387.6 7.51107e-16 7.83116e-19 BessellB
56388.6 7.32985e-16 7.52928e-19 BessellB
56389.6 7.15284e-16 7.2525e-19 BessellB
56390.6 6.97997e-16 7.00003e-19 BessellB
56391.6 6.81113e-16 6.77098e-19 BessellB
56392.6 6.64623e-16 6.56439e-19 BessellB
56393.6 6.48519e-16 6.37923e-19 BessellB
56394.6 6.32791e-16 6.21439e-19 BessellB
56395.6 6.17431e-16 6.06871e-19 BessellB
56396.6 6.02431e-16 5.94094e-19 BessellB
56397.6 5.87783e-16 5.8298e-19 BessellB
56398.6 5.73478e-16 5.73397e-19 BessellB
56399.6 5.5951e-16 5.65213e-19 BessellB
56400.6 5.45869e-16 5.58296e-19 BessellB
56401.6 5.3255e-16 5.52515e-19 BessellB
56402.6 5.19544e-16 5.47743e-19 BessellB
56403.6 5.06844e-16 5.4386e-19 BessellB
56404.6 4.94444e-16 5.40748e-19 BessellB
56405.6 4.82337e-16 5.38301e-19 BessellB
56406.6 4.70515e-16 5.36416e-19 BessellB
56407.6 4.58973e-16 5.35002e-19 BessellB
56408.6 4.47704e-16 5.33974e-19 BessellB
56409.6 4.36702e-16 5.33254e-19 BessellB
56410.6 4.2596e-16 5.32773e-19 BessellB
56411.6 4.15473e-16 5.3247e-19 BessellB
56412.6 4.05235e-16 5.3229e-19 BessellB
56413.6 3.95241e-16 5.32184e-19 BessellB
56414.6 3.85484e-16 5.32112e-19 BessellB
56415.6 3.75959e-16 5.32035e-19 BessellB
56416.6 3.66661e-16 5.31923e-19 BessellB
56417.6 3.57585e-16 5.31747e-19 BessellB
56418.6 3.48725e-16 5.31487e-19 BessellB
56419.6 3.40077e-16 5.31121e-19 BessellB
56420.6 3.31636e-16 5.30635e-19 BessellB
56421.6 3.23397e-16 5.30015e-19 BessellB
56422.6 3.15355e-16 5.2925e-19 BessellB
56423.6 3.07506e-16 5.28333e-19 BessellB
56424.6 2.99845e-16 5.27258e-19 BessellB
56425.6 2.92368e-16 5.26019e-19 BessellB
56426.6 2.8507e-16 5.24615e-19 BessellB
56427.6 2.77949e-16 5.23043e-19 BessellB
56428.6 2.70998e-16 5.21304e-19 BessellB
56429.6 2.64215e-16 5.19397e-19 BessellB
56430.6 2.57596e-16 5.17325e-19 BessellB
56431.6 2.51137e-16 5.15091e-19 BessellB
56432.6 2.44834e-16 5.12696e-19 BessellB
56433.6 2.38683e-16 5.10144e-19 BessellB
56434.6 2.32681e-16 5.0744e-19 BessellB
56435.6 2.26824e-16 5.04588e-19 BessellB
56436.6 2.2111e-16 5.01592e-19 BessellB
56437.6 2.15534e-16 4.98457e-19 BessellB
56438.6 2.10094e-16 4.95189e-19 BessellB
56439.6 2.04786e-16 4.91793e-19 BessellB
56440.6 1.99608e-16 4.88273e-19 BessellB
56441.6 1.94555e-16 4.84636e-19 BessellB
56442.6 1.89626e-16 4.80887e-19 BessellB
56443.6 1.84818e-16 4.77032e-19 BessellB
56444.6 1.80126e-16 4.73075e-19 BessellB
56445.6 1.7555e-16 4.69024e-19 BessellB
56446.6 1.71085e-16 4.64882e-19 BessellB
56447.6 1.6673e-16 4.60655e-19 BessellB
56448.6 1.62482e-16 4.5635e-19 BessellB
56449.6 1.58339e-16 4.5197e-19 BessellB
56450.6 1.54297e-16 4.47521e-19 BessellB
56451.6 1.50354e-16 4.43009e-19 BessellB
56452.6 1.46509e-16 4.38437e-19 BessellB
56453.6 1.42758e-16 4.33811e-19 BessellB
56454.6 1.391e-16 4.29136e-19 BessellB
56455.6 1.35533e-16 4.24416e-19 BessellB
56456.6 1.32053e-16 4.19656e-19 BessellB
56457.6 1.2866e-16 4.14859e-19 BessellB
56458.6 1.25351e-16 4.10031e-19 BessellB
56459.6 1.22123e-16 4.05175e-19 BessellB
56460.6 1.18976e-16 4.00294e-19 BessellB
56461.6 1.15908e-16 3.95394e-19 BessellB
56462.6 1.12915e-16 3.90477e-19 BessellB
56463.6 1.09997e-16 3.85548e-19 BessellB
56464.6 1.07152e-16 3.80609e-19 BessellB
56465.6 1.04378e-16 3.75663e-19 BessellB
56466.6 1.01673e-16 3.70715e-19 BessellB
56467.6 9.90352e-17 3.65767e-19 BessellB
56468.6 9.64638e-17 3.60821e-19 BessellB
56469.6 9.39568e-17 3.55882e-19 BessellB
56470.6 9.15127e-17 3.5095e-19 BessellB
56471.6 8.913e-17 3.4603e-19 BessellB
56472.6 8.68071e-17 3.41123e-19 BessellB
56473.6 8.45426e-17 3.36232e-19 BessellB
56474.6 8.23351e-17 3.31359e-19 BessellB
56475.6 8.01833e-17 3.26506e-19 BessellB
56349.2 5.67638e-31 8.89215e-33 BessellR
56350.2 2.4679e-30 3.69868e-32 BessellR
56351.2 1.07296e-29 1.53532e-31 BessellR
56352.2 4.66489e-29 6.35891e-31 BessellR
56353.2 2.02814e-28 2.62721e-30 BessellR
56354.2 8.8177e-28 1.08249e-29 BessellR
56355.2 3.83365e-27 4.44672e-29 BessellR
56356.2 1.66675e-26 1.82046e-28 BessellR
56357.2 7.24649e-26 7.42449e-28 BessellR
56358.2 3.15055e-25 3.01488e-27 BessellR
56359.2 1.36976e-24 1.21822e-26 BessellR
56360.2 5.95528e-24 4.89435e-26 BessellR
56361.2 2.58917e-23 1.9533e-25 BessellR
56362.2 1.12569e-22 7.73427e-25 BessellR
56363.2 4.89416e-22 3.03367e-24 BessellR
56364.2 2.12783e-21 1.17631e-23 BessellR
56365.2 9.25112e-21 4.49637e-23 BessellR
56366.2 4.02201e-20 1.68769e-22 BessellR
56367.2 1.74846e-19 6.18516e-22 BessellR
56368.2 7.59809e-19 2.19413e-21 BessellR
56369.2 3.29641e-18 7.42757e-21 BessellR
56370.2 1.41994e-17 2.34096e-20 BessellR
56371.2 5.93251e-17 6.62737e-20 BessellR
56372.2 2.20167e-16 1.67617e-19 BessellR
56373.2 5.82482e-16 3.08897e-19 BessellR
56374.2 9.30945e-16 2.42644e-19 BessellR
56375.2 1.07106e-15 1.92107e-19 BessellR
56376.2 1.10049e-15 2.17935e-19 BessellR
56377.2 1.09844e-15 2.27633e-19 BessellR
56378.2 1.08898e-15 2.27329e-19 BessellR
56379.2 1.07792e-15 2.24114e-19 BessellR
56380.2 1.0666e-15 2.2027e-19 BessellR
56381.2 1.05532e-15 2.16414e-19 BessellR
56382.2 1.04413e-15 2.12704e-19 BessellR
56383.2 1.03306e-15 2.09176e-19 BessellR
56384.2 1.02211e-15 2.05838e-19 BessellR
56385.2 1.01127e-15 2.0269e-19 BessellR
56386.2 1.00055e-15 1.99728e-19 BessellR
56387.2 9.89936e-16 1.9695e-19 BessellR
56388.2 9.79439e-16 1.94351e-19 BessellR
56389.2 9.69053e-16 1.91929e-19 BessellR
56390.2 9.58777e-16 1.89679e-19 BessellR
56391.2 9.4861e-16 1.87596e-19 BessellR
56392.2 9.3855e-16 1.85676e-19 BessellR
56393.2 9.28598e-16 1.83914e-19 BessellR
56394.2 9.18751e-16 1.82305e-19 BessellR
56395.2 9.09008e-16 1.80843e-19 BessellR
56396.2 8.99369e-16 1.79524e-19 BessellR
56397.2 8.89832e-16 1.78341e-19 BessellR
56398.2 8.80396e-16 1.7729e-19 BessellR
56399.2 8.7106e-16 1.76363e-19 BessellR
56400.2 8.61823e-16 1.75557e-19 BessellR
56401.2 8.52684e-16 1.74864e-19 BessellR
56402.2 8.43642e-16 1.74278e-19 BessellR
56403.2 8.34696e-16 1.73795e-19 BessellR
56404.2 8.25845e-16 1.73408e-19 BessellR
56405.2 8.17088e-16 1.73111e-19 BessellR
56406.2 8.08423e-16 1.729e-19 BessellR
56407.2 7.9985e-16 1.72767e-19 BessellR
56408.2 7.91369e-16 1.72709e-19 BessellR
56409.2 7.82977e-16 1.72719e-19 BessellR
56410.2 7.74674e-16 1.72793e-19 BessellR
56411.2 7.66459e-16 1.72926e-19 BessellR
56412.2 7.58332e-16 1.73112e-19 BessellR
56413.2 7.5029e-16 1.73348e-19 BessellR
56414.2 7.42334e-16 1.73629e-19 BessellR
56415.2 7.34462e-16 1.73951e-19 BessellR
56416.2 7.26674e-16 1.74309e-19 BessellR
56417.2 7.18968e-16 1.74701e-19 BessellR
56418.2 7.11344e-16 1.75121e-19 BessellR
56419.2 7.03801e-16 1.75568e-19 BessellR
56420.2 6.96337e-16 1.76037e-19 BessellR
56421.2 6.88953e-16 1.76526e-19 BessellR
56422.2 6.81648e-16 1.77031e-19 BessellR
56423.2 6.74419e-16 1.7755e-19 BessellR
56424.2 6.67268e-16 1.7808e-19 BessellR
56425.2 6.60192e-16 1.7862e-19 BessellR
56426.2 6.53191e-16 1.79166e-19 BessellR
56427.2 6.46264e-16 1.79716e-19 BessellR
56428.2 6.39411e-16 1.80269e-19 BessellR
56429.2 6.32631e-16 1.80822e-19 BessellR
56430.2 6.25922e-16 1.81374e-19 BessellR
56431.2 6.19285e-16 1.81924e-19 BessellR
56432.2 6.12718e-16 1.8247e-19 BessellR
56433.2 6.06221e-16 1.8301e-19 BessellR
56434.2 5.99792e-16 1.83543e-19 BessellR
56435.2 5.93432e-16 1.84068e-19 BessellR
56436.2 5.87139e-16 1.84584e-19 BessellR
56437.2 5.80913e-16 1.8509e-19 BessellR
56438.2 5.74753e-16 1.85585e-19 BessellR
56439.2 5.68658e-16 1.86069e-19 BessellR
56440.2 5.62628e-16 1.86539e-19 BessellR
56441.2 5.56662e-16 1.86997e-19 BessellR
56442.2 5.50759e-16 1.8744e-19 BessellR
56443.2 5.44918e-16 1.87869e-19 BessellR
56444.2 5.3914e-16 1.88283e-19 BessellR
56445.2 5.33423e-16 1.88681e-19 BessellR
56446.2 5.27766e-16 1.89064e-19 BessellR
56447.2 5.2217e-16 1.89431e-19 BessellR
56448.2 5.16633e-16 1.8978e-19 BessellR
56449.2 5.11154e-16 1.90113e-19 BessellR
56450.2 5.05734e-16 1.90429e-19 BessellR
56451.2 5.00371e-16 1.90728e-19 BessellR
56452.2 4.95065e-16 1.9101e-19 BessellR
56453.2 4.89815e-16 1.91273e-19 BessellR
56454.2 4.84621e-16 1.91519e-19 BessellR
56455.2 4.79482e-16 1.91748e-19 BessellR
56456.2 4.74398e-16 1.91958e-19 BessellR
56457.2 4.69367e-16 1.92151e-19 BessellR
56458.2 4.6439e-16 1.92325e-19 BessellR
56459.2 4.59465e-16 1.92482e-19 BessellR
56460.2 4.54593e-16 1.92621e-19 BessellR
56461.2 4.49772e-16 1.92743e-19 BessellR
56462.2 4.45003e-16 1.92846e-19 BessellR
56463.2 4.40284e-16 1.92932e-19 BessellR
56464.2 4.35615e-16 1.93001e-19 BessellR
56465.2 4.30996e-16 1.93052e-19 BessellR
56466.2 4.26426e-16 1.93085e-19 BessellR
56467.2 4.21904e-16 1.93102e-19 BessellR
56468.2 4.1743e-16 1.93101e-19 BessellR
56469.2 4.13003e-16 1.93084e-19 BessellR
56470.2 4.08624e-16 1.9305e-19 BessellR
56471.2 4.04291e-16 1.92999e-19 BessellR
56472.2 4.00003e-16 1.92932e-19 BessellR
56473.2 3.95762e-16 1.92849e-19 BessellR
56474.2 3.91565e-16 1.92749e-19 BessellR
56475.2 3.87413e-16 1.92634e-19 BessellR
56476.2 3.83305e-16 1.92503e-19 BessellR
56477.2 3.7924e-16 1.92357e-19 BessellR
56478.2 3.75218e-16 1.92196e-19 BessellR
56479.2 3.71239e-16 1.92019e-19 BessellR
56480.2 3.67303e-16 1.91828e-19 BessellR
56481.2 3.63408e-16 1.91622e-19 BessellR
56482.2 3.59554e-16 1.91402e-19 BessellR
56483.2 3.55741e-16 1.91167e-19 BessellR
56484.2 3.51969e-16 1.90919e-19 BessellR
56485.2 3.48237e-16 1.90657e-19 BessellR
56486.2 3.44544e-16 1.90381e-19 BessellR
56487.2 3.4089e-16 1.90092e-19 BessellR
56488.2 3.37276e-16 1.89791e-19 BessellR
56489.2 3.33699e-16 1.89476e-19 BessellR
56490.2 3.3016e-16 1.89149e-19 BessellR
56491.2 3.26659e-16 1.88809e-19 BessellR
56492.2 3.23195e-16 1.88457e-19 BessellR
56493.2 3.19768e-16 1.88094e-19 BessellR
56494.2 3.16377e-16 1.87718e-19 BessellR
56495.2 3.13022e-16 1.87331e-19 BessellR
56496.2 3.09703e-16 1.86933e-19 BessellR
56497.2 3.06419e-16 1.86524e-19 BessellR
56498.2 3.0317e-16 1.86104e-19 BessellR
56499.2 2.99955e-16 1.85674e-19 BessellR
56500.2 2.96774e-16 1.85233e-19 BessellR
56501.2 2.93627e-16 1.84782e-19 BessellR
56502.2 2.90513e-16 1.84321e-19 BessellR
56503.2 2.87433e-16 1.83851e-19 BessellR
56504.2 2.84385e-16 1.83371e-19 BessellR
56505.2 2.81369e-16 1.82882e-19 BessellR
56506.2 2.78385e-16 1.82383e-19 BessellR
56507.2 2.75433e-16 1.81876e-19 BessellR
56508.2 2.72512e-16 1.8136e-19 BessellR
56509.2 2.69623e-16 1.80836e-19 BessellR
56510.2 2.66764e-16 1.80303e-19 BessellR
56511.2 2.63935e-16 1.79762e-19 BessellR
56512.2 2.61136e-16 1.79214e-19 BessellR
56513.2 2.58367e-16 1.78657e-19 BessellR
56514.2 2.55627e-16 1.78094e-19 BessellR
56515.2 2.52916e-16 1.77523e-19 BessellR
56516.2 2.50234e-16 1.76945e-19 BessellR
56517.2 2.47581e-16 1.7636e-19 BessellR
56518.2 2.44955e-16 1.75768e-19 BessellR
56519.2 2.42358e-16 1.7517e-19 BessellR
56520.2 2.39788e-16 1.74566e-19 BessellR
56521.2 2.37245e-16 1.73955e-19 BessellR
56522.2 2.34729e-16 1.73338e-19 BessellR
56523.2 2.3224e-16 1.72716e-19 BessellR
56524.2 2.29778e-16 1.72088e-19 BessellR
56525.2 2.27341e-16 1.71454e-19 BessellR
56526.2 2.2493e-16 1.70815e-19 BessellR
56527.2 2.22545e-16 1.70171e-19 BessellR
56528.2 2.20185e-16 1.69522e-19 BessellR
56529.2 2.1785e-16 1.68868e-19 BessellR
56530.2 2.1554e-16 1.6821e-19 BessellR
56531.2 2.13254e-16 1.67547e-19 BessellR
56532.2 2.10993e-16 1.66879e-19 BessellR
56533.2 2.08756e-16 1.66208e-19 BessellR
56534.2 2.06542e-16 1.65532e-19 BessellR
56535.2 2.04352e-16 1.64853e-19 BessellR
56536.2 2.02185e-16 1.64169e-19 BessellR
56537.2 2.00041e-16 1.63482e-19 BessellR
56538.2 1.9792e-16 1.62792e-19 BessellR
56539.2 1.95821e-16 1.62098e-19 BessellR
56540.2 1.93744e-16 1.61401e-19 BessellR
56541.2 1.9169e-16 1.60701e-19 BessellR
56542.2 1.89657e-16 1.59999e-19 BessellR
56543.2 1.87646e-16 1.59293e-19 BessellR
56544.2 1.85656e-16 1.58584e-19 BessellR
56545.2 1.83687e-16 1.57873e-19 BessellR
56546.2 1.81739e-16 1.5716e-19 BessellR
56547.2 1.79812e-16 1.56444e-19 BessellR
56548.2 1.77906e-16 1.55727e-19 BessellR
56549.2 1.76019e-16 1.55007e-19 BessellR
56550.2 1.74152e-16 1.54285e-19 BessellR
56551.2 1.72306e-16 1.53561e-19 BessellR
56552.2 1.70479e-16 1.52836e-19 BessellR
56553.2 1.68671e-16 1.52109e-19 BessellR
56554.2 1.66882e-16 1.5138e-19 BessellR
56555.2 1.65113e-16 1.5065e-19 BessellR
56556.2 1.63362e-16 1.49919e-19 BessellR
56557.2 1.61629e-16 1.49187e-19 BessellR
56558.2 1.59915e-16 1.48453e-19 BessellR
56559.2 1.5822e-16 1.47719e-19 BessellR
56560.2 1.56542e-16 1.46983e-19 BessellR
56561.2 1.54882e-16 1.46247e-19 BessellR
56562.2 1.53239e-16 1.4551e-19 BessellR
56563.2 1.51614e-16 1.44773e-19 BessellR
56564.2 1.50007e-16 1.44034e-19 BessellR
56565.2 1.48416e-16 1.43296e-19 BessellR
56566.2 1.46842e-16 1.42557e-19 BessellR
56567.2 1.45285e-16 1.41818e-19 BessellR
56568.2 1.43744e-16 1.41079e-19 BessellR
56569.2 1.4222e-16 1.4034e-19 BessellR
56570.2 1.40712e-16 1.396e-19 BessellR
56571.2 1.3922e-16 1.38861e-19 BessellR
56572.2 1.37744e-16 1.38122e-19 BessellR
56573.2 1.36283e-16 1.37383e-19 BessellR
56574.2 1.34838e-16 1.36644e-19 BessellR
56575.2 1.33408e-16 1.35906e-19 BessellR
56576.2 1.31993e-16 1.35168e-19 BessellR
56577.2 1.30594e-16 1.34431e-19 BessellR
56578.2 1.29209e-16 1.33694e-19 BessellR
56579.2 1.27839e-16 1.32958e-19 BessellR
56580.2 1.26483e-16 1.32222e-19 BessellR
56581.2 1.25142e-16 1.31488e-19 BessellR
56582.2 1.23815e-16 1.30754e-19 BessellR
56583.2 1.22502e-16 1.30021e-19 BessellR
56584.2 1.21203e-16 1.29289e-19 BessellR
56585.2 1.19917e-16 1.28558e-19 BessellR
56586.2 1.18646e-16 1.27828e-19 BessellR
56587.2 1.17388e-16 1.27099e-19 BessellR
56588.2 1.16143e-16 1.26372e-19 BessellR
56589.2 1.14911e-16 1.25646e-19 BessellR
56590.2 1.13693e-16 1.24921e-19 BessellR
56591.2 1.12487e-16 1.24197e-19 BessellR
56592.2 1.11294e-16 1.23475e-19 BessellR
56593.2 1.10114e-16 1.22754e-19 BessellR
56594.2 1.08946e-16 1.22034e-19 BessellR
56595.2 1.07791e-16 1.21317e-19 BessellR
56596.2 1.06648e-16 1.206e-19 BessellR
56597.2 1.05517e-16 1.19886e-19 BessellR
56598.2 1.04398e-16 1.19173e-19 BessellR
56599.2 1.03291e-16 1.18462e-19 BessellR
56600.2 1.02196e-16 1.17752e-19 BessellR
56601.2 1.01112e-16 1.17045e-19 BessellR
56602.2 1.0004e-16 1.16339e-19 BessellR
56603.2 9.89791e-17 1.15635e-19 BessellR
56604.2 9.79296e-17 1.14933e-19 BessellR
56605.2 9.68911e-17 1.14233e-19 BessellR
56606.2 9.58636e-17 1.13535e-19 BessellR
56607.2 9.48471e-17 1.12839e-19 BessellR
56608.2 9.38413e-17 1.12145e-19 BessellR
56609.2 9.28462e-17 1.11453e-19 BessellR
56610.2 9.18616e-17 1.10763e-19 BessellR
56611.2 9.08875e-17 1.10076e-19 BessellR
56612.2 8.99237e-17 1.0939e-19 BessellR
56613.2 8.89702e-17 1.08707e-19 BessellR
56614.2 8.80267e-17 1.08026e-19 BessellR
56615.2 8.70933e-17 1.07348e-19 BessellR
56616.2 8.61697e-17 1.06671e-19 BessellR
56617.2 8.5256e-17 1.05997e-19 BessellR
56618.2 8.43519e-17 1.05326e-19 BessellR
56619.2 8.34574e-17 1.04656e-19 BessellR
56620.2 8.25724e-17 1.03989e-19 BessellR
56621.2 8.16968e-17 1.03325e-19 BessellR
56622.2 8.08305e-17 1.02663e-19 BessellR
56623.2 7.99733e-17 1.02003e-19 BessellR
56624.2 7.91253e-17 1.01346e-19 BessellR
56625.2 7.82862e-17 1.00692e-19 BessellR
56626.2 7.74561e-17 1.00039e-19 BessellR
56627.2 7.66347e-17 9.939e-20 BessellR
56628.2 7.58221e-17 9.8743e-20 BessellR
56629.2 7.5018e-17 9.80987e-20 BessellR
56630.2 7.42225e-17 9.74569e-20 BessellR
56631.2 7.34355e-17 9.68177e-20 BessellR
56632.2 7.26567e-17 9.61812e-20 BessellR
56633.2 7.18863e-17 9.55474e-20 BessellR
56634.2 7.1124e-17 9.49162e-20 BessellR
56635.2 7.03698e-17 9.42876e-20 BessellR
56636.2 6.96236e-17 9.36618e-20 BessellR
56637.2 6.88853e-17 9.30387e-20 BessellR
56638.2 6.81548e-17 9.24183e-20 BessellR
56639.2 6.74321e-17 9.18006e-20 BessellR
56640.2 6.6717e-17 9.11856e-20 BessellR
56641.2 6.60095e-17 9.05734e-20 BessellR
56642.2 6.53096e-17 8.9964e-20 BessellR
56643.2 6.4617e-17 8.93573e-20 BessellR
56644.2 6.39318e-17 8.87534e-20 BessellR
56645.2 6.32538e-17 8.81523e-20 BessellR
56646.2 6.25831e-17 8.7554e-20 BessellR
56647.2 6.19195e-17 8.69585e-20 BessellR
56648.2 6.12628e-17 8.63658e-20 BessellR
56649.2 6.06132e-17 8.57759e-20 BessellR
56650.2 5.99705e-17 8.51888e-20 BessellR
56651.2 5.93345e-17 8.46046e-20 BessellR
56652.2 5.87053e-17 8.40232e-20 BessellR
56653.2 5.80828e-17 8.34446e-20 BessellR
56654.2 5.74669e-17 8.28689e-20 BessellR
56655.2 5.68575e-17 8.22961e-20 BessellR
56656.2 5.62546e-17 8.17261e-20 BessellR
56657.2 5.5658e-17 8.11589e-20 BessellR
56658.2 5.50678e-17 8.05946e-20 BessellR
56659.2 5.44839e-17 8.00332e-20 BessellR
56660.2 5.39061e-17 7.94746e-20 BessellR
56661.2 5.33345e-17 7.89189e-20 BessellR
56662.2 5.27689e-17 7.8366e-20 BessellR
56663.2 5.22094e-17 7.78161e-20 BessellR
56664.2 5.16557e-17 7.7269e-20 BessellR
56665.2 5.1108e-17 7.67247e-20 BessellR
56666.2 5.0566e-17 7.61834e-20 BessellR
56667.2 5.00298e-17 7.56449e-20 BessellR
56668.2 4.94993e-17 7.51093e-20 BessellR
56669.2 4.89744e-17 7.45765e-20 BessellR
56670.2 4.8455e-17 7.40466e-20 BessellR
56671.2 4.79412e-17 7.35196e-20 BessellR
56672.2 4.74328e-17 7.29955e-20 BessellR
56673.2 4.69298e-17 7.24742e-20 BessellR
56674.2 4.64322e-17 7.19558e-20 BessellR
56675.2 4.59398e-17 7.14402e-20 BessellR
56676.2 4.54527e-17 7.09275e-20 BessellR
56677.2 4.49707e-17 7.04176e-20 BessellR
56678.2 4.44938e-17 6.99106e-20 BessellR
56679.2 4.4022e-17 6.94065e-20 BessellR
56680.2 4.35552e-17 6.89052e-20 BessellR
56681.2 4.30933e-17 6.84067e-20 BessellR
56682.2 4.26363e-17 6.79111e-20 BessellR
56683.2 4.21842e-17 6.74183e-20 BessellR
56684.2 4.17369e-17 6.69283e-20 BessellR
56685.2 4.12943e-17 6.64411e-20 BessellR
56686.2 4.08564e-17 6.59568e-20 BessellR
56687.2 4.04232e-17 6.54753e-20 BessellR
56688.2 3.99945e-17 6.49966e-20 BessellR
56689.2 3.95704e-17 6.45206e-20 BessellR
56690.2 3.91508e-17 6.40475e-20 BessellR
56691.2 3.87356e-17 6.35772e-20 BessellR
56692.2 3.83249e-17 6.31096e-20 BessellR
56693.2 3.79185e-17 6.26449e-20 BessellR
56694.2 3.75164e-17 6.21828e-20 BessellR
56695.2 3.71185e-17 6.17236e-20 BessellR
56696.2 3.67249e-17 6.12671e-20 BessellR
56697.2 3.63355e-17 6.08134e-20 BessellR
56698.2 3.59502e-17 6.03624e-20 BessellR
56699.2 3.5569e-17 5.99141e-20 BessellR
56700.2 3.51918e-17 5.94686e-20 BessellR
56701.2 3.48186e-17 5.90258e-20 BessellR
56702.2 3.44494e-17 5.85857e-20 BessellR
56703.2 3.40841e-17 5.81483e-20 BessellR
56704.2 3.37226e-17 5.77136e-20 BessellR
56705.2 3.3365e-17 5.72816e-20 BessellR
56706.2 3.30112e-17 5.68523e-20 BessellR
56707.2 3.26612e-17 5.64256e-20 BessellR
56708.2 3.23148e-17 5.60016e-20 BessellR
56709.2 3.19722e-17 5.55803e-20 BessellR
56710.2 3.16331e-17 5.51616e-20 BessellR
56711.2 3.12977e-17 5.47455e-20 BessellR
56712.2 3.09658e-17 5.43321e-20 BessellR
56713.2 3.06374e-17 5.39213e-20 BessellR
56714.2 3.03125e-17 5.35131e-20 BessellR
56715.2 2.99911e-17 5.31075e-20 BessellR
56716.2 2.96731e-17 5.27045e-20 BessellR
56717.2 2.93584e-17 5.2304e-20 BessellR
56718.2 2.90471e-17 5.19062e-20 BessellR
56719.2 2.87391e-17 5.15109e-20 BessellR
56720.2 2.84343e-17 5.11181e-20 BessellR
56721.2 2.81328e-17 5.07279e-20 BessellR
56722.2 2.78345e-17 5.03403e-20 BessellR
56723.2 2.75393e-17 4.99551e-20 BessellR
56724.2 2.72473e-17 4.95725e-20 BessellR
56725.2 2.69583e-17 4.91923e-20 BessellR
56726.2 2.66725e-17 4.88147e-20 BessellR
56727.2 2.63896e-17 4.84395e-20 BessellR
56728.2 2.61098e-17 4.80669e-20 BessellR
56729.2 2.58329e-17 4.76966e-20 BessellR
56730.2 2.5559e-17 4.73289e-20 BessellR
56731.2 2.5288e-17 4.69635e-20 BessellR
56732.2 2.50198e-17 4.66006e-20 BessellR
56733.2 2.47545e-17 4.62402e-20 BessellR
56734.2 2.4492e-17 4.58821e-20 BessellR
56735.2 2.42323e-17 4.55264e-20 BessellR
56359.6 6.55101e-16 3.40545e-18 BessellV
56360.6 6.76109e-16 3.29618e-18 BessellV
56361.6 6.97124e-16 3.17874e-18 BessellV
56362.6 7.18085e-16 3.05374e-18 BessellV
56363.6 7.38929e-16 2.92193e-18 BessellV
56364.6 7.59588e-16 2.78417e-18 BessellV
56365.6 7.79993e-16 2.64145e-18 BessellV
56366.6 8.00076e-16 2.49484e-18 BessellV
56367.6 8.19764e-16 2.34557e-18 BessellV
56368.6 8.38988e-16 2.19493e-18 BessellV
56369.6 8.57677e-16 2.04434e-18 BessellV
56370.6 8.75763e-16 1.89534e-18 BessellV
56371.6 8.93179e-16 1.74954e-18 BessellV
56372.6 9.09862e-16 1.6087e-18 BessellV
56373.6 9.2575e-16 1.47466e-18 BessellV
56374.6 9.40788e-16 1.34938e-18 BessellV
56375.6 9.54923e-16 1.23489e-18 BessellV
56376.6 9.6811e-16 1.13321e-18 BessellV
56377.6 9.80307e-16 1.04626e-18 BessellV
56378.6 9.9148e-16 9.75589e-19 BessellV
56379.6 1.0016e-15 9.22074e-19 BessellV
56380.6 1.01064e-15 8.8565e-19 BessellV
56381.6 1.0186e-15 8.65143e-19 BessellV
56382.6 1.02545e-15 8.58372e-19 BessellV
56383.6 1.0312e-15 8.62496e-19 BessellV
56384.6 1.03584e-15 8.74466e-19 BessellV
56385.6 1.0394e-15 8.91405e-19 BessellV
56386.6 1.04189e-15 9.10846e-19 BessellV
56387.6 1.04331e-15 9.30821e-19 BessellV
56388.6 1.04371e-15 9.49852e-19 BessellV
56389.6 1.04311e-15 9.66894e-19 BessellV
56390.6 1.04154e-15 9.81256e-19 BessellV
56391.6 1.03904e-15 9.92533e-19 BessellV
56392.6 1.03564e-15 1.00054e-18 BessellV
56393.6 1.0314e-15 1.00525e-18 BessellV
56394.6 1.02635e-15 1.00677e-18 BessellV
56395.6 1.02053e-15 1.00529e-18 BessellV
56396.6 1.014e-15 1.00105e-18 BessellV
56397.6 1.0068e-15 9.94342e-19 BessellV
56398.6 9.98977e-16 9.85465e-19 BessellV
56399.6 9.90573e-16 9.74731e-19 BessellV
56400.6 9.81635e-16 9.62447e-19 BessellV
56401.6 9.72208e-16 9.48905e-19 BessellV
56402.6 9.62335e-16 9.34379e-19 BessellV
56403.6 9.52057e-16 9.19121e-19 BessellV
56404.6 9.41417e-16 9.03356e-19 BessellV
56405.6 9.30451e-16 8.87282e-19 BessellV
56406.6 9.19199e-16 8.7107e-19 BessellV
56407.6 9.07694e-16 8.54864e-19 BessellV
56408.6 8.95972e-16 8.38779e-19 BessellV
56409.6 8.84064e-16 8.22911e-19 BessellV
56410.6 8.72e-16 8.07328e-19 BessellV
56411.6 8.59808e-16 7.92081e-19 BessellV
56412.6 8.47515e-16 7.77204e-19 BessellV
56413.6 8.35146e-16 7.62714e-19 BessellV
56414.6 8.22724e-16 7.48616e-19 BessellV
56415.6 8.10269e-16 7.34907e-19 BessellV
56416.6 7.97803e-16 7.21574e-19 BessellV
56417.6 7.85343e-16 7.08598e-19 BessellV
56418.6 7.72906e-16 6.95958e-19 BessellV
56419.6 7.60507e-16 6.83628e-19 BessellV
56420.6 7.4816e-16 6.71583e-19 BessellV
56421.6 7.35878e-16 6.59798e-19 BessellV
56422.6 7.23674e-16 6.48246e-19 BessellV
56423.6 7.11557e-16 6.36905e-19 BessellV
56424.6 6.99536e-16 6.25753e-19 BessellV
56425.6 6.87621e-16 6.14769e-19 BessellV
56426.6 6.75819e-16 6.03938e-19 BessellV
56427.6 6.64137e-16 5.93243e-19 BessellV
56428.6 6.52581e-16 5.82672e-19 BessellV
56429.6 6.41156e-16 5.72216e-19 BessellV
56430.6 6.29866e-16 5.61866e-19 BessellV
56431.6 6.18716e-16 5.51616e-19 BessellV
56432.6 6.07709e-16 5.41462e-19 BessellV
56433.6 5.96847e-16 5.31402e-19 BessellV
56434.6 5.86134e-16 5.21434e-19 BessellV
56435.6 5.75571e-16 5.11559e-19 BessellV
56436.6 5.6516e-16 5.01777e-19 BessellV
56437.6 5.54902e-16 4.92091e-19 BessellV
56438.6 5.44797e-16 4.82503e-19 BessellV
56439.6 5.34846e-16 4.73017e-19 BessellV
56440.6 5.25049e-16 4.63636e-19 BessellV
56441.6 5.15407e-16 4.54364e-19 BessellV
56442.6 5.05919e-16 4.45205e-19 BessellV
56443.6 4.96584e-16 4.36164e-19 BessellV
56444.6 4.87402e-16 4.27245e-19 BessellV
56445.6 4.78372e-16 4.18451e-19 BessellV
56446.6 4.69493e-16 4.09786e-19 BessellV
56447.6 4.60764e-16 4.01255e-19 BessellV
56448.6 4.52183e-16 3.9286e-19 BessellV
56449.6 4.4375e-16 3.84606e-19 BessellV
56450.6 4.35462e-16 3.76495e-19 BessellV
56451.6 4.27319e-16 3.68529e-19 BessellV
56452.6 4.19318e-16 3.60712e-19 BessellV
56453.6 4.11459e-16 3.53044e-19 BessellV
56454.6 4.03738e-16 3.45529e-19 BessellV
56455.6 3.96155e-16 3.38167e-19 BessellV
56456.6 3.88707e-16 3.3096e-19 BessellV
56457.6 3.81394e-16 3.23907e-19 BessellV
56458.6 3.74212e-16 3.17011e-19 BessellV
56459.6 3.6716e-16 3.1027e-19 BessellV
56460.6 3.60236e-16 3.03686e-19 BessellV
56461.6 3.53439e-16 2.97257e-19 BessellV
56462.6 3.46765e-16 2.90983e-19 BessellV
56463.6 3.40214e-16 2.84863e-19 BessellV
56464.6 3.33784e-16 2.78896e-19 BessellV
56465.6 3.27472e-16 2.73081e-19 BessellV
56466.6 3.21276e-16 2.67416e-19 BessellV
56467.6 3.15195e-16 2.619e-19 BessellV
56468.6 3.09227e-16 2.5653e-19 BessellV
56469.6 3.0337e-16 2.51306e-19 BessellV
56470.6 2.97621e-16 2.46224e-19 BessellV
56471.6 2.9198e-16 2.41282e-19 BessellV
56472.6 2.86444e-16 2.36478e-19 BessellV
56473.6 2.81011e-16 2.3181e-19 BessellV
56474.6 2.7568e-16 2.27274e-19 BessellV
56475.6 2.70449e-16 2.22869e-19 BessellV
56476.6 2.65316e-16 2.18591e-19 BessellV
56477.6 2.60279e-16 2.14437e-19 BessellV
56478.6 2.55337e-16 2.10404e-19 BessellV
56479.6 2.50488e-16 2.06491e-19 BessellV
56480.6 2.45731e-16 2.02692e-19 BessellV
56481.6 2.41062e-16 1.99007e-19 BessellV
56482.6 2.36482e-16 1.9543e-19 BessellV
56483.6 2.31988e-16 1.91961e-19 BessellV
56484.6 2.27579e-16 1.88594e-19 BessellV
56485.6 2.23254e-16 1.85328e-19 BessellV
56486.6 2.1901e-16 1.8216e-19 BessellV
56487.6 2.14846e-16 1.79085e-19 BessellV
56488.6 2.10761e-16 1.76102e-19 BessellV
56489.6 2.06753e-16 1.73207e-19 BessellV
56490.6 2.02821e-16 1.70398e-19 BessellV
56491.6 1.98964e-16 1.67671e-19 BessellV
56492.6 1.9518e-16 1.65024e-19 BessellV
56493.6 1.91467e-16 1.62453e-19 BessellV
56494.6 1.87825e-16 1.59957e-19 BessellV
56495.6 1.84252e-16 1.57531e-19 BessellV
56496.6 1.80746e-16 1.55175e-19 BessellV
56497.6 1.77308e-16 1.52885e-19 BessellV
56498.6 1.73934e-16 1.50658e-19 BessellV
56499.6 1.70624e-16 1.48492e-19 BessellV
56500.6 1.67378e-16 1.46385e-19 BessellV
56501.6 1.64193e-16 1.44335e-19 BessellV
56502.6 1.61068e-16 1.42338e-19 BessellV
56503.6 1.58003e-16 1.40394e-19 BessellV
56504.6 1.54996e-16 1.38499e-19 BessellV
56505.6 1.52046e-16 1.36652e-19 BessellV
56506.6 1.49152e-16 1.34851e-19 BessellV
56507.6 1.46313e-16 1.33093e-19 BessellV
56508.6 1.43529e-16 1.31378e-19 BessellV
56509.6 1.40797e-16 1.29703e-19 BessellV
56510.6 1.38117e-16 1.28066e-19 BessellV
56511.6 1.35488e-16 1.26466e-19 BessellV
56512.6 1.32909e-16 1.24901e-19 BessellV
56513.6 1.30379e-16 1.2337e-19 BessellV
56514.6 1.27897e-16 1.21871e-19 BessellV
56515.6 1.25462e-16 1.20403e-19 BessellV
56516.6 1.23074e-16 1.18965e-19 BessellV
56517.6 1.20731e-16 1.17554e-19 BessellV
56518.6 1.18433e-16 1.16171e-19 BessellV
56519.6 1.16178e-16 1.14814e-19 BessellV
56520.6 1.13967e-16 1.13482e-19 BessellV
56521.6 1.11797e-16 1.12173e-19 BessellV
56522.6 1.09669e-16 1.10887e-19 BessellV
56523.6 1.07581e-16 1.09623e-19 BessellV
56524.6 1.05533e-16 1.08379e-19 BessellV
56525.6 1.03524e-16 1.07156e-19 BessellV
56526.6 1.01553e-16 1.05951e-19 BessellV
56527.6 9.96194e-17 1.04766e-19 BessellV
56528.6 9.77228e-17 1.03597e-19 BessellV
56529.6 9.58624e-17 1.02446e-19 BessellV
56530.6 9.40373e-17 1.01311e-19 BessellV
56531.6 9.2247e-17 1.00192e-19 BessellV
56532.6 9.04907e-17 9.90879e-20 BessellV
56533.6 8.87679e-17 9.79983e-20 BessellV
56534.6 8.70778e-17 9.69227e-20 BessellV
56535.6 8.542e-17 9.58607e-20 BessellV
56536.6 8.37937e-17 9.48117e-20 BessellV
56537.6 8.21983e-17 9.37753e-20 BessellV
56538.6 8.06333e-17 9.27511e-20 BessellV
56539.6 7.90982e-17 9.17387e-20 BessellV
56540.6 7.75922e-17 9.07377e-20 BessellV
56541.6 7.61149e-17 8.97479e-20 BessellV
56542.6 7.46657e-17 8.87688e-20 BessellV
56543.6 7.32441e-17 8.78001e-20 BessellV
56544.6 7.18496e-17 8.68416e-20 BessellV
56545.6 7.04817e-17 8.58931e-20 BessellV
56546.6 6.91397e-17 8.49541e-20 BessellV
56547.6 6.78233e-17 8.40246e-20 BessellV
56548.6 6.6532e-17 8.31043e-20 BessellV
56549.6 6.52653e-17 8.21929e-20 BessellV
56550.6 6.40227e-17 8.12903e-20 BessellV
56551.6 6.28037e-17 8.03964e-20 BessellV
56552.6 6.1608e-17 7.95108e-20 BessellV
56553.6 6.0435e-17 7.86335e-20 BessellV
56554.6 5.92843e-17 7.77644e-20 BessellV
56555.6 5.81556e-17 7.69032e-20 BessellV
56556.6 5.70483e-17 7.60498e-20 BessellV
56557.6 5.59621e-17 7.52042e-20 BessellV
56558.6 5.48966e-17 7.43662e-20 BessellV
56559.6 5.38514e-17 7.35357e-20 BessellV
56560.6 5.28261e-17 7.27125e-20 BessellV
56561.6 5.18203e-17 7.18967e-20 BessellV
56562.6 5.08336e-17 7.1088e-20 BessellV
56563.6 4.98658e-17 7.02865e-20 BessellV
56564.6 4.89164e-17 6.9492e-20 BessellV
56565.6 4.7985e-17 6.87045e-20 BessellV
56566.6 4.70714e-17 6.7924e-20 BessellV
56567.6 4.61752e-17 6.71502e-20 BessellV
56568.6 4.5296e-17 6.63832e-20 BessellV
56569.6 4.44336e-17 6.56229e-20 BessellV
56570.6 4.35876e-17 6.48693e-20 BessellV
56571.6 4.27577e-17 6.41224e-20 BessellV
56572.6 4.19436e-17 6.33819e-20 BessellV
56573.6 4.1145e-17 6.2648e-20 BessellV
56574.6 4.03616e-17 6.19206e-20 BessellV
56575.6 3.95931e-17 6.11996e-20 BessellV
56576.6 3.88393e-17 6.04849e-20 BessellV
56577.6 3.80998e-17 5.97767e-20 BessellV
56578.6 3.73743e-17 5.90747e-20 BessellV
56579.6 3.66627e-17 5.8379e-20 BessellV
56580.6 3.59647e-17 5.76896e-20 BessellV
56581.6 3.52799e-17 5.70064e-20 BessellV
56582.6 3.46082e-17 5.63294e-20 BessellV
56583.6 3.39493e-17 5.56585e-20 BessellV
56584.6 3.33029e-17 5.49937e-20 BessellV
56585.6 3.26688e-17 5.4335e-20 BessellV
56586.6 3.20468e-17 5.36824e-20 BessellV
56587.6 3.14366e-17 5.30358e-20 BessellV
56588.6 3.08381e-17 5.23953e-20 BessellV
56589.6 3.02509e-17 5.17607e-20 BessellV
56590.6 2.9675e-17 5.1132e-20 BessellV
56591.6 2.91099e-17 5.05093e-20 BessellV
56592.6 2.85557e-17 4.98924e-20 BessellV
56593.6 2.8012e-17 4.92815e-20 BessellV
56594.6 2.74787e-17 4.86763e-20 BessellV
56595.6 2.69555e-17 4.8077e-20 BessellV
56596.6 2.64422e-17 4.74835e-20 BessellV
56597.6 2.59388e-17 4.68957e-20 BessellV
56598.6 2.54449e-17 4.63137e-20 BessellV
56599.6 2.49604e-17 4.57374e-20 BessellV
56600.6 2.44852e-17 4.51667e-20 BessellV
56601.6 2.4019e-17 4.46017e-20 BessellV
56602.6 2.35617e-17 4.40423e-20 BessellV
56603.6 2.31131e-17 4.34886e-20 BessellV
56604.6 2.2673e-17 4.29404e-20 BessellV
56605.6 2.22413e-17 4.23977e-20 BessellV
56606.6 2.18178e-17 4.18605e-20 BessellV
56607.6 2.14024e-17 4.13289e-20 BessellV
56608.6 2.09949e-17 4.08026e-20 BessellV
56609.6 2.05952e-17 4.02818e-20 BessellV
56610.6 2.02031e-17 3.97664e-20 BessellV
56611.6 1.98184e-17 3.92564e-20 BessellV
56612.6 1.94411e-17 3.87517e-20 BessellV
56613.6 1.90709e-17 3.82523e-20 BessellV
56614.6 1.87078e-17 3.77582e-20 BessellV
56615.6 1.83516e-17 3.72693e-20 BessellV
56616.6 1.80022e-17 3.67856e-20 BessellV
56617.6 1.76594e-17 3.63071e-20 BessellV
56618.6 1.73232e-17 3.58338e-20 BessellV
56619.6 1.69934e-17 3.53655e-20 BessellV
56620.6 1.66698e-17 3.49024e-20 BessellV
56621.6 1.63524e-17 3.44443e-20 BessellV
56622.6 1.60411e-17 3.39912e-20 BessellV
56623.6 1.57357e-17 3.35431e-20 BessellV
56624.6 1.54361e-17 3.30999e-20 BessellV
56625.6 1.51422e-17 3.26617e-20 BessellV
56626.6 1.48539e-17 3.22283e-20 BessellV
56627.6 1.4571e-17 3.17998e-20 BessellV
56628.6 1.42936e-17 3.13761e-20 BessellV
56629.6 1.40215e-17 3.09572e-20 BessellV
56630.6 1.37545e-17 3.05431e-20 BessellV
56631.6 1.34926e-17 3.01336e-20 BessellV
56632.6 1.32357e-17 2.97288e-20 BessellV
56633.6 1.29837e-17 2.93287e-20 BessellV
56634.6 1.27365e-17 2.89332e-20 BessellV
56635.6 1.2494e-17 2.85422e-20 BessellV
56636.6 1.22561e-17 2.81558e-20 BessellV
56637.6 1.20228e-17 2.77738e-20 BessellV
56638.6 1.17938e-17 2.73963e-20 BessellV
56639.6 1.15693e-17 2.70233e-20 BessellV
56640.6 1.1349e-17 2.66546e-20 BessellV
56641.6 1.11329e-17 2.62903e-20 BessellV
56642.6 1.0921e-17 2.59304e-20 BessellV
56643.6 1.0713e-17 2.55747e-20 BessellV
56644.6 1.05091e-17 2.52232e-20 BessellV
56645.6 1.0309e-17 2.4876e-20 BessellV
56646.6 1.01127e-17 2.45329e-20 BessellV
56647.6 9.92014e-18 2.41939e-20 BessellV
56648.6 9.73126e-18 2.38591e-20 BessellV
56649.6 9.54598e-18 2.35283e-20 BessellV
56650.6 9.36422e-18 2.32016e-20 BessellV
56651.6 9.18593e-18 2.28789e-20 BessellV
56652.6 9.01103e-18 2.25601e-20 BessellV
56653.6 8.83946e-18 2.22452e-20 BessellV
56654.6 8.67116e-18 2.19342e-20 BessellV
56655.6 8.50606e-18 2.1627e-20 BessellV
56656.6 8.34411e-18 2.13237e-20 BessellV
56657.6 8.18524e-18 2.10241e-20 BessellV
56658.6 8.02939e-18 2.07283e-20 BessellV
56659.6 7.87651e-18 2.04362e-20 BessellV
56660.6 7.72655e-18 2.01478e-20 BessellV
56661.6 7.57943e-18 1.98629e-20 BessellV
56662.6 7.43512e-18 1.95817e-20 BessellV
56663.6 7.29356e-18 1.93041e-20 BessellV
56664.6 7.15469e-18 1.90299e-20 BessellV
56665.6 7.01847e-18 1.87593e-20 BessellV
56666.6 6.88484e-18 1.84921e-20 BessellV
56667.6 6.75375e-18 1.82283e-20 BessellV
56668.6 6.62516e-18 1.79679e-20 BessellV
56669.6 6.49902e-18 1.77109e-20 BessellV
56670.6 6.37528e-18 1.74572e-20 BessellV
56671.6 6.25389e-18 1.72067e-20 BessellV
56672.6 6.13482e-18 1.69595e-20 BessellV
56673.6 6.01801e-18 1.67155e-20 BessellV
56674.6 5.90343e-18 1.64747e-20 BessellV
56675.6 5.79103e-18 1.62371e-20 BessellV
56676.6 5.68077e-18 1.60025e-20 BessellV
56677.6 5.57261e-18 1.5771e-20 BessellV
56678.6 5.46651e-18 1.55426e-20 BessellV
56679.6 5.36243e-18 1.53172e-20 BessellV
56680.6 5.26033e-18 1.50948e-20 BessellV
56681.6 5.16017e-18 1.48753e-20 BessellV
56682.6 5.06192e-18 1.46587e-20 BessellV
56683.6 4.96554e-18 1.4445e-20 BessellV
56684.6 4.871e-18 1.42342e-20 BessellV
56685.6 4.77826e-18 1.40261e-20 BessellV
56686.6 4.68728e-18 1.38209e-20 BessellV
56687.6 4.59803e-18 1.36184e-20 BessellV
56688.6 4.51049e-18 1.34186e-20 BessellV
56689.6 4.42461e-18 1.32216e-20 BessellV
56690.6 4.34037e-18 1.30272e-20 BessellV
56691.6 4.25773e-18 1.28354e-20 BessellV
56692.6 4.17666e-18 1.26462e-20 BessellV
56693.6 4.09714e-18 1.24596e-20 BessellV
56694.6 4.01913e-18 1.22755e-20 BessellV
56695.6 3.9426e-18 1.2094e-20 BessellV
56696.6 3.86754e-18 1.19149e-20 BessellV
56697.6 3.7939e-18 1.17382e-20 BessellV
56698.6 3.72166e-18 1.1564e-20 BessellV
56699.6 3.6508e-18 1.13922e-20 BessellV
56700.6 3.58129e-18 1.12228e-20 BessellV
56701.6 3.51311e-18 1.10557e-20 BessellV
56702.6 3.44622e-18 1.08909e-20 BessellV
56703.6 3.3806e-18 1.07284e-20 BessellV
56704.6 3.31624e-18 1.05681e-20 BessellV
56705.6 3.2531e-18 1.04101e-20 BessellV
56706.6 3.19116e-18 1.02542e-20 BessellV
56707.6 3.1304e-18 1.01006e-20 BessellV
56358.8 5.88575e-16 9.84978e-19 i
56359.8 5.97953e-16 9.62926e-19 i
56360.8 6.07403e-16 9.40325e-19 i
56361.8 6.16921e-16 9.17207e-19 i
56362.8 6.26505e-16 8.93606e-19 i
56363.8 6.36149e-16 8.6956e-19 i
56364.8 6.4585e-16 8.45113e-19 i
56365.8 6.55603e-16 8.20314e-19 i
56366.8 6.65402e-16 7.95218e-19 i
56367.8 6.75244e-16 7.69886e-19 i
56368.8 6.85121e-16 7.44385e-19 i
56369.8 6.9503e-16 7.18792e-19 i
56370.8 7.04963e-16 6.93191e-19 i
56371.8 7.14915e-16 6.67676e-19 i
56372.8 7.24878e-16 6.42352e-19 i
56373.8 7.34847e-16 6.17334e-19 i
56374.8 7.44814e-16 5.92754e-19 i
56375.8 7.54771e-16 5.68753e-19 i
56376.8 7.64712e-16 5.4549e-19 i
56377.8 7.74628e-16 5.23139e-19 i
56378.8 7.84511e-16 5.01889e-19 i
56379.8 7.94353e-16 4.81941e-19 i
56380.8 8.04144e-16 4.6351e-19 i
56381.8 8.13877e-16 4.46816e-19 i
56382.8 8.23542e-16 4.32077e-19 i
56383.8 8.3313e-16 4.195e-19 i
56384.8 8.4263e-16 4.09266e-19 i
56385.8 8.52035e-16 4.01518e-19 i
56386.8 8.61332e-16 3.96348e-19 i
56387.8 8.70514e-16 3.93784e-19 i
56388.8 8.79568e-16 3.93785e-19 i
56389.8 8.88486e-16 3.96246e-19 i
56390.8 8.97257e-16 4.01e-19 i
56391.8 9.0587e-16 4.07833e-19 i
56392.8 9.14315e-16 4.16501e-19 i
56393.8 9.22581e-16 4.26741e-19 i
56394.8 9.30658e-16 4.3829e-19 i
56395.8 9.38535e-16 4.50889e-19 i
56396.8 9.46203e-16 4.64295e-19 i
56397.8 9.5365e-16 4.78285e-19 i
56398.8 9.60868e-16 4.92657e-19 i
56399.8 9.67845e-16 5.07232e-19 i
56400.8 9.74572e-16 5.21852e-19 i
56401.8 9.81039e-16 5.36381e-19 i
56402.8 9.87237e-16 5.50703e-19 i
56403.8 9.93158e-16 5.6472e-19 i
56404.8 9.98792e-16 5.78351e-19 i
56405.8 1.00413e-15 5.91531e-19 i
56406.8 1.00917e-15 6.04209e-19 i
56407.8 1.01389e-15 6.16349e-19 i
56408.8 1.0183e-15 6.27924e-19 i
56409.8 1.02238e-15 6.38921e-19 i
56410.8 1.02614e-15 6.49336e-19 i
56411.8 1.02955e-15 6.59175e-19 i
56412.8 1.03263e-15 6.68454e-19 i
56413.8 1.03536e-15 6.77195e-19 i
56414.8 1.03774e-15 6.85427e-19 i
56415.8 1.03977e-15 6.93186e-19 i
56416.8 1.04144e-15 7.00513e-19 i
56417.8 1.04275e-15 7.07453e-19 i
56418.8 1.0437e-15 7.14056e-19 i
56419.8 1.0443e-15 7.20371e-19 i
56420.8 1.04453e-15 7.26452e-19 i
56421.8 1.0444e-15 7.32352e-19 i
56422.8 1.04391e-15 7.38122e-19 i
56423.8 1.04306e-15 7.43813e-19 i
56424.8 1.04185e-15 7.49473e-19 i
56425.8 1.04029e-15 7.55148e-19 i
56426.8 1.03838e-15 7.60876e-19 i
56427.8 1.03613e-15 7.66693e-19 i
56428.8 1.03353e-15 7.72629e-19 i
56429.8 1.0306e-15 7.78708e-19 i
56430.8 1.02733e-15 7.84946e-19 i
56431.8 1.02374e-15 7.91353e-19 i
56432.8 1.01983e-15 7.97935e-19 i
56433.8 1.0156e-15 8.04687e-19 i
56434.8 1.01107e-15 8.11602e-19 i
56435.8 1.00625e-15 8.18664e-19 i
56436.8 1.00113e-15 8.25854e-19 i
56437.8 9.95733e-16 8.33146e-19 i
56438.8 9.90064e-16 8.40511e-19 i
56439.8 9.84132e-16 8.47916e-19 i
56440.8 9.77945e-16 8.55326e-19 i
56441.8 9.71514e-16 8.62703e-19 i
56442.8 9.64848e-16 8.70007e-19 i
56443.8 9.57956e-16 8.77198e-19 i
56444.8 9.50848e-16 8.84236e-19 i
56445.8 9.43535e-16 8.9108e-19 i
56446.8 9.36026e-16 8.97691e-19 i
56447.8 9.28331e-16 9.04031e-19 i
56448.8 9.2046e-16 9.10063e-19 i
56449.8 9.12423e-16 9.15753e-19 i
56450.8 9.04231e-16 9.21069e-19 i
56451.8 8.95892e-16 9.2598e-19 i
56452.8 8.87418e-16 9.3046e-19 i
56453.8 8.78817e-16 9.34484e-19 i
56454.8 8.70099e-16 9.38031e-19 i
56455.8 8.61273e-16 9.41082e-19 i
56456.8 8.52349e-16 9.43621e-19 i
56457.8 8.43337e-16 9.45635e-19 i
56458.8 8.34243e-16 9.47114e-19 i
56459.8 8.25079e-16 9.48051e-19 i
56460.8 8.15851e-16 9.48441e-19 i
56461.8 8.06569e-16 9.48281e-19 i
56462.8 7.9724e-16 9.47571e-19 i
56463.8 7.87872e-16 9.46315e-19 i
56464.8 7.78473e-16 9.44516e-19 i
56465.8 7.69049e-16 9.42181e-19 i
56466.8 7.59609e-16 9.39317e-19 i
56467.8 7.50159e-16 9.35936e-19 i
56468.8 7.40706e-16 9.32048e-19 i
56469.8 7.31255e-16 9.27667e-19 i
56470.8 7.21813e-16 9.22806e-19 i
56471.8 7.12386e-16 9.1748e-19 i
56472.8 7.02979e-16 9.11706e-19 i
56473.8 6.93597e-16 9.055e-19 i
56474.8 6.84247e-16 8.9888e-19 i
56475.8 6.74932e-16 8.91865e-19 i
56476.8 6.65656e-16 8.84473e-19 i
56477.8 6.56426e-16 8.76723e-19 i
56478.8 6.47243e-16 8.68634e-19 i
56479.8 6.38114e-16 8.60226e-19 i
56480.8 6.2904e-16 8.51519e-19 i
56481.8 6.20025e-16 8.42531e-19 i
56482.8 6.11074e-16 8.33283e-19 i
56483.8 6.02188e-16 8.23794e-19 i
56484.8 5.9337e-16 8.14082e-19 i
56485.8 5.84624e-16 8.04168e-19 i
56486.8 5.75952e-16 7.94068e-19 i
56487.8 5.67355e-16 7.83803e-19 i
56488.8 5.58836e-16 7.73388e-19 i
56489.8 5.50397e-16 7.62842e-19 i
56490.8 5.4204e-16 7.52183e-19 i
56491.8 5.33766e-16 7.41425e-19 i
56492.8 5.25577e-16 7.30585e-19 i
56493.8 5.17474e-16 7.19679e-19 i
56494.8 5.09458e-16 7.08722e-19 i
56495.8 5.0153e-16 6.97727e-19 i
56496.8 4.93691e-16 6.86709e-19 i
56497.8 4.85942e-16 6.75681e-19 i
56498.8 4.78284e-16 6.64656e-19 i
56499.8 4.70717e-16 6.53646e-19 i
56500.8 4.63242e-16 6.42661e-19 i
56501.8 4.55858e-16 6.31715e-19 i
56502.8 4.48567e-16 6.20816e-19 i
56503.8 4.41368e-16 6.09975e-19 i
56504.8 4.34262e-16 5.99201e-19 i
56505.8 4.27249e-16 5.88503e-19 i
56506.8 4.20328e-16 5.77889e-19 i
56507.8 4.13499e-16 5.67368e-19 i
56508.8 4.06762e-16 5.56946e-19 i
56509.8 4.00118e-16 5.4663e-19 i
56510.8 3.93565e-16 5.36428e-19 i
56511.8 3.87103e-16 5.26344e-19 i
56512.8 3.80732e-16 5.16384e-19 i
56513.8 3.74451e-16 5.06553e-19 i
56514.8 3.68261e-16 4.96857e-19 i
56515.8 3.62159e-16 4.87299e-19 i
56516.8 3.56146e-16 4.77882e-19 i
56517.8 3.50222e-16 4.68612e-19 i
56518.8 3.44384e-16 4.59489e-19 i
56519.8 3.38633e-16 4.50519e-19 i
56520.8 3.32969e-16 4.41702e-19 i
56521.8 3.27389e-16 4.33041e-19 i
56522.8 3.21894e-16 4.24537e-19 i
56523.8 3.16483e-16 4.16193e-19 i
56524.8 3.11154e-16 4.0801e-19 i
56525.8 3.05907e-16 3.99988e-19 i
56526.8 3.00742e-16 3.92128e-19 i
56527.8 2.95656e-16 3.84431e-19 i
56528.8 2.90651e-16 3.76896e-19 i
56529.8 2.85723e-16 3.69524e-19 i
56530.8 2.80873e-16 3.62315e-19 i
56531.8 2.761e-16 3.55268e-19 i
56532.8 2.71403e-16 3.48382e-19 i
56533.8 2.6678e-16 3.41657e-19 i
56534.8 2.62232e-16 3.35091e-19 i
56535.8 2.57756e-16 3.28684e-19 i
56536.8 2.53353e-16 3.22434e-19 i
56537.8 2.49021e-16 3.1634e-19 i
56538.8 2.44758e-16 3.10399e-19 i
56539.8 2.40566e-16 3.04611e-19 i
56540.8 2.36441e-16 2.98973e-19 i
56541.8 2.32384e-16 2.93484e-19 i
56542.8 2.28393e-16 2.8814e-19 i
56543.8 2.24468e-16 2.82941e-19 i
56544.8 2.20608e-16 2.77883e-19 i
56545.8 2.16811e-16 2.72964e-19 i
56546.8 2.13078e-16 2.68182e-19 i
56547.8 2.09406e-16 2.63534e-19 i
56548.8 2.05795e-16 2.59018e-19 i
56549.8 2.02244e-16 2.5463e-19 i
56550.8 1.98753e-16 2.50368e-19 i
56551.8 1.95319e-16 2.4623e-19 i
56552.8 1.91944e-16 2.42211e-19 i
56553.8 1.88625e-16 2.3831e-19 i
56554.8 1.85361e-16 2.34524e-19 i
56555.8 1.82153e-16 2.30849e-19 i
56556.8 1.78999e-16 2.27283e-19 i
56557.8 1.75898e-16 2.23822e-19 i
56558.8 1.72849e-16 2.20464e-19 i
56559.8 1.69852e-16 2.17205e-19 i
56560.8 1.66905e-16 2.14043e-19 i
56561.8 1.64009e-16 2.10975e-19 i
56562.8 1.61162e-16 2.07997e-19 i
56563.8 1.58363e-16 2.05107e-19 i
56564.8 1.55612e-16 2.02302e-19 i
56565.8 1.52908e-16 1.99579e-19 i
56566.8 1.5025e-16 1.96935e-19 i
56567.8 1.47638e-16 1.94367e-19 i
56568.8 1.4507e-16 1.91872e-19 i
56569.8 1.42546e-16 1.89449e-19 i
56570.8 1.40065e-16 1.87094e-19 i
56571.8 1.37627e-16 1.84804e-19 i
56572.8 1.3523e-16 1.82577e-19 i
56573.8 1.32875e-16 1.80411e-19 i
56574.8 1.3056e-16 1.78302e-19 i
56575.8 1.28285e-16 1.76249e-19 i
56576.8 1.26049e-16 1.7425e-19 i
56577.8 1.23852e-16 1.72302e-19 i
56578.8 1.21693e-16 1.70402e-19 i
56579.8 1.1957e-16 1.68549e-19 i
56580.8 1.17485e-16 1.66741e-19 i
56581.8 1.15435e-16 1.64975e-19 i
56582.8 1.13421e-16 1.6325e-19 i
56583.8 1.11442e-16 1.61564e-19 i
56584.8 1.09496e-16 1.59916e-19 i
56585.8 1.07585e-16 1.58302e-19 i
56586.8 1.05706e-16 1.56722e-19 i
56587.8 1.0386e-16 1.55174e-19 i
56588.8 1.02046e-16 1.53657e-19 i
56589.8 1.00264e-16 1.52169e-19 i
56590.8 9.85124e-17 1.50709e-19 i
56591.8 9.67912e-17 1.49275e-19 i
56592.8 9.50998e-17 1.47866e-19 i
56593.8 9.34378e-17 1.46481e-19 i
56594.8 9.18047e-17 1.45119e-19 i
56595.8 9.01999e-17 1.43779e-19 i
56596.8 8.86231e-17 1.42459e-19 i
56597.8 8.70736e-17 1.41158e-19 i
56598.8 8.55511e-17 1.39876e-19 i
56599.8 8.40551e-17 1.38612e-19 i
56600.8 8.25851e-17 1.37364e-19 i
56601.8 8.11406e-17 1.36133e-19 i
56602.8 7.97213e-17 1.34917e-19 i
56603.8 7.83268e-17 1.33715e-19 i
56604.8 7.69565e-17 1.32528e-19 i
56605.8 7.56101e-17 1.31353e-19 i
56606.8 7.42872e-17 1.30191e-19 i
56607.8 7.29873e-17 1.29041e-19 i
56608.8 7.171e-17 1.27903e-19 i
56609.8 7.04551e-17 1.26775e-19 i
56610.8 6.9222e-17 1.25658e-19 i
56611.8 6.80104e-17 1.24551e-19 i
56612.8 6.682e-17 1.23454e-19 i
56613.8 6.56503e-17 1.22366e-19 i
56614.8 6.45011e-17 1.21287e-19 i
56615.8 6.33719e-17 1.20217e-19 i
56616.8 6.22624e-17 1.19155e-19 i
56617.8 6.11723e-17 1.181e-19 i
56618.8 6.01013e-17 1.17054e-19 i
56619.8 5.90489e-17 1.16015e-19 i
56620.8 5.8015e-17 1.14983e-19 i
56621.8 5.6999e-17 1.13958e-19 i
56622.8 5.60009e-17 1.1294e-19 i
56623.8 5.50202e-17 1.11929e-19 i
56624.8 5.40566e-17 1.10924e-19 i
56625.8 5.31098e-17 1.09925e-19 i
56626.8 5.21797e-17 1.08933e-19 i
56627.8 5.12657e-17 1.07947e-19 i
56628.8 5.03678e-17 1.06966e-19 i
56629.8 4.94855e-17 1.05992e-19 i
56630.8 4.86187e-17 1.05023e-19 i
56631.8 4.7767e-17 1.0406e-19 i
56632.8 4.69303e-17 1.03102e-19 i
56633.8 4.61082e-17 1.0215e-19 i
56634.8 4.53004e-17 1.01203e-19 i
56635.8 4.45068e-17 1.00262e-19 i
56636.8 4.37271e-17 9.93263e-20 i
56637.8 4.2961e-17 9.83958e-20 i
56638.8 4.22083e-17 9.74705e-20 i
56639.8 4.14688e-17 9.65505e-20 i
56640.8 4.07422e-17 9.56357e-20 i
56641.8 4.00284e-17 9.47262e-20 i
56642.8 3.9327e-17 9.38218e-20 i
56643.8 3.86379e-17 9.29227e-20 i
56644.8 3.79609e-17 9.20287e-20 i
56645.8 3.72957e-17 9.11398e-20 i
56646.8 3.66422e-17 9.02562e-20 i
56647.8 3.60001e-17 8.93777e-20 i
56648.8 3.53693e-17 8.85044e-20 i
56649.8 3.47495e-17 8.76362e-20 i
56650.8 3.41405e-17 8.67733e-20 i
56651.8 3.35423e-17 8.59155e-20 i
56652.8 3.29545e-17 8.5063e-20 i
56653.8 3.2377e-17 8.42156e-20 i
56654.8 3.18096e-17 8.33735e-20 i
56655.8 3.12521e-17 8.25366e-20 i
56656.8 3.07044e-17 8.1705e-20 i
56657.8 3.01663e-17 8.08786e-20 i
56658.8 2.96376e-17 8.00575e-20 i
56659.8 2.91182e-17 7.92417e-20 i
56660.8 2.86079e-17 7.84312e-20 i
56661.8 2.81065e-17 7.7626e-20 i
56662.8 2.76139e-17 7.68261e-20 i
56663.8 2.71299e-17 7.60316e-20 i
56664.8 2.66544e-17 7.52424e-20 i
56665.8 2.61873e-17 7.44586e-20 i
56666.8 2.57283e-17 7.36802e-20 i
56667.8 2.52774e-17 7.29072e-20 i
56668.8 2.48343e-17 7.21396e-20 i
56669.8 2.43991e-17 7.13774e-20 i
56670.8 2.39714e-17 7.06207e-20 i
56671.8 2.35513e-17 6.98694e-20 i
56672.8 2.31385e-17 6.91236e-20 i
56358.8 9.63423e-16 1.23933e-18 r
56359.8 9.6666e-16 1.20181e-18 r
56360.8 9.69838e-16 1.16463e-18 r
56361.8 9.72957e-16 1.12782e-18 r
56362.8 9.76013e-16 1.09141e-18 r
56363.8 9.79005e-16 1.05543e-18 r
56364.8 9.81931e-16 1.01991e-18 r
56365.8 9.84788e-16 9.8488e-19 r
56366.8 9.87575e-16 9.50381e-19 r
56367.8 9.90289e-16 9.16444e-19 r
56368.8 9.92928e-16 8.83107e-19 r
56369.8 9.9549e-16 8.50407e-19 r
56370.8 9.97973e-16 8.18383e-19 r
56371.8 1.00038e-15 7.87077e-19 r
56372.8 1.00269e-15 7.56531e-19 r
56373.8 1.00493e-15 7.26789e-19 r
56374.8 1.00707e-15 6.97898e-19 r
56375.8 1.00913e-15 6.69905e-19 r
56376.8 1.01109e-15 6.42861e-19 r
56377.8 1.01296e-15 6.16816e-19 r
56378.8 1.01473e-15 5.91824e-19 r
56379.8 1.0164e-15 5.67938e-19 r
56380.8 1.01797e-15 5.45214e-19 r
56381.8 1.01944e-15 5.23706e-19 r
56382.8 1.0208e-15 5.03468e-19 r
56383.8 1.02206e-15 4.84551e-19 r
56384.8 1.02321e-15 4.67005e-19 r
56385.8 1.02424e-15 4.50871e-19 r
56386.8 1.02516e-15 4.36185e-19 r
56387.8 1.02597e-15 4.22974e-19 r
56388.8 1.02666e-15 4.11253e-19 r
56389.8 1.02723e-15 4.01022e-19 r
56390.8 1.02768e-15 3.92269e-19 r
56391.8 1.028e-15 3.84964e-19 r
56392.8 1.0282e-15 3.79062e-19 r
56393.8 1.02827e-15 3.74503e-19 r
56394.8 1.02822e-15 3.7121e-19 r
56395.8 1.02803e-15 3.69098e-19 r
56396.8 1.02771e-15 3.68073e-19 r
56397.8 1.02726e-15 3.68031e-19 r
56398.8 1.02668e-15 3.6887e-19 r
56399.8 1.02596e-15 3.70486e-19 r
56400.8 1.0251e-15 3.72778e-19 r
56401.8 1.0241e-15 3.75649e-19 r
56402.8 1.02297e-15 3.7901e-19 r
56403.8 1.02169e-15 3.82779e-19 r
56404.8 1.02027e-15 3.86882e-19 r
56405.8 1.01871e-15 3.91255e-19 r
56406.8 1.01701e-15 3.95841e-19 r
56407.8 1.01516e-15 4.00593e-19 r
56408.8 1.01317e-15 4.05472e-19 r
56409.8 1.01103e-15 4.10446e-19 r
56410.8 1.00875e-15 4.1549e-19 r
56411.8 1.00632e-15 4.20586e-19 r
56412.8 1.00375e-15 4.25724e-19 r
56413.8 1.00103e-15 4.30896e-19 r
56414.8 9.98169e-16 4.36101e-19 r
56415.8 9.9516e-16 4.41341e-19 r
56416.8 9.92006e-16 4.46622e-19 r
56417.8 9.88707e-16 4.51951e-19 r
56418.8 9.85263e-16 4.57341e-19 r
56419.8 9.81677e-16 4.62804e-19 r
56420.8 9.77948e-16 4.68354e-19 r
56421.8 9.74077e-16 4.74006e-19 r
56422.8 9.70066e-16 4.79773e-19 r
56423.8 9.65915e-16 4.85672e-19 r
56424.8 9.61626e-16 4.91715e-19 r
56425.8 9.57199e-16 4.97915e-19 r
56426.8 9.52638e-16 5.04284e-19 r
56427.8 9.47943e-16 5.10832e-19 r
56428.8 9.43115e-16 5.17566e-19 r
56429.8 9.38158e-16 5.24492e-19 r
56430.8 9.33072e-16 5.31613e-19 r
56431.8 9.2786e-16 5.38929e-19 r
56432.8 9.22524e-16 5.4644e-19 r
56433.8 9.17067e-16 5.54141e-19 r
56434.8 9.1149e-16 5.62025e-19 r
56435.8 9.05796e-16 5.70084e-19 r
56436.8 8.99987e-16 5.78305e-19 r
56437.8 8.94067e-16 5.86676e-19 r
56438.8 8.88039e-16 5.95181e-19 r
56439.8 8.81904e-16 6.03802e-19 r
56440.8 8.75665e-16 6.12521e-19 r
56441.8 8.69327e-16 6.21317e-19 r
56442.8 8.62892e-16 6.30168e-19 r
56443.8 8.56362e-16 6.39053e-19 r
56444.8 8.49742e-16 6.47947e-19 r
56445.8 8.43034e-16 6.56827e-19 r
56446.8 8.36241e-16 6.65668e-19 r
56447.8 8.29368e-16 6.74446e-19 r
56448.8 8.22417e-16 6.83135e-19 r
56449.8 8.15393e-16 6.91713e-19 r
56450.8 8.08297e-16 7.00154e-19 r
56451.8 8.01134e-16 7.08435e-19 r
56452.8 7.93908e-16 7.16532e-19 r
56453.8 7.86621e-16 7.24424e-19 r
56454.8 7.79278e-16 7.32088e-19 r
56455.8 7.71882e-16 7.39505e-19 r
56456.8 7.64436e-16 7.46653e-19 r
56457.8 7.56945e-16 7.53514e-19 r
56458.8 7.49411e-16 7.60071e-19 r
56459.8 7.41838e-16 7.66307e-19 r
56460.8 7.3423e-16 7.72206e-19 r
56461.8 7.26591e-16 7.77754e-19 r
56462.8 7.18923e-16 7.82939e-19 r
56463.8 7.1123e-16 7.87748e-19 r
56464.8 7.03516e-16 7.92172e-19 r
56465.8 6.95784e-16 7.962e-19 r
56466.8 6.88038e-16 7.99824e-19 r
56467.8 6.8028e-16 8.03038e-19 r
56468.8 6.72514e-16 8.05837e-19 r
56469.8 6.64744e-16 8.08215e-19 r
56470.8 6.56972e-16 8.1017e-19 r
56471.8 6.49201e-16 8.11698e-19 r
56472.8 6.41435e-16 8.128e-19 r
56473.8 6.33677e-16 8.13475e-19 r
56474.8 6.25929e-16 8.13724e-19 r
56475.8 6.18195e-16 8.1355e-19 r
56476.8 6.10477e-16 8.12954e-19 r
56477.8 6.02778e-16 8.11942e-19 r
56478.8 5.95101e-16 8.10517e-19 r
56479.8 5.87447e-16 8.08685e-19 r
56480.8 5.79821e-16 8.06452e-19 r
56481.8 5.72224e-16 8.03826e-19 r
56482.8 5.64658e-16 8.00814e-19 r
56483.8 5.57127e-16 7.97425e-19 r
56484.8 5.49632e-16 7.93666e-19 r
56485.8 5.42174e-16 7.89548e-19 r
56486.8 5.34758e-16 7.85081e-19 r
56487.8 5.27383e-16 7.80275e-19 r
56488.8 5.20053e-16 7.7514e-19 r
56489.8 5.12769e-16 7.69688e-19 r
56490.8 5.05533e-16 7.6393e-19 r
56491.8 4.98347e-16 7.57877e-19 r
56492.8 4.91211e-16 7.51543e-19 r
56493.8 4.84129e-16 7.44938e-19 r
56494.8 4.771e-16 7.38075e-19 r
56495.8 4.70127e-16 7.30966e-19 r
56496.8 4.63211e-16 7.23625e-19 r
56497.8 4.56354e-16 7.16062e-19 r
56498.8 4.49555e-16 7.08292e-19 r
56499.8 4.42817e-16 7.00326e-19 r
56500.8 4.3614e-16 6.92177e-19 r
56501.8 4.29525e-16 6.83857e-19 r
56502.8 4.22974e-16 6.75378e-19 r
56503.8 4.16486e-16 6.66754e-19 r
56504.8 4.10064e-16 6.57996e-19 r
56505.8 4.03707e-16 6.49115e-19 r
56506.8 3.97416e-16 6.40125e-19 r
56507.8 3.91191e-16 6.31035e-19 r
56508.8 3.85034e-16 6.21858e-19 r
56509.8 3.78945e-16 6.12605e-19 r
56510.8 3.72924e-16 6.03287e-19 r
56511.8 3.66971e-16 5.93914e-19 r
56512.8 3.61087e-16 5.84497e-19 r
56513.8 3.55272e-16 5.75046e-19 r
56514.8 3.49526e-16 5.65571e-19 r
56515.8 3.43849e-16 5.56082e-19 r
56516.8 3.38242e-16 5.46587e-19 r
56517.8 3.32704e-16 5.37096e-19 r
56518.8 3.27236e-16 5.27618e-19 r
56519.8 3.21837e-16 5.18161e-19 r
56520.8 3.16508e-16 5.08733e-19 r
56521.8 3.11248e-16 4.99343e-19 r
56522.8 3.06057e-16 4.89997e-19 r
56523.8 3.00935e-16 4.80703e-19 r
56524.8 2.95882e-16 4.71468e-19 r
56525.8 2.90897e-16 4.62298e-19 r
56526.8 2.85981e-16 4.53201e-19 r
56527.8 2.81133e-16 4.44181e-19 r
56528.8 2.76352e-16 4.35246e-19 r
56529.8 2.71639e-16 4.26399e-19 r
56530.8 2.66993e-16 4.17648e-19 r
56531.8 2.62413e-16 4.08996e-19 r
56532.8 2.579e-16 4.00448e-19 r
56533.8 2.53452e-16 3.92009e-19 r
56534.8 2.49069e-16 3.83682e-19 r
56535.8 2.44751e-16 3.75473e-19 r
56536.8 2.40497e-16 3.67384e-19 r
56537.8 2.36307e-16 3.59419e-19 r
56538.8 2.3218e-16 3.5158e-19 r
56539.8 2.28116e-16 3.43872e-19 r
56540.8 2.24114e-16 3.36296e-19 r
56541.8 2.20174e-16 3.28856e-19 r
56542.8 2.16294e-16 3.21552e-19 r
56543.8 2.12475e-16 3.14388e-19 r
56544.8 2.08715e-16 3.07366e-19 r
56545.8 2.05015e-16 3.00486e-19 r
56546.8 2.01373e-16 2.93751e-19 r
56547.8 1.97789e-16 2.87161e-19 r
56548.8 1.94262e-16 2.80718e-19 r
56549.8 1.90792e-16 2.74422e-19 r
56550.8 1.87378e-16 2.68274e-19 r
56551.8 1.84019e-16 2.62275e-19 r
56552.8 1.80715e-16 2.56424e-19 r
56553.8 1.77465e-16 2.50723e-19 r
56554.8 1.74268e-16 2.4517e-19 r
56555.8 1.71124e-16 2.39767e-19 r
56556.8 1.68031e-16 2.34511e-19 r
56557.8 1.64991e-16 2.29404e-19 r
56558.8 1.62001e-16 2.24443e-19 r
56559.8 1.59061e-16 2.19629e-19 r
56560.8 1.5617e-16 2.1496e-19 r
56561.8 1.53328e-16 2.10435e-19 r
56562.8 1.50535e-16 2.06052e-19 r
56563.8 1.47788e-16 2.01811e-19 r
56564.8 1.45089e-16 1.97709e-19 r
56565.8 1.42435e-16 1.93745e-19 r
56566.8 1.39827e-16 1.89916e-19 r
56567.8 1.37264e-16 1.86221e-19 r
56568.8 1.34745e-16 1.82658e-19 r
56569.8 1.32269e-16 1.79224e-19 r
56570.8 1.29836e-16 1.75916e-19 r
56571.8 1.27446e-16 1.72732e-19 r
56572.8 1.25097e-16 1.69669e-19 r
56573.8 1.22789e-16 1.66725e-19 r
56574.8 1.20522e-16 1.63896e-19 r
56575.8 1.18294e-16 1.6118e-19 r
56576.8 1.16106e-16 1.58572e-19 r
56577.8 1.13956e-16 1.56071e-19 r
56578.8 1.11844e-16 1.53673e-19 r
56579.8 1.09769e-16 1.51374e-19 r
56580.8 1.07731e-16 1.49171e-19 r
56581.8 1.0573e-16 1.47061e-19 r
56582.8 1.03764e-16 1.4504e-19 r
56583.8 1.01833e-16 1.43104e-19 r
56584.8 9.99369e-17 1.41251e-19 r
56585.8 9.80745e-17 1.39477e-19 r
56586.8 9.62455e-17 1.37778e-19 r
56587.8 9.44494e-17 1.36151e-19 r
56588.8 9.26857e-17 1.34592e-19 r
56589.8 9.09537e-17 1.33098e-19 r
56590.8 8.9253e-17 1.31666e-19 r
56591.8 8.7583e-17 1.30293e-19 r
56592.8 8.59433e-17 1.28974e-19 r
56593.8 8.43334e-17 1.27708e-19 r
56594.8 8.27526e-17 1.26492e-19 r
56595.8 8.12007e-17 1.25321e-19 r
56596.8 7.9677e-17 1.24194e-19 r
56597.8 7.81811e-17 1.23107e-19 r
56598.8 7.67125e-17 1.22059e-19 r
56599.8 7.52707e-17 1.21046e-19 r
56600.8 7.38554e-17 1.20065e-19 r
56601.8 7.2466e-17 1.19116e-19 r
56602.8 7.1102e-17 1.18194e-19 r
56603.8 6.97632e-17 1.17299e-19 r
56604.8 6.84489e-17 1.16428e-19 r
56605.8 6.71589e-17 1.15579e-19 r
56606.8 6.58926e-17 1.1475e-19 r
56607.8 6.46497e-17 1.1394e-19 r
56608.8 6.34297e-17 1.13147e-19 r
56609.8 6.22323e-17 1.12369e-19 r
56610.8 6.10571e-17 1.11605e-19 r
56611.8 5.99035e-17 1.10853e-19 r
56612.8 5.87714e-17 1.10113e-19 r
56613.8 5.76603e-17 1.09383e-19 r
56614.8 5.65698e-17 1.08662e-19 r
56615.8 5.54996e-17 1.07949e-19 r
56616.8 5.44492e-17 1.07242e-19 r
56617.8 5.34184e-17 1.06542e-19 r
56618.8 5.24069e-17 1.05847e-19 r
56619.8 5.14141e-17 1.05156e-19 r
56620.8 5.04399e-17 1.04469e-19 r
56621.8 4.94839e-17 1.03785e-19 r
56622.8 4.85457e-17 1.03104e-19 r
56623.8 4.7625e-17 1.02425e-19 r
56624.8 4.67216e-17 1.01747e-19 r
56625.8 4.58351e-17 1.0107e-19 r
56626.8 4.49651e-17 1.00394e-19 r
56627.8 4.41115e-17 9.97184e-20 r
56628.8 4.32739e-17 9.90428e-20 r
56629.8 4.2452e-17 9.83669e-20 r
56630.8 4.16455e-17 9.76906e-20 r
56631.8 4.08541e-17 9.70137e-20 r
56632.8 4.00776e-17 9.63359e-20 r
56633.8 3.93157e-17 9.56571e-20 r
56634.8 3.85682e-17 9.49772e-20 r
56635.8 3.78347e-17 9.42961e-20 r
56636.8 3.7115e-17 9.36137e-20 r
56637.8 3.64089e-17 9.293e-20 r
56638.8 3.57161e-17 9.22449e-20 r
56639.8 3.50363e-17 9.15585e-20 r
56640.8 3.43693e-17 9.08707e-20 r
56641.8 3.3715e-17 9.01816e-20 r
56642.8 3.3073e-17 8.94911e-20 r
56643.8 3.24431e-17 8.87993e-20 r
56644.8 3.18251e-17 8.81063e-20 r
56645.8 3.12188e-17 8.74122e-20 r
56646.8 3.06239e-17 8.6717e-20 r
56647.8 3.00403e-17 8.60207e-20 r
56648.8 2.94677e-17 8.53235e-20 r
56649.8 2.8906e-17 8.46255e-20 r
56650.8 2.83549e-17 8.39268e-20 r
56651.8 2.78142e-17 8.32275e-20 r
56652.8 2.72838e-17 8.25277e-20 r
56653.8 2.67634e-17 8.18275e-20 r
56654.8 2.62529e-17 8.1127e-20 r
56655.8 2.5752e-17 8.04264e-20 r
56656.8 2.52607e-17 7.97257e-20 r
56657.8 2.47787e-17 7.90252e-20 r
56658.8 2.43058e-17 7.83249e-20 r
56659.8 2.38419e-17 7.7625e-20 r
56660.8 2.33868e-17 7.69255e-20 r
56661.8 2.29403e-17 7.62267e-20 r
56662.8 2.25023e-17 7.55286e-20 r
56663.8 2.20727e-17 7.48314e-20 r
56664.8 2.16512e-17 7.41352e-20 r
56665.8 2.12377e-17 7.34402e-20 r
56666.8 2.08321e-17 7.27464e-20 r
56667.8 2.04341e-17 7.2054e-20 r
56668.8 2.00438e-17 7.13631e-20 r
56669.8 1.96609e-17 7.06739e-20 r
56670.8 1.92852e-17 6.99864e-20 r
56671.8 1.89167e-17 6.93008e-20 r
56672.8 1.85553e-17 6.86171e-20 r
