56485.9 1.46697e-13 2.99712e-16 BessellU
56486.9 1.3801e-13 2.76506e-16 BessellU
56487.9 1.29835e-13 2.55004e-16 BessellU
56488.9 1.22142e-13 2.35085e-16 BessellU
56489.9 1.14903e-13 2.16637e-16 BessellU
56490.9 1.0809e-13 1.99557e-16 BessellU
56491.9 1.0168e-13 1.83748e-16 BessellU
56492.9 9.56481e-14 1.69119e-16 BessellU
56493.9 8.99723e-14 1.55587e-16 BessellU
56494.9 8.46317e-14 1.43073e-16 BessellU
56495.9 7.96065e-14 1.31504e-16 BessellU
56496.9 7.48783e-14 1.20814e-16 BessellU
56497.9 7.04296e-14 1.10938e-16 BessellU
56498.9 6.62439e-14 1.01818e-16 BessellU
56499.9 6.23058e-14 9.33994e-17 BessellU
56500.9 5.86006e-14 8.56314e-17 BessellU
56501.9 5.51147e-14 7.84669e-17 BessellU
56502.9 5.18351e-14 7.18619e-17 BessellU
56503.9 4.87497e-14 6.57755e-17 BessellU
56504.9 4.5847e-14 6.01699e-17 BessellU
56505.9 4.31163e-14 5.50098e-17 BessellU
56506.9 4.05475e-14 5.02625e-17 BessellU
56507.9 3.81309e-14 4.58976e-17 BessellU
56508.9 3.58576e-14 4.18867e-17 BessellU
56509.9 3.37191e-14 3.82038e-17 BessellU
56510.9 3.17076e-14 3.48245e-17 BessellU
56511.9 2.98154e-14 3.17262e-17 BessellU
56512.9 2.80356e-14 2.88881e-17 BessellU
56513.9 2.63614e-14 2.62906e-17 BessellU
56514.9 2.47867e-14 2.3916e-17 BessellU
56515.9 2.33056e-14 2.17474e-17 BessellU
56516.9 2.19126e-14 1.97695e-17 BessellU
56517.9 2.06023e-14 1.7968e-17 BessellU
56518.9 1.937e-14 1.63297e-17 BessellU
56519.9 1.82111e-14 1.48423e-17 BessellU
56520.9 1.71211e-14 1.34944e-17 BessellU
56521.9 1.6096e-14 1.22755e-17 BessellU
56522.9 1.51319e-14 1.11759e-17 BessellU
56523.9 1.42253e-14 1.01864e-17 BessellU
56524.9 1.33727e-14 9.29858e-18 BessellU
56525.9 1.2571e-14 8.50436e-18 BessellU
56526.9 1.1817e-14 7.79626e-18 BessellU
56527.9 1.1108e-14 7.16715e-18 BessellU
56528.9 1.04414e-14 6.61025e-18 BessellU
56529.9 9.81451e-15 6.11903e-18 BessellU
56530.9 9.22507e-15 5.68724e-18 BessellU
56531.9 8.67084e-15 5.30884e-18 BessellU
56532.9 8.14972e-15 4.97801e-18 BessellU
56533.9 7.65976e-15 4.6892e-18 BessellU
56534.9 7.19908e-15 4.43713e-18 BessellU
56535.9 6.76597e-15 4.21684e-18 BessellU
56536.9 6.35876e-15 4.02373e-18 BessellU
56537.9 5.97593e-15 3.85361e-18 BessellU
56538.9 5.61602e-15 3.70274e-18 BessellU
56539.9 5.27766e-15 3.56779e-18 BessellU
56540.9 4.95958e-15 3.44587e-18 BessellU
56541.9 4.66056e-15 3.33452e-18 BessellU
56542.9 4.37947e-15 3.23167e-18 BessellU
56543.9 4.11524e-15 3.1356e-18 BessellU
56544.9 3.86686e-15 3.04489e-18 BessellU
56545.9 3.63339e-15 2.95841e-18 BessellU
56546.9 3.41393e-15 2.87527e-18 BessellU
56547.9 3.20766e-15 2.79476e-18 BessellU
56548.9 3.01378e-15 2.71634e-18 BessellU
56549.9 2.83155e-15 2.63961e-18 BessellU
56550.9 2.66028e-15 2.56427e-18 BessellU
56551.9 2.4993e-15 2.49013e-18 BessellU
56552.9 2.34802e-15 2.41703e-18 BessellU
56553.9 2.20584e-15 2.3449e-18 BessellU
56554.9 2.07222e-15 2.2737e-18 BessellU
56555.9 1.94664e-15 2.20341e-18 BessellU
56556.9 1.82864e-15 2.13405e-18 BessellU
56557.9 1.71774e-15 2.06564e-18 BessellU
56558.9 1.61353e-15 1.99823e-18 BessellU
56559.9 1.51561e-15 1.93186e-18 BessellU
56560.9 1.4236e-15 1.86659e-18 BessellU
56561.9 1.33714e-15 1.80245e-18 BessellU
56562.9 1.2559e-15 1.73951e-18 BessellU
56563.9 1.17957e-15 1.67781e-18 BessellU
56564.9 1.10785e-15 1.61739e-18 BessellU
56565.9 1.04047e-15 1.55829e-18 BessellU
56566.9 9.77157e-16 1.50055e-18 BessellU
56567.9 9.17678e-16 1.44419e-18 BessellU
56568.9 8.61798e-16 1.38924e-18 BessellU
56569.9 8.09302e-16 1.33572e-18 BessellU
56570.9 7.59984e-16 1.28364e-18 BessellU
56571.9 7.13655e-16 1.23301e-18 BessellU
56572.9 6.70133e-16 1.18384e-18 BessellU
56573.9 6.2925e-16 1.13613e-18 BessellU
56574.9 5.90847e-16 1.08987e-18 BessellU
56575.9 5.54774e-16 1.04505e-18 BessellU
56576.9 5.2089e-16 1.00167e-18 BessellU
56577.9 4.89064e-16 9.59713e-19 BessellU
56578.9 4.59171e-16 9.19159e-19 BessellU
56579.9 4.31095e-16 8.79989e-19 BessellU
56580.9 4.04725e-16 8.42182e-19 BessellU
56581.9 3.79959e-16 8.05714e-19 BessellU
56582.9 3.56699e-16 7.70562e-19 BessellU
56583.9 3.34856e-16 7.36696e-19 BessellU
56584.9 3.14342e-16 7.0409e-19 BessellU
56585.9 2.95077e-16 6.72714e-19 BessellU
56586.9 2.76986e-16 6.42539e-19 BessellU
56587.9 2.59998e-16 6.13533e-19 BessellU
56588.9 2.44046e-16 5.85665e-19 BessellU
56589.9 2.29066e-16 5.58904e-19 BessellU
56590.9 2.15001e-16 5.33217e-19 BessellU
56591.9 2.01794e-16 5.08574e-19 BessellU
56592.9 1.89394e-16 4.84942e-19 BessellU
56593.9 1.77752e-16 4.62289e-19 BessellU
56594.9 1.66821e-16 4.40583e-19 BessellU
56595.9 1.56558e-16 4.19794e-19 BessellU
56596.9 1.46923e-16 3.9989e-19 BessellU
56597.9 1.37877e-16 3.80841e-19 BessellU
56598.9 1.29385e-16 3.62617e-19 BessellU
56599.9 1.21414e-16 3.45187e-19 BessellU
56600.9 1.1393e-16 3.28524e-19 BessellU
56601.9 1.06905e-16 3.12599e-19 BessellU
56602.9 1.00311e-16 2.97383e-19 BessellU
56603.9 9.41208e-17 2.82851e-19 BessellU
56604.9 8.83107e-17 2.68975e-19 BessellU
56605.9 8.28571e-17 2.55729e-19 BessellU
56606.9 7.77384e-17 2.4309e-19 BessellU
56607.9 7.29341e-17 2.31032e-19 BessellU
56608.9 6.8425e-17 2.19532e-19 BessellU
56609.9 6.4193e-17 2.08566e-19 BessellU
56610.9 6.02213e-17 1.98114e-19 BessellU
56611.9 5.64939e-17 1.88153e-19 BessellU
56612.9 5.29959e-17 1.78662e-19 BessellU
56613.9 4.97133e-17 1.69622e-19 BessellU
56614.9 4.66328e-17 1.61013e-19 BessellU
56615.9 4.37421e-17 1.52817e-19 BessellU
56616.9 4.10296e-17 1.45015e-19 BessellU
56617.9 3.84843e-17 1.3759e-19 BessellU
56618.9 3.60961e-17 1.30526e-19 BessellU
56619.9 3.38552e-17 1.23805e-19 BessellU
56620.9 3.17526e-17 1.17414e-19 BessellU
56621.9 2.97799e-17 1.11337e-19 BessellU
56622.9 2.7929e-17 1.05559e-19 BessellU
56623.9 2.61926e-17 1.00067e-19 BessellU
56624.9 2.45635e-17 9.48485e-20 BessellU
56625.9 2.30351e-17 8.98897e-20 BessellU
56626.9 2.16013e-17 8.51789e-20 BessellU
56627.9 2.02563e-17 8.07045e-20 BessellU
56628.9 1.89945e-17 7.64554e-20 BessellU
56485.9 7.75034e-15 1.56439e-17 BessellI
56486.9 7.89296e-15 1.53107e-17 BessellI
56487.9 8.03749e-15 1.49661e-17 BessellI
56488.9 8.18387e-15 1.46106e-17 BessellI
56489.9 8.33207e-15 1.42446e-17 BessellI
56490.9 8.48204e-15 1.38691e-17 BessellI
56491.9 8.63371e-15 1.3485e-17 BessellI
56492.9 8.78702e-15 1.30932e-17 BessellI
56493.9 8.94188e-15 1.26951e-17 BessellI
56494.9 9.09821e-15 1.22922e-17 BessellI
56495.9 9.25592e-15 1.18863e-17 BessellI
56496.9 9.41489e-15 1.14793e-17 BessellI
56497.9 9.575e-15 1.10737e-17 BessellI
56498.9 9.73612e-15 1.06721e-17 BessellI
56499.9 9.8981e-15 1.02776e-17 BessellI
56500.9 1.00608e-14 9.89368e-18 BessellI
56501.9 1.0224e-14 9.52419e-18 BessellI
56502.9 1.03876e-14 9.17341e-18 BessellI
56503.9 1.05513e-14 8.84595e-18 BessellI
56504.9 1.07148e-14 8.54669e-18 BessellI
56505.9 1.08781e-14 8.28058e-18 BessellI
56506.9 1.10408e-14 8.05242e-18 BessellI
56507.9 1.12026e-14 7.86659e-18 BessellI
56508.9 1.13632e-14 7.72667e-18 BessellI
56509.9 1.15223e-14 7.6351e-18 BessellI
56510.9 1.16797e-14 7.59287e-18 BessellI
56511.9 1.18348e-14 7.59933e-18 BessellI
56512.9 1.19874e-14 7.6522e-18 BessellI
56513.9 1.2137e-14 7.74762e-18 BessellI
56514.9 1.22832e-14 7.88052e-18 BessellI
56515.9 1.24256e-14 8.0449e-18 BessellI
56516.9 1.25638e-14 8.23419e-18 BessellI
56517.9 1.26972e-14 8.44163e-18 BessellI
56518.9 1.28254e-14 8.66049e-18 BessellI
56519.9 1.29479e-14 8.88431e-18 BessellI
56520.9 1.30641e-14 9.10701e-18 BessellI
56521.9 1.31736e-14 9.32301e-18 BessellI
56522.9 1.32758e-14 9.52726e-18 BessellI
56523.9 1.33701e-14 9.71532e-18 BessellI
56524.9 1.34562e-14 9.88335e-18 BessellI
56525.9 1.35333e-14 1.00281e-17 BessellI
56526.9 1.36011e-14 1.01471e-17 BessellI
56527.9 1.36589e-14 1.02384e-17 BessellI
56528.9 1.37064e-14 1.03007e-17 BessellI
56529.9 1.3743e-14 1.03337e-17 BessellI
56530.9 1.37684e-14 1.03375e-17 BessellI
56531.9 1.37821e-14 1.03132e-17 BessellI
56532.9 1.37837e-14 1.02624e-17 BessellI
56533.9 1.37729e-14 1.01875e-17 BessellI
56534.9 1.37496e-14 1.00918e-17 BessellI
56535.9 1.37133e-14 9.97904e-18 BessellI
56536.9 1.3664e-14 9.85365e-18 BessellI
56537.9 1.36016e-14 9.72051e-18 BessellI
56538.9 1.3526e-14 9.58483e-18 BessellI
56539.9 1.34373e-14 9.45198e-18 BessellI
56540.9 1.33355e-14 9.32721e-18 BessellI
56541.9 1.32209e-14 9.21546e-18 BessellI
56542.9 1.30936e-14 9.12099e-18 BessellI
56543.9 1.29539e-14 9.04721e-18 BessellI
56544.9 1.28022e-14 8.99638e-18 BessellI
56545.9 1.2639e-14 8.9695e-18 BessellI
56546.9 1.24647e-14 8.9662e-18 BessellI
56547.9 1.22799e-14 8.98487e-18 BessellI
56548.9 1.20851e-14 9.0227e-18 BessellI
56549.9 1.18811e-14 9.076e-18 BessellI
56550.9 1.16684e-14 9.1404e-18 BessellI
56551.9 1.14478e-14 9.21117e-18 BessellI
56552.9 1.122e-14 9.28346e-18 BessellI
56553.9 1.09859e-14 9.35257e-18 BessellI
56554.9 1.07461e-14 9.41409e-18 BessellI
56555.9 1.05014e-14 9.46406e-18 BessellI
56556.9 1.02526e-14 9.49909e-18 BessellI
56557.9 1.00005e-14 9.51634e-18 BessellI
56558.9 9.74583e-15 9.51359e-18 BessellI
56559.9 9.48932e-15 9.48923e-18 BessellI
56560.9 9.23168e-15 9.44221e-18 BessellI
56561.9 8.9736e-15 9.372e-18 BessellI
56562.9 8.71574e-15 9.27858e-18 BessellI
56563.9 8.4587e-15 9.16232e-18 BessellI
56564.9 8.20308e-15 9.02399e-18 BessellI
56565.9 7.94942e-15 8.86465e-18 BessellI
56566.9 7.69822e-15 8.68562e-18 BessellI
56567.9 7.44996e-15 8.48843e-18 BessellI
56568.9 7.20504e-15 8.27476e-18 BessellI
56569.9 6.96385e-15 8.04637e-18 BessellI
56570.9 6.72674e-15 7.80511e-18 BessellI
56571.9 6.494e-15 7.55286e-18 BessellI
56572.9 6.26591e-15 7.29147e-18 BessellI
56573.9 6.04268e-15 7.0228e-18 BessellI
56574.9 5.82452e-15 6.7486e-18 BessellI
56575.9 5.61158e-15 6.47061e-18 BessellI
56576.9 5.40399e-15 6.19042e-18 BessellI
56577.9 5.20184e-15 5.90958e-18 BessellI
56578.9 5.00522e-15 5.62949e-18 BessellI
56579.9 4.81417e-15 5.35146e-18 BessellI
56580.9 4.62871e-15 5.07669e-18 BessellI
56581.9 4.44884e-15 4.80625e-18 BessellI
56582.9 4.27454e-15 4.54112e-18 BessellI
56583.9 4.10579e-15 4.28215e-18 BessellI
56584.9 3.94254e-15 4.03011e-18 BessellI
56585.9 3.78471e-15 3.78565e-18 BessellI
56586.9 3.63224e-15 3.54935e-18 BessellI
56587.9 3.48504e-15 3.32168e-18 BessellI
56588.9 3.34301e-15 3.10307e-18 BessellI
56589.9 3.20605e-15 2.89383e-18 BessellI
56590.9 3.07406e-15 2.69427e-18 BessellI
56591.9 2.94691e-15 2.50459e-18 BessellI
56592.9 2.82449e-15 2.32498e-18 BessellI
56593.9 2.70668e-15 2.15557e-18 BessellI
56594.9 2.59335e-15 1.99648e-18 BessellI
56595.9 2.48438e-15 1.8478e-18 BessellI
56596.9 2.37963e-15 1.70957e-18 BessellI
56597.9 2.27899e-15 1.58185e-18 BessellI
56598.9 2.18231e-15 1.46465e-18 BessellI
56599.9 2.08948e-15 1.35798e-18 BessellI
56600.9 2.00036e-15 1.2618e-18 BessellI
56601.9 1.91484e-15 1.17602e-18 BessellI
56602.9 1.83278e-15 1.10049e-18 BessellI
56603.9 1.75407e-15 1.03499e-18 BessellI
56604.9 1.67859e-15 9.79147e-19 BessellI
56605.9 1.60623e-15 9.32496e-19 BessellI
56606.9 1.53685e-15 8.94417e-19 BessellI
56607.9 1.47037e-15 8.64164e-19 BessellI
56608.9 1.40666e-15 8.40883e-19 BessellI
56609.9 1.34562e-15 8.23653e-19 BessellI
56610.9 1.28715e-15 8.11525e-19 BessellI
56611.9 1.23115e-15 8.03568e-19 BessellI
56612.9 1.17752e-15 7.98904e-19 BessellI
56613.9 1.12617e-15 7.96739e-19 BessellI
56614.9 1.07701e-15 7.96373e-19 BessellI
56615.9 1.02995e-15 7.97207e-19 BessellI
56616.9 9.84899e-16 7.98743e-19 BessellI
56617.9 9.41783e-16 8.00574e-19 BessellI
56618.9 9.00521e-16 8.02376e-19 BessellI
56619.9 8.61036e-16 8.03895e-19 BessellI
56620.9 8.23256e-16 8.04938e-19 BessellI
56621.9 7.87109e-16 8.05363e-19 BessellI
56622.9 7.52527e-16 8.0507e-19 BessellI
56623.9 7.19445e-16 8.03992e-19 BessellI
56624.9 6.878e-16 8.02091e-19 BessellI
56625.9 6.57531e-16 7.99347e-19 BessellI
56626.9 6.2858e-16 7.95763e-19 BessellI
56627.9 6.00891e-16 7.9135e-19 BessellI
56628.9 5.7441e-16 7.86132e-19 BessellI
56629.9 5.49086e-16 7.80142e-19 BessellI
56630.9 5.2487e-16 7.73415e-19 BessellI
56631.9 5.01713e-16 7.65995e-19 BessellI
56632.9 4.79571e-16 7.57924e-19 BessellI
56633.9 4.584e-16 7.49249e-19 BessellI
56634.9 4.38157e-16 7.40016e-19 BessellI
56635.9 4.18803e-16 7.30273e-19 BessellI
56636.9 4.00299e-16 7.20064e-19 BessellI
56637.9 3.82608e-16 7.09436e-19 BessellI
56638.9 3.65696e-16 6.98434e-19 BessellI
56639.9 3.49527e-16 6.87098e-19 BessellI
56640.9 3.34071e-16 6.75472e-19 BessellI
56641.9 3.19295e-16 6.63593e-19 BessellI
56642.9 3.05171e-16 6.51501e-19 BessellI
56643.9 2.91668e-16 6.39229e-19 BessellI
56644.9 2.78762e-16 6.26813e-19 BessellI
56645.9 2.66425e-16 6.14283e-19 BessellI
56646.9 2.54632e-16 6.0167e-19 BessellI
56647.9 2.4336e-16 5.89001e-19 BessellI
56648.9 2.32585e-16 5.76303e-19 BessellI
56649.9 2.22287e-16 5.636e-19 BessellI
56650.9 2.12443e-16 5.50914e-19 BessellI
56651.9 2.03035e-16 5.38267e-19 BessellI
56652.9 1.94042e-16 5.25677e-19 BessellI
56653.9 1.85447e-16 5.13162e-19 BessellI
56654.9 1.77232e-16 5.0074e-19 BessellI
56655.9 1.6938e-16 4.88423e-19 BessellI
56656.9 1.61876e-16 4.76227e-19 BessellI
56657.9 1.54703e-16 4.64164e-19 BessellI
56483.3 1.84317e-19 5.96573e-21 BessellB
56484.3 3.84746e-19 1.17137e-20 BessellB
56485.3 8.0313e-19 2.29095e-20 BessellB
56486.3 1.67647e-18 4.46063e-20 BessellB
56487.3 3.4995e-18 8.64074e-20 BessellB
56488.3 7.30482e-18 1.66389e-19 BessellB
56489.3 1.52475e-17 3.18174e-19 BessellB
56490.3 3.18237e-17 6.03372e-19 BessellB
56491.3 6.64087e-17 1.13264e-18 BessellB
56492.3 1.38525e-16 2.09929e-18 BessellB
56493.3 2.88704e-16 3.82704e-18 BessellB
56494.3 6.00564e-16 6.82139e-18 BessellB
56495.3 1.2442e-15 1.17713e-17 BessellB
56496.3 2.55518e-15 1.93387e-17 BessellB
56497.3 5.15196e-15 2.94059e-17 BessellB
56498.3 1.00103e-14 3.97569e-17 BessellB
56499.3 1.8157e-14 4.699e-17 BessellB
56500.3 2.94796e-14 5.39829e-17 BessellB
56501.3 4.14582e-14 6.22668e-17 BessellB
56502.3 5.05759e-14 5.93531e-17 BessellB
56503.3 5.53981e-14 4.67231e-17 BessellB
56504.3 5.68035e-14 3.636e-17 BessellB
56505.3 5.6227e-14 3.22214e-17 BessellB
56506.3 5.46945e-14 3.10915e-17 BessellB
56507.3 5.27646e-14 3.03693e-17 BessellB
56508.3 5.07065e-14 2.93836e-17 BessellB
56509.3 4.86416e-14 2.81578e-17 BessellB
56510.3 4.66224e-14 2.68166e-17 BessellB
56511.3 4.46701e-14 2.54502e-17 BessellB
56512.3 4.27922e-14 2.41086e-17 BessellB
56513.3 4.09899e-14 2.28159e-17 BessellB
56514.3 3.92621e-14 2.15823e-17 BessellB
56515.3 3.76065e-14 2.04107e-17 BessellB
56516.3 3.60204e-14 1.93008e-17 BessellB
56517.3 3.45011e-14 1.82507e-17 BessellB
56518.3 3.30458e-14 1.7258e-17 BessellB
56519.3 3.16519e-14 1.632e-17 BessellB
56520.3 3.03168e-14 1.54339e-17 BessellB
56521.3 2.9038e-14 1.45971e-17 BessellB
56522.3 2.78131e-14 1.38069e-17 BessellB
56523.3 2.66399e-14 1.3061e-17 BessellB
56524.3 2.55162e-14 1.2357e-17 BessellB
56525.3 2.44399e-14 1.16926e-17 BessellB
56526.3 2.3409e-14 1.10659e-17 BessellB
56527.3 2.24215e-14 1.04746e-17 BessellB
56528.3 2.14758e-14 9.91699e-18 BessellB
56529.3 2.05699e-14 9.39119e-18 BessellB
56530.3 1.97022e-14 8.89549e-18 BessellB
56531.3 1.88711e-14 8.42825e-18 BessellB
56532.3 1.80751e-14 7.98792e-18 BessellB
56533.3 1.73127e-14 7.57302e-18 BessellB
56534.3 1.65824e-14 7.18214e-18 BessellB
56535.3 1.58829e-14 6.81396e-18 BessellB
56536.3 1.5213e-14 6.46721e-18 BessellB
56537.3 1.45713e-14 6.1407e-18 BessellB
56538.3 1.39566e-14 5.83326e-18 BessellB
56539.3 1.33679e-14 5.54383e-18 BessellB
56540.3 1.2804e-14 5.27138e-18 BessellB
56541.3 1.22639e-14 5.01491e-18 BessellB
56542.3 1.17466e-14 4.77351e-18 BessellB
56543.3 1.12511e-14 4.54629e-18 BessellB
56544.3 1.07765e-14 4.33242e-18 BessellB
56545.3 1.0322e-14 4.1311e-18 BessellB
56546.3 9.88656e-15 3.94157e-18 BessellB
56547.3 9.46953e-15 3.76313e-18 BessellB
56548.3 9.07009e-15 3.59509e-18 BessellB
56549.3 8.68749e-15 3.4368e-18 BessellB
56550.3 8.32104e-15 3.28767e-18 BessellB
56551.3 7.97005e-15 3.14712e-18 BessellB
56552.3 7.63386e-15 3.01461e-18 BessellB
56553.3 7.31185e-15 2.88961e-18 BessellB
56554.3 7.00342e-15 2.77165e-18 BessellB
56555.3 6.708e-15 2.66027e-18 BessellB
56556.3 6.42505e-15 2.55503e-18 BessellB
56557.3 6.15403e-15 2.45554e-18 BessellB
56558.3 5.89444e-15 2.36142e-18 BessellB
56559.3 5.64581e-15 2.2723e-18 BessellB
56560.3 5.40766e-15 2.18785e-18 BessellB
56561.3 5.17955e-15 2.10776e-18 BessellB
56562.3 4.96107e-15 2.03174e-18 BessellB
56563.3 4.7518e-15 1.95951e-18 BessellB
56564.3 4.55136e-15 1.89083e-18 BessellB
56565.3 4.35938e-15 1.82544e-18 BessellB
56566.3 4.17549e-15 1.76313e-18 BessellB
56567.3 3.99936e-15 1.70371e-18 BessellB
56568.3 3.83066e-15 1.64696e-18 BessellB
56569.3 3.66908e-15 1.59273e-18 BessellB
56570.3 3.51431e-15 1.54085e-18 BessellB
56571.3 3.36607e-15 1.49116e-18 BessellB
56572.3 3.22409e-15 1.44353e-18 BessellB
56573.3 3.08809e-15 1.39782e-18 BessellB
56574.3 2.95783e-15 1.35393e-18 BessellB
56575.3 2.83306e-15 1.31173e-18 BessellB
56576.3 2.71356e-15 1.27113e-18 BessellB
56577.3 2.5991e-15 1.23203e-18 BessellB
56578.3 2.48946e-15 1.19436e-18 BessellB
56579.3 2.38445e-15 1.15802e-18 BessellB
56580.3 2.28387e-15 1.12295e-18 BessellB
56581.3 2.18753e-15 1.08908e-18 BessellB
56582.3 2.09526e-15 1.05634e-18 BessellB
56583.3 2.00688e-15 1.02469e-18 BessellB
56584.3 1.92223e-15 9.94062e-19 BessellB
56585.3 1.84114e-15 9.64413e-19 BessellB
56586.3 1.76348e-15 9.35697e-19 BessellB
56587.3 1.68909e-15 9.07872e-19 BessellB
56588.3 1.61784e-15 8.809e-19 BessellB
56589.3 1.5496e-15 8.54745e-19 BessellB
56590.3 1.48424e-15 8.29374e-19 BessellB
56591.3 1.42163e-15 8.04756e-19 BessellB
56592.3 1.36166e-15 7.80861e-19 BessellB
56593.3 1.30422e-15 7.57664e-19 BessellB
56594.3 1.24921e-15 7.35138e-19 BessellB
56595.3 1.19652e-15 7.13261e-19 BessellB
56596.3 1.14605e-15 6.92009e-19 BessellB
56597.3 1.0977e-15 6.71363e-19 BessellB
56598.3 1.0514e-15 6.51303e-19 BessellB
56599.3 1.00705e-15 6.31809e-19 BessellB
56600.3 9.64572e-16 6.12865e-19 BessellB
56601.3 9.23884e-16 5.94454e-19 BessellB
56602.3 8.84913e-16 5.7656e-19 BessellB
56603.3 8.47586e-16 5.59168e-19 BessellB
56604.3 8.11834e-16 5.42264e-19 BessellB
56605.3 7.77589e-16 5.25834e-19 BessellB
56606.3 7.44789e-16 5.09864e-19 BessellB
56607.3 7.13373e-16 4.94342e-19 BessellB
56608.3 6.83281e-16 4.79256e-19 BessellB
56609.3 6.54459e-16 4.64594e-19 BessellB
56610.3 6.26853e-16 4.50345e-19 BessellB
56611.3 6.00411e-16 4.36498e-19 BessellB
56612.3 5.75085e-16 4.23042e-19 BessellB
56613.3 5.50827e-16 4.09968e-19 BessellB
56614.3 5.27592e-16 3.97264e-19 BessellB
56615.3 5.05337e-16 3.84923e-19 BessellB
56616.3 4.84021e-16 3.72933e-19 BessellB
56617.3 4.63605e-16 3.61287e-19 BessellB
56618.3 4.44049e-16 3.49975e-19 BessellB
56619.3 4.25318e-16 3.38988e-19 BessellB
56620.3 4.07378e-16 3.28319e-19 BessellB
56621.3 3.90194e-16 3.17959e-19 BessellB
56622.3 3.73735e-16 3.079e-19 BessellB
56623.3 3.5797e-16 2.98135e-19 BessellB
56624.3 3.4287e-16 2.88655e-19 BessellB
56625.3 3.28407e-16 2.79454e-19 BessellB
56626.3 3.14555e-16 2.70523e-19 BessellB
56627.3 3.01286e-16 2.61857e-19 BessellB
56628.3 2.88577e-16 2.53447e-19 BessellB
56629.3 2.76405e-16 2.45288e-19 BessellB
56630.3 2.64745e-16 2.37372e-19 BessellB
56631.3 2.53578e-16 2.29693e-19 BessellB
56632.3 2.42882e-16 2.22245e-19 BessellB
56633.3 2.32637e-16 2.15022e-19 BessellB
56634.3 2.22824e-16 2.08017e-19 BessellB
56635.3 2.13424e-16 2.01225e-19 BessellB
56636.3 2.04422e-16 1.9464e-19 BessellB
56637.3 1.95799e-16 1.88256e-19 BessellB
56638.3 1.8754e-16 1.82068e-19 BessellB
56639.3 1.79629e-16 1.7607e-19 BessellB
56640.3 1.72052e-16 1.70257e-19 BessellB
56641.3 1.64795e-16 1.64624e-19 BessellB
56642.3 1.57843e-16 1.59165e-19 BessellB
56643.3 1.51185e-16 1.53877e-19 BessellB
56644.3 1.44808e-16 1.48754e-19 BessellB
56645.3 1.387e-16 1.43792e-19 BessellB
56646.3 1.32849e-16 1.38985e-19 BessellB
56647.3 1.27245e-16 1.3433e-19 BessellB
56648.3 1.21878e-16 1.29822e-19 BessellB
56649.3 1.16737e-16 1.25457e-19 BessellB
56650.3 1.11813e-16 1.21231e-19 BessellB
56651.3 1.07096e-16 1.17139e-19 BessellB
56652.3 1.02579e-16 1.13178e-19 BessellB
56653.3 9.82519e-17 1.09344e-19 BessellB
56654.3 9.41074e-17 1.05633e-19 BessellB
56655.3 9.01378e-17 1.02042e-19 BessellB
56656.3 8.63357e-17 9.85666e-20 BessellB
56657.3 8.26939e-17 9.52039e-20 BessellB
56658.3 7.92057e-17 9.19503e-20 BessellB
56659.3 7.58647e-17 8.88026e-20 BessellB
56660.3 7.26646e-17 8.57576e-20 BessellB
56661.3 6.95995e-17 8.28121e-20 BessellB
56662.3 6.66636e-17 7.99632e-20 BessellB
56663.3 6.38517e-17 7.7208e-20 BessellB
56664.3 6.11583e-17 7.45434e-20 BessellB
56665.3 5.85785e-17 7.19668e-20 BessellB
56666.3 5.61076e-17 6.94754e-20 BessellB
56667.3 5.37409e-17 6.70666e-20 BessellB
56668.3 5.1474e-17 6.47379e-20 BessellB
56669.3 4.93027e-17 6.24866e-20 BessellB
56670.3 4.72231e-17 6.03105e-20 BessellB
56671.3 4.52311e-17 5.82072e-20 BessellB
56672.3 4.33232e-17 5.61743e-20 BessellB
56673.3 4.14957e-17 5.42097e-20 BessellB
56674.3 3.97454e-17 5.23111e-20 BessellB
56675.3 3.80689e-17 5.04765e-20 BessellB
56676.3 3.6463e-17 4.87039e-20 BessellB
56677.3 3.4925e-17 4.69913e-20 BessellB
56678.3 3.34518e-17 4.53367e-20 BessellB
56679.3 3.20407e-17 4.37383e-20 BessellB
56680.3 3.06892e-17 4.21942e-20 BessellB
56681.3 2.93947e-17 4.07028e-20 BessellB
56682.3 2.81548e-17 3.92623e-20 BessellB
56683.3 2.69671e-17 3.78711e-20 BessellB
56684.3 2.58296e-17 3.65275e-20 BessellB
56685.3 2.47401e-17 3.52301e-20 BessellB
56686.3 2.36965e-17 3.39772e-20 BessellB
56687.3 2.2697e-17 3.27675e-20 BessellB
56688.3 2.17396e-17 3.15995e-20 BessellB
56689.3 2.08225e-17 3.04718e-20 BessellB
56690.3 1.99442e-17 2.93832e-20 BessellB
56691.3 1.91029e-17 2.83323e-20 BessellB
56692.3 1.82971e-17 2.73178e-20 BessellB
56693.3 1.75253e-17 2.63386e-20 BessellB
56483.3 9.02033e-17 7.19595e-19 BessellR
56484.3 1.16636e-16 8.72516e-19 BessellR
56485.3 1.50797e-16 1.05321e-18 BessellR
56486.3 1.94937e-16 1.26483e-18 BessellR
56487.3 2.5195e-16 1.50999e-18 BessellR
56488.3 3.25554e-16 1.79022e-18 BessellR
56489.3 4.20521e-16 2.10519e-18 BessellR
56490.3 5.42949e-16 2.45159e-18 BessellR
56491.3 7.00604e-16 2.82173e-18 BessellR
56492.3 9.03328e-16 3.20176e-18 BessellR
56493.3 1.1635e-15 3.57004e-18 BessellR
56494.3 1.49654e-15 3.89631e-18 BessellR
56495.3 1.92143e-15 4.14442e-18 BessellR
56496.3 2.46107e-15 4.28508e-18 BessellR
56497.3 3.14246e-15 4.33565e-18 BessellR
56498.3 3.99629e-15 4.45887e-18 BessellR
56499.3 5.05568e-15 5.09593e-18 BessellR
56500.3 6.35351e-15 6.83037e-18 BessellR
56501.3 7.91798e-15 9.94467e-18 BessellR
56502.3 9.76613e-15 1.43807e-17 BessellR
56503.3 1.18956e-14 1.98913e-17 BessellR
56504.3 1.42766e-14 2.60342e-17 BessellR
56505.3 1.68456e-14 3.21479e-17 BessellR
56506.3 1.95061e-14 3.74153e-17 BessellR
56507.3 2.21372e-14 4.10312e-17 BessellR
56508.3 2.461e-14 4.24207e-17 BessellR
56509.3 2.68082e-14 4.14143e-17 BessellR
56510.3 2.86461e-14 3.82967e-17 BessellR
56511.3 3.0078e-14 3.3714e-17 BessellR
56512.3 3.10981e-14 2.85013e-17 BessellR
56513.3 3.17325e-14 2.35141e-17 BessellR
56514.3 3.20278e-14 1.94981e-17 BessellR
56515.3 3.20399e-14 1.69474e-17 BessellR
56516.3 3.18253e-14 1.59081e-17 BessellR
56517.3 3.14361e-14 1.59567e-17 BessellR
56518.3 3.09169e-14 1.65215e-17 BessellR
56519.3 3.03046e-14 1.71844e-17 BessellR
56520.3 2.96282e-14 1.77304e-17 BessellR
56521.3 2.89102e-14 1.80797e-17 BessellR
56522.3 2.81678e-14 1.82231e-17 BessellR
56523.3 2.74135e-14 1.81822e-17 BessellR
56524.3 2.66568e-14 1.79892e-17 BessellR
56525.3 2.59044e-14 1.76772e-17 BessellR
56526.3 2.51611e-14 1.72761e-17 BessellR
56527.3 2.44302e-14 1.6811e-17 BessellR
56528.3 2.37142e-14 1.63025e-17 BessellR
56529.3 2.30144e-14 1.57665e-17 BessellR
56530.3 2.23318e-14 1.52154e-17 BessellR
56531.3 2.1667e-14 1.46588e-17 BessellR
56532.3 2.10201e-14 1.41036e-17 BessellR
56533.3 2.03913e-14 1.35551e-17 BessellR
56534.3 1.97802e-14 1.3017e-17 BessellR
56535.3 1.91868e-14 1.24919e-17 BessellR
56536.3 1.86107e-14 1.19817e-17 BessellR
56537.3 1.80515e-14 1.14874e-17 BessellR
56538.3 1.75089e-14 1.10099e-17 BessellR
56539.3 1.69823e-14 1.05494e-17 BessellR
56540.3 1.64715e-14 1.0106e-17 BessellR
56541.3 1.59759e-14 9.6797e-18 BessellR
56542.3 1.54951e-14 9.27015e-18 BessellR
56543.3 1.50288e-14 8.87706e-18 BessellR
56544.3 1.45765e-14 8.50002e-18 BessellR
56545.3 1.41377e-14 8.13859e-18 BessellR
56546.3 1.37121e-14 7.79231e-18 BessellR
56547.3 1.32993e-14 7.46068e-18 BessellR
56548.3 1.2899e-14 7.14322e-18 BessellR
56549.3 1.25107e-14 6.83942e-18 BessellR
56550.3 1.2134e-14 6.54882e-18 BessellR
56551.3 1.17687e-14 6.27091e-18 BessellR
56552.3 1.14144e-14 6.00524e-18 BessellR
56553.3 1.10708e-14 5.75134e-18 BessellR
56554.3 1.07375e-14 5.50877e-18 BessellR
56555.3 1.04142e-14 5.27709e-18 BessellR
56556.3 1.01007e-14 5.05589e-18 BessellR
56557.3 9.7966e-15 4.84475e-18 BessellR
56558.3 9.50166e-15 4.64329e-18 BessellR
56559.3 9.2156e-15 4.45112e-18 BessellR
56560.3 8.93816e-15 4.26787e-18 BessellR
56561.3 8.66906e-15 4.0932e-18 BessellR
56562.3 8.40807e-15 3.92675e-18 BessellR
56563.3 8.15493e-15 3.76819e-18 BessellR
56564.3 7.90941e-15 3.6172e-18 BessellR
56565.3 7.67129e-15 3.47347e-18 BessellR
56566.3 7.44034e-15 3.3367e-18 BessellR
56567.3 7.21633e-15 3.2066e-18 BessellR
56568.3 6.99908e-15 3.08288e-18 BessellR
56569.3 6.78836e-15 2.96527e-18 BessellR
56570.3 6.58399e-15 2.85351e-18 BessellR
56571.3 6.38577e-15 2.74735e-18 BessellR
56572.3 6.19351e-15 2.64652e-18 BessellR
56573.3 6.00705e-15 2.5508e-18 BessellR
56574.3 5.8262e-15 2.45994e-18 BessellR
56575.3 5.65079e-15 2.37373e-18 BessellR
56576.3 5.48067e-15 2.29193e-18 BessellR
56577.3 5.31566e-15 2.21435e-18 BessellR
56578.3 5.15563e-15 2.14077e-18 BessellR
56579.3 5.00041e-15 2.07099e-18 BessellR
56580.3 4.84987e-15 2.00483e-18 BessellR
56581.3 4.70385e-15 1.94208e-18 BessellR
56582.3 4.56224e-15 1.88258e-18 BessellR
56583.3 4.42489e-15 1.82614e-18 BessellR
56584.3 4.29167e-15 1.7726e-18 BessellR
56585.3 4.16246e-15 1.7218e-18 BessellR
56586.3 4.03715e-15 1.67357e-18 BessellR
56587.3 3.9156e-15 1.62778e-18 BessellR
56588.3 3.79772e-15 1.58427e-18 BessellR
56589.3 3.68338e-15 1.5429e-18 BessellR
56590.3 3.57249e-15 1.50355e-18 BessellR
56591.3 3.46493e-15 1.46609e-18 BessellR
56592.3 3.36062e-15 1.4304e-18 BessellR
56593.3 3.25944e-15 1.39636e-18 BessellR
56594.3 3.16131e-15 1.36387e-18 BessellR
56595.3 3.06613e-15 1.33283e-18 BessellR
56596.3 2.97382e-15 1.30313e-18 BessellR
56597.3 2.88429e-15 1.2747e-18 BessellR
56598.3 2.79746e-15 1.24743e-18 BessellR
56599.3 2.71324e-15 1.22125e-18 BessellR
56600.3 2.63155e-15 1.19609e-18 BessellR
56601.3 2.55232e-15 1.17188e-18 BessellR
56602.3 2.47548e-15 1.14854e-18 BessellR
56603.3 2.40095e-15 1.12602e-18 BessellR
56604.3 2.32867e-15 1.10426e-18 BessellR
56605.3 2.25856e-15 1.08321e-18 BessellR
56606.3 2.19057e-15 1.06282e-18 BessellR
56607.3 2.12462e-15 1.04304e-18 BessellR
56608.3 2.06065e-15 1.02384e-18 BessellR
56609.3 1.99861e-15 1.00517e-18 BessellR
56610.3 1.93844e-15 9.8699e-19 BessellR
56611.3 1.88008e-15 9.6928e-19 BessellR
56612.3 1.82348e-15 9.52004e-19 BessellR
56613.3 1.76858e-15 9.35135e-19 BessellR
56614.3 1.71533e-15 9.18648e-19 BessellR
56615.3 1.66369e-15 9.02521e-19 BessellR
56616.3 1.6136e-15 8.86731e-19 BessellR
56617.3 1.56502e-15 8.71261e-19 BessellR
56618.3 1.51791e-15 8.56092e-19 BessellR
56619.3 1.47221e-15 8.41209e-19 BessellR
56620.3 1.42789e-15 8.26598e-19 BessellR
56621.3 1.3849e-15 8.12244e-19 BessellR
56622.3 1.3432e-15 7.98138e-19 BessellR
56623.3 1.30276e-15 7.84267e-19 BessellR
56624.3 1.26354e-15 7.70623e-19 BessellR
56625.3 1.2255e-15 7.57195e-19 BessellR
56626.3 1.18861e-15 7.43978e-19 BessellR
56627.3 1.15282e-15 7.30963e-19 BessellR
56628.3 1.11811e-15 7.18144e-19 BessellR
56629.3 1.08445e-15 7.05515e-19 BessellR
56630.3 1.0518e-15 6.93071e-19 BessellR
56631.3 1.02014e-15 6.80807e-19 BessellR
56632.3 9.89424e-16 6.6872e-19 BessellR
56633.3 9.59636e-16 6.56804e-19 BessellR
56634.3 9.30745e-16 6.45057e-19 BessellR
56635.3 9.02724e-16 6.33476e-19 BessellR
56636.3 8.75546e-16 6.22058e-19 BessellR
56637.3 8.49186e-16 6.10799e-19 BessellR
56638.3 8.23621e-16 5.99699e-19 BessellR
56639.3 7.98824e-16 5.88754e-19 BessellR
56640.3 7.74775e-16 5.77963e-19 BessellR
56641.3 7.51449e-16 5.67323e-19 BessellR
56642.3 7.28825e-16 5.56834e-19 BessellR
56643.3 7.06883e-16 5.46494e-19 BessellR
56644.3 6.85601e-16 5.36301e-19 BessellR
56645.3 6.6496e-16 5.26253e-19 BessellR
56646.3 6.44941e-16 5.16351e-19 BessellR
56647.3 6.25524e-16 5.06591e-19 BessellR
56648.3 6.06692e-16 4.96974e-19 BessellR
56649.3 5.88426e-16 4.87498e-19 BessellR
56650.3 5.70711e-16 4.78162e-19 BessellR
56651.3 5.53529e-16 4.68965e-19 BessellR
56652.3 5.36864e-16 4.59905e-19 BessellR
56653.3 5.20701e-16 4.50982e-19 BessellR
56654.3 5.05025e-16 4.42196e-19 BessellR
56655.3 4.8982e-16 4.33543e-19 BessellR
56656.3 4.75074e-16 4.25025e-19 BessellR
56657.3 4.60771e-16 4.16639e-19 BessellR
56658.3 4.46899e-16 4.08385e-19 BessellR
56483.3 5.37958e-16 6.97928e-18 BessellV
56484.3 6.65106e-16 8.13523e-18 BessellV
56485.3 8.22052e-16 9.44415e-18 BessellV
56486.3 1.01563e-15 1.09127e-17 BessellV
56487.3 1.25416e-15 1.2542e-17 BessellV
56488.3 1.5477e-15 1.43246e-17 BessellV
56489.3 1.90837e-15 1.6241e-17 BessellV
56490.3 2.3506e-15 1.82552e-17 BessellV
56491.3 2.89142e-15 2.03089e-17 BessellV
56492.3 3.55061e-15 2.23168e-17 BessellV
56493.3 4.3507e-15 2.41615e-17 BessellV
56494.3 5.31663e-15 2.56925e-17 BessellV
56495.3 6.47496e-15 2.67328e-17 BessellV
56496.3 7.85241e-15 2.71001e-17 BessellV
56497.3 9.4734e-15 2.66571e-17 BessellV
56498.3 1.13566e-14 2.5414e-17 BessellV
56499.3 1.35103e-14 2.37201e-17 BessellV
56500.3 1.59272e-14 2.25316e-17 BessellV
56501.3 1.85789e-14 2.33722e-17 BessellV
56502.3 2.14123e-14 2.72189e-17 BessellV
56503.3 2.43486e-14 3.34243e-17 BessellV
56504.3 2.72876e-14 4.04205e-17 BessellV
56505.3 3.01163e-14 4.6678e-17 BessellV
56506.3 3.27221e-14 5.10468e-17 BessellV
56507.3 3.50066e-14 5.28656e-17 BessellV
56508.3 3.68976e-14 5.19955e-17 BessellV
56509.3 3.8355e-14 4.87646e-17 BessellV
56510.3 3.93716e-14 4.38364e-17 BessellV
56511.3 3.99682e-14 3.80471e-17 BessellV
56512.3 4.01853e-14 3.22623e-17 BessellV
56513.3 4.00751e-14 2.72701e-17 BessellV
56514.3 3.96939e-14 2.36722e-17 BessellV
56515.3 3.90965e-14 2.17214e-17 BessellV
56516.3 3.83326e-14 2.12034e-17 BessellV
56517.3 3.74455e-14 2.15869e-17 BessellV
56518.3 3.64712e-14 2.23404e-17 BessellV
56519.3 3.5439e-14 2.31074e-17 BessellV
56520.3 3.43721e-14 2.37039e-17 BessellV
56521.3 3.32885e-14 2.406e-17 BessellV
56522.3 3.22019e-14 2.41682e-17 BessellV
56523.3 3.11225e-14 2.40513e-17 BessellV
56524.3 3.0058e-14 2.37441e-17 BessellV
56525.3 2.90138e-14 2.3284e-17 BessellV
56526.3 2.79937e-14 2.27061e-17 BessellV
56527.3 2.70003e-14 2.20413e-17 BessellV
56528.3 2.60353e-14 2.13155e-17 BessellV
56529.3 2.50996e-14 2.05502e-17 BessellV
56530.3 2.41937e-14 1.97624e-17 BessellV
56531.3 2.33175e-14 1.89656e-17 BessellV
56532.3 2.24709e-14 1.81702e-17 BessellV
56533.3 2.16533e-14 1.73842e-17 BessellV
56534.3 2.08643e-14 1.66135e-17 BessellV
56535.3 2.01031e-14 1.58623e-17 BessellV
56536.3 1.9369e-14 1.51336e-17 BessellV
56537.3 1.86612e-14 1.44297e-17 BessellV
56538.3 1.79788e-14 1.37516e-17 BessellV
56539.3 1.73211e-14 1.31001e-17 BessellV
56540.3 1.66873e-14 1.24754e-17 BessellV
56541.3 1.60764e-14 1.18775e-17 BessellV
56542.3 1.54878e-14 1.13059e-17 BessellV
56543.3 1.49207e-14 1.07602e-17 BessellV
56544.3 1.43743e-14 1.02396e-17 BessellV
56545.3 1.38478e-14 9.74343e-18 BessellV
56546.3 1.33406e-14 9.27083e-18 BessellV
56547.3 1.28519e-14 8.82097e-18 BessellV
56548.3 1.23811e-14 8.39298e-18 BessellV
56549.3 1.19275e-14 7.98598e-18 BessellV
56550.3 1.14905e-14 7.59909e-18 BessellV
56551.3 1.10696e-14 7.23148e-18 BessellV
56552.3 1.0664e-14 6.88229e-18 BessellV
56553.3 1.02733e-14 6.55071e-18 BessellV
56554.3 9.89692e-15 6.23596e-18 BessellV
56555.3 9.53431e-15 5.93726e-18 BessellV
56556.3 9.18499e-15 5.65388e-18 BessellV
56557.3 8.84847e-15 5.3851e-18 BessellV
56558.3 8.52427e-15 5.13025e-18 BessellV
56559.3 8.21195e-15 4.88866e-18 BessellV
56560.3 7.91108e-15 4.6597e-18 BessellV
56561.3 7.62122e-15 4.44277e-18 BessellV
56562.3 7.34199e-15 4.23728e-18 BessellV
56563.3 7.07299e-15 4.04267e-18 BessellV
56564.3 6.81384e-15 3.85842e-18 BessellV
56565.3 6.56419e-15 3.68401e-18 BessellV
56566.3 6.32368e-15 3.51894e-18 BessellV
56567.3 6.09199e-15 3.36276e-18 BessellV
56568.3 5.86879e-15 3.215e-18 BessellV
56569.3 5.65376e-15 3.07523e-18 BessellV
56570.3 5.44661e-15 2.94305e-18 BessellV
56571.3 5.24705e-15 2.81805e-18 BessellV
56572.3 5.0548e-15 2.69986e-18 BessellV
56573.3 4.8696e-15 2.58811e-18 BessellV
56574.3 4.69118e-15 2.48245e-18 BessellV
56575.3 4.5193e-15 2.38255e-18 BessellV
56576.3 4.35372e-15 2.28809e-18 BessellV
56577.3 4.1942e-15 2.19878e-18 BessellV
56578.3 4.04053e-15 2.1143e-18 BessellV
56579.3 3.89249e-15 2.0344e-18 BessellV
56580.3 3.74987e-15 1.9588e-18 BessellV
56581.3 3.61248e-15 1.88724e-18 BessellV
56582.3 3.48012e-15 1.8195e-18 BessellV
56583.3 3.35261e-15 1.75533e-18 BessellV
56584.3 3.22978e-15 1.69453e-18 BessellV
56585.3 3.11144e-15 1.63688e-18 BessellV
56586.3 2.99744e-15 1.58218e-18 BessellV
56587.3 2.88762e-15 1.53026e-18 BessellV
56588.3 2.78182e-15 1.48094e-18 BessellV
56589.3 2.67989e-15 1.43404e-18 BessellV
56590.3 2.58171e-15 1.38942e-18 BessellV
56591.3 2.48711e-15 1.34692e-18 BessellV
56592.3 2.39599e-15 1.30641e-18 BessellV
56593.3 2.3082e-15 1.26775e-18 BessellV
56594.3 2.22363e-15 1.23084e-18 BessellV
56595.3 2.14216e-15 1.19554e-18 BessellV
56596.3 2.06367e-15 1.16176e-18 BessellV
56597.3 1.98806e-15 1.1294e-18 BessellV
56598.3 1.91522e-15 1.09835e-18 BessellV
56599.3 1.84505e-15 1.06855e-18 BessellV
56600.3 1.77745e-15 1.0399e-18 BessellV
56601.3 1.71232e-15 1.01234e-18 BessellV
56602.3 1.64959e-15 9.85792e-19 BessellV
56603.3 1.58915e-15 9.60195e-19 BessellV
56604.3 1.53092e-15 9.35489e-19 BessellV
56605.3 1.47483e-15 9.11622e-19 BessellV
56606.3 1.42079e-15 8.88542e-19 BessellV
56607.3 1.36874e-15 8.66203e-19 BessellV
56608.3 1.31859e-15 8.44563e-19 BessellV
56609.3 1.27028e-15 8.23583e-19 BessellV
56610.3 1.22373e-15 8.03226e-19 BessellV
56611.3 1.1789e-15 7.8346e-19 BessellV
56612.3 1.1357e-15 7.64253e-19 BessellV
56613.3 1.09409e-15 7.45577e-19 BessellV
56614.3 1.05401e-15 7.27407e-19 BessellV
56615.3 1.01539e-15 7.09719e-19 BessellV
56616.3 9.78186e-16 6.92491e-19 BessellV
56617.3 9.42346e-16 6.75703e-19 BessellV
56618.3 9.07819e-16 6.59336e-19 BessellV
56619.3 8.74558e-16 6.43372e-19 BessellV
56620.3 8.42515e-16 6.27797e-19 BessellV
56621.3 8.11646e-16 6.12596e-19 BessellV
56622.3 7.81908e-16 5.97755e-19 BessellV
56623.3 7.53259e-16 5.83262e-19 BessellV
56624.3 7.25661e-16 5.69104e-19 BessellV
56625.3 6.99073e-16 5.55273e-19 BessellV
56626.3 6.7346e-16 5.41756e-19 BessellV
56627.3 6.48785e-16 5.28546e-19 BessellV
56628.3 6.25014e-16 5.15633e-19 BessellV
56629.3 6.02114e-16 5.03009e-19 BessellV
56630.3 5.80053e-16 4.90667e-19 BessellV
56631.3 5.588e-16 4.78599e-19 BessellV
56632.3 5.38326e-16 4.66798e-19 BessellV
56633.3 5.18603e-16 4.55259e-19 BessellV
56634.3 4.99602e-16 4.43975e-19 BessellV
56635.3 4.81297e-16 4.3294e-19 BessellV
56636.3 4.63662e-16 4.22149e-19 BessellV
56637.3 4.46674e-16 4.11597e-19 BessellV
56638.3 4.30308e-16 4.01278e-19 BessellV
56639.3 4.14542e-16 3.91188e-19 BessellV
56640.3 3.99354e-16 3.81321e-19 BessellV
56641.3 3.84722e-16 3.71674e-19 BessellV
56642.3 3.70626e-16 3.62243e-19 BessellV
56643.3 3.57047e-16 3.53022e-19 BessellV
56644.3 3.43965e-16 3.44008e-19 BessellV
56645.3 3.31362e-16 3.35197e-19 BessellV
56646.3 3.19221e-16 3.26585e-19 BessellV
56647.3 3.07525e-16 3.18167e-19 BessellV
56648.3 2.96258e-16 3.09942e-19 BessellV
56649.3 2.85403e-16 3.01904e-19 BessellV
56650.3 2.74946e-16 2.94051e-19 BessellV
56651.3 2.64873e-16 2.86378e-19 BessellV
56652.3 2.55168e-16 2.78883e-19 BessellV
56653.3 2.45819e-16 2.71562e-19 BessellV
56654.3 2.36812e-16 2.64411e-19 BessellV
56655.3 2.28136e-16 2.57428e-19 BessellV
56656.3 2.19777e-16 2.50609e-19 BessellV
56657.3 2.11725e-16 2.43952e-19 BessellV
56658.3 2.03967e-16 2.37452e-19 BessellV
56659.3 1.96494e-16 2.31107e-19 BessellV
56660.3 1.89295e-16 2.24914e-19 BessellV
56661.3 1.82359e-16 2.1887e-19 BessellV
56662.3 1.75678e-16 2.12972e-19 BessellV
56663.3 1.69241e-16 2.07217e-19 BessellV
56664.3 1.6304e-16 2.01602e-19 BessellV
56665.3 1.57066e-16 1.96124e-19 BessellV
56666.3 1.51312e-16 1.90781e-19 BessellV
56667.3 1.45768e-16 1.8557e-19 BessellV
56668.3 1.40427e-16 1.80488e-19 BessellV
56669.3 1.35282e-16 1.75532e-19 BessellV
56670.3 1.30325e-16 1.707e-19 BessellV
56671.3 1.2555e-16 1.65989e-19 BessellV
56672.3 1.2095e-16 1.61397e-19 BessellV
56673.3 1.16519e-16 1.56921e-19 BessellV
56674.3 1.1225e-16 1.52558e-19 BessellV
56675.3 1.08137e-16 1.48307e-19 BessellV
56676.3 1.04175e-16 1.44164e-19 BessellV
56677.3 1.00358e-16 1.40128e-19 BessellV
56678.3 9.66809e-17 1.36196e-19 BessellV
56679.3 9.31386e-17 1.32365e-19 BessellV
56680.3 8.97261e-17 1.28634e-19 BessellV
56681.3 8.64387e-17 1.25e-19 BessellV
56682.3 8.32716e-17 1.21461e-19 BessellV
56683.3 8.02206e-17 1.18014e-19 BessellV
56684.3 7.72814e-17 1.14659e-19 BessellV
56685.3 7.44499e-17 1.11391e-19 BessellV
56686.3 7.17221e-17 1.08211e-19 BessellV
56687.3 6.90943e-17 1.05115e-19 BessellV
56688.3 6.65627e-17 1.02101e-19 BessellV
56689.3 6.41239e-17 9.91685e-20 BessellV
56690.3 6.17745e-17 9.63143e-20 BessellV
56691.3 5.95111e-17 9.35369e-20 BessellV
56692.3 5.73307e-17 9.08344e-20 BessellV
56693.3 5.52302e-17 8.82051e-20 BessellV
56694.3 5.32066e-17 8.56471e-20 BessellV
56695.3 5.12571e-17 8.31588e-20 BessellV
56696.3 4.93791e-17 8.07384e-20 BessellV
56697.3 4.75699e-17 7.83842e-20 BessellV
56698.3 4.5827e-17 7.60947e-20 BessellV
56699.3 4.41479e-17 7.38682e-20 BessellV
56700.3 4.25304e-17 7.17032e-20 BessellV
56701.3 4.09721e-17 6.95981e-20 BessellV
56702.3 3.9471e-17 6.75513e-20 BessellV
56703.3 3.80248e-17 6.55615e-20 BessellV
56704.3 3.66316e-17 6.36272e-20 BessellV
56705.3 3.52894e-17 6.17469e-20 BessellV
56706.3 3.39965e-17 5.99193e-20 BessellV
56707.3 3.27509e-17 5.8143e-20 BessellV
56708.3 3.15509e-17 5.64167e-20 BessellV
56709.3 3.03949e-17 5.47392e-20 BessellV
56710.3 2.92813e-17 5.31091e-20 BessellV
56711.3 2.82084e-17 5.15251e-20 BessellV
56712.3 2.71749e-17 4.99862e-20 BessellV
56713.3 2.61792e-17 4.84911e-20 BessellV
56714.3 2.52201e-17 4.70386e-20 BessellV
56715.3 2.4296e-17 4.56276e-20 BessellV
56716.3 2.34058e-17 4.42571e-20 BessellV
56717.3 2.25483e-17 4.29259e-20 BessellV
56718.3 2.17221e-17 4.1633e-20 BessellV
56719.3 2.09262e-17 4.03774e-20 BessellV
56720.3 2.01595e-17 3.9158e-20 BessellV
56721.3 1.94209e-17 3.79739e-20 BessellV
56722.3 1.87093e-17 3.68241e-20 BessellV
56723.3 1.80238e-17 3.57077e-20 BessellV
56724.3 1.73635e-17 3.46238e-20 BessellV
56725.3 1.67273e-17 3.35715e-20 BessellV
56726.3 1.61144e-17 3.255e-20 BessellV
56727.3 1.5524e-17 3.15583e-20 BessellV
56728.3 1.49552e-17 3.05956e-20 BessellV
56729.3 1.44073e-17 2.96613e-20 BessellV
56730.3 1.38794e-17 2.87544e-20 BessellV
56731.3 1.33709e-17 2.78742e-20 BessellV
56732.3 1.2881e-17 2.70199e-20 BessellV
56733.3 1.2409e-17 2.6191e-20 BessellV
56734.3 1.19544e-17 2.53865e-20 BessellV
56735.3 1.15164e-17 2.46059e-20 BessellV
56736.3 1.10944e-17 2.38485e-20 BessellV
56737.3 1.06879e-17 2.31136e-20 BessellV
56738.3 1.02963e-17 2.24006e-20 BessellV
56739.3 9.91909e-18 2.17089e-20 BessellV
56740.3 9.55566e-18 2.10378e-20 BessellV
56741.3 9.20555e-18 2.03868e-20 BessellV
56742.3 8.86827e-18 1.97553e-20 BessellV
56743.3 8.54334e-18 1.91427e-20 BessellV
56744.3 8.23032e-18 1.85486e-20 BessellV
56745.3 7.92877e-18 1.79723e-20 BessellV
56746.3 7.63827e-18 1.74134e-20 BessellV
56747.3 7.35841e-18 1.68713e-20 BessellV
56748.3 7.08881e-18 1.63457e-20 BessellV
56749.3 6.82908e-18 1.58359e-20 BessellV
56750.3 6.57887e-18 1.53415e-20 BessellV
56751.3 6.33782e-18 1.48622e-20 BessellV
56752.3 6.10561e-18 1.43974e-20 BessellV
56753.3 5.88191e-18 1.39467e-20 BessellV
56754.3 5.6664e-18 1.35098e-20 BessellV
56755.3 5.45879e-18 1.30861e-20 BessellV
56756.3 5.25878e-18 1.26754e-20 BessellV
56757.3 5.06611e-18 1.22773e-20 BessellV
56758.3 4.88049e-18 1.18913e-20 BessellV
56759.3 4.70167e-18 1.15171e-20 BessellV
56760.3 4.52941e-18 1.11544e-20 BessellV
56761.3 4.36346e-18 1.08028e-20 BessellV
56762.3 4.20358e-18 1.04621e-20 BessellV
56763.3 4.04957e-18 1.01318e-20 BessellV
56764.3 3.90119e-18 9.81169e-21 BessellV
56765.3 3.75826e-18 9.50144e-21 BessellV
56766.3 3.62056e-18 9.20077e-21 BessellV
56767.3 3.48791e-18 8.90939e-21 BessellV
56768.3 3.36011e-18 8.62702e-21 BessellV
56769.3 3.237e-18 8.35339e-21 BessellV
56770.3 3.1184e-18 8.08824e-21 BessellV
56771.3 3.00414e-18 7.83131e-21 BessellV
56772.3 2.89408e-18 7.58236e-21 BessellV
56773.3 2.78804e-18 7.34115e-21 BessellV
56774.3 2.68589e-18 7.10744e-21 BessellV
56775.3 2.58748e-18 6.88101e-21 BessellV
56776.3 2.49268e-18 6.66164e-21 BessellV
56777.3 2.40135e-18 6.44911e-21 BessellV
56778.3 2.31336e-18 6.24321e-21 BessellV
56779.3 2.22861e-18 6.04376e-21 BessellV
56780.3 2.14695e-18 5.85054e-21 BessellV
56781.3 2.06829e-18 5.66337e-21 BessellV
56782.3 1.99251e-18 5.48207e-21 BessellV
56783.3 1.91951e-18 5.30646e-21 BessellV
56784.3 1.84918e-18 5.13636e-21 BessellV
56785.3 1.78142e-18 4.97161e-21 BessellV
56786.3 1.71615e-18 4.81204e-21 BessellV
56787.3 1.65328e-18 4.65749e-21 BessellV
56788.3 1.5927e-18 4.5078e-21 BessellV
56789.3 1.53435e-18 4.36284e-21 BessellV
56790.3 1.47813e-18 4.22246e-21 BessellV
56791.3 1.42397e-18 4.0865e-21 BessellV
56792.3 1.3718e-18 3.95484e-21 BessellV
56793.3 1.32154e-18 3.82735e-21 BessellV
56794.3 1.27312e-18 3.7039e-21 BessellV
56795.3 1.22647e-18 3.58435e-21 BessellV
56796.3 1.18154e-18 3.4686e-21 BessellV
56797.3 1.13825e-18 3.35651e-21 BessellV
56798.3 1.09654e-18 3.24799e-21 BessellV
56799.3 1.05636e-18 3.14292e-21 BessellV
56800.3 1.01766e-18 3.04118e-21 BessellV
56801.3 9.80374e-19 2.94269e-21 BessellV
56802.3 9.44454e-19 2.84733e-21 BessellV
56803.3 9.0985e-19 2.75501e-21 BessellV
56804.3 8.76514e-19 2.66563e-21 BessellV
56805.3 8.444e-19 2.57911e-21 BessellV
56806.3 8.13462e-19 2.49535e-21 BessellV
56807.3 7.83657e-19 2.41426e-21 BessellV
56808.3 7.54945e-19 2.33577e-21 BessellV
56809.3 7.27284e-19 2.2598e-21 BessellV
56810.3 7.00637e-19 2.18625e-21 BessellV
56811.3 6.74967e-19 2.11506e-21 BessellV
56812.3 6.50237e-19 2.04616e-21 BessellV
56813.3 6.26413e-19 1.97946e-21 BessellV
56814.3 6.03461e-19 1.91491e-21 BessellV
56815.3 5.81351e-19 1.85243e-21 BessellV
56816.3 5.60051e-19 1.79196e-21 BessellV
56817.3 5.39531e-19 1.73343e-21 BessellV
56818.3 5.19763e-19 1.67679e-21 BessellV
56819.3 5.0072e-19 1.62197e-21 BessellV
56820.3 4.82374e-19 1.56892e-21 BessellV
56821.3 4.647e-19 1.51758e-21 BessellV
56822.3 4.47674e-19 1.4679e-21 BessellV
56823.3 4.31272e-19 1.41982e-21 BessellV
56824.3 4.1547e-19 1.37329e-21 BessellV
56825.3 4.00248e-19 1.32827e-21 BessellV
56826.3 3.85583e-19 1.28471e-21 BessellV
56827.3 3.71456e-19 1.24255e-21 BessellV
56828.3 3.57846e-19 1.20176e-21 BessellV
56829.3 3.44735e-19 1.16229e-21 BessellV
56830.3 3.32104e-19 1.1241e-21 BessellV
56831.3 3.19936e-19 1.08715e-21 BessellV
56832.3 3.08214e-19 1.05139e-21 BessellV
56833.3 2.96921e-19 1.0168e-21 BessellV
56834.3 2.86042e-19 9.83333e-22 BessellV
56835.3 2.75562e-19 9.50953e-22 BessellV
56836.3 2.65466e-19 9.19626e-22 BessellV
56837.3 2.55739e-19 8.89318e-22 BessellV
56838.3 2.46369e-19 8.59997e-22 BessellV
56839.3 2.37342e-19 8.31631e-22 BessellV
56840.3 2.28646e-19 8.04189e-22 BessellV
56841.3 2.20269e-19 7.77642e-22 BessellV
56842.3 2.12199e-19 7.51961e-22 BessellV
56843.3 2.04424e-19 7.27119e-22 BessellV
56844.3 1.96934e-19 7.03087e-22 BessellV
56845.3 1.89719e-19 6.7984e-22 BessellV
56846.3 1.82767e-19 6.57354e-22 BessellV
56847.3 1.76071e-19 6.35602e-22 BessellV
56848.3 1.6962e-19 6.14563e-22 BessellV
56849.3 1.63405e-19 5.94211e-22 BessellV
56850.3 1.57418e-19 5.74527e-22 BessellV
56851.3 1.51651e-19 5.55487e-22 BessellV
56852.3 1.46094e-19 5.37071e-22 BessellV
56853.3 1.40741e-19 5.1926e-22 BessellV
56854.3 1.35585e-19 5.02032e-22 BessellV
56855.3 1.30617e-19 4.85371e-22 BessellV
56856.3 1.25831e-19 4.69256e-22 BessellV
56857.3 1.21221e-19 4.5367e-22 BessellV
56858.3 1.1678e-19 4.38597e-22 BessellV
56859.3 1.12501e-19 4.2402e-22 BessellV
56860.3 1.08379e-19 4.09922e-22 BessellV
56861.3 1.04408e-19 3.96288e-22 BessellV
56862.3 1.00583e-19 3.83103e-22 BessellV
56863.3 9.68975e-20 3.70352e-22 BessellV
56864.3 9.33472e-20 3.58021e-22 BessellV
56865.3 8.99271e-20 3.46097e-22 BessellV
56866.3 8.66322e-20 3.34566e-22 BessellV
56867.3 8.34581e-20 3.23415e-22 BessellV
56868.3 8.04003e-20 3.12633e-22 BessellV
56869.3 7.74545e-20 3.02206e-22 BessellV
56870.3 7.46167e-20 2.92124e-22 BessellV
56871.3 7.18828e-20 2.82375e-22 BessellV
56872.3 6.92491e-20 2.72949e-22 BessellV
56873.3 6.67118e-20 2.63834e-22 BessellV
56874.3 6.42676e-20 2.5502e-22 BessellV
56875.3 6.19129e-20 2.46499e-22 BessellV
56876.3 5.96444e-20 2.38259e-22 BessellV
56877.3 5.74591e-20 2.30293e-22 BessellV
56878.3 5.53539e-20 2.2259e-22 BessellV
56879.3 5.33258e-20 2.15143e-22 BessellV
56880.3 5.1372e-20 2.07943e-22 BessellV
56881.3 4.94897e-20 2.00981e-22 BessellV
56882.3 4.76765e-20 1.94251e-22 BessellV
56883.3 4.59297e-20 1.87744e-22 BessellV
56884.3 4.42469e-20 1.81453e-22 BessellV
56885.3 4.26257e-20 1.75371e-22 BessellV
56886.3 4.10639e-20 1.69491e-22 BessellV
56887.3 3.95594e-20 1.63807e-22 BessellV
56888.3 3.811e-20 1.58311e-22 BessellV
56889.3 3.67137e-20 1.52999e-22 BessellV
56890.3 3.53685e-20 1.47863e-22 BessellV
56891.3 3.40726e-20 1.42898e-22 BessellV
56892.3 3.28242e-20 1.38099e-22 BessellV
56893.3 3.16216e-20 1.33459e-22 BessellV
56894.3 3.0463e-20 1.28974e-22 BessellV
56895.3 2.93469e-20 1.24639e-22 BessellV
56896.3 2.82716e-20 1.20448e-22 BessellV
56897.3 2.72358e-20 1.16397e-22 BessellV
56898.3 2.62379e-20 1.12481e-22 BessellV
56899.3 2.52766e-20 1.08696e-22 BessellV
56900.3 2.43505e-20 1.05037e-22 BessellV
56901.3 2.34583e-20 1.01501e-22 BessellV
56902.3 2.25988e-20 9.80823e-23 BessellV
56903.3 2.17708e-20 9.47782e-23 BessellV
56904.3 2.09731e-20 9.15845e-23 BessellV
56905.3 2.02047e-20 8.84976e-23 BessellV
56485.9 7.52426e-15 1.31027e-17 i
56486.9 7.705e-15 1.28307e-17 i
56487.9 7.88918e-15 1.25439e-17 i
56488.9 8.07677e-15 1.22427e-17 i
56489.9 8.26773e-15 1.19276e-17 i
56490.9 8.46201e-15 1.15993e-17 i
56491.9 8.65956e-15 1.12588e-17 i
56492.9 8.86029e-15 1.09072e-17 i
56493.9 9.06411e-15 1.05459e-17 i
56494.9 9.27092e-15 1.01768e-17 i
56495.9 9.48059e-15 9.8019e-18 i
56496.9 9.69297e-15 9.42393e-18 i
56497.9 9.9079e-15 9.04597e-18 i
56498.9 1.01252e-14 8.67171e-18 i
56499.9 1.03446e-14 8.30546e-18 i
56500.9 1.05659e-14 7.95225e-18 i
56501.9 1.07888e-14 7.61778e-18 i
56502.9 1.10131e-14 7.30842e-18 i
56503.9 1.12383e-14 7.03104e-18 i
56504.9 1.14642e-14 6.79272e-18 i
56505.9 1.16903e-14 6.60029e-18 i
56506.9 1.19162e-14 6.45974e-18 i
56507.9 1.21414e-14 6.37548e-18 i
56508.9 1.23655e-14 6.34976e-18 i
56509.9 1.25878e-14 6.38213e-18 i
56510.9 1.28078e-14 6.46946e-18 i
56511.9 1.30249e-14 6.60616e-18 i
56512.9 1.32384e-14 6.78476e-18 i
56513.9 1.34475e-14 6.99661e-18 i
56514.9 1.36517e-14 7.23253e-18 i
56515.9 1.385e-14 7.48333e-18 i
56516.9 1.40418e-14 7.74019e-18 i
56517.9 1.42262e-14 7.99489e-18 i
56518.9 1.44022e-14 8.23999e-18 i
56519.9 1.45692e-14 8.46886e-18 i
56520.9 1.47261e-14 8.67576e-18 i
56521.9 1.48722e-14 8.85586e-18 i
56522.9 1.50065e-14 9.0053e-18 i
56523.9 1.51282e-14 9.12121e-18 i
56524.9 1.52364e-14 9.20175e-18 i
56525.9 1.53303e-14 9.24624e-18 i
56526.9 1.54091e-14 9.25512e-18 i
56527.9 1.54722e-14 9.23008e-18 i
56528.9 1.55187e-14 9.17411e-18 i
56529.9 1.55482e-14 9.09147e-18 i
56530.9 1.55601e-14 8.98774e-18 i
56531.9 1.55539e-14 8.86972e-18 i
56532.9 1.55294e-14 8.74529e-18 i
56533.9 1.54863e-14 8.62317e-18 i
56534.9 1.54245e-14 8.5125e-18 i
56535.9 1.53439e-14 8.42239e-18 i
56536.9 1.52447e-14 8.36117e-18 i
56537.9 1.5127e-14 8.33578e-18 i
56538.9 1.49913e-14 8.3511e-18 i
56539.9 1.4838e-14 8.4094e-18 i
56540.9 1.46676e-14 8.51019e-18 i
56541.9 1.44808e-14 8.6503e-18 i
56542.9 1.42785e-14 8.82425e-18 i
56543.9 1.40613e-14 9.02489e-18 i
56544.9 1.38304e-14 9.244e-18 i
56545.9 1.35867e-14 9.47298e-18 i
56546.9 1.33311e-14 9.70336e-18 i
56547.9 1.3065e-14 9.92718e-18 i
56548.9 1.27893e-14 1.01373e-17 i
56549.9 1.25052e-14 1.03276e-17 i
56550.9 1.22139e-14 1.04928e-17 i
56551.9 1.19165e-14 1.06289e-17 i
56552.9 1.16142e-14 1.07329e-17 i
56553.9 1.13081e-14 1.08027e-17 i
56554.9 1.09992e-14 1.0837e-17 i
56555.9 1.06886e-14 1.08355e-17 i
56556.9 1.03773e-14 1.07985e-17 i
56557.9 1.00662e-14 1.07267e-17 i
56558.9 9.75615e-15 1.06217e-17 i
56559.9 9.44798e-15 1.04853e-17 i
56560.9 9.14244e-15 1.03194e-17 i
56561.9 8.84022e-15 1.01266e-17 i
56562.9 8.54193e-15 9.9094e-18 i
56563.9 8.24814e-15 9.67036e-18 i
56564.9 7.95933e-15 9.41221e-18 i
56565.9 7.67595e-15 9.13764e-18 i
56566.9 7.39836e-15 8.84928e-18 i
56567.9 7.12689e-15 8.54968e-18 i
56568.9 6.86181e-15 8.2413e-18 i
56569.9 6.60332e-15 7.92646e-18 i
56570.9 6.35162e-15 7.60733e-18 i
56571.9 6.10682e-15 7.28592e-18 i
56572.9 5.86901e-15 6.96408e-18 i
56573.9 5.63826e-15 6.6435e-18 i
56574.9 5.41458e-15 6.3257e-18 i
56575.9 5.19796e-15 6.01202e-18 i
56576.9 4.98839e-15 5.70367e-18 i
56577.9 4.78579e-15 5.40168e-18 i
56578.9 4.59009e-15 5.10695e-18 i
56579.9 4.4012e-15 4.82026e-18 i
56580.9 4.21902e-15 4.54223e-18 i
56581.9 4.04341e-15 4.27338e-18 i
56582.9 3.87424e-15 4.01414e-18 i
56583.9 3.71137e-15 3.76483e-18 i
56584.9 3.55465e-15 3.52566e-18 i
56585.9 3.40392e-15 3.29682e-18 i
56586.9 3.25902e-15 3.07838e-18 i
56587.9 3.11978e-15 2.87037e-18 i
56588.9 2.98605e-15 2.67277e-18 i
56589.9 2.85764e-15 2.48552e-18 i
56590.9 2.7344e-15 2.30853e-18 i
56591.9 2.61615e-15 2.14165e-18 i
56592.9 2.50272e-15 1.98475e-18 i
56593.9 2.39395e-15 1.83765e-18 i
56594.9 2.28969e-15 1.70016e-18 i
56595.9 2.18975e-15 1.5721e-18 i
56596.9 2.094e-15 1.45327e-18 i
56597.9 2.00227e-15 1.34346e-18 i
56598.9 1.91441e-15 1.24248e-18 i
56599.9 1.83028e-15 1.1501e-18 i
56600.9 1.74972e-15 1.06611e-18 i
56601.9 1.67261e-15 9.90287e-19 i
56602.9 1.59881e-15 9.22374e-19 i
56603.9 1.52818e-15 8.62095e-19 i
56604.9 1.46059e-15 8.09132e-19 i
56605.9 1.39593e-15 7.63123e-19 i
56606.9 1.33407e-15 7.23648e-19 i
56607.9 1.27491e-15 6.90233e-19 i
56608.9 1.21832e-15 6.62349e-19 i
56609.9 1.1642e-15 6.39424e-19 i
56610.9 1.11245e-15 6.20858e-19 i
56611.9 1.06296e-15 6.06042e-19 i
56612.9 1.01565e-15 5.94378e-19 i
56613.9 9.7042e-16 5.85302e-19 i
56614.9 9.27179e-16 5.7829e-19 i
56615.9 8.85845e-16 5.72874e-19 i
56616.9 8.46335e-16 5.68646e-19 i
56617.9 8.08571e-16 5.65255e-19 i
56618.9 7.72477e-16 5.6241e-19 i
56619.9 7.37982e-16 5.5987e-19 i
56620.9 7.05015e-16 5.57441e-19 i
56621.9 6.73511e-16 5.54971e-19 i
56622.9 6.43406e-16 5.52342e-19 i
56623.9 6.14638e-16 5.49465e-19 i
56624.9 5.87149e-16 5.46276e-19 i
56625.9 5.60884e-16 5.42733e-19 i
56626.9 5.35787e-16 5.38806e-19 i
56627.9 5.11809e-16 5.34482e-19 i
56628.9 4.88899e-16 5.29756e-19 i
56629.9 4.6701e-16 5.24634e-19 i
56630.9 4.46098e-16 5.19125e-19 i
56631.9 4.26119e-16 5.13245e-19 i
56632.9 4.07032e-16 5.07014e-19 i
56633.9 3.88798e-16 5.00453e-19 i
56634.9 3.71378e-16 4.93586e-19 i
56635.9 3.54737e-16 4.86438e-19 i
56636.9 3.38839e-16 4.79034e-19 i
56637.9 3.23653e-16 4.71399e-19 i
56638.9 3.09145e-16 4.63559e-19 i
56639.9 2.95287e-16 4.55539e-19 i
56640.9 2.82049e-16 4.47362e-19 i
56641.9 2.69403e-16 4.39053e-19 i
56642.9 2.57323e-16 4.30634e-19 i
56643.9 2.45785e-16 4.22126e-19 i
56644.9 2.34763e-16 4.13549e-19 i
56645.9 2.24234e-16 4.04923e-19 i
56646.9 2.14178e-16 3.96267e-19 i
56647.9 2.04571e-16 3.87596e-19 i
56648.9 1.95396e-16 3.78928e-19 i
56649.9 1.86631e-16 3.70277e-19 i
56650.9 1.78259e-16 3.61656e-19 i
56651.9 1.70263e-16 3.5308e-19 i
56652.9 1.62624e-16 3.44558e-19 i
56653.9 1.55329e-16 3.36104e-19 i
56654.9 1.4836e-16 3.27725e-19 i
56655.9 1.41704e-16 3.19431e-19 i
56656.9 1.35346e-16 3.11231e-19 i
56657.9 1.29274e-16 3.03132e-19 i
56658.9 1.23473e-16 2.9514e-19 i
56659.9 1.17933e-16 2.87262e-19 i
56660.9 1.12641e-16 2.79502e-19 i
56661.9 1.07587e-16 2.71865e-19 i
56662.9 1.02759e-16 2.64356e-19 i
56663.9 9.81484e-17 2.56978e-19 i
56664.9 9.37441e-17 2.49734e-19 i
56665.9 8.95374e-17 2.42625e-19 i
56666.9 8.55195e-17 2.35655e-19 i
56667.9 8.16818e-17 2.28825e-19 i
56668.9 7.80163e-17 2.22136e-19 i
56669.9 7.45152e-17 2.15589e-19 i
56670.9 7.11712e-17 2.09185e-19 i
56671.9 6.79773e-17 2.02923e-19 i
56672.9 6.49267e-17 1.96803e-19 i
56673.9 6.20129e-17 1.90826e-19 i
56674.9 5.92299e-17 1.84991e-19 i
56675.9 5.65717e-17 1.79296e-19 i
56676.9 5.40329e-17 1.73741e-19 i
56677.9 5.1608e-17 1.68324e-19 i
56678.9 4.92918e-17 1.63045e-19 i
56679.9 4.70796e-17 1.57902e-19 i
56680.9 4.49667e-17 1.52893e-19 i
56681.9 4.29486e-17 1.48016e-19 i
56682.9 4.10211e-17 1.4327e-19 i
56683.9 3.91801e-17 1.38652e-19 i
56684.9 3.74217e-17 1.34161e-19 i
56685.9 3.57422e-17 1.29794e-19 i
56686.9 3.4138e-17 1.2555e-19 i
56687.9 3.26059e-17 1.21425e-19 i
56688.9 3.11425e-17 1.17418e-19 i
56689.9 2.97448e-17 1.13527e-19 i
56690.9 2.84098e-17 1.09749e-19 i
56691.9 2.71348e-17 1.06081e-19 i
56692.9 2.59169e-17 1.02523e-19 i
56693.9 2.47537e-17 9.90697e-20 i
56694.9 2.36428e-17 9.57205e-20 i
56485.8 1.55566e-14 1.56041e-17 r
56486.8 1.58042e-14 1.51976e-17 r
56487.8 1.60544e-14 1.47821e-17 r
56488.8 1.6307e-14 1.43586e-17 r
56489.8 1.65621e-14 1.39282e-17 r
56490.8 1.68194e-14 1.3492e-17 r
56491.8 1.70788e-14 1.30514e-17 r
56492.8 1.73402e-14 1.26082e-17 r
56493.8 1.76034e-14 1.21642e-17 r
56494.8 1.78682e-14 1.17216e-17 r
56495.8 1.81346e-14 1.1283e-17 r
56496.8 1.84021e-14 1.08513e-17 r
56497.8 1.86707e-14 1.04299e-17 r
56498.8 1.894e-14 1.00225e-17 r
56499.8 1.92098e-14 9.63342e-18 r
56500.8 1.94798e-14 9.26721e-18 r
56501.8 1.97496e-14 8.92892e-18 r
56502.8 2.00189e-14 8.6238e-18 r
56503.8 2.02874e-14 8.35715e-18 r
56504.8 2.05546e-14 8.13404e-18 r
56505.8 2.08201e-14 7.95897e-18 r
56506.8 2.10834e-14 7.83545e-18 r
56507.8 2.1344e-14 7.76562e-18 r
56508.8 2.16015e-14 7.74999e-18 r
56509.8 2.18552e-14 7.78723e-18 r
56510.8 2.21046e-14 7.87427e-18 r
56511.8 2.2349e-14 8.00647e-18 r
56512.8 2.25879e-14 8.17803e-18 r
56513.8 2.28204e-14 8.3823e-18 r
56514.8 2.30459e-14 8.61225e-18 r
56515.8 2.32637e-14 8.86073e-18 r
56516.8 2.3473e-14 9.12074e-18 r
56517.8 2.3673e-14 9.3856e-18 r
56518.8 2.38629e-14 9.64907e-18 r
56519.8 2.40418e-14 9.90539e-18 r
56520.8 2.42088e-14 1.01493e-17 r
56521.8 2.43632e-14 1.03762e-17 r
56522.8 2.4504e-14 1.05818e-17 r
56523.8 2.46304e-14 1.07626e-17 r
56524.8 2.47415e-14 1.09156e-17 r
56525.8 2.48364e-14 1.10384e-17 r
56526.8 2.49143e-14 1.11291e-17 r
56527.8 2.49743e-14 1.11866e-17 r
56528.8 2.50158e-14 1.12103e-17 r
56529.8 2.50379e-14 1.12005e-17 r
56530.8 2.504e-14 1.1158e-17 r
56531.8 2.50214e-14 1.10845e-17 r
56532.8 2.49816e-14 1.09822e-17 r
56533.8 2.492e-14 1.08543e-17 r
56534.8 2.48364e-14 1.07047e-17 r
56535.8 2.47302e-14 1.05378e-17 r
56536.8 2.46015e-14 1.03589e-17 r
56537.8 2.445e-14 1.01735e-17 r
56538.8 2.42757e-14 9.98779e-18 r
56539.8 2.40788e-14 9.80787e-18 r
56540.8 2.38595e-14 9.63985e-18 r
56541.8 2.36181e-14 9.48943e-18 r
56542.8 2.33551e-14 9.36158e-18 r
56543.8 2.30711e-14 9.26023e-18 r
56544.8 2.27667e-14 9.18798e-18 r
56545.8 2.24429e-14 9.1459e-18 r
56546.8 2.21004e-14 9.1335e-18 r
56547.8 2.17404e-14 9.14871e-18 r
56548.8 2.13638e-14 9.18813e-18 r
56549.8 2.09718e-14 9.24728e-18 r
56550.8 2.05657e-14 9.32094e-18 r
56551.8 2.01468e-14 9.40351e-18 r
56552.8 1.97163e-14 9.48929e-18 r
56553.8 1.92757e-14 9.57279e-18 r
56554.8 1.88263e-14 9.64894e-18 r
56555.8 1.83694e-14 9.71322e-18 r
56556.8 1.79066e-14 9.76173e-18 r
56557.8 1.7439e-14 9.79129e-18 r
56558.8 1.69681e-14 9.79942e-18 r
56559.8 1.64952e-14 9.7843e-18 r
56560.8 1.60215e-14 9.74478e-18 r
56561.8 1.55482e-14 9.68028e-18 r
56562.8 1.50765e-14 9.59078e-18 r
56563.8 1.46075e-14 9.47668e-18 r
56564.8 1.41421e-14 9.33884e-18 r
56565.8 1.36813e-14 9.17841e-18 r
56566.8 1.3226e-14 8.99684e-18 r
56567.8 1.2777e-14 8.79578e-18 r
56568.8 1.2335e-14 8.57705e-18 r
56569.8 1.19007e-14 8.34257e-18 r
56570.8 1.14746e-14 8.09433e-18 r
56571.8 1.10572e-14 7.83435e-18 r
56572.8 1.06489e-14 7.56463e-18 r
56573.8 1.02502e-14 7.28713e-18 r
56574.8 9.86135e-15 7.00376e-18 r
56575.8 9.48256e-15 6.71634e-18 r
56576.8 9.11403e-15 6.42658e-18 r
56577.8 8.7559e-15 6.1361e-18 r
56578.8 8.40826e-15 5.84639e-18 r
56579.8 8.07116e-15 5.55881e-18 r
56580.8 7.74459e-15 5.27462e-18 r
56581.8 7.42851e-15 4.99494e-18 r
56582.8 7.12287e-15 4.72075e-18 r
56583.8 6.82756e-15 4.45294e-18 r
56584.8 6.54245e-15 4.19228e-18 r
56585.8 6.26741e-15 3.93942e-18 r
56586.8 6.00225e-15 3.69491e-18 r
56587.8 5.74679e-15 3.45921e-18 r
56588.8 5.50083e-15 3.23271e-18 r
56589.8 5.26417e-15 3.0157e-18 r
56590.8 5.03656e-15 2.80841e-18 r
56591.8 4.81778e-15 2.61099e-18 r
56592.8 4.60759e-15 2.42358e-18 r
56593.8 4.40575e-15 2.24623e-18 r
56594.8 4.21201e-15 2.07896e-18 r
56595.8 4.02613e-15 1.92179e-18 r
56596.8 3.84784e-15 1.77467e-18 r
56597.8 3.67691e-15 1.63756e-18 r
56598.8 3.51308e-15 1.51039e-18 r
56599.8 3.35611e-15 1.3931e-18 r
56600.8 3.20577e-15 1.28557e-18 r
56601.8 3.0618e-15 1.18772e-18 r
56602.8 2.92399e-15 1.0994e-18 r
56603.8 2.79209e-15 1.02047e-18 r
56604.8 2.66588e-15 9.50721e-19 r
56605.8 2.54515e-15 8.89878e-19 r
56606.8 2.42968e-15 8.37596e-19 r
56607.8 2.31927e-15 7.9343e-19 r
56608.8 2.2137e-15 7.56832e-19 r
56609.8 2.11279e-15 7.27151e-19 r
56610.8 2.01635e-15 7.03651e-19 r
56611.8 1.92419e-15 6.85538e-19 r
56612.8 1.83614e-15 6.71994e-19 r
56613.8 1.75202e-15 6.62213e-19 r
56614.8 1.67167e-15 6.55433e-19 r
56615.8 1.59493e-15 6.5096e-19 r
56616.8 1.52164e-15 6.48179e-19 r
56617.8 1.45165e-15 6.46565e-19 r
56618.8 1.38483e-15 6.45679e-19 r
56619.8 1.32104e-15 6.45163e-19 r
56620.8 1.26014e-15 6.44729e-19 r
56621.8 1.20201e-15 6.44154e-19 r
56622.8 1.14652e-15 6.43269e-19 r
56623.8 1.09357e-15 6.41948e-19 r
56624.8 1.04303e-15 6.40104e-19 r
56625.8 9.94802e-16 6.37676e-19 r
56626.8 9.48782e-16 6.34632e-19 r
56627.8 9.0487e-16 6.30955e-19 r
56628.8 8.62972e-16 6.26645e-19 r
56629.8 8.22998e-16 6.21712e-19 r
56630.8 7.84861e-16 6.16178e-19 r
56631.8 7.48478e-16 6.10067e-19 r
56632.8 7.1377e-16 6.03412e-19 r
56633.8 6.80662e-16 5.96247e-19 r
56634.8 6.4908e-16 5.88608e-19 r
56635.8 6.18954e-16 5.80535e-19 r
56636.8 5.9022e-16 5.72065e-19 r
56637.8 5.62813e-16 5.63237e-19 r
56638.8 5.36673e-16 5.54088e-19 r
56639.8 5.11741e-16 5.44656e-19 r
56640.8 4.87963e-16 5.34976e-19 r
56641.8 4.65286e-16 5.25084e-19 r
56642.8 4.43658e-16 5.15011e-19 r
56643.8 4.23033e-16 5.04789e-19 r
56644.8 4.03363e-16 4.94448e-19 r
56645.8 3.84605e-16 4.84016e-19 r
56646.8 3.66718e-16 4.73518e-19 r
56647.8 3.49659e-16 4.62981e-19 r
56648.8 3.33393e-16 4.52426e-19 r
56649.8 3.17881e-16 4.41875e-19 r
56485.9 9.25903e-14 5.56451e-16 u
56486.9 8.75536e-14 5.16778e-16 u
56487.9 8.27894e-14 4.79773e-16 u
56488.9 7.82829e-14 4.45263e-16 u
56489.9 7.40204e-14 4.13088e-16 u
56490.9 6.99887e-14 3.83095e-16 u
56491.9 6.61753e-14 3.55145e-16 u
56492.9 6.25685e-14 3.29103e-16 u
56493.9 5.91572e-14 3.04846e-16 u
56494.9 5.59308e-14 2.82257e-16 u
56495.9 5.28793e-14 2.61227e-16 u
56496.9 4.99934e-14 2.41654e-16 u
56497.9 4.72641e-14 2.23442e-16 u
56498.9 4.46828e-14 2.065e-16 u
56499.9 4.22418e-14 1.90746e-16 u
56500.9 3.99333e-14 1.76101e-16 u
56501.9 3.77502e-14 1.6249e-16 u
56502.9 3.56858e-14 1.49846e-16 u
56503.9 3.37336e-14 1.38103e-16 u
56504.9 3.18875e-14 1.27202e-16 u
56505.9 3.01419e-14 1.17086e-16 u
56506.9 2.84912e-14 1.07701e-16 u
56507.9 2.69304e-14 9.89998e-17 u
56508.9 2.54546e-14 9.09348e-17 u
56509.9 2.40592e-14 8.34633e-17 u
56510.9 2.27398e-14 7.65449e-17 u
56511.9 2.14923e-14 7.0142e-17 u
56512.9 2.03128e-14 6.42193e-17 u
56513.9 1.91977e-14 5.87441e-17 u
56514.9 1.81434e-14 5.36855e-17 u
56515.9 1.71466e-14 4.90151e-17 u
56516.9 1.62043e-14 4.47061e-17 u
56517.9 1.53134e-14 4.07335e-17 u
56518.9 1.44712e-14 3.70742e-17 u
56519.9 1.3675e-14 3.37067e-17 u
56520.9 1.29224e-14 3.06107e-17 u
56521.9 1.22109e-14 2.77676e-17 u
56522.9 1.15383e-14 2.51601e-17 u
56523.9 1.09026e-14 2.27721e-17 u
56524.9 1.03016e-14 2.05886e-17 u
56525.9 9.73361e-15 1.85959e-17 u
56526.9 9.1967e-15 1.67813e-17 u
56527.9 8.68921e-15 1.5133e-17 u
56528.9 8.20955e-15 1.36402e-17 u
56529.9 7.75619e-15 1.22932e-17 u
56530.9 7.32771e-15 1.10827e-17 u
56531.9 6.92274e-15 1.00005e-17 u
56532.9 6.54001e-15 9.03877e-18 u
56533.9 6.1783e-15 8.19034e-18 u
56534.9 5.83647e-15 7.44827e-18 u
56535.9 5.51342e-15 6.80575e-18 u
56536.9 5.20814e-15 6.25592e-18 u
56537.9 4.91964e-15 5.79159e-18 u
56538.9 4.64703e-15 5.40512e-18 u
56539.9 4.38942e-15 5.08837e-18 u
56540.9 4.14599e-15 4.83274e-18 u
56541.9 3.91598e-15 4.6294e-18 u
56542.9 3.69864e-15 4.4696e-18 u
56543.9 3.49328e-15 4.34499e-18 u
56544.9 3.29925e-15 4.2479e-18 u
56545.9 3.11593e-15 4.17158e-18 u
56546.9 2.94272e-15 4.11027e-18 u
56547.9 2.77908e-15 4.05921e-18 u
56548.9 2.62447e-15 4.01459e-18 u
56549.9 2.47841e-15 3.97344e-18 u
56550.9 2.34042e-15 3.93349e-18 u
56551.9 2.21006e-15 3.89308e-18 u
56552.9 2.08691e-15 3.85104e-18 u
56553.9 1.97058e-15 3.80655e-18 u
56554.9 1.86069e-15 3.75914e-18 u
56555.9 1.75689e-15 3.70851e-18 u
56556.9 1.65884e-15 3.6546e-18 u
56557.9 1.56622e-15 3.59742e-18 u
56558.9 1.47874e-15 3.53712e-18 u
56559.9 1.39611e-15 3.47389e-18 u
56560.9 1.31806e-15 3.40798e-18 u
56561.9 1.24435e-15 3.33967e-18 u
56562.9 1.17474e-15 3.26923e-18 u
56563.9 1.10899e-15 3.19698e-18 u
56564.9 1.04689e-15 3.1232e-18 u
56565.9 9.8825e-16 3.04819e-18 u
56566.9 9.32871e-16 2.97223e-18 u
56567.9 8.80573e-16 2.89557e-18 u
56568.9 8.31188e-16 2.81847e-18 u
56569.9 7.84552e-16 2.74118e-18 u
56570.9 7.40515e-16 2.6639e-18 u
56571.9 6.98933e-16 2.58683e-18 u
56572.9 6.5967e-16 2.51017e-18 u
56573.9 6.22597e-16 2.43409e-18 u
56574.9 5.87593e-16 2.35872e-18 u
56575.9 5.54543e-16 2.28422e-18 u
56576.9 5.23339e-16 2.21071e-18 u
56577.9 4.93879e-16 2.13829e-18 u
56578.9 4.66066e-16 2.06706e-18 u
56579.9 4.39808e-16 1.9971e-18 u
56580.9 4.1502e-16 1.92849e-18 u
56581.9 3.91619e-16 1.86129e-18 u
56582.9 3.69528e-16 1.79554e-18 u
56583.9 3.48674e-16 1.7313e-18 u
56584.9 3.28989e-16 1.66859e-18 u
56585.9 3.10408e-16 1.60744e-18 u
56586.9 2.92869e-16 1.54787e-18 u
56587.9 2.76314e-16 1.4899e-18 u
56588.9 2.60689e-16 1.43352e-18 u
56589.9 2.45941e-16 1.37875e-18 u
56590.9 2.32021e-16 1.32557e-18 u
56591.9 2.18884e-16 1.27399e-18 u
56592.9 2.06485e-16 1.22398e-18 u
56593.9 1.94784e-16 1.17554e-18 u
56594.9 1.83742e-16 1.12864e-18 u
56595.9 1.73321e-16 1.08326e-18 u
56596.9 1.63487e-16 1.03939e-18 u
56597.9 1.54207e-16 9.96997e-19 u
56598.9 1.4545e-16 9.5605e-19 u
56599.9 1.37187e-16 9.16524e-19 u
56600.9 1.2939e-16 8.78388e-19 u
56601.9 1.22034e-16 8.41613e-19 u
56602.9 1.15092e-16 8.06165e-19 u
56603.9 1.08543e-16 7.72013e-19 u
56604.9 1.02364e-16 7.39123e-19 u
56605.9 9.65345e-17 7.07463e-19 u
56606.9 9.10345e-17 6.76999e-19 u
56607.9 8.58457e-17 6.47697e-19 u
56608.9 8.09506e-17 6.19524e-19 u
56609.9 7.63328e-17 5.92446e-19 u
56610.9 7.19765e-17 5.66429e-19 u
56611.9 6.78672e-17 5.41442e-19 u
56612.9 6.39909e-17 5.17451e-19 u
56613.9 6.03345e-17 4.94423e-19 u
56614.9 5.68856e-17 4.72328e-19 u
56615.9 5.36326e-17 4.51133e-19 u
56616.9 5.05643e-17 4.30809e-19 u
56617.9 4.76703e-17 4.11325e-19 u
56618.9 4.49409e-17 3.92652e-19 u
56619.9 4.23667e-17 3.7476e-19 u
56620.9 3.99389e-17 3.57622e-19 u
56621.9 3.76493e-17 3.41209e-19 u
56622.9 3.54902e-17 3.25497e-19 u
56623.9 3.3454e-17 3.10457e-19 u
56624.9 3.15338e-17 2.96065e-19 u
56625.9 2.97232e-17 2.82296e-19 u
56626.9 2.80158e-17 2.69126e-19 u
56627.9 2.64058e-17 2.56532e-19 u
56628.9 2.48878e-17 2.44491e-19 u
56629.9 2.34564e-17 2.32981e-19 u
56630.9 2.21068e-17 2.21982e-19 u
56631.9 2.08344e-17 2.11472e-19 u
56632.9 1.96347e-17 2.01433e-19 u
56633.9 1.85037e-17 1.91843e-19 u
56634.9 1.74374e-17 1.82687e-19 u
56635.9 1.64321e-17 1.73944e-19 u
56636.9 1.54844e-17 1.65598e-19 u
56637.9 1.4591e-17 1.57633e-19 u
56638.9 1.37488e-17 1.50033e-19 u
56639.9 1.2955e-17 1.42781e-19 u
56640.9 1.22066e-17 1.35864e-19 u
56641.9 1.15012e-17 1.29266e-19 u
56642.9 1.08364e-17 1.22975e-19 u
56643.9 1.02097e-17 1.16976e-19 u
56644.9 9.619e-18 1.11257e-19 u
