3720.00 1.3833e-16
3721.50 1.1072e-16
3723.00 2.8588e-16
3724.50 3.4921e-16
3726.00 -2.852e-17
3727.50 3.2721e-17
3729.00 -4.8778e-17
3730.50 -8.3988e-17
3732.00 -9.505e-17
3733.50 1.6185e-18
3735.00 1.1215e-16
3736.50 4.9543e-17
3738.00 2.2746e-16
3739.50 1.5836e-16
3741.00 5.1618e-17
3742.50 1.3637e-17
3744.00 -9.1608e-17
3745.50 -5.9853e-17
3747.00 -8.1234e-17
3748.50 -7.0623e-17
3750.00 6.0172e-17
3751.50 -6.0304e-17
3753.00 2.3957e-17
3754.50 8.4825e-17
3756.00 4.4527e-17
3757.50 1.9945e-16
3759.00 8.8774e-17
3760.50 -1.0884e-16
3762.00 -1.4623e-17
3763.50 -2.9541e-17
3765.00 -1.1034e-16
3766.50 -8.7393e-17
3768.00 1.0162e-16
3769.50 2.2514e-16
3771.00 1.1231e-16
3772.50 9.4507e-17
3774.00 1.2848e-16
3775.50 1.6679e-16
3777.00 1.1148e-16
3778.50 -2.5828e-17
3780.00 -5.8512e-17
3781.50 2.5955e-17
3783.00 2.1517e-17
3784.50 3.8167e-17
3786.00 -2.7486e-16
3787.50 -1.5506e-17
3789.00 1.5834e-16
3790.50 1.1585e-16
3792.00 8.2853e-17
3793.50 1.7354e-16
3795.00 1.9161e-16
3796.50 9.0223e-17
3798.00 1.7236e-17
3799.50 -2.137e-17
3801.00 8.6974e-17
3802.50 1.5072e-16
3804.00 2.6925e-17
3805.50 2.2493e-17
3807.00 4.3815e-17
3808.50 -6.5185e-17
3810.00 -7.2644e-17
3811.50 -3.7289e-17
3813.00 -5.0628e-17
3814.50 -8.3103e-17
3816.00 1.9379e-17
3817.50 1.716e-16
3819.00 9.9123e-17
3820.50 1.0178e-17
3822.00 1.369e-16
3823.50 1.3989e-16
3825.00 1.2632e-16
3826.50 3.3048e-16
3828.00 3.2179e-16
3829.50 2.3037e-16
3831.00 1.0829e-16
3832.50 -1.3549e-16
3834.00 -8.4633e-17
3835.50 1.2937e-16
3837.00 -3.0688e-17
3838.50 -8.9981e-17
3840.00 5.9815e-17
3841.50 3.2442e-17
3843.00 -5.3215e-17
3844.50 1.4231e-16
3846.00 2.6117e-16
3847.50 8.6734e-17
3849.00 -6.3367e-17
3850.50 -2.8351e-17
3852.00 -1.3759e-16
3853.50 -2.8759e-17
3855.00 1.1562e-16
3856.50 3.608e-17
3858.00 1.5148e-16
3859.50 1.358e-16
3861.00 2.6873e-17
3862.50 -4.9202e-17
3864.00 4.2745e-17
3865.50 1.7672e-16
3867.00 1.0798e-16
3868.50 1.4027e-16
3870.00 1.1158e-16
3871.50 8.744e-17
3873.00 5.2048e-17
3874.50 9.6817e-17
3876.00 1.3674e-16
3877.50 8.313e-17
3879.00 6.2328e-17
3880.50 -1.5508e-17
3882.00 -9.2281e-17
3883.50 -5.7833e-17
3885.00 -3.4946e-17
3886.50 -8.6697e-17
3888.00 -3.9402e-17
3889.50 2.6121e-17
3891.00 6.2301e-17
3892.50 7.2473e-17
3894.00 -3.2724e-17
3895.50 -5.1322e-17
3897.00 -9.5412e-18
3898.50 -8.0374e-18
3900.00 -5.7572e-17
3901.50 7.3617e-17
3903.00 9.6792e-17
3904.50 7.5302e-17
3906.00 2.1867e-18
3907.50 1.1359e-16
3909.00 -2.464e-20
3910.50 -3.0771e-17
3912.00 -2.0859e-17
3913.50 -2.1545e-17
3915.00 5.2849e-17
3916.50 6.7369e-17
3918.00 -6.9379e-18
3919.50 -3.179e-17
3921.00 -1.2376e-16
3922.50 -7.8004e-17
3924.00 -1.0208e-16
3925.50 3.2377e-17
3927.00 3.1735e-18
3928.50 -1.5349e-16
3930.00 -7.0333e-17
3931.50 -1.2944e-16
3933.00 -1.0172e-16
3934.50 -7.402e-17
3936.00 6.4594e-17
3937.50 1.9866e-16
3939.00 1.4987e-16
3940.50 1.0977e-16
3942.00 1.8053e-16
3943.50 9.1127e-17
3945.00 5.6516e-17
3946.50 1.9652e-16
3948.00 1.9037e-16
3949.50 7.991e-17
3951.00 6.9832e-17
3952.50 1.4034e-16
3954.00 1.1724e-16
3955.50 1.0352e-16
3957.00 6.685e-17
3958.50 1.1837e-17
3960.00 2.5346e-17
3961.50 -1.4145e-18
3963.00 2.8055e-17
3964.50 7.9717e-17
3966.00 2.6859e-17
3967.50 1.4361e-17
3969.00 7.1125e-17
3970.50 7.616e-17
3972.00 9.2811e-17
3973.50 1.7416e-16
3975.00 1.1605e-16
3976.50 -5.4943e-17
3978.00 4.2967e-17
3979.50 2.0966e-16
3981.00 2.4543e-17
3982.50 -2.7613e-17
3984.00 3.4417e-17
3985.50 1.2958e-16
3987.00 5.1948e-17
3988.50 -1.1053e-16
3990.00 -8.5553e-18
3991.50 4.6171e-17
3993.00 7.1603e-17
3994.50 -1.9883e-17
3996.00 4.6573e-17
3997.50 2.5927e-16
3999.00 2.6274e-16
4000.50 3.7866e-17
4002.00 -3.2684e-17
4003.50 7.926e-17
4005.00 1.1627e-16
4006.50 3.4415e-17
4008.00 3.4638e-17
4009.50 4.165e-18
4011.00 6.5774e-17
4012.50 -1.9423e-17
4014.00 -2.2923e-17
4015.50 3.0355e-17
4017.00 9.8646e-17
4018.50 7.0008e-17
4020.00 -3.0514e-17
4021.50 -2.5215e-17
4023.00 -7.0981e-18
4024.50 -4.3323e-18
4026.00 1.528e-17
4027.50 -1.4296e-17
4029.00 1.6854e-17
4030.50 1.0805e-17
4032.00 -7.3459e-18
4033.50 6.9836e-17
4035.00 1.3673e-16
4036.50 1.0441e-16
4038.00 5.1936e-18
4039.50 -5.9522e-17
4041.00 -3.465e-17
4042.50 -4.6752e-18
4044.00 3.7236e-18
4045.50 3.396e-17
4047.00 3.8468e-17
4048.50 2.043e-17
4050.00 -1.1617e-16
4051.50 -1.0477e-16
4053.00 2.3361e-17
4054.50 1.0344e-16
4056.00 2.0453e-16
4057.50 1.1532e-16
4059.00 -1.6434e-17
4060.50 9.7172e-18
4062.00 1.0374e-16
4063.50 -6.4998e-18
4065.00 -7.5067e-17
4066.50 5.0597e-17
4068.00 4.583e-17
4069.50 8.142e-17
4071.00 -4.8972e-17
4072.50 -1.2514e-18
4074.00 2.8198e-17
4075.50 1.0886e-17
4077.00 6.9939e-17
4078.50 5.0943e-17
4080.00 8.5268e-19
4081.50 7.9393e-18
4083.00 4.9663e-17
4084.50 9.7133e-17
4086.00 8.9564e-17
4087.50 5.4552e-17
4089.00 -2.7072e-17
4090.50 5.3443e-17
4092.00 2.2226e-17
4093.50 -9.8906e-17
4095.00 -1.0731e-16
4096.50 1.2965e-17
4098.00 1.1724e-16
4099.50 4.3975e-17
4101.00 3.7204e-17
4102.50 -3.0002e-17
4104.00 -9.4302e-17
4105.50 6.1226e-18
4107.00 3.5181e-17
4108.50 4.2579e-17
4110.00 1.0015e-16
4111.50 1.7299e-16
4113.00 1.026e-16
4114.50 8.2907e-17
4116.00 7.2128e-17
4117.50 -2.893e-17
4119.00 -1.3799e-17
4120.50 9.5454e-17
4122.00 1.1451e-16
4123.50 5.9644e-17
4125.00 6.1787e-17
4126.50 1.8845e-17
4128.00 7.8062e-17
4129.50 6.5663e-17
4131.00 6.519e-17
4132.50 -1.0482e-17
4134.00 9.4157e-17
4135.50 1.802e-16
4137.00 5.7766e-18
4138.50 7.7219e-17
4140.00 1.1969e-16
4141.50 3.1535e-17
4143.00 -5.6393e-18
4144.50 6.3081e-17
4146.00 1.2287e-16
4147.50 4.9178e-17
4149.00 1.7195e-17
4150.50 1.162e-16
4152.00 8.502e-17
4153.50 3.8261e-17
4155.00 1.9856e-17
4156.50 7.198e-17
4158.00 5.3566e-17
4159.50 2.2779e-17
4161.00 9.9161e-17
4162.50 1.0833e-16
4164.00 8.526e-17
4165.50 8.9335e-17
4167.00 4.5213e-17
4168.50 1.2168e-17
4170.00 -1.4976e-17
4171.50 -3.2543e-18
4173.00 1.0558e-16
4174.50 4.0421e-17
4176.00 -5.0511e-17
4177.50 5.385e-17
4179.00 4.9905e-17
4180.50 -1.3396e-17
4182.00 8.3773e-17
4183.50 1.2766e-16
4185.00 1.0007e-16
4186.50 3.8007e-17
4188.00 3.0883e-17
4189.50 -1.3014e-17
4191.00 2.2698e-17
4192.50 1.3943e-16
4194.00 9.7474e-17
4195.50 9.7242e-17
4197.00 8.9287e-17
4198.50 1.0371e-16
4200.00 5.3205e-17
4201.50 -5.4291e-19
4203.00 5.886e-17
4204.50 1.1198e-16
4206.00 5.2791e-17
4207.50 6.9028e-17
4209.00 1.4411e-16
4210.50 1.4901e-17
4212.00 1.3245e-17
4213.50 4.9909e-17
4215.00 6.992e-18
4216.50 4.4903e-17
4218.00 8.314e-17
4219.50 1.365e-17
4221.00 1.1041e-17
4222.50 6.3518e-17
4224.00 -5.955e-18
4225.50 5.9204e-18
4227.00 4.8876e-17
4228.50 1.2722e-16
4230.00 4.2383e-17
4231.50 8.4462e-18
4233.00 6.1176e-17
4234.50 3.8007e-17
4236.00 8.4549e-17
4237.50 3.8763e-17
4239.00 -1.024e-18
4240.50 8.8222e-17
4242.00 1.3177e-16
4243.50 5.469e-17
4245.00 -2.757e-17
4246.50 2.8271e-19
4248.00 7.9067e-17
4249.50 8.1834e-17
4251.00 7.1472e-17
4252.50 5.9466e-17
4254.00 4.5416e-17
4255.50 7.0867e-17
4257.00 5.8421e-17
4258.50 7.1316e-17
4260.00 -9.7501e-19
4261.50 -3.1323e-17
4263.00 1.1734e-17
4264.50 4.8466e-17
4266.00 1.0522e-16
4267.50 6.9467e-17
4269.00 9.6133e-17
4270.50 4.2072e-17
4272.00 1.4135e-17
4273.50 9.151e-18
4275.00 4.3911e-17
4276.50 9.3599e-17
4278.00 1.7131e-16
4279.50 8.1657e-17
4281.00 3.8176e-17
4282.50 6.0991e-17
4284.00 1.8846e-17
4285.50 5.945e-18
4287.00 6.807e-17
4288.50 1.5108e-17
4290.00 8.0689e-17
4291.50 3.8008e-17
4293.00 1.2449e-16
4294.50 1.1705e-16
4296.00 6.511e-17
4297.50 6.8123e-17
4299.00 1.0572e-17
4300.50 2.0009e-17
4302.00 1.2383e-17
4303.50 1.5216e-18
4305.00 6.5607e-17
4306.50 8.678e-17
4308.00 4.8789e-17
4309.50 1.0329e-16
4311.00 1.4052e-16
4312.50 8.5158e-17
4314.00 2.2884e-17
4315.50 7.3255e-17
4317.00 1.0685e-16
4318.50 8.3418e-17
4320.00 3.754e-17
4321.50 2.0952e-17
4323.00 -1.1021e-17
4324.50 -1.2985e-17
4326.00 8.6851e-17
4327.50 1.0442e-16
4329.00 7.49e-17
4330.50 1.0446e-16
4332.00 7.6501e-17
4333.50 7.7123e-17
4335.00 5.7131e-17
4336.50 7.8516e-17
4338.00 1.2855e-16
4339.50 6.4888e-17
4341.00 6.5739e-17
4342.50 5.4401e-17
4344.00 3.6077e-17
4345.50 6.6812e-17
4347.00 4.2951e-17
4348.50 8.4753e-17
4350.00 4.4685e-17
4351.50 3.4579e-17
4353.00 3.0444e-17
4354.50 4.6542e-17
4356.00 -1.9053e-17
4357.50 5.2594e-17
4359.00 1.4022e-16
4360.50 1.4112e-16
4362.00 1.03e-16
4363.50 1.591e-16
4365.00 1.843e-16
4366.50 6.6932e-17
4368.00 3.2886e-17
4369.50 6.3911e-17
4371.00 1.1382e-16
4372.50 4.5526e-17
4374.00 3.3754e-17
4375.50 1.0827e-16
4377.00 8.8325e-17
4378.50 9.5558e-17
4380.00 1.0471e-16
4381.50 6.3861e-17
4383.00 1.0861e-17
4384.50 5.7804e-17
4386.00 1.0081e-16
4387.50 4.5366e-17
4389.00 7.5325e-18
4390.50 4.07e-17
4392.00 9.2535e-17
4393.50 9.4152e-17
4395.00 4.989e-17
4396.50 5.1966e-17
4398.00 4.6848e-17
4399.50 2.0487e-17
4401.00 3.5559e-17
4402.50 6.6945e-17
4404.00 2.4196e-17
4405.50 1.3465e-18
4407.00 6.9997e-17
4408.50 1.2642e-16
4410.00 1.33e-16
4411.50 1.724e-16
4413.00 1.5308e-16
4414.50 7.0754e-17
4416.00 8.5156e-17
4417.50 1.4892e-16
4419.00 1.5069e-16
4420.50 9.7842e-17
4422.00 6.0381e-17
4423.50 8.7758e-17
4425.00 1.8601e-16
4426.50 9.5861e-17
4428.00 1.2451e-16
4429.50 4.3361e-17
4431.00 9.7634e-17
4432.50 5.5819e-17
4434.00 7.3181e-17
4435.50 8.47e-17
4437.00 7.1795e-17
4438.50 9.2804e-17
4440.00 1.2477e-16
4441.50 6.2591e-17
4443.00 4.1492e-17
4444.50 3.7776e-17
4446.00 5.1984e-17
4447.50 1.154e-16
4449.00 7.1225e-17
4450.50 4.5906e-17
4452.00 6.196e-17
4453.50 6.563e-17
4455.00 5.4772e-17
4456.50 8.2032e-17
4458.00 7.436e-17
4459.50 5.8744e-17
4461.00 6.857e-17
4462.50 1.1243e-16
4464.00 1.0323e-16
4465.50 3.7477e-17
4467.00 8.0121e-17
4468.50 1.1549e-16
4470.00 1.164e-16
4471.50 1.008e-16
4473.00 8.4355e-17
4474.50 6.2781e-17
4476.00 4.3713e-17
4477.50 8.6855e-17
4479.00 1.1821e-16
4480.50 1.3087e-16
4482.00 8.6655e-17
4483.50 8.3437e-17
4485.00 7.443e-17
4486.50 7.8378e-17
4488.00 7.3761e-17
4489.50 1.0457e-16
4491.00 9.7669e-17
4492.50 5.9423e-17
4494.00 5.4175e-17
4495.50 3.7653e-17
4497.00 1.5418e-16
4498.50 1.8113e-16
4500.00 6.1735e-17
4501.50 9.1907e-17
4503.00 1.0234e-16
4504.50 7.6282e-17
4506.00 6.7763e-17
4507.50 4.7678e-17
4509.00 9.0118e-17
4510.50 1.4445e-16
4512.00 1.495e-16
4513.50 1.0688e-16
4515.00 1.0254e-16
4516.50 1.1048e-16
4518.00 9.9804e-17
4519.50 5.8433e-17
4521.00 6.1228e-17
4522.50 7.9916e-17
4524.00 9.3341e-17
4525.50 5.8376e-17
4527.00 1.2528e-17
4528.50 4.5405e-17
4530.00 9.2925e-17
4531.50 5.2952e-17
4533.00 1.5133e-17
4534.50 4.1921e-17
4536.00 6.7202e-17
4537.50 8.3429e-17
4539.00 6.6825e-17
4540.50 7.4546e-17
4542.00 1.0341e-16
4543.50 9.2665e-17
4545.00 6.6152e-17
4546.50 9.4199e-17
4548.00 8.8581e-17
4549.50 5.7085e-17
4551.00 1.0389e-16
4552.50 7.4727e-17
4554.00 6.7418e-17
4555.50 1.2959e-16
4557.00 1.2123e-16
4558.50 5.7334e-17
4560.00 6.8e-17
4561.50 1.4365e-16
4563.00 1.453e-16
4564.50 1.0117e-16
4566.00 1.0073e-16
4567.50 1.2097e-16
4569.00 1.5682e-16
4570.50 6.3762e-17
4572.00 4.8295e-17
4573.50 1.2834e-16
4575.00 1.154e-16
4576.50 9.7259e-17
4578.00 7.0911e-17
4579.50 8.7922e-17
4581.00 1.6172e-16
4582.50 1.3757e-16
4584.00 8.0131e-17
4585.50 9.9663e-17
4587.00 9.465e-17
4588.50 6.7679e-17
4590.00 6.3944e-17
4591.50 9.3659e-17
4593.00 1.0713e-16
4594.50 8.1281e-17
4596.00 1.1099e-16
4597.50 9.8149e-17
4599.00 5.6737e-17
4600.50 6.5055e-17
4602.00 8.946e-17
4603.50 8.9898e-17
4605.00 1.1427e-16
4606.50 7.534e-17
4608.00 5.2983e-17
4609.50 5.9169e-17
4611.00 5.7857e-17
4612.50 5.1262e-17
4614.00 3.6554e-17
4615.50 7.8173e-17
4617.00 7.5336e-17
4618.50 8.5683e-17
4620.00 1.1763e-16
4621.50 1.2478e-16
4623.00 1.0849e-16
4624.50 1.0326e-16
4626.00 1.1348e-16
4627.50 1.0502e-16
4629.00 1.2983e-16
4630.50 9.493e-17
4632.00 3.483e-17
4633.50 9.5528e-17
4635.00 1.1927e-16
4636.50 6.2961e-17
4638.00 1.6594e-16
4639.50 1.6705e-16
4641.00 1.7525e-16
4642.50 1.1162e-16
4644.00 5.2481e-17
4645.50 5.6532e-17
4647.00 1.1737e-16
4648.50 1.5624e-16
4650.00 1.1584e-16
4651.50 9.5703e-17
4653.00 9.46e-17
4654.50 8.2735e-17
4656.00 7.031e-17
4657.50 8.6826e-17
4659.00 6.903e-17
4660.50 6.286e-17
4662.00 6.4655e-17
4663.50 1.0505e-16
4665.00 1.1347e-16
4666.50 9.5727e-17
4668.00 9.0723e-17
4669.50 1.2577e-16
4671.00 1.208e-16
4672.50 9.158e-17
4674.00 8.5996e-17
4675.50 1.178e-16
4677.00 1.1245e-16
4678.50 9.6923e-17
4680.00 1.2699e-16
4681.50 1.2137e-16
4683.00 6.4345e-17
4684.50 8.0938e-17
4686.00 9.6667e-17
4687.50 1.1637e-16
4689.00 1.2031e-16
4690.50 1.1499e-16
4692.00 1.379e-16
4693.50 9.3663e-17
4695.00 1.0538e-16
4696.50 7.8404e-17
4698.00 9.3404e-17
4699.50 1.0391e-16
4701.00 9.7959e-17
4702.50 9.1791e-17
4704.00 5.7475e-17
4705.50 8.1883e-17
4707.00 1.153e-16
4708.50 1.1575e-16
4710.00 7.8806e-17
4711.50 7.7286e-17
4713.00 1.0088e-16
4714.50 9.0644e-17
4716.00 6.3836e-17
4717.50 7.9347e-17
4719.00 8.9457e-17
4720.50 1.4976e-16
4722.00 1.0336e-16
4723.50 6.2081e-17
4725.00 8.4901e-17
4726.50 6.3474e-17
4728.00 7.1568e-17
4729.50 4.7982e-17
4731.00 1.1702e-16
4732.50 1.7328e-16
4734.00 1.154e-16
4735.50 8.0857e-17
4737.00 9.2381e-17
4738.50 1.015e-16
4740.00 5.4093e-17
4741.50 8.3941e-17
4743.00 9.8658e-17
4744.50 6.0389e-17
4746.00 8.0867e-17
4747.50 1.1323e-16
4749.00 7.2305e-17
4750.50 4.6483e-17
4752.00 9.9072e-17
4753.50 5.2175e-17
4755.00 3.8821e-17
4756.50 1.0386e-16
4758.00 1.0766e-16
4759.50 9.1243e-17
4761.00 6.4185e-17
4762.50 8.4405e-17
4764.00 1.7654e-16
4765.50 1.3207e-16
4767.00 1.2214e-16
4768.50 8.3246e-17
4770.00 1.1969e-16
4771.50 1.05e-16
4773.00 1.0708e-16
4774.50 1.3738e-16
4776.00 1.0672e-16
4777.50 1.0137e-16
4779.00 9.6055e-17
4780.50 9.9231e-17
4782.00 9.9531e-17
4783.50 1.3196e-16
4785.00 1.3205e-16
4786.50 1.3976e-16
4788.00 9.8826e-17
4789.50 6.2461e-17
4791.00 7.8063e-17
4792.50 1.5985e-16
4794.00 8.2069e-17
4795.50 1.0267e-16
4797.00 1.0984e-16
4798.50 1.1135e-16
4800.00 1e-16
4801.50 5.8556e-17
4803.00 8.4311e-17
4804.50 1.041e-16
4806.00 9.2422e-17
4807.50 6.6072e-17
4809.00 1.3158e-16
4810.50 1.4344e-16
4812.00 1.1156e-16
4813.50 1.4223e-16
4815.00 1.3434e-16
4816.50 1.1994e-16
4818.00 1.1514e-16
4819.50 1.2846e-16
4821.00 9.2126e-17
4822.50 9.1526e-17
4824.00 9.0927e-17
4825.50 9.0327e-17
4827.00 8.9728e-17
4828.50 8.9128e-17
4830.00 8.8529e-17
4831.50 8.8529e-17
4833.00 6.4981e-17
4834.50 8.6968e-17
4836.00 9.005e-17
4837.50 9.6866e-17
4839.00 6.2465e-17
4840.50 5.164e-17
4842.00 4.8417e-17
4843.50 5.3347e-17
4845.00 9.2957e-17
4846.50 9.8796e-17
4848.00 9.7741e-17
4849.50 9.292e-17
4851.00 7.0477e-17
4852.50 7.7143e-17
4854.00 5.0162e-17
4855.50 6.0147e-17
4857.00 9.3921e-17
4858.50 3.4345e-17
4860.00 6.8852e-17
4861.50 1.0418e-16
4863.00 1.0239e-16
4864.50 5.6516e-17
4866.00 8.9485e-17
4867.50 5.3752e-17
4869.00 4.1329e-17
4870.50 7.6435e-17
4872.00 8.4181e-17
4873.50 8.8011e-17
4875.00 1.2048e-16
4876.50 7.6471e-17
4878.00 6.7736e-17
4879.50 9.3751e-17
4881.00 1.2636e-16
4882.50 1.5193e-16
4884.00 1.1208e-16
4885.50 1.2038e-16
4887.00 9.0363e-17
4888.50 7.4077e-17
4890.00 9.4755e-17
4891.50 1.215e-16
4893.00 1.0411e-16
4894.50 9.6668e-17
4896.00 1.2722e-16
4897.50 1.2743e-16
4899.00 1.0898e-16
4900.50 1.1764e-16
4902.00 1.2328e-16
4903.50 1.1506e-16
4905.00 9.9919e-17
4906.50 1.0067e-16
4908.00 1.0162e-16
4909.50 1.1932e-16
4911.00 5.3461e-17
4912.50 3.3937e-17
4914.00 8.8086e-17
4915.50 9.3661e-17
4917.00 1.1004e-16
4918.50 9.0647e-17
4920.00 7.7804e-17
4921.50 1.0069e-16
4923.00 1.3629e-16
4924.50 1.0278e-16
4926.00 6.9406e-17
4927.50 1.1717e-16
4929.00 1.0202e-16
4930.50 5.9277e-17
4932.00 8.1486e-17
4933.50 1.2094e-16
4935.00 1.1965e-16
4936.50 1.0688e-16
4938.00 1.1644e-16
4939.50 1.598e-16
4941.00 1.2254e-16
4942.50 1.2912e-16
4944.00 1.2209e-16
4945.50 9.0106e-17
4947.00 1.0113e-16
4948.50 8.397e-17
4950.00 1.0579e-16
4951.50 1.074e-16
4953.00 1.0481e-16
4954.50 1.2203e-16
4956.00 1.1459e-16
4957.50 6.6621e-17
4959.00 1.103e-16
4960.50 1.286e-16
4962.00 1.2403e-16
4963.50 1.0559e-16
4965.00 1.1307e-16
4966.50 1.0611e-16
4968.00 1.1486e-16
4969.50 1.4304e-16
4971.00 1.414e-16
4972.50 1.2489e-16
4974.00 1.0843e-16
4975.50 1.207e-16
4977.00 1.1691e-16
4978.50 9.5156e-17
4980.00 8.3691e-17
4981.50 8.8585e-17
4983.00 9.346e-17
4984.50 1.4706e-16
4986.00 1.0624e-16
4987.50 3.9855e-17
4989.00 8.2359e-17
4990.50 1.0392e-16
4992.00 1.0115e-16
4993.50 9.5256e-17
4995.00 5.5411e-17
4996.50 3.4704e-17
4998.00 6.8884e-17
4999.50 6.6253e-17
5001.00 7.6252e-17
5002.50 9.3686e-17
5004.00 1.1401e-16
5005.50 7.4305e-17
5007.00 1.2093e-16
5008.50 8.3622e-17
5010.00 7.6408e-17
5011.50 9.7735e-17
5013.00 7.2134e-17
5014.50 1.3354e-16
5016.00 1.13e-16
5017.50 7.3341e-17
5019.00 1.3196e-16
5020.50 1.2956e-16
5022.00 1.1682e-16
5023.50 1.0765e-16
5025.00 1.0991e-16
5026.50 1.2508e-16
5028.00 1.5587e-16
5029.50 9.5375e-17
5031.00 9.2741e-17
5032.50 1.4344e-16
5034.00 1.0044e-16
5035.50 9.5747e-17
5037.00 1.0715e-16
5038.50 9.4259e-17
5040.00 8.4727e-17
5041.50 7.7219e-17
5043.00 1.0633e-16
5044.50 1.0829e-16
5046.00 8.6259e-17
5047.50 1.0003e-16
5049.00 1.0676e-16
5050.50 9.8631e-17
5052.00 9.6226e-17
5053.50 9.601e-17
5055.00 9.2307e-17
5056.50 8.5961e-17
5058.00 1.3477e-16
5059.50 1.0162e-16
5061.00 1.0689e-16
5062.50 1.0513e-16
5064.00 9.3918e-17
5065.50 1.1204e-16
5067.00 1.0553e-16
5068.50 1.1289e-16
5070.00 1.3923e-16
5071.50 1.2239e-16
5073.00 9.6953e-17
5074.50 1.5587e-16
5076.00 8.8107e-17
5077.50 8.5957e-17
5079.00 8.6348e-17
5080.50 9.7127e-17
5082.00 1.1683e-16
5083.50 6.8383e-17
5085.00 5.8451e-17
5086.50 7.5437e-17
5088.00 1.2915e-16
5089.50 1.4789e-16
5091.00 1.4822e-16
5092.50 1.2964e-16
5094.00 1.782e-16
5095.50 1.1669e-16
5097.00 1.1775e-16
5098.50 1.1048e-16
5100.00 8.6813e-17
5101.50 8.1745e-17
5103.00 1.0311e-16
5104.50 9.2223e-17
5106.00 9.3737e-17
5107.50 9.7049e-17
5109.00 1.1754e-16
5110.50 1.424e-16
5112.00 1.1058e-16
5113.50 1.2274e-16
5115.00 1.4035e-16
5116.50 1.2614e-16
5118.00 1.4207e-16
5119.50 1.256e-16
5121.00 1.0424e-16
5122.50 1.0573e-16
5124.00 1.129e-16
5125.50 8.9105e-17
5127.00 7.7939e-17
5128.50 1.0926e-16
5130.00 1.4426e-16
5131.50 1.0406e-16
5133.00 1.1759e-16
5134.50 9.4809e-17
5136.00 7.4659e-17
5137.50 6.741e-17
5139.00 7.2586e-17
5140.50 1.2925e-16
5142.00 1.1663e-16
5143.50 1.207e-16
5145.00 9.8532e-17
5146.50 9.9536e-17
5148.00 1.1951e-16
5149.50 1.0566e-16
5151.00 1.1739e-16
5152.50 1.0822e-16
5154.00 1.2154e-16
5155.50 1.3153e-16
5157.00 7.7099e-17
5158.50 1.2275e-16
5160.00 1.5951e-16
5161.50 1.3788e-16
5163.00 1.0138e-16
5164.50 1.1937e-16
5166.00 8.3796e-17
5167.50 7.9747e-17
5169.00 9.2471e-17
5170.50 2.1e-17
5172.00 3.3102e-17
5173.50 8.4831e-17
5175.00 1.2922e-16
5176.50 1.1418e-16
5178.00 9.1155e-17
5179.50 9.7753e-17
5181.00 9.7514e-17
5182.50 8.7767e-17
5184.00 9.3093e-17
5185.50 1.0424e-16
5187.00 1.1065e-16
5188.50 1.0452e-16
5190.00 1.0399e-16
5191.50 9.4753e-17
5193.00 8.4815e-17
5194.50 1.1261e-16
5196.00 1.1688e-16
5197.50 1.1989e-16
5199.00 1.3256e-16
5200.50 1.4337e-16
5202.00 1.3202e-16
5203.50 9.3372e-17
5205.00 9.5332e-17
5206.50 1.3383e-16
5208.00 1.7512e-16
5209.50 1.1908e-16
5211.00 6.1181e-17
5212.50 8.1607e-17
5214.00 9.1896e-17
5215.50 1.1722e-16
5217.00 1.0496e-16
5218.50 1.3743e-16
5220.00 1.4672e-16
5221.50 1.0566e-16
5223.00 1.0032e-16
5224.50 1.2569e-16
5226.00 1.2649e-16
5227.50 1.1309e-16
5229.00 1.3088e-16
5230.50 1.1386e-16
5232.00 8.0458e-17
5233.50 1.0506e-16
5235.00 1.2689e-16
5236.50 1.0759e-16
5238.00 1.2479e-16
5239.50 1.2499e-16
5241.00 9.2681e-17
5242.50 7.9252e-17
5244.00 8.4392e-17
5245.50 1.0307e-16
5247.00 1.2452e-16
5248.50 1.1622e-16
5250.00 1.2197e-16
5251.50 1.5345e-16
5253.00 1.3066e-16
5254.50 1.0139e-16
5256.00 1.2079e-16
5257.50 1.2924e-16
5259.00 1.3544e-16
5260.50 1.2221e-16
5262.00 1.0092e-16
5263.50 1.0197e-16
5265.00 7.0086e-17
5266.50 5.16e-17
5268.00 6.1691e-17
5269.50 8.2073e-17
5271.00 1.1203e-16
5272.50 1.0881e-16
5274.00 1.2914e-16
5275.50 1.3405e-16
5277.00 1.4592e-16
5278.50 1.5536e-16
5280.00 1.3066e-16
5281.50 1.2376e-16
5283.00 1.4703e-16
5284.50 1.2676e-16
5286.00 9.6976e-17
5287.50 1.1653e-16
5289.00 1.5372e-16
5290.50 1.6087e-16
5292.00 1.5463e-16
5293.50 1.6218e-16
5295.00 1.3439e-16
5296.50 1.3403e-16
5298.00 1.7875e-16
5299.50 1.6575e-16
5301.00 1.4778e-16
5302.50 1.2004e-16
5304.00 9.8876e-17
5305.50 1.2697e-16
5307.00 1.1956e-16
5308.50 1.193e-16
5310.00 1.1821e-16
5311.50 9.3851e-17
5313.00 8.3144e-17
5314.50 9.3949e-17
5316.00 1.2189e-16
5317.50 1.2399e-16
5319.00 1.1448e-16
5320.50 1.1881e-16
5322.00 1.2991e-16
5323.50 1.3121e-16
5325.00 1.0215e-16
5326.50 9.5316e-17
5328.00 1.1362e-16
5329.50 1.1257e-16
5331.00 1.2544e-16
5332.50 1.1668e-16
5334.00 1.0442e-16
5335.50 1.2224e-16
5337.00 1.1606e-16
5338.50 1.1687e-16
5340.00 1.4123e-16
5341.50 1.3617e-16
5343.00 1.33e-16
5344.50 1.2912e-16
5346.00 1.0648e-16
5347.50 1.0553e-16
5349.00 1.3846e-16
5350.50 1.309e-16
5352.00 1.3332e-16
5353.50 1.4973e-16
5355.00 1.3118e-16
5356.50 9.9263e-17
5358.00 1.3171e-16
5359.50 1.358e-16
5361.00 1.3937e-16
5362.50 1.7707e-16
5364.00 1.5041e-16
5365.50 1.178e-16
5367.00 1.1509e-16
5368.50 1.4365e-16
5370.00 1.0496e-16
5371.50 8.1825e-17
5373.00 1.2107e-16
5374.50 1.3727e-16
5376.00 1.5643e-16
5377.50 1.2596e-16
5379.00 1.1561e-16
5380.50 1.6525e-16
5382.00 1.2033e-16
5383.50 1.1092e-16
5385.00 1.2608e-16
5386.50 1.019e-16
5388.00 9.4785e-17
5389.50 1.1986e-16
5391.00 1.1545e-16
5392.50 1.2211e-16
5394.00 1.2535e-16
5395.50 1.2313e-16
5397.00 1.457e-16
5398.50 1.5155e-16
5400.00 1.4486e-16
5401.50 1.2695e-16
5403.00 1.0926e-16
5404.50 1.1401e-16
5406.00 1.0852e-16
5407.50 1.0853e-16
5409.00 1.1458e-16
5410.50 1.1091e-16
5412.00 1.266e-16
5413.50 8.3772e-17
5415.00 8.5846e-17
5416.50 1.1586e-16
5418.00 1.3501e-16
5419.50 1.3639e-16
5421.00 9.5056e-17
5422.50 1.0285e-16
5424.00 1.0707e-16
5425.50 9.5914e-17
5427.00 1.0219e-16
5428.50 1.2831e-16
5430.00 1.6396e-16
5431.50 1.1796e-16
5433.00 1.4212e-16
5434.50 1.0762e-16
5436.00 1.2311e-16
5437.50 1.7881e-16
5439.00 1.5825e-16
5440.50 1.3529e-16
5442.00 1.4742e-16
5443.50 1.2802e-16
5445.00 1.4083e-16
5446.50 9.2849e-17
5448.00 1.4135e-16
5449.50 1.2314e-16
5451.00 1.3922e-16
5452.50 1.348e-16
5454.00 1.4733e-16
5455.50 1.3997e-16
5457.00 1.3846e-16
5458.50 1.3714e-16
5460.00 9.6964e-17
5461.50 1.2132e-16
5463.00 1.5366e-16
5464.50 1.3267e-16
5466.00 1.4342e-16
5467.50 1.598e-16
5469.00 1.1319e-16
5470.50 9.567e-17
5472.00 1.1401e-16
5473.50 1.0072e-16
5475.00 8.7556e-17
5476.50 9.7442e-17
5478.00 1.4349e-16
5479.50 1.3109e-16
5481.00 1.3251e-16
5482.50 1.3517e-16
5484.00 1.3412e-16
5485.50 1.2277e-16
5487.00 1.3002e-16
5488.50 1.3314e-16
5490.00 1.348e-16
5491.50 1.1058e-16
5493.00 9.6672e-17
5494.50 1.3725e-16
5496.00 1.8276e-16
5497.50 1.2653e-16
5499.00 1.079e-16
5500.50 1.1276e-16
5502.00 1.1416e-16
5503.50 1.1783e-16
5505.00 7.752e-17
5506.50 1.2514e-16
5508.00 1.424e-16
5509.50 1.266e-16
5511.00 1.462e-16
5512.50 1.2168e-16
5514.00 8.8614e-17
5515.50 1.3671e-16
5517.00 1.2257e-16
5518.50 1.2112e-16
5520.00 1.2556e-16
5521.50 1.5546e-16
5523.00 1.4085e-16
5524.50 1.428e-16
5526.00 1.6763e-16
5527.50 1.2593e-16
5529.00 1.2744e-16
5530.50 1.4531e-16
5532.00 1.1763e-16
5533.50 7.4134e-17
5535.00 1.0368e-16
5536.50 1.3093e-16
5538.00 1.3872e-16
5539.50 1.0996e-16
5541.00 7.0609e-17
5542.50 1.0039e-16
5544.00 1.5193e-16
5545.50 1.6438e-16
5547.00 1.5052e-16
5548.50 1.4555e-16
5550.00 1.6564e-16
5551.50 1.3791e-16
5553.00 9.9671e-17
5554.50 8.5804e-17
5556.00 1.2153e-16
5557.50 1.7045e-16
5559.00 1.4489e-16
5560.50 1.3067e-16
5562.00 1.3879e-16
5563.50 1.5026e-16
5565.00 1.4069e-16
5566.50 1.3555e-16
5568.00 1.5121e-16
5569.50 1.4081e-16
5571.00 9.0695e-17
5572.50 1.0847e-16
5574.00 1.569e-16
5575.50 1.4199e-16
5577.00 8.3175e-17
5578.50 8.5095e-17
5580.00 1.6474e-16
5581.50 2.4215e-16
5583.00 1.4548e-16
5584.50 1.5606e-16
5586.00 1.6324e-16
5587.50 1.3692e-16
5589.00 1.2804e-16
5590.50 1.0671e-16
5592.00 1.0442e-16
5593.50 1.2787e-16
5595.00 1.2202e-16
5596.50 1.1836e-16
5598.00 9.3921e-17
5599.50 8.7047e-17
5601.00 7.3976e-17
5602.50 8.5704e-17
5604.00 1.336e-16
5605.50 1.3491e-16
5607.00 1.2412e-16
5608.50 1.4222e-16
5610.00 1.3957e-16
5611.50 1.1337e-16
5613.00 1.1014e-16
5614.50 1.1216e-16
5616.00 1.0466e-16
5617.50 1.3316e-16
5619.00 1.4795e-16
5620.50 1.2518e-16
5622.00 1.3106e-16
5623.50 1.204e-16
5625.00 9.2487e-17
5626.50 8.6889e-17
5628.00 1.0923e-16
5629.50 1.4781e-16
5631.00 1.6127e-16
5632.50 1.4239e-16
5634.00 1.2178e-16
5635.50 1.2553e-16
5637.00 1.039e-16
5638.50 1.2884e-16
5640.00 1.7459e-16
5641.50 1.3974e-16
5643.00 1.1556e-16
5644.50 1.257e-16
5646.00 1.4165e-16
5647.50 1.6797e-16
5649.00 1.3327e-16
5650.50 1.5017e-16
5652.00 1.3766e-16
5653.50 1.2692e-16
5655.00 1.3031e-16
5656.50 1.2785e-16
5658.00 1.3758e-16
5659.50 1.193e-16
5661.00 1.314e-16
5662.50 1.9051e-16
5664.00 1.3968e-16
5665.50 1.1979e-16
5667.00 1.2937e-16
5668.50 1.3304e-16
5670.00 1.5934e-16
5671.50 1.5783e-16
5673.00 1.3808e-16
5674.50 1.08e-16
5676.00 1.4057e-16
5677.50 1.4738e-16
5679.00 1.6156e-16
5680.50 1.3737e-16
5682.00 1.0722e-16
5683.50 1.0564e-16
5685.00 8.2841e-17
5686.50 8.4254e-17
5688.00 1.3308e-16
5689.50 1.4728e-16
5691.00 1.2899e-16
5692.50 1.3093e-16
5694.00 1.2452e-16
5695.50 1.3691e-16
5697.00 1.5718e-16
5698.50 1.4545e-16
5700.00 9.7424e-17
5701.50 1.0469e-16
5703.00 1.5262e-16
5704.50 1.761e-16
5706.00 1.7956e-16
5707.50 1.5777e-16
5709.00 1.5294e-16
5710.50 1.7701e-16
5712.00 1.9168e-16
5713.50 1.7068e-16
5715.00 1.7668e-16
5716.50 1.4977e-16
5718.00 1.6241e-16
5719.50 1.6939e-16
5721.00 1.2227e-16
5722.50 1.3384e-16
5724.00 1.5004e-16
5725.50 1.8026e-16
5727.00 1.995e-16
5728.50 2.0231e-16
5730.00 1.4786e-16
5731.50 1.1199e-16
5733.00 1.7453e-16
5734.50 1.0554e-16
5736.00 1.3152e-16
5737.50 1.3903e-16
5739.00 1.5326e-16
5740.50 1.5011e-16
5742.00 1.3613e-16
5743.50 1.3629e-16
5745.00 1.1671e-16
5746.50 1.4594e-16
5748.00 1.2378e-16
5749.50 8.9945e-17
5751.00 1.1659e-16
5752.50 1.1761e-16
5754.00 1.0363e-16
5755.50 1.3981e-16
5757.00 1.5233e-16
5758.50 1.5834e-16
5760.00 1.499e-16
5761.50 1.1983e-16
5763.00 1.4267e-16
5764.50 1.6896e-16
5766.00 1.4497e-16
5767.50 1.3928e-16
5769.00 1.6897e-16
5770.50 1.6239e-16
5772.00 1.6835e-16
5773.50 1.3521e-16
5775.00 1.1308e-16
5776.50 1.1781e-16
5778.00 1.5478e-16
5779.50 1.2958e-16
5781.00 1.251e-16
5782.50 1.2675e-16
5784.00 1.5903e-16
5785.50 1.4878e-16
5787.00 1.8201e-16
5788.50 1.5933e-16
5790.00 1.0949e-16
5791.50 1.3317e-16
5793.00 1.1197e-16
5794.50 1.38e-16
5796.00 1.6355e-16
5797.50 1.1011e-16
5799.00 8.3538e-17
5800.50 1.4899e-16
5802.00 1.8506e-16
5803.50 1.6169e-16
5805.00 1.4431e-16
5806.50 1.5554e-16
5808.00 1.4119e-16
5809.50 1.4545e-16
5811.00 1.4174e-16
5812.50 1.7647e-16
5814.00 2.0053e-16
5815.50 1.5104e-16
5817.00 1.285e-16
5818.50 1.6377e-16
5820.00 1.7382e-16
5821.50 1.6897e-16
5823.00 1.6004e-16
5824.50 1.3726e-16
5826.00 9.371e-17
5827.50 9.8892e-17
5829.00 1.4821e-16
5830.50 1.3704e-16
5832.00 1.4056e-16
5833.50 1.6306e-16
5835.00 1.4036e-16
5836.50 1.3402e-16
5838.00 1.6072e-16
5839.50 1.8314e-16
5841.00 2.0166e-16
5842.50 1.6767e-16
5844.00 1.2842e-16
5845.50 1.4231e-16
5847.00 1.6589e-16
5848.50 1.8886e-16
5850.00 1.8372e-16
5851.50 1.4768e-16
5853.00 1.4633e-16
5854.50 1.8646e-16
5856.00 2.033e-16
5857.50 1.3264e-16
5859.00 7.757e-17
5860.50 1.7276e-16
5862.00 2.0276e-16
5863.50 1.4294e-16
5865.00 1.626e-16
5866.50 1.907e-16
5868.00 1.8611e-16
5869.50 1.4299e-16
5871.00 1.424e-16
5872.50 1.9383e-16
5874.00 1.5305e-16
5875.50 1.594e-16
5877.00 2.0554e-16
5878.50 1.1669e-16
5880.00 1.2757e-16
5881.50 1.4766e-16
5883.00 1.1474e-16
5884.50 1.2804e-16
5886.00 9.1033e-17
5887.50 7.851e-17
5889.00 1.4943e-16
5890.50 1.9766e-16
5892.00 1.5857e-16
5893.50 1.3579e-16
5895.00 1.6447e-16
5896.50 1.5162e-16
5898.00 1.0822e-16
5899.50 8.7711e-17
5901.00 9.9769e-17
5902.50 1.4802e-16
5904.00 1.4454e-16
5905.50 1.4779e-16
5907.00 1.4233e-16
5908.50 1.1904e-16
5910.00 1.2999e-16
5911.50 1.3354e-16
5913.00 1.455e-16
5914.50 1.5084e-16
5916.00 1.4575e-16
5917.50 1.592e-16
5919.00 1.5861e-16
5920.50 1.3163e-16
5922.00 1.503e-16
5923.50 1.762e-16
5925.00 1.7569e-16
5926.50 1.4736e-16
5928.00 1.0915e-16
5929.50 1.5204e-16
5931.00 2.0332e-16
5932.50 1.6689e-16
5934.00 1.5543e-16
5935.50 1.6085e-16
5937.00 1.626e-16
5938.50 1.3036e-16
5940.00 1.9389e-16
5941.50 1.0949e-16
5943.00 1.108e-16
5944.50 1.4049e-16
5946.00 1.4386e-16
5947.50 1.3777e-16
5949.00 1.0631e-16
5950.50 1.1013e-16
5952.00 1.4924e-16
5953.50 1.5659e-16
5955.00 1.4103e-16
5956.50 1.2582e-16
5958.00 1.4387e-16
5959.50 1.477e-16
5961.00 1.4342e-16
5962.50 1.4461e-16
5964.00 1.1153e-16
5965.50 1.5466e-16
5967.00 1.613e-16
5968.50 1.4438e-16
5970.00 1.2948e-16
5971.50 1.2279e-16
5973.00 1.3392e-16
5974.50 1.446e-16
5976.00 1.3072e-16
5977.50 1.6022e-16
5979.00 1.7069e-16
5980.50 1.5441e-16
5982.00 1.3672e-16
5983.50 1.3702e-16
5985.00 1.7563e-16
5986.50 1.6379e-16
5988.00 1.748e-16
5989.50 1.65e-16
5991.00 1.2193e-16
5992.50 1.2957e-16
5994.00 1.4759e-16
5995.50 1.3546e-16
5997.00 1.3373e-16
5998.50 1.3229e-16
6000.00 1.4651e-16
6001.50 1.8567e-16
6003.00 1.1683e-16
6004.50 1.0685e-16
6006.00 1.1805e-16
6007.50 1.4031e-16
6009.00 1.6979e-16
6010.50 1.495e-16
6012.00 1.6271e-16
6013.50 1.4923e-16
6015.00 1.5134e-16
6016.50 5.3795e-17
6018.00 1.1647e-16
6019.50 1.7896e-16
6021.00 1.5242e-16
6022.50 1.9067e-16
6024.00 1.0896e-16
6025.50 1.5178e-16
6027.00 1.6911e-16
6028.50 1.6218e-16
6030.00 1.9345e-16
6031.50 1.4664e-16
6033.00 1.6522e-16
6034.50 1.7488e-16
6036.00 1.6352e-16
6037.50 1.6198e-16
6039.00 1.391e-16
6040.50 1.4546e-16
6042.00 1.6109e-16
6043.50 1.4229e-16
6045.00 1.3466e-16
6046.50 1.4298e-16
6048.00 1.3266e-16
6049.50 1.1796e-16
6051.00 1.1585e-16
6052.50 1.2492e-16
6054.00 1.5537e-16
6055.50 1.6443e-16
6057.00 1.4712e-16
6058.50 1.5145e-16
6060.00 1.5422e-16
6061.50 1.4533e-16
6063.00 1.7242e-16
6064.50 1.7141e-16
6066.00 1.2568e-16
6067.50 1.2416e-16
6069.00 1.3069e-16
6070.50 1.4356e-16
6072.00 1.7442e-16
6073.50 1.9999e-16
6075.00 2.0043e-16
6076.50 1.7803e-16
6078.00 2.0882e-16
6079.50 1.8499e-16
6081.00 1.3372e-16
6082.50 1.3454e-16
6084.00 1.092e-16
6085.50 1.434e-16
6087.00 1.5077e-16
6088.50 1.1703e-16
6090.00 1.214e-16
6091.50 1.3303e-16
6093.00 1.5021e-16
6094.50 1.5479e-16
6096.00 1.2628e-16
6097.50 1.2291e-16
6099.00 1.7921e-16
6100.50 1.8174e-16
6102.00 1.5865e-16
6103.50 1.7538e-16
6105.00 1.696e-16
6106.50 1.3177e-16
6108.00 1.6794e-16
6109.50 1.864e-16
6111.00 1.6472e-16
6112.50 1.5596e-16
6114.00 1.4787e-16
6115.50 1.337e-16
6117.00 1.2705e-16
6118.50 1.392e-16
6120.00 1.8181e-16
6121.50 1.6271e-16
6123.00 1.3969e-16
6124.50 1.3902e-16
6126.00 1.3736e-16
6127.50 1.6038e-16
6129.00 1.5719e-16
6130.50 1.4251e-16
6132.00 1.64e-16
6133.50 1.4303e-16
6135.00 1.3057e-16
6136.50 1.7637e-16
6138.00 1.5356e-16
6139.50 1.7502e-16
6141.00 1.6674e-16
6142.50 1.5399e-16
6144.00 1.832e-16
6145.50 1.9709e-16
6147.00 2.0266e-16
6148.50 2.0361e-16
6150.00 1.4416e-16
6151.50 1.2827e-16
6153.00 1.2457e-16
6154.50 1.2087e-16
6156.00 1.1717e-16
6157.50 1.1347e-16
6159.00 1.0977e-16
6160.50 1.0607e-16
6162.00 1.0607e-16
6163.50 1.383e-16
6165.00 1.3665e-16
6166.50 9.4219e-17
6168.00 1.4125e-16
6169.50 9.8916e-17
6171.00 1.3799e-16
6172.50 1.5577e-16
6174.00 1.4793e-16
6175.50 1.4622e-16
6177.00 1.4076e-16
6178.50 1.536e-16
6180.00 1.7675e-16
6181.50 1.8588e-16
6183.00 1.7452e-16
6184.50 1.7468e-16
6186.00 1.6935e-16
6187.50 1.4116e-16
6189.00 1.5608e-16
6190.50 1.4841e-16
6192.00 1.4658e-16
6193.50 1.4573e-16
6195.00 1.7124e-16
6196.50 1.9141e-16
6198.00 1.4667e-16
6199.50 1.321e-16
6201.00 1.6228e-16
6202.50 1.5177e-16
6204.00 1.5373e-16
6205.50 1.3112e-16
6207.00 1.3839e-16
6208.50 1.6685e-16
6210.00 1.8096e-16
6211.50 1.5657e-16
6213.00 1.3717e-16
6214.50 1.2072e-16
6216.00 1.6221e-16
6217.50 1.645e-16
6219.00 1.1109e-16
6220.50 1.3e-16
6222.00 1.6457e-16
6223.50 1.6789e-16
6225.00 1.6023e-16
6226.50 1.5542e-16
6228.00 1.5844e-16
6229.50 1.1528e-16
6231.00 1.3274e-16
6232.50 1.3694e-16
6234.00 1.7331e-16
6235.50 1.5222e-16
6237.00 1.2326e-16
6238.50 1.1163e-16
6240.00 1.3055e-16
6241.50 1.2602e-16
6243.00 1.3836e-16
6244.50 1.4292e-16
6246.00 1.2467e-16
6247.50 1.3944e-16
6249.00 1.4334e-16
6250.50 1.414e-16
6252.00 1.4408e-16
6253.50 1.4676e-16
6255.00 1.4944e-16
6256.50 1.5212e-16
6258.00 1.548e-16
6259.50 1.548e-16
6261.00 1.6981e-16
6262.50 1.4406e-16
6264.00 1.123e-16
6265.50 1.2564e-16
6267.00 1.5413e-16
6268.50 1.4602e-16
6270.00 1.3212e-16
6271.50 1.4996e-16
6273.00 1.5286e-16
6274.50 1.3092e-16
6276.00 1.3424e-16
6277.50 1.4308e-16
6279.00 1.2958e-16
6280.50 1.3984e-16
6282.00 1.6547e-16
6283.50 1.5586e-16
6285.00 1.2056e-16
6286.50 1.294e-16
6288.00 1.4726e-16
6289.50 1.6487e-16
6291.00 1.5862e-16
6292.50 1.5254e-16
6294.00 1.6132e-16
6295.50 1.3178e-16
6297.00 1.4469e-16
6298.50 1.8989e-16
6300.00 1.4424e-16
6301.50 1.6425e-16
6303.00 1.5341e-16
6304.50 1.3817e-16
6306.00 1.3564e-16
6307.50 1.5273e-16
6309.00 1.7946e-16
6310.50 9.908e-17
6312.00 1.0875e-16
6313.50 1.5213e-16
6315.00 1.6087e-16
6316.50 1.4397e-16
6318.00 1.3044e-16
6319.50 1.5365e-16
6321.00 1.6792e-16
6322.50 1.6932e-16
6324.00 1.7491e-16
6325.50 1.6551e-16
6327.00 1.3941e-16
6328.50 1.3522e-16
6330.00 1.3192e-16
6331.50 1.4681e-16
6333.00 1.6526e-16
6334.50 1.8287e-16
6336.00 1.3541e-16
6337.50 1.124e-16
6339.00 1.2082e-16
6340.50 1.3159e-16
6342.00 1.6489e-16
6343.50 1.8037e-16
6345.00 1.9379e-16
6346.50 1.6651e-16
6348.00 1.3232e-16
6349.50 1.1603e-16
6351.00 1.3619e-16
6352.50 1.7751e-16
6354.00 1.6329e-16
6355.50 1.3702e-16
6357.00 1.445e-16
6358.50 1.4279e-16
6360.00 1.4058e-16
6361.50 1.7034e-16
6363.00 1.8905e-16
6364.50 1.8824e-16
6366.00 1.3667e-16
6367.50 1.1956e-16
6369.00 1.428e-16
6370.50 1.4143e-16
6372.00 1.3772e-16
6373.50 1.0831e-16
6375.00 1.25e-16
6376.50 1.8084e-16
6378.00 1.8294e-16
6379.50 1.5719e-16
6381.00 1.5623e-16
6382.50 1.5297e-16
6384.00 1.0834e-16
6385.50 8.9064e-17
6387.00 1.0833e-16
6388.50 1.5473e-16
6390.00 1.8047e-16
6391.50 1.3253e-16
6393.00 1.6896e-16
6394.50 1.7655e-16
6396.00 1.7266e-16
6397.50 1.4748e-16
6399.00 1.5114e-16
6400.50 1.3734e-16
6402.00 1.4131e-16
6403.50 1.455e-16
6405.00 1.3826e-16
6406.50 1.4066e-16
6408.00 1.4882e-16
6409.50 1.6752e-16
6411.00 1.4939e-16
6412.50 1.2205e-16
6414.00 1.3182e-16
6415.50 1.3174e-16
6417.00 9.9778e-17
6418.50 1.0293e-16
6420.00 1.2009e-16
6421.50 1.5649e-16
6423.00 1.4929e-16
6424.50 1.5499e-16
6426.00 1.5824e-16
6427.50 1.6826e-16
6429.00 1.7521e-16
6430.50 1.7539e-16
6432.00 1.4212e-16
6433.50 1.2601e-16
6435.00 1.2197e-16
6436.50 1.2285e-16
6438.00 1.4529e-16
6439.50 1.2492e-16
6441.00 1.321e-16
6442.50 1.9984e-16
6444.00 1.7002e-16
6445.50 1.6933e-16
6447.00 1.9327e-16
6448.50 1.8714e-16
6450.00 1.3238e-16
6451.50 1.6868e-16
6453.00 1.556e-16
6454.50 1.6493e-16
6456.00 1.783e-16
6457.50 1.9526e-16
6459.00 1.8634e-16
6460.50 1.5743e-16
6462.00 1.2169e-16
6463.50 1.2043e-16
6465.00 1.3677e-16
6466.50 1.3539e-16
6468.00 1.4184e-16
6469.50 1.2731e-16
6471.00 1.5225e-16
6472.50 1.5922e-16
6474.00 1.4547e-16
6475.50 1.7313e-16
6477.00 1.7256e-16
6478.50 1.572e-16
6480.00 1.57e-16
6481.50 1.4771e-16
6483.00 1.1638e-16
6484.50 1.0198e-16
6486.00 1.2992e-16
6487.50 1.2197e-16
6489.00 1.0898e-16
6490.50 1.2743e-16
6492.00 1.337e-16
6493.50 1.2436e-16
6495.00 9.9998e-17
6496.50 9.0186e-17
6498.00 1.1442e-16
6499.50 1.2265e-16
6501.00 1.0546e-16
6502.50 1.281e-16
6504.00 1.6644e-16
6505.50 1.4213e-16
6507.00 1.6317e-16
6508.50 1.9635e-16
6510.00 1.7987e-16
6511.50 1.5373e-16
6513.00 1.4473e-16
6514.50 1.3153e-16
6516.00 1.6676e-16
6517.50 1.8516e-16
6519.00 1.7502e-16
6520.50 1.3926e-16
6522.00 1.3069e-16
6523.50 1.4505e-16
6525.00 1.4088e-16
6526.50 1.3282e-16
6528.00 2.0833e-16
6529.50 1.7807e-16
6531.00 1.7354e-16
6532.50 1.4213e-16
6534.00 1.4786e-16
6535.50 1.5852e-16
6537.00 1.4395e-16
6538.50 1.9434e-16
6540.00 1.8934e-16
6541.50 1.6298e-16
6543.00 1.2578e-16
6544.50 1.2688e-16
6546.00 1.7053e-16
6547.50 1.7753e-16
6549.00 1.7775e-16
6550.50 1.7776e-16
6552.00 1.6167e-16
6553.50 1.1487e-16
6555.00 1.1224e-16
6556.50 1.4424e-16
6558.00 1.4723e-16
6559.50 1.1755e-16
6561.00 1.2175e-16
6562.50 1.2705e-16
6564.00 1.1712e-16
6565.50 1.2757e-16
6567.00 1.4287e-16
6568.50 1.5695e-16
6570.00 1.4404e-16
6571.50 1.5342e-16
6573.00 1.6897e-16
6574.50 1.9411e-16
6576.00 1.7709e-16
6577.50 1.9513e-16
6579.00 2.001e-16
6580.50 1.5146e-16
6582.00 1.7195e-16
6583.50 2.175e-16
6585.00 1.8516e-16
6586.50 1.8664e-16
6588.00 1.5294e-16
6589.50 1.9779e-16
6591.00 1.5285e-16
6592.50 9.7023e-17
6594.00 1.1856e-16
6595.50 1.4783e-16
6597.00 1.2943e-16
6598.50 1.1717e-16
6600.00 1.6577e-16
6601.50 1.5206e-16
6603.00 1.5903e-16
6604.50 1.357e-16
6606.00 1.1663e-16
6607.50 1.194e-16
6609.00 1.5616e-16
6610.50 1.242e-16
6612.00 1.2011e-16
6613.50 1.3152e-16
6615.00 1.611e-16
6616.50 1.6275e-16
6618.00 1.3903e-16
6619.50 1.386e-16
6621.00 1.5801e-16
6622.50 1.6428e-16
6624.00 1.3695e-16
6625.50 1.2552e-16
6627.00 1.3331e-16
6628.50 1.7178e-16
6630.00 1.6917e-16
6631.50 1.5942e-16
6633.00 1.7735e-16
6634.50 1.4728e-16
6636.00 1.4736e-16
6637.50 1.7621e-16
6639.00 1.73e-16
6640.50 1.7767e-16
6642.00 1.8404e-16
6643.50 1.3399e-16
6645.00 1.3094e-16
6646.50 1.5453e-16
6648.00 1.5271e-16
6649.50 1.708e-16
6651.00 2.2654e-16
6652.50 2.0839e-16
6654.00 1.4478e-16
6655.50 1.4332e-16
6657.00 1.7549e-16
6658.50 1.6902e-16
6660.00 1.7712e-16
6661.50 1.74e-16
6663.00 1.6499e-16
6664.50 1.4416e-16
6666.00 1.4442e-16
6667.50 1.4362e-16
6669.00 1.6473e-16
6670.50 1.6304e-16
6672.00 1.2736e-16
6673.50 1.5334e-16
6675.00 1.4548e-16
6676.50 1.3434e-16
6678.00 1.7933e-16
6679.50 1.5856e-16
6681.00 1.2095e-16
6682.50 1.3595e-16
6684.00 1.5532e-16
6685.50 1.5716e-16
6687.00 1.9394e-16
6688.50 2.0393e-16
6690.00 1.9007e-16
6691.50 1.7178e-16
6693.00 1.4947e-16
6694.50 1.4877e-16
6696.00 1.6872e-16
6697.50 1.5756e-16
6699.00 1.3619e-16
6700.50 1.3353e-16
6702.00 1.5148e-16
6703.50 1.9507e-16
6705.00 1.8257e-16
6706.50 1.633e-16
6708.00 1.8664e-16
6709.50 1.8173e-16
6711.00 1.4688e-16
6712.50 1.4159e-16
6714.00 1.4508e-16
6715.50 1.3118e-16
6717.00 1.1919e-16
6718.50 1.2299e-16
6720.00 1.4535e-16
6721.50 1.8042e-16
6723.00 2.0251e-16
6724.50 1.8226e-16
6726.00 1.5283e-16
6727.50 1.7345e-16
6729.00 2.2347e-16
6730.50 1.863e-16
6732.00 1.4996e-16
6733.50 1.3331e-16
6735.00 1.3568e-16
6736.50 1.0273e-16
6738.00 1.0603e-16
6739.50 1.4721e-16
6741.00 1.5196e-16
6742.50 1.5012e-16
6744.00 1.6902e-16
6745.50 1.3228e-16
6747.00 1.7105e-16
6748.50 1.9038e-16
6750.00 1.5972e-16
6751.50 1.6398e-16
6753.00 1.6168e-16
6754.50 1.2772e-16
6756.00 1.3355e-16
6757.50 1.6796e-16
6759.00 1.4616e-16
6760.50 1.5532e-16
6762.00 1.7176e-16
6763.50 1.6522e-16
6765.00 1.4963e-16
6766.50 1.2363e-16
6768.00 1.3656e-16
6769.50 1.9389e-16
6771.00 1.9938e-16
6772.50 1.687e-16
6774.00 1.7366e-16
6775.50 1.7417e-16
6777.00 1.4786e-16
6778.50 1.3017e-16
6780.00 1.5112e-16
6781.50 1.7871e-16
6783.00 1.6486e-16
6784.50 1.3886e-16
6786.00 1.7561e-16
6787.50 1.5897e-16
6789.00 1.8453e-16
6790.50 1.5405e-16
6792.00 1.3268e-16
6793.50 1.3972e-16
6795.00 1.5076e-16
6796.50 1.6114e-16
6798.00 1.7244e-16
6799.50 1.4981e-16
6801.00 1.5252e-16
6802.50 1.6593e-16
6804.00 1.5988e-16
6805.50 1.5161e-16
6807.00 1.5985e-16
6808.50 1.1827e-16
6810.00 1.8042e-16
6811.50 1.4905e-16
6813.00 1.8668e-16
6814.50 1.5358e-16
6816.00 1.9216e-16
6817.50 1.8371e-16
6819.00 1.6399e-16
6820.50 1.5944e-16
6822.00 1.4519e-16
6823.50 1.5448e-16
6825.00 1.5962e-16
6826.50 1.7575e-16
6828.00 1.5165e-16
6829.50 1.7567e-16
6831.00 1.7144e-16
6832.50 1.5971e-16
6834.00 1.2934e-16
6835.50 1.5548e-16
6837.00 1.6792e-16
6838.50 1.7683e-16
6840.00 1.6584e-16
6841.50 1.5101e-16
6843.00 1.7298e-16
6844.50 1.663e-16
6846.00 1.7347e-16
6847.50 2.0213e-16
6849.00 1.9255e-16
6850.50 1.8715e-16
6852.00 1.9229e-16
6853.50 1.4705e-16
6855.00 1.5384e-16
6856.50 1.6791e-16
6858.00 1.4587e-16
6859.50 1.4922e-16
6861.00 1.5015e-16
6862.50 1.4063e-16
6864.00 1.796e-16
6865.50 2.107e-16
6867.00 9.9996e-17
6868.50 6.6537e-17
6870.00 1.0656e-16
6871.50 1.6786e-16
6873.00 1.7807e-16
6874.50 1.7321e-16
6876.00 1.4768e-16
6877.50 1.1085e-16
6879.00 1.0316e-16
6880.50 1.0022e-16
6882.00 1.1452e-16
6883.50 1.2008e-16
6885.00 1.5139e-16
6886.50 1.5117e-16
6888.00 1.4215e-16
6889.50 1.2996e-16
6891.00 1.1621e-16
6892.50 1.3804e-16
6894.00 1.7607e-16
6895.50 1.5428e-16
6897.00 1.3282e-16
6898.50 1.4921e-16
6900.00 1.8824e-16
6901.50 1.7097e-16
6903.00 1.141e-16
6904.50 1.223e-16
6906.00 1.7301e-16
6907.50 1.535e-16
6909.00 1.3146e-16
6910.50 1.5171e-16
6912.00 1.7156e-16
6913.50 1.6192e-16
6915.00 1.4055e-16
6916.50 1.2136e-16
6918.00 1.2177e-16
6919.50 1.2015e-16
6921.00 1.52e-16
6922.50 1.5767e-16
6924.00 1.2883e-16
6925.50 1.3362e-16
6927.00 1.3824e-16
6928.50 1.329e-16
6930.00 1.6513e-16
6931.50 1.8243e-16
6933.00 1.6397e-16
6934.50 1.8507e-16
6936.00 1.8155e-16
6937.50 1.3705e-16
6939.00 1.372e-16
6940.50 1.6581e-16
6942.00 1.689e-16
6943.50 1.5765e-16
6945.00 1.4977e-16
6946.50 1.8115e-16
6948.00 1.913e-16
6949.50 1.5686e-16
6951.00 1.5783e-16
6952.50 1.588e-16
6954.00 1.5976e-16
6955.50 1.6073e-16
6957.00 1.617e-16
6958.50 1.6267e-16
6960.00 1.6363e-16
6961.50 1.646e-16
6963.00 1.646e-16
6964.50 1.7091e-16
6966.00 1.716e-16
6967.50 1.8596e-16
6969.00 1.7917e-16
6970.50 1.4531e-16
6972.00 1.7601e-16
6973.50 1.7457e-16
6975.00 1.4608e-16
6976.50 1.3507e-16
6978.00 1.4416e-16
6979.50 1.5958e-16
6981.00 1.6082e-16
6982.50 1.5473e-16
6984.00 1.6212e-16
6985.50 1.601e-16
6987.00 1.4676e-16
6988.50 1.4213e-16
6990.00 1.4913e-16
6991.50 1.795e-16
6993.00 1.6618e-16
6994.50 1.4273e-16
6996.00 1.6051e-16
6997.50 1.5511e-16
6999.00 1.5243e-16
7000.50 1.4771e-16
7002.00 1.2414e-16
7003.50 1.3961e-16
7005.00 1.3093e-16
7006.50 1.3524e-16
7008.00 1.7736e-16
7009.50 1.7809e-16
7011.00 1.5382e-16
7012.50 1.4517e-16
7014.00 1.1288e-16
7015.50 1.2851e-16
7017.00 1.2471e-16
7018.50 1.5079e-16
7020.00 1.5058e-16
7021.50 1.5111e-16
7023.00 1.7507e-16
7024.50 1.7624e-16
7026.00 1.6484e-16
7027.50 1.725e-16
7029.00 1.3628e-16
7030.50 9.1457e-17
7032.00 1.5541e-16
7033.50 1.7133e-16
7035.00 1.5421e-16
7036.50 1.338e-16
7038.00 1.4306e-16
7039.50 1.6764e-16
7041.00 2.0028e-16
7042.50 1.943e-16
7044.00 1.5445e-16
7045.50 1.3762e-16
7047.00 1.4269e-16
7048.50 1.3796e-16
7050.00 1.4994e-16
7051.50 1.6005e-16
7053.00 1.6038e-16
7054.50 1.36e-16
7056.00 1.6613e-16
7057.50 1.9676e-16
7059.00 1.5225e-16
7060.50 1.5078e-16
7062.00 1.6933e-16
7063.50 1.6047e-16
7065.00 1.6926e-16
7066.50 1.4188e-16
7068.00 1.2071e-16
7069.50 1.2959e-16
7071.00 1.4205e-16
7072.50 1.6372e-16
7074.00 1.6546e-16
7075.50 1.7727e-16
7077.00 1.5262e-16
7078.50 1.3941e-16
7080.00 1.4457e-16
7081.50 1.5673e-16
7083.00 1.6762e-16
7084.50 1.3704e-16
7086.00 1.1342e-16
7087.50 1.6853e-16
7089.00 1.8221e-16
7090.50 1.4763e-16
7092.00 1.5807e-16
7093.50 1.5328e-16
7095.00 1.3752e-16
7096.50 1.4707e-16
7098.00 1.353e-16
7099.50 1.7116e-16
7101.00 1.499e-16
7102.50 1.5486e-16
7104.00 1.5754e-16
7105.50 1.4012e-16
7107.00 1.2914e-16
7108.50 1.3996e-16
7110.00 1.283e-16
7111.50 1.5544e-16
7113.00 1.1454e-16
7114.50 1.5656e-16
7116.00 1.9728e-16
7117.50 1.9203e-16
7119.00 1.7432e-16
7120.50 1.7211e-16
7122.00 1.9491e-16
7123.50 1.9156e-16
7125.00 1.6679e-16
7126.50 1.6492e-16
7128.00 1.4951e-16
7129.50 1.5659e-16
7131.00 1.4243e-16
7132.50 1.5483e-16
7134.00 1.8022e-16
7135.50 1.6478e-16
7137.00 1.884e-16
7138.50 1.997e-16
7140.00 1.8542e-16
7141.50 1.9117e-16
7143.00 1.7588e-16
7144.50 6.9366e-17
7146.00 5.773e-17
7147.50 1.3085e-16
7149.00 1.2561e-16
7150.50 1.3465e-16
7152.00 1.5765e-16
7153.50 1.4837e-16
7155.00 1.3382e-16
7156.50 1.4969e-16
7158.00 1.2777e-16
7159.50 1.1917e-16
7161.00 1.6668e-16
7162.50 1.8433e-16
7164.00 1.4913e-16
7165.50 1.7389e-16
7167.00 1.9094e-16
7168.50 1.8249e-16
7170.00 1.8451e-16
7171.50 1.7753e-16
7173.00 1.4864e-16
7174.50 1.4389e-16
7176.00 1.4446e-16
7177.50 1.416e-16
7179.00 1.4685e-16
7180.50 1.5602e-16
7182.00 1.5854e-16
7183.50 1.645e-16
7185.00 1.6774e-16
7186.50 1.1395e-16
7188.00 1.5685e-16
7189.50 2.0924e-16
7191.00 1.3977e-16
7192.50 1.117e-16
7194.00 1.707e-16
7195.50 1.9826e-16
7197.00 1.3953e-16
7198.50 1.389e-16
7200.00 1.8229e-16
7201.50 1.7358e-16
7203.00 1.4923e-16
7204.50 1.5745e-16
7206.00 1.3953e-16
7207.50 1.1709e-16
7209.00 1.2827e-16
7210.50 1.3422e-16
7212.00 1.726e-16
7213.50 1.994e-16
7215.00 1.7188e-16
7216.50 1.2976e-16
7218.00 1.3648e-16
7219.50 1.5785e-16
7221.00 1.7051e-16
7222.50 1.8041e-16
7224.00 1.5707e-16
7225.50 1.3803e-16
7227.00 1.0901e-16
7228.50 1.0988e-16
7230.00 1.162e-16
7231.50 1.4003e-16
7233.00 1.96e-16
7234.50 1.8332e-16
7236.00 1.4626e-16
7237.50 1.4706e-16
7239.00 1.7084e-16
7240.50 1.9395e-16
7242.00 1.7218e-16
7243.50 2.16e-16
7245.00 2.2506e-16
7246.50 1.7054e-16
7248.00 1.3892e-16
7249.50 1.2611e-16
7251.00 1.7234e-16
7252.50 1.8775e-16
7254.00 1.6928e-16
7255.50 1.4241e-16
7257.00 1.2137e-16
7258.50 1.4353e-16
7260.00 1.9062e-16
7261.50 1.8969e-16
7263.00 1.734e-16
7264.50 1.5202e-16
7266.00 1.2552e-16
7267.50 1.3269e-16
7269.00 1.5061e-16
7270.50 1.3792e-16
7272.00 1.4336e-16
7273.50 1.6114e-16
7275.00 1.4163e-16
7276.50 1.394e-16
7278.00 1.2436e-16
7279.50 1.0588e-16
7281.00 1.1793e-16
7282.50 1.367e-16
7284.00 1.731e-16
7285.50 1.7267e-16
7287.00 1.4893e-16
7288.50 1.2014e-16
7290.00 1.2232e-16
7291.50 1.512e-16
7293.00 1.5581e-16
7294.50 1.4103e-16
7296.00 1.4221e-16
7297.50 1.3199e-16
7299.00 1.4931e-16
7300.50 1.7551e-16
7302.00 1.7245e-16
7303.50 1.3082e-16
7305.00 1.2718e-16
7306.50 1.4383e-16
7308.00 1.3767e-16
7309.50 1.6061e-16
7311.00 1.8745e-16
7312.50 1.8293e-16
7314.00 1.3497e-16
7315.50 1.2452e-16
7317.00 1.4181e-16
7318.50 1.9908e-16
7320.00 1.6754e-16
7321.50 1.2728e-16
7323.00 1.7633e-16
7324.50 1.7636e-16
7326.00 1.6191e-16
7327.50 1.4133e-16
7329.00 1.0491e-16
7330.50 1.1192e-16
7332.00 1.466e-16
7333.50 1.4834e-16
7335.00 1.2115e-16
7336.50 1.331e-16
7338.00 1.6357e-16
7339.50 1.4704e-16
7341.00 1.5984e-16
7342.50 1.2181e-16
7344.00 8.3441e-17
7345.50 1.4539e-16
7347.00 1.689e-16
7348.50 1.468e-16
7350.00 1.6156e-16
7351.50 1.4839e-16
7353.00 1.3558e-16
7354.50 1.549e-16
7356.00 1.5899e-16
7357.50 1.7059e-16
7359.00 1.6298e-16
7360.50 1.4086e-16
7362.00 1.4415e-16
7363.50 1.7949e-16
7365.00 1.7605e-16
7366.50 1.4025e-16
7368.00 1.1463e-16
7369.50 1.0525e-16
7371.00 1.0321e-16
7372.50 1.2695e-16
7374.00 1.5221e-16
7375.50 1.6608e-16
7377.00 1.8254e-16
7378.50 1.6755e-16
7380.00 1.5097e-16
7381.50 1.7714e-16
7383.00 1.6005e-16
7384.50 9.9512e-17
7386.00 1.2946e-16
7387.50 1.3641e-16
7389.00 1.2529e-16
7390.50 1.3691e-16
7392.00 7.838e-17
7393.50 1.0025e-16
7395.00 1.2441e-16
7396.50 1.2066e-16
7398.00 1.2744e-16
7399.50 1.4919e-16
7401.00 1.2421e-16
7402.50 1.1563e-16
7404.00 1.9691e-16
7405.50 1.8154e-16
7407.00 1.6191e-16
7408.50 1.2686e-16
7410.00 1.2993e-16
7411.50 1.344e-16
7413.00 1.3945e-16
7414.50 1.5879e-16
7416.00 1.5997e-16
7417.50 1.3472e-16
7419.00 1.549e-16
7420.50 1.7046e-16
7422.00 1.3861e-16
7423.50 1.4467e-16
7425.00 1.5402e-16
7426.50 1.354e-16
7428.00 1.4322e-16
7429.50 1.6242e-16
7431.00 1.6962e-16
7432.50 1.7453e-16
7434.00 1.5315e-16
7435.50 1.2449e-16
7437.00 1.2221e-16
7438.50 1.7122e-16
7440.00 1.7868e-16
7441.50 1.7516e-16
7443.00 1.3694e-16
7444.50 1.4361e-16
7446.00 1.4318e-16
7447.50 1.5951e-16
7449.00 1.3024e-16
7450.50 1.2537e-16
7452.00 1.7094e-16
7453.50 1.3443e-16
7455.00 1.4201e-16
7456.50 8.8117e-17
7458.00 1.1517e-16
7459.50 1.4906e-16
7461.00 1.4928e-16
7462.50 1.6182e-16
7464.00 1.1361e-16
7465.50 1.2968e-16
7467.00 1.3904e-16
7468.50 1.4495e-16
7470.00 1.4414e-16
7471.50 1.7419e-16
7473.00 1.7898e-16
7474.50 1.5406e-16
7476.00 1.3539e-16
7477.50 1.6932e-16
7479.00 1.5025e-16
7480.50 1.4333e-16
7482.00 1.1734e-16
7483.50 1.2253e-16
7485.00 1.4297e-16
7486.50 1.3314e-16
7488.00 1.2099e-16
7489.50 1.6028e-16
7491.00 1.353e-16
7492.50 1.1941e-16
7494.00 1.4178e-16
7495.50 1.2145e-16
7497.00 1.0136e-16
7498.50 1.3506e-16
7500.00 1.4681e-16
7501.50 1.2483e-16
7503.00 1.3356e-16
7504.50 1.6077e-16
7506.00 1.6011e-16
7507.50 1.3571e-16
7509.00 1.2997e-16
7510.50 1.5985e-16
7512.00 1.7612e-16
7513.50 1.6398e-16
7515.00 1.6377e-16
7516.50 1.9003e-16
7518.00 1.5996e-16
7519.50 1.7016e-16
7521.00 1.2352e-16
