50872.7 7.10571e-14 1.5755e-15 BessellB
50873.7 7.0424e-14 1.46102e-15 BessellB
50874.7 6.97445e-14 1.3499e-15 BessellB
50875.7 6.90189e-14 1.2424e-15 BessellB
50876.7 6.82477e-14 1.13876e-15 BessellB
50877.7 6.74314e-14 1.0392e-15 BessellB
50878.7 6.6571e-14 9.43922e-16 BessellB
50879.7 6.56674e-14 8.53124e-16 BessellB
50880.7 6.4722e-14 7.66966e-16 BessellB
50881.7 6.37362e-14 6.85593e-16 BessellB
50882.7 6.27117e-14 6.09131e-16 BessellB
50883.7 6.16502e-14 5.37687e-16 BessellB
50884.7 6.05538e-14 4.71355e-16 BessellB
50885.7 5.94248e-14 4.10222e-16 BessellB
50886.7 5.82653e-14 3.54373e-16 BessellB
50887.7 5.70779e-14 3.03911e-16 BessellB
50888.7 5.58653e-14 2.58964e-16 BessellB
50889.7 5.463e-14 2.1971e-16 BessellB
50890.7 5.33748e-14 1.86388e-16 BessellB
50891.7 5.21027e-14 1.59278e-16 BessellB
50892.7 5.08165e-14 1.38619e-16 BessellB
50893.7 4.95191e-14 1.24407e-16 BessellB
50894.7 4.82133e-14 1.16146e-16 BessellB
50895.7 4.69022e-14 1.12743e-16 BessellB
50896.7 4.55885e-14 1.12735e-16 BessellB
50897.7 4.4275e-14 1.14672e-16 BessellB
50898.7 4.29644e-14 1.17398e-16 BessellB
50899.7 4.16593e-14 1.20113e-16 BessellB
50900.7 4.03623e-14 1.22325e-16 BessellB
50901.7 3.90757e-14 1.23761e-16 BessellB
50902.7 3.78018e-14 1.24299e-16 BessellB
50903.7 3.65427e-14 1.23909e-16 BessellB
50904.7 3.53004e-14 1.22623e-16 BessellB
50905.7 3.40767e-14 1.20511e-16 BessellB
50906.7 3.28732e-14 1.1766e-16 BessellB
50907.7 3.16915e-14 1.14171e-16 BessellB
50908.7 3.05329e-14 1.10144e-16 BessellB
50909.7 2.93986e-14 1.05683e-16 BessellB
50910.7 2.82896e-14 1.00885e-16 BessellB
50911.7 2.72069e-14 9.58403e-17 BessellB
50912.7 2.61512e-14 9.06344e-17 BessellB
50913.7 2.5123e-14 8.53436e-17 BessellB
50914.7 2.41229e-14 8.00369e-17 BessellB
50915.7 2.31511e-14 7.47752e-17 BessellB
50916.7 2.2208e-14 6.96118e-17 BessellB
50917.7 2.12937e-14 6.45927e-17 BessellB
50918.7 2.0408e-14 5.97575e-17 BessellB
50919.7 1.95511e-14 5.51394e-17 BessellB
50920.7 1.87226e-14 5.0766e-17 BessellB
50921.7 1.79224e-14 4.66599e-17 BessellB
50922.7 1.71501e-14 4.28389e-17 BessellB
50923.7 1.64054e-14 3.93168e-17 BessellB
50924.7 1.56878e-14 3.61032e-17 BessellB
50925.7 1.49968e-14 3.32037e-17 BessellB
50926.7 1.43319e-14 3.06198e-17 BessellB
50927.7 1.36926e-14 2.83485e-17 BessellB
50928.7 1.30781e-14 2.63821e-17 BessellB
50929.7 1.2488e-14 2.47073e-17 BessellB
50930.7 1.19216e-14 2.33056e-17 BessellB
50931.7 1.13781e-14 2.21533e-17 BessellB
50932.7 1.0857e-14 2.12225e-17 BessellB
50933.7 1.03576e-14 2.04823e-17 BessellB
50934.7 9.87909e-15 1.99009e-17 BessellB
50935.7 9.42091e-15 1.94469e-17 BessellB
50936.7 8.98234e-15 1.90912e-17 BessellB
50937.7 8.56271e-15 1.88079e-17 BessellB
50938.7 8.16135e-15 1.85746e-17 BessellB
50939.7 7.7776e-15 1.8373e-17 BessellB
50940.7 7.41081e-15 1.81884e-17 BessellB
50941.7 7.06033e-15 1.80094e-17 BessellB
50942.7 6.72554e-15 1.78277e-17 BessellB
50943.7 6.40582e-15 1.76371e-17 BessellB
50944.7 6.10059e-15 1.74335e-17 BessellB
50945.7 5.80925e-15 1.72144e-17 BessellB
50946.7 5.53124e-15 1.69785e-17 BessellB
50947.7 5.26601e-15 1.67254e-17 BessellB
50948.7 5.01303e-15 1.64553e-17 BessellB
50949.7 4.77177e-15 1.61692e-17 BessellB
50950.7 4.54174e-15 1.58682e-17 BessellB
50951.7 4.32246e-15 1.55536e-17 BessellB
50952.7 4.11345e-15 1.52271e-17 BessellB
50953.7 3.91427e-15 1.48903e-17 BessellB
50954.7 3.72449e-15 1.45448e-17 BessellB
50955.7 3.54368e-15 1.41922e-17 BessellB
50956.7 3.37145e-15 1.38342e-17 BessellB
50957.7 3.20741e-15 1.34723e-17 BessellB
50958.7 3.05119e-15 1.31078e-17 BessellB
50959.7 2.90243e-15 1.27421e-17 BessellB
50960.7 2.76079e-15 1.23764e-17 BessellB
50961.7 2.62594e-15 1.20118e-17 BessellB
50962.7 2.49758e-15 1.16494e-17 BessellB
50963.7 2.3754e-15 1.129e-17 BessellB
50964.7 2.2591e-15 1.09345e-17 BessellB
50965.7 2.14843e-15 1.05836e-17 BessellB
50966.7 2.04311e-15 1.0238e-17 BessellB
50967.7 1.94289e-15 9.89808e-18 BessellB
50968.7 1.84753e-15 9.56446e-18 BessellB
50969.7 1.7568e-15 9.23751e-18 BessellB
50970.7 1.67048e-15 8.91756e-18 BessellB
50971.7 1.58837e-15 8.60488e-18 BessellB
50972.7 1.51025e-15 8.2997e-18 BessellB
50973.7 1.43595e-15 8.00219e-18 BessellB
50974.7 1.36527e-15 7.71246e-18 BessellB
50975.7 1.29804e-15 7.43061e-18 BessellB
50976.7 1.2341e-15 7.15667e-18 BessellB
50977.7 1.1733e-15 6.89066e-18 BessellB
50978.7 1.11546e-15 6.63257e-18 BessellB
50979.7 1.06047e-15 6.38234e-18 BessellB
50980.7 1.00817e-15 6.13991e-18 BessellB
50981.7 9.58431e-16 5.90521e-18 BessellB
50982.7 9.11137e-16 5.67812e-18 BessellB
50983.7 8.66167e-16 5.45852e-18 BessellB
50984.7 8.23407e-16 5.24629e-18 BessellB
50985.7 7.82749e-16 5.04129e-18 BessellB
50986.7 7.4409e-16 4.84336e-18 BessellB
50987.7 7.07335e-16 4.65235e-18 BessellB
50883.1 1.72504e-14 3.94199e-16 BessellI
50884.1 1.72438e-14 3.70251e-16 BessellI
50885.1 1.72263e-14 3.46733e-16 BessellI
50886.1 1.71976e-14 3.23711e-16 BessellI
50887.1 1.71578e-14 3.01245e-16 BessellI
50888.1 1.71066e-14 2.79396e-16 BessellI
50889.1 1.70439e-14 2.58221e-16 BessellI
50890.1 1.69697e-14 2.37775e-16 BessellI
50891.1 1.68841e-14 2.18112e-16 BessellI
50892.1 1.67869e-14 1.99278e-16 BessellI
50893.1 1.66785e-14 1.81322e-16 BessellI
50894.1 1.65587e-14 1.64285e-16 BessellI
50895.1 1.64279e-14 1.48207e-16 BessellI
50896.1 1.62862e-14 1.33127e-16 BessellI
50897.1 1.61339e-14 1.1908e-16 BessellI
50898.1 1.59712e-14 1.061e-16 BessellI
50899.1 1.57985e-14 9.42229e-17 BessellI
50900.1 1.56161e-14 8.34829e-17 BessellI
50901.1 1.54245e-14 7.39147e-17 BessellI
50902.1 1.52241e-14 6.55516e-17 BessellI
50903.1 1.50152e-14 5.84201e-17 BessellI
50904.1 1.47985e-14 5.25308e-17 BessellI
50905.1 1.45744e-14 4.78646e-17 BessellI
50906.1 1.43434e-14 4.43575e-17 BessellI
50907.1 1.4106e-14 4.18911e-17 BessellI
50908.1 1.38629e-14 4.02972e-17 BessellI
50909.1 1.36146e-14 3.93771e-17 BessellI
50910.1 1.33617e-14 3.89284e-17 BessellI
50911.1 1.31046e-14 3.87688e-17 BessellI
50912.1 1.28441e-14 3.87493e-17 BessellI
50913.1 1.25806e-14 3.87573e-17 BessellI
50914.1 1.23147e-14 3.87137e-17 BessellI
50915.1 1.20469e-14 3.8567e-17 BessellI
50916.1 1.17778e-14 3.82872e-17 BessellI
50917.1 1.15079e-14 3.78603e-17 BessellI
50918.1 1.12377e-14 3.72839e-17 BessellI
50919.1 1.09677e-14 3.65637e-17 BessellI
50920.1 1.06983e-14 3.57111e-17 BessellI
50921.1 1.04299e-14 3.47411e-17 BessellI
50922.1 1.0163e-14 3.36708e-17 BessellI
50923.1 9.89802e-15 3.25188e-17 BessellI
50924.1 9.63522e-15 3.13039e-17 BessellI
50925.1 9.37498e-15 3.00448e-17 BessellI
50926.1 9.11761e-15 2.87596e-17 BessellI
50927.1 8.8634e-15 2.74656e-17 BessellI
50928.1 8.61262e-15 2.61793e-17 BessellI
50929.1 8.3655e-15 2.49156e-17 BessellI
50930.1 8.12225e-15 2.36884e-17 BessellI
50931.1 7.88308e-15 2.25102e-17 BessellI
50932.1 7.64814e-15 2.13917e-17 BessellI
50933.1 7.41758e-15 2.03424e-17 BessellI
50934.1 7.19154e-15 1.93699e-17 BessellI
50935.1 6.97012e-15 1.84801e-17 BessellI
50936.1 6.7534e-15 1.76769e-17 BessellI
50937.1 6.54146e-15 1.69622e-17 BessellI
50938.1 6.33435e-15 1.6336e-17 BessellI
50939.1 6.1321e-15 1.57962e-17 BessellI
50940.1 5.93475e-15 1.53389e-17 BessellI
50941.1 5.7423e-15 1.49584e-17 BessellI
50942.1 5.55475e-15 1.4648e-17 BessellI
50943.1 5.37208e-15 1.43997e-17 BessellI
50944.1 5.19428e-15 1.42053e-17 BessellI
50945.1 5.0213e-15 1.40563e-17 BessellI
50946.1 4.8531e-15 1.39444e-17 BessellI
50947.1 4.68963e-15 1.3862e-17 BessellI
50948.1 4.53084e-15 1.38019e-17 BessellI
50949.1 4.37666e-15 1.37578e-17 BessellI
50950.1 4.22703e-15 1.37243e-17 BessellI
50951.1 4.08186e-15 1.36966e-17 BessellI
50952.1 3.94107e-15 1.3671e-17 BessellI
50953.1 3.8046e-15 1.36442e-17 BessellI
50954.1 3.67234e-15 1.36138e-17 BessellI
50955.1 3.54422e-15 1.35779e-17 BessellI
50956.1 3.42014e-15 1.35349e-17 BessellI
50957.1 3.30001e-15 1.34839e-17 BessellI
50958.1 3.18375e-15 1.34242e-17 BessellI
50959.1 3.07125e-15 1.33554e-17 BessellI
50960.1 2.96242e-15 1.32774e-17 BessellI
50961.1 2.85718e-15 1.31902e-17 BessellI
50962.1 2.75541e-15 1.30939e-17 BessellI
50963.1 2.65704e-15 1.29889e-17 BessellI
50964.1 2.56197e-15 1.28756e-17 BessellI
50965.1 2.4701e-15 1.27544e-17 BessellI
50966.1 2.38135e-15 1.26257e-17 BessellI
50967.1 2.29563e-15 1.24902e-17 BessellI
50968.1 2.21284e-15 1.23484e-17 BessellI
50969.1 2.13289e-15 1.22008e-17 BessellI
50970.1 2.05571e-15 1.20479e-17 BessellI
50971.1 1.98121e-15 1.18903e-17 BessellI
50972.1 1.90931e-15 1.17285e-17 BessellI
50973.1 1.83991e-15 1.1563e-17 BessellI
50974.1 1.77295e-15 1.13942e-17 BessellI
50975.1 1.70835e-15 1.12227e-17 BessellI
50976.1 1.64603e-15 1.10489e-17 BessellI
50977.1 1.58591e-15 1.08731e-17 BessellI
50978.1 1.52793e-15 1.06957e-17 BessellI
50979.1 1.47201e-15 1.05172e-17 BessellI
50980.1 1.41809e-15 1.03377e-17 BessellI
50981.1 1.36609e-15 1.01578e-17 BessellI
50982.1 1.31596e-15 9.9775e-18 BessellI
50983.1 1.26763e-15 9.79724e-18 BessellI
50984.1 1.22104e-15 9.61723e-18 BessellI
50985.1 1.17613e-15 9.43768e-18 BessellI
50986.1 1.13284e-15 9.2588e-18 BessellI
50987.1 1.09112e-15 9.08078e-18 BessellI
50871 2.01662e-14 6.63052e-16 BessellR
50872 2.07549e-14 6.34465e-16 BessellR
50873 2.13346e-14 6.04098e-16 BessellR
50874 2.19023e-14 5.72143e-16 BessellR
50875 2.24551e-14 5.38826e-16 BessellR
50876 2.29898e-14 5.04402e-16 BessellR
50877 2.35034e-14 4.69156e-16 BessellR
50878 2.39927e-14 4.33395e-16 BessellR
50879 2.44548e-14 3.97448e-16 BessellR
50880 2.48866e-14 3.61662e-16 BessellR
50881 2.52853e-14 3.26395e-16 BessellR
50882 2.56484e-14 2.92016e-16 BessellR
50883 2.59733e-14 2.58899e-16 BessellR
50884 2.62579e-14 2.27426e-16 BessellR
50885 2.65004e-14 1.97985e-16 BessellR
50886 2.66992e-14 1.70981e-16 BessellR
50887 2.68534e-14 1.46835e-16 BessellR
50888 2.6962e-14 1.2599e-16 BessellR
50889 2.70247e-14 1.08884e-16 BessellR
50890 2.70416e-14 9.58694e-17 BessellR
50891 2.70131e-14 8.705e-17 BessellR
50892 2.69399e-14 8.21041e-17 BessellR
50893 2.68233e-14 8.0252e-17 BessellR
50894 2.66646e-14 8.04596e-17 BessellR
50895 2.64657e-14 8.17298e-17 BessellR
50896 2.62286e-14 8.32849e-17 BessellR
50897 2.59556e-14 8.46037e-17 BessellR
50898 2.56489e-14 8.53798e-17 BessellR
50899 2.53112e-14 8.54633e-17 BessellR
50900 2.49451e-14 8.48107e-17 BessellR
50901 2.45532e-14 8.34466e-17 BessellR
50902 2.41384e-14 8.14389e-17 BessellR
50903 2.37032e-14 7.88799e-17 BessellR
50904 2.32503e-14 7.58749e-17 BessellR
50905 2.27823e-14 7.25329e-17 BessellR
50906 2.23017e-14 6.89617e-17 BessellR
50907 2.18107e-14 6.52634e-17 BessellR
50908 2.13117e-14 6.15317e-17 BessellR
50909 2.08068e-14 5.78504e-17 BessellR
50910 2.02979e-14 5.4292e-17 BessellR
50911 1.97868e-14 5.0917e-17 BessellR
50912 1.92753e-14 4.77733e-17 BessellR
50913 1.87647e-14 4.48958e-17 BessellR
50914 1.82567e-14 4.23063e-17 BessellR
50915 1.77523e-14 4.00138e-17 BessellR
50916 1.72526e-14 3.80151e-17 BessellR
50917 1.67588e-14 3.62961e-17 BessellR
50918 1.62716e-14 3.48338e-17 BessellR
50919 1.57917e-14 3.35986e-17 BessellR
50920 1.53199e-14 3.2557e-17 BessellR
50921 1.48567e-14 3.16744e-17 BessellR
50922 1.44025e-14 3.09174e-17 BessellR
50923 1.39577e-14 3.02554e-17 BessellR
50924 1.35227e-14 2.96615e-17 BessellR
50925 1.30976e-14 2.91136e-17 BessellR
50926 1.26826e-14 2.85937e-17 BessellR
50927 1.22779e-14 2.80883e-17 BessellR
50928 1.18835e-14 2.75876e-17 BessellR
50929 1.14994e-14 2.70851e-17 BessellR
50930 1.11257e-14 2.65768e-17 BessellR
50931 1.07622e-14 2.60611e-17 BessellR
50932 1.0409e-14 2.55376e-17 BessellR
50933 1.00659e-14 2.50077e-17 BessellR
50934 9.73271e-15 2.44733e-17 BessellR
50935 9.40939e-15 2.39369e-17 BessellR
50936 9.09576e-15 2.34015e-17 BessellR
50937 8.79163e-15 2.28701e-17 BessellR
50938 8.49683e-15 2.23458e-17 BessellR
50939 8.21117e-15 2.18313e-17 BessellR
50940 7.93444e-15 2.13295e-17 BessellR
50941 7.66643e-15 2.08426e-17 BessellR
50942 7.40695e-15 2.03728e-17 BessellR
50943 7.15578e-15 1.99216e-17 BessellR
50944 6.9127e-15 1.94905e-17 BessellR
50945 6.67751e-15 1.90802e-17 BessellR
50946 6.44998e-15 1.86915e-17 BessellR
50947 6.22991e-15 1.83244e-17 BessellR
50948 6.01708e-15 1.79789e-17 BessellR
50949 5.81128e-15 1.76546e-17 BessellR
50950 5.61232e-15 1.73508e-17 BessellR
50951 5.41998e-15 1.70666e-17 BessellR
50952 5.23406e-15 1.68009e-17 BessellR
50953 5.05437e-15 1.65525e-17 BessellR
50954 4.88073e-15 1.63202e-17 BessellR
50955 4.71293e-15 1.61025e-17 BessellR
50956 4.55079e-15 1.58981e-17 BessellR
50957 4.39414e-15 1.57055e-17 BessellR
50958 4.2428e-15 1.55233e-17 BessellR
50959 4.0966e-15 1.53502e-17 BessellR
50960 3.95538e-15 1.51849e-17 BessellR
50961 3.81896e-15 1.50261e-17 BessellR
50962 3.6872e-15 1.48728e-17 BessellR
50963 3.55993e-15 1.47238e-17 BessellR
50964 3.43702e-15 1.45783e-17 BessellR
50965 3.31832e-15 1.44353e-17 BessellR
50966 3.20368e-15 1.42941e-17 BessellR
50967 3.09298e-15 1.41541e-17 BessellR
50968 2.98607e-15 1.40145e-17 BessellR
50969 2.88284e-15 1.3875e-17 BessellR
50970 2.78316e-15 1.3735e-17 BessellR
50971 2.68691e-15 1.35943e-17 BessellR
50972 2.59397e-15 1.34524e-17 BessellR
50973 2.50423e-15 1.33093e-17 BessellR
50974 2.41758e-15 1.31646e-17 BessellR
50975 2.33392e-15 1.30183e-17 BessellR
50976 2.25314e-15 1.28703e-17 BessellR
50977 2.17515e-15 1.27206e-17 BessellR
50978 2.09986e-15 1.2569e-17 BessellR
50979 2.02716e-15 1.24157e-17 BessellR
50980 1.95697e-15 1.22607e-17 BessellR
50981 1.88921e-15 1.2104e-17 BessellR
50982 1.82379e-15 1.19458e-17 BessellR
50983 1.76063e-15 1.1786e-17 BessellR
50984 1.69965e-15 1.16249e-17 BessellR
50985 1.64078e-15 1.14625e-17 BessellR
50986 1.58395e-15 1.1299e-17 BessellR
50987 1.52909e-15 1.11345e-17 BessellR
50988 1.47612e-15 1.09692e-17 BessellR
50872.5 4.64456e-14 8.51982e-16 BessellV
50873.5 4.65802e-14 7.99906e-16 BessellV
50874.5 4.66746e-14 7.48235e-16 BessellV
50875.5 4.67272e-14 6.97183e-16 BessellV
50876.5 4.67369e-14 6.46962e-16 BessellV
50877.5 4.67025e-14 5.97784e-16 BessellV
50878.5 4.66232e-14 5.49858e-16 BessellV
50879.5 4.64984e-14 5.0339e-16 BessellV
50880.5 4.63274e-14 4.58578e-16 BessellV
50881.5 4.61102e-14 4.15611e-16 BessellV
50882.5 4.58467e-14 3.74671e-16 BessellV
50883.5 4.55371e-14 3.35932e-16 BessellV
50884.5 4.51819e-14 2.99557e-16 BessellV
50885.5 4.47819e-14 2.65702e-16 BessellV
50886.5 4.4338e-14 2.3452e-16 BessellV
50887.5 4.38514e-14 2.06157e-16 BessellV
50888.5 4.33236e-14 1.80758e-16 BessellV
50889.5 4.27563e-14 1.58462e-16 BessellV
50890.5 4.21512e-14 1.39395e-16 BessellV
50891.5 4.15105e-14 1.23642e-16 BessellV
50892.5 4.08364e-14 1.11203e-16 BessellV
50893.5 4.01311e-14 1.01946e-16 BessellV
50894.5 3.93973e-14 9.5558e-17 BessellV
50895.5 3.86373e-14 9.15547e-17 BessellV
50896.5 3.7854e-14 8.93458e-17 BessellV
50897.5 3.70499e-14 8.83317e-17 BessellV
50898.5 3.62277e-14 8.79849e-17 BessellV
50899.5 3.53903e-14 8.78917e-17 BessellV
50900.5 3.45402e-14 8.77566e-17 BessellV
50901.5 3.368e-14 8.73866e-17 BessellV
50902.5 3.28125e-14 8.66693e-17 BessellV
50903.5 3.194e-14 8.55512e-17 BessellV
50904.5 3.10649e-14 8.40209e-17 BessellV
50905.5 3.01897e-14 8.20952e-17 BessellV
50906.5 2.93163e-14 7.98096e-17 BessellV
50907.5 2.84469e-14 7.72105e-17 BessellV
50908.5 2.75834e-14 7.43506e-17 BessellV
50909.5 2.67275e-14 7.1285e-17 BessellV
50910.5 2.58809e-14 6.80684e-17 BessellV
50911.5 2.50451e-14 6.47538e-17 BessellV
50912.5 2.42214e-14 6.13905e-17 BessellV
50913.5 2.3411e-14 5.80242e-17 BessellV
50914.5 2.26151e-14 5.46959e-17 BessellV
50915.5 2.18345e-14 5.14421e-17 BessellV
50916.5 2.107e-14 4.82943e-17 BessellV
50917.5 2.03223e-14 4.52795e-17 BessellV
50918.5 1.95921e-14 4.242e-17 BessellV
50919.5 1.88798e-14 3.97336e-17 BessellV
50920.5 1.81857e-14 3.72337e-17 BessellV
50921.5 1.75102e-14 3.49296e-17 BessellV
50922.5 1.68533e-14 3.28262e-17 BessellV
50923.5 1.62153e-14 3.09246e-17 BessellV
50924.5 1.55961e-14 2.92219e-17 BessellV
50925.5 1.49957e-14 2.77117e-17 BessellV
50926.5 1.4414e-14 2.6384e-17 BessellV
50927.5 1.38509e-14 2.52263e-17 BessellV
50928.5 1.33062e-14 2.42235e-17 BessellV
50929.5 1.27796e-14 2.33591e-17 BessellV
50930.5 1.22708e-14 2.26157e-17 BessellV
50931.5 1.17796e-14 2.1976e-17 BessellV
50932.5 1.13057e-14 2.14229e-17 BessellV
50933.5 1.08485e-14 2.09407e-17 BessellV
50934.5 1.04079e-14 2.0515e-17 BessellV
50935.5 9.98329e-15 2.01332e-17 BessellV
50936.5 9.57441e-15 1.97844e-17 BessellV
50937.5 9.1808e-15 1.94594e-17 BessellV
50938.5 8.80203e-15 1.91506e-17 BessellV
50939.5 8.43769e-15 1.88522e-17 BessellV
50940.5 8.08735e-15 1.85593e-17 BessellV
50941.5 7.75057e-15 1.82683e-17 BessellV
50942.5 7.42694e-15 1.79768e-17 BessellV
50943.5 7.11603e-15 1.76828e-17 BessellV
50944.5 6.81743e-15 1.73852e-17 BessellV
50945.5 6.53071e-15 1.70834e-17 BessellV
50946.5 6.25547e-15 1.67769e-17 BessellV
50947.5 5.99131e-15 1.6466e-17 BessellV
50948.5 5.73784e-15 1.61509e-17 BessellV
50949.5 5.49467e-15 1.5832e-17 BessellV
50950.5 5.26143e-15 1.551e-17 BessellV
50951.5 5.03775e-15 1.51854e-17 BessellV
50952.5 4.82327e-15 1.4859e-17 BessellV
50953.5 4.61765e-15 1.45314e-17 BessellV
50954.5 4.42055e-15 1.42034e-17 BessellV
50955.5 4.23165e-15 1.38756e-17 BessellV
50956.5 4.05061e-15 1.35486e-17 BessellV
50957.5 3.87715e-15 1.32232e-17 BessellV
50958.5 3.71095e-15 1.28998e-17 BessellV
50959.5 3.55173e-15 1.2579e-17 BessellV
50960.5 3.39922e-15 1.22613e-17 BessellV
50961.5 3.25313e-15 1.1947e-17 BessellV
50962.5 3.11323e-15 1.16367e-17 BessellV
50963.5 2.97924e-15 1.13305e-17 BessellV
50964.5 2.85094e-15 1.10289e-17 BessellV
50965.5 2.72809e-15 1.07321e-17 BessellV
50966.5 2.61047e-15 1.04402e-17 BessellV
50967.5 2.49785e-15 1.01536e-17 BessellV
50968.5 2.39004e-15 9.87222e-18 BessellV
50969.5 2.28684e-15 9.59635e-18 BessellV
50970.5 2.18805e-15 9.32602e-18 BessellV
50971.5 2.09349e-15 9.06132e-18 BessellV
50972.5 2.00298e-15 8.80229e-18 BessellV
50973.5 1.91635e-15 8.54897e-18 BessellV
50974.5 1.83344e-15 8.30135e-18 BessellV
50975.5 1.75409e-15 8.05944e-18 BessellV
50976.5 1.67815e-15 7.82322e-18 BessellV
50977.5 1.60548e-15 7.59265e-18 BessellV
50978.5 1.53594e-15 7.36769e-18 BessellV
50979.5 1.46939e-15 7.14829e-18 BessellV
50980.5 1.40572e-15 6.93439e-18 BessellV
50981.5 1.34479e-15 6.72592e-18 BessellV
50982.5 1.28649e-15 6.5228e-18 BessellV
50983.5 1.2307e-15 6.32496e-18 BessellV
50984.5 1.17733e-15 6.13232e-18 BessellV
50985.5 1.12626e-15 5.94478e-18 BessellV
50986.5 1.0774e-15 5.76226e-18 BessellV
50987.5 1.03065e-15 5.58466e-18 BessellV
