52685.1 5.00014e-18 6.26515e-19 BessellB
52686.1 7.60485e-18 8.92514e-19 BessellB
52687.1 1.15664e-17 1.26576e-18 BessellB
52688.1 1.75907e-17 1.7858e-18 BessellB
52689.1 2.675e-17 2.50413e-18 BessellB
52690.1 4.06701e-17 3.4859e-18 BessellB
52691.1 6.18115e-17 4.80986e-18 BessellB
52692.1 9.3885e-17 6.56449e-18 BessellB
52693.1 1.42458e-16 8.83641e-18 BessellB
52694.1 2.1581e-16 1.16846e-17 BessellB
52695.1 3.26083e-16 1.50914e-17 BessellB
52696.1 4.90687e-16 1.88824e-17 BessellB
52697.1 7.33666e-16 2.26204e-17 BessellB
52698.1 1.08621e-15 2.55403e-17 BessellB
52699.1 1.58452e-15 2.67683e-17 BessellB
52700.1 2.26199e-15 2.65056e-17 BessellB
52701.1 3.13324e-15 2.86704e-17 BessellB
52702.1 4.1718e-15 3.85698e-17 BessellB
52703.1 5.29461e-15 5.28425e-17 BessellB
52704.1 6.37359e-15 6.301e-17 BessellB
52705.1 7.27951e-15 6.34927e-17 BessellB
52706.1 7.93104e-15 5.43559e-17 BessellB
52707.1 8.31379e-15 3.9772e-17 BessellB
52708.1 8.46393e-15 2.47436e-17 BessellB
52709.1 8.4387e-15 1.35477e-17 BessellB
52710.1 8.29411e-15 1.06343e-17 BessellB
52711.1 8.07488e-15 1.38173e-17 BessellB
52712.1 7.81289e-15 1.70232e-17 BessellB
52713.1 7.52933e-15 1.89437e-17 BessellB
52714.1 7.23762e-15 1.97382e-17 BessellB
52715.1 6.94598e-15 1.97458e-17 BessellB
52716.1 6.65928e-15 1.92595e-17 BessellB
52717.1 6.3803e-15 1.84949e-17 BessellB
52718.1 6.11052e-15 1.76003e-17 BessellB
52719.1 5.85065e-15 1.66735e-17 BessellB
52720.1 5.60092e-15 1.57766e-17 BessellB
52721.1 5.36131e-15 1.49463e-17 BessellB
52722.1 5.13163e-15 1.42028e-17 BessellB
52723.1 4.91158e-15 1.35546e-17 BessellB
52724.1 4.70085e-15 1.30023e-17 BessellB
52725.1 4.4991e-15 1.25414e-17 BessellB
52726.1 4.30596e-15 1.2164e-17 BessellB
52727.1 4.12108e-15 1.18605e-17 BessellB
52728.1 3.94413e-15 1.16202e-17 BessellB
52729.1 3.77476e-15 1.14326e-17 BessellB
52730.1 3.61266e-15 1.12876e-17 BessellB
52731.1 3.45752e-15 1.11759e-17 BessellB
52732.1 3.30904e-15 1.10895e-17 BessellB
52733.1 3.16694e-15 1.10213e-17 BessellB
52734.1 3.03093e-15 1.09653e-17 BessellB
52735.1 2.90077e-15 1.09167e-17 BessellB
52736.1 2.7762e-15 1.08715e-17 BessellB
52737.1 2.65698e-15 1.08267e-17 BessellB
52738.1 2.54287e-15 1.07797e-17 BessellB
52739.1 2.43367e-15 1.07288e-17 BessellB
52740.1 2.32916e-15 1.06725e-17 BessellB
52741.1 2.22913e-15 1.061e-17 BessellB
52742.1 2.1334e-15 1.05406e-17 BessellB
52743.1 2.04179e-15 1.04639e-17 BessellB
52744.1 1.9541e-15 1.03797e-17 BessellB
52745.1 1.87018e-15 1.02882e-17 BessellB
52746.1 1.78987e-15 1.01895e-17 BessellB
52747.1 1.71301e-15 1.00837e-17 BessellB
52748.1 1.63944e-15 9.97121e-18 BessellB
52749.1 1.56904e-15 9.85241e-18 BessellB
52750.1 1.50166e-15 9.7277e-18 BessellB
52751.1 1.43717e-15 9.59751e-18 BessellB
52752.1 1.37545e-15 9.4623e-18 BessellB
52753.1 1.31638e-15 9.32251e-18 BessellB
52754.1 1.25985e-15 9.17861e-18 BessellB
52755.1 1.20575e-15 9.03105e-18 BessellB
52756.1 1.15397e-15 8.88026e-18 BessellB
52757.1 1.10441e-15 8.72668e-18 BessellB
52758.1 1.05699e-15 8.57071e-18 BessellB
52759.1 1.0116e-15 8.41276e-18 BessellB
52760.1 9.68154e-16 8.2532e-18 BessellB
52761.1 9.26578e-16 8.09239e-18 BessellB
52762.1 8.86787e-16 7.93067e-18 BessellB
52763.1 8.48705e-16 7.76836e-18 BessellB
52764.1 8.12259e-16 7.60577e-18 BessellB
52765.1 7.77378e-16 7.44317e-18 BessellB
52766.1 7.43995e-16 7.28083e-18 BessellB
52767.1 7.12045e-16 7.11899e-18 BessellB
52768.1 6.81467e-16 6.95788e-18 BessellB
52769.1 6.52203e-16 6.79771e-18 BessellB
52770.1 6.24195e-16 6.63867e-18 BessellB
52771.1 5.9739e-16 6.48094e-18 BessellB
52772.1 5.71736e-16 6.32469e-18 BessellB
52773.1 5.47184e-16 6.17005e-18 BessellB
52774.1 5.23686e-16 6.01717e-18 BessellB
52775.1 5.01198e-16 5.86617e-18 BessellB
52776.1 4.79675e-16 5.71716e-18 BessellB
52777.1 4.59076e-16 5.57022e-18 BessellB
52778.1 4.39362e-16 5.42546e-18 BessellB
52779.1 4.20495e-16 5.28294e-18 BessellB
52780.1 4.02437e-16 5.14273e-18 BessellB
52781.1 3.85156e-16 5.0049e-18 BessellB
52782.1 3.68616e-16 4.86948e-18 BessellB
52783.1 3.52787e-16 4.73652e-18 BessellB
52784.1 3.37637e-16 4.60605e-18 BessellB
52785.1 3.23138e-16 4.47811e-18 BessellB
52786.1 3.09262e-16 4.3527e-18 BessellB
52787.1 2.95981e-16 4.22984e-18 BessellB
52788.1 2.83271e-16 4.10955e-18 BessellB
52789.1 2.71107e-16 3.99182e-18 BessellB
52790.1 2.59465e-16 3.87666e-18 BessellB
52791.1 2.48323e-16 3.76405e-18 BessellB
52792.1 2.37659e-16 3.65399e-18 BessellB
52793.1 2.27454e-16 3.54647e-18 BessellB
52794.1 2.17686e-16 3.44147e-18 BessellB
52795.1 2.08338e-16 3.33896e-18 BessellB
52796.1 1.99392e-16 3.23893e-18 BessellB
52797.1 1.9083e-16 3.14136e-18 BessellB
52798.1 1.82635e-16 3.0462e-18 BessellB
52799.1 1.74792e-16 2.95344e-18 BessellB
52800.1 1.67286e-16 2.86304e-18 BessellB
52801.1 1.60103e-16 2.77498e-18 BessellB
52802.1 1.53228e-16 2.68921e-18 BessellB
52803.1 1.46648e-16 2.60569e-18 BessellB
52804.1 1.40351e-16 2.5244e-18 BessellB
52805.1 1.34324e-16 2.4453e-18 BessellB
52806.1 1.28556e-16 2.36835e-18 BessellB
52807.1 1.23035e-16 2.2935e-18 BessellB
52808.1 1.17752e-16 2.22072e-18 BessellB
52809.1 1.12696e-16 2.14996e-18 BessellB
52810.1 1.07856e-16 2.0812e-18 BessellB
52811.1 1.03225e-16 2.01438e-18 BessellB
52812.1 9.87921e-17 1.94947e-18 BessellB
52813.1 9.45499e-17 1.88643e-18 BessellB
52814.1 9.04898e-17 1.8252e-18 BessellB
52815.1 8.6604e-17 1.76577e-18 BessellB
52816.1 8.28852e-17 1.70807e-18 BessellB
52817.1 7.9326e-17 1.65208e-18 BessellB
52818.1 7.59197e-17 1.59775e-18 BessellB
52819.1 7.26596e-17 1.54504e-18 BessellB
52820.1 6.95395e-17 1.49392e-18 BessellB
52821.1 6.65534e-17 1.44434e-18 BessellB
52822.1 6.36956e-17 1.39627e-18 BessellB
52823.1 6.09604e-17 1.34966e-18 BessellB
52824.1 5.83427e-17 1.30448e-18 BessellB
52825.1 5.58375e-17 1.2607e-18 BessellB
52826.1 5.34398e-17 1.21828e-18 BessellB
52827.1 5.1145e-17 1.17717e-18 BessellB
52828.1 4.89488e-17 1.13735e-18 BessellB
52829.1 4.6847e-17 1.09878e-18 BessellB
52830.1 4.48353e-17 1.06143e-18 BessellB
52831.1 4.29101e-17 1.02526e-18 BessellB
52832.1 4.10675e-17 9.90245e-19 BessellB
52833.1 3.9304e-17 9.56345e-19 BessellB
52834.1 3.76163e-17 9.23531e-19 BessellB
52835.1 3.60011e-17 8.91773e-19 BessellB
52836.1 3.44552e-17 8.61041e-19 BessellB
52837.1 3.29757e-17 8.31304e-19 BessellB
52838.1 3.15597e-17 8.02535e-19 BessellB
52839.1 3.02045e-17 7.74704e-19 BessellB
52840.1 2.89075e-17 7.47784e-19 BessellB
52841.1 2.76662e-17 7.21749e-19 BessellB
52842.1 2.64783e-17 6.96571e-19 BessellB
52843.1 2.53413e-17 6.72226e-19 BessellB
52844.1 2.42531e-17 6.48687e-19 BessellB
52845.1 2.32117e-17 6.25931e-19 BessellB
52846.1 2.2215e-17 6.03934e-19 BessellB
52847.1 2.12611e-17 5.82672e-19 BessellB
52848.1 2.03482e-17 5.62123e-19 BessellB
52849.1 1.94744e-17 5.42265e-19 BessellB
52850.1 1.86382e-17 5.23076e-19 BessellB
52851.1 1.78379e-17 5.04536e-19 BessellB
52852.1 1.70719e-17 4.86624e-19 BessellB
52853.1 1.63389e-17 4.6932e-19 BessellB
52854.1 1.56373e-17 4.52605e-19 BessellB
52855.1 1.49658e-17 4.36461e-19 BessellB
52856.1 1.43232e-17 4.20869e-19 BessellB
52857.1 1.37082e-17 4.05812e-19 BessellB
52858.1 1.31196e-17 3.91272e-19 BessellB
52859.1 1.25562e-17 3.77232e-19 BessellB
52860.1 1.20171e-17 3.63677e-19 BessellB
52861.1 1.15011e-17 3.50591e-19 BessellB
52862.1 1.10072e-17 3.37958e-19 BessellB
52863.1 1.05346e-17 3.25764e-19 BessellB
52864.1 1.00822e-17 3.13995e-19 BessellB
52865.1 9.64933e-18 3.02635e-19 BessellB
52866.1 9.235e-18 2.91672e-19 BessellB
52867.1 8.83846e-18 2.81093e-19 BessellB
52868.1 8.45895e-18 2.70885e-19 BessellB
52869.1 8.09573e-18 2.61035e-19 BessellB
52870.1 7.74811e-18 2.51532e-19 BessellB
52871.1 7.41542e-18 2.42364e-19 BessellB
52872.1 7.09701e-18 2.3352e-19 BessellB
52873.1 6.79228e-18 2.24988e-19 BessellB
52874.1 6.50063e-18 2.16758e-19 BessellB
52875.1 6.2215e-18 2.08821e-19 BessellB
52876.1 5.95436e-18 2.01166e-19 BessellB
52877.1 5.69869e-18 1.93783e-19 BessellB
52878.1 5.454e-18 1.86663e-19 BessellB
52879.1 5.21981e-18 1.79798e-19 BessellB
52880.1 4.99568e-18 1.73178e-19 BessellB
52881.1 4.78118e-18 1.66795e-19 BessellB
52882.1 4.57588e-18 1.60641e-19 BessellB
52883.1 4.37941e-18 1.54708e-19 BessellB
52884.1 4.19136e-18 1.48988e-19 BessellB
52885.1 4.01139e-18 1.43475e-19 BessellB
52886.1 3.83915e-18 1.3816e-19 BessellB
52887.1 3.67431e-18 1.33037e-19 BessellB
52888.1 3.51654e-18 1.281e-19 BessellB
52889.1 3.36555e-18 1.23341e-19 BessellB
52890.1 3.22104e-18 1.18755e-19 BessellB
52891.1 3.08274e-18 1.14335e-19 BessellB
52892.1 2.95037e-18 1.10076e-19 BessellB
52893.1 2.82369e-18 1.05972e-19 BessellB
52894.1 2.70245e-18 1.02018e-19 BessellB
52895.1 2.58641e-18 9.82074e-20 BessellB
52896.1 2.47536e-18 9.45362e-20 BessellB
52897.1 2.36907e-18 9.09993e-20 BessellB
52898.1 2.26735e-18 8.75919e-20 BessellB
52899.1 2.17e-18 8.43094e-20 BessellB
52900.1 2.07682e-18 8.11472e-20 BessellB
52901.1 1.98765e-18 7.81012e-20 BessellB
52902.1 1.90231e-18 7.51672e-20 BessellB
52903.1 1.82063e-18 7.23412e-20 BessellB
52904.1 1.74245e-18 6.96193e-20 BessellB
52905.1 1.66764e-18 6.69979e-20 BessellB
52906.1 1.59604e-18 6.44731e-20 BessellB
52907.1 1.52751e-18 6.20418e-20 BessellB
52908.1 1.46192e-18 5.97003e-20 BessellB
52909.1 1.39915e-18 5.74456e-20 BessellB
52910.1 1.33908e-18 5.52744e-20 BessellB
52911.1 1.28158e-18 5.31838e-20 BessellB
52912.1 1.22655e-18 5.11708e-20 BessellB
52913.1 1.17389e-18 4.92327e-20 BessellB
52914.1 1.12349e-18 4.73667e-20 BessellB
52915.1 1.07525e-18 4.55701e-20 BessellB
52916.1 1.02908e-18 4.38406e-20 BessellB
52917.1 9.84896e-19 4.21755e-20 BessellB
52918.1 9.42608e-19 4.05726e-20 BessellB
52919.1 9.02136e-19 3.90297e-20 BessellB
52920.1 8.63401e-19 3.75444e-20 BessellB
52921.1 8.2633e-19 3.61147e-20 BessellB
52922.1 7.90851e-19 3.47386e-20 BessellB
52923.1 7.56895e-19 3.34141e-20 BessellB
52924.1 7.24396e-19 3.21393e-20 BessellB
52925.1 6.93294e-19 3.09124e-20 BessellB
52926.1 6.63527e-19 2.97316e-20 BessellB
52927.1 6.35037e-19 2.85952e-20 BessellB
52928.1 6.07771e-19 2.75016e-20 BessellB
52929.1 5.81676e-19 2.64492e-20 BessellB
52930.1 5.56702e-19 2.54365e-20 BessellB
52931.1 5.32799e-19 2.4462e-20 BessellB
52932.1 5.09923e-19 2.35243e-20 BessellB
52933.1 4.88029e-19 2.2622e-20 BessellB
52934.1 4.67075e-19 2.17538e-20 BessellB
52935.1 4.47021e-19 2.09185e-20 BessellB
52936.1 4.27828e-19 2.01149e-20 BessellB
52937.1 4.09459e-19 1.93416e-20 BessellB
52938.1 3.91879e-19 1.85977e-20 BessellB
52939.1 3.75053e-19 1.78821e-20 BessellB
52940.1 3.5895e-19 1.71936e-20 BessellB
52941.1 3.43539e-19 1.65312e-20 BessellB
52942.1 3.28789e-19 1.58941e-20 BessellB
52943.1 3.14672e-19 1.52812e-20 BessellB
52944.1 3.01162e-19 1.46916e-20 BessellB
52945.1 2.88231e-19 1.41245e-20 BessellB
52946.1 2.75856e-19 1.3579e-20 BessellB
52947.1 2.64012e-19 1.30543e-20 BessellB
52948.1 2.52677e-19 1.25496e-20 BessellB
52949.1 2.41828e-19 1.20642e-20 BessellB
52950.1 2.31445e-19 1.15974e-20 BessellB
52951.1 2.21508e-19 1.11484e-20 BessellB
52952.1 2.11998e-19 1.07166e-20 BessellB
52953.1 2.02896e-19 1.03013e-20 BessellB
52954.1 1.94184e-19 9.90191e-21 BessellB
52955.1 1.85847e-19 9.51784e-21 BessellB
52956.1 1.77868e-19 9.1485e-21 BessellB
52957.1 1.70231e-19 8.79334e-21 BessellB
52958.1 1.62922e-19 8.45181e-21 BessellB
52959.1 1.55927e-19 8.12339e-21 BessellB
52960.1 1.49233e-19 7.8076e-21 BessellB
52961.1 1.42826e-19 7.50396e-21 BessellB
52962.1 1.36693e-19 7.21199e-21 BessellB
52963.1 1.30825e-19 6.93127e-21 BessellB
52964.1 1.25208e-19 6.66136e-21 BessellB
52965.1 1.19832e-19 6.40185e-21 BessellB
52966.1 1.14687e-19 6.15234e-21 BessellB
52967.1 1.09763e-19 5.91246e-21 BessellB
52968.1 1.05051e-19 5.68184e-21 BessellB
52969.1 1.0054e-19 5.46012e-21 BessellB
52970.1 9.62238e-20 5.24697e-21 BessellB
52971.1 9.20925e-20 5.04206e-21 BessellB
52972.1 8.81386e-20 4.84508e-21 BessellB
52973.1 8.43545e-20 4.65571e-21 BessellB
52974.1 8.07328e-20 4.47368e-21 BessellB
52975.1 7.72667e-20 4.29869e-21 BessellB
52976.1 7.39493e-20 4.13049e-21 BessellB
52977.1 7.07744e-20 3.9688e-21 BessellB
52978.1 6.77358e-20 3.81339e-21 BessellB
52979.1 6.48277e-20 3.664e-21 BessellB
52980.1 6.20444e-20 3.52042e-21 BessellB
52981.1 5.93806e-20 3.38241e-21 BessellB
52982.1 5.68312e-20 3.24976e-21 BessellB
52983.1 5.43913e-20 3.12227e-21 BessellB
52984.1 5.20561e-20 2.99974e-21 BessellB
52985.1 4.98211e-20 2.88197e-21 BessellB
52986.1 4.76822e-20 2.76879e-21 BessellB
52695 3.06443e-15 1.13127e-16 BessellI
52696 3.04922e-15 1.09032e-16 BessellI
52697 3.0338e-15 1.05019e-16 BessellI
52698 3.01815e-15 1.01089e-16 BessellI
52699 3.00228e-15 9.7242e-17 BessellI
52700 2.9862e-15 9.34787e-17 BessellI
52701 2.96991e-15 8.9799e-17 BessellI
52702 2.95341e-15 8.62033e-17 BessellI
52703 2.93671e-15 8.26916e-17 BessellI
52704 2.91981e-15 7.92641e-17 BessellI
52705 2.90271e-15 7.59206e-17 BessellI
52706 2.88541e-15 7.26613e-17 BessellI
52707 2.86793e-15 6.94861e-17 BessellI
52708 2.85026e-15 6.63949e-17 BessellI
52709 2.83241e-15 6.33874e-17 BessellI
52710 2.81439e-15 6.04636e-17 BessellI
52711 2.79619e-15 5.76233e-17 BessellI
52712 2.77782e-15 5.48661e-17 BessellI
52713 2.75929e-15 5.21919e-17 BessellI
52714 2.74061e-15 4.96003e-17 BessellI
52715 2.72176e-15 4.7091e-17 BessellI
52716 2.70277e-15 4.46637e-17 BessellI
52717 2.68364e-15 4.2318e-17 BessellI
52718 2.66436e-15 4.00538e-17 BessellI
52719 2.64495e-15 3.78706e-17 BessellI
52720 2.62541e-15 3.57681e-17 BessellI
52721 2.60575e-15 3.37462e-17 BessellI
52722 2.58597e-15 3.18045e-17 BessellI
52723 2.56608e-15 2.99431e-17 BessellI
52724 2.54607e-15 2.81617e-17 BessellI
52725 2.52597e-15 2.64604e-17 BessellI
52726 2.50577e-15 2.48393e-17 BessellI
52727 2.48547e-15 2.32986e-17 BessellI
52728 2.46509e-15 2.18388e-17 BessellI
52729 2.44463e-15 2.04602e-17 BessellI
52730 2.42409e-15 1.91636e-17 BessellI
52731 2.40348e-15 1.79498e-17 BessellI
52732 2.38281e-15 1.68196e-17 BessellI
52733 2.36208e-15 1.57742e-17 BessellI
52734 2.34129e-15 1.48145e-17 BessellI
52735 2.32046e-15 1.39415e-17 BessellI
52736 2.29958e-15 1.3156e-17 BessellI
52737 2.27867e-15 1.24582e-17 BessellI
52738 2.25773e-15 1.1848e-17 BessellI
52739 2.23675e-15 1.13242e-17 BessellI
52740 2.21576e-15 1.08847e-17 BessellI
52741 2.19475e-15 1.05261e-17 BessellI
52742 2.17374e-15 1.02439e-17 BessellI
52743 2.15271e-15 1.00321e-17 BessellI
52744 2.13169e-15 9.88415e-18 BessellI
52745 2.11067e-15 9.79242e-18 BessellI
52746 2.08967e-15 9.74912e-18 BessellI
52747 2.06867e-15 9.74641e-18 BessellI
52748 2.0477e-15 9.77669e-18 BessellI
52749 2.02676e-15 9.83291e-18 BessellI
52750 2.00584e-15 9.90865e-18 BessellI
52751 1.98496e-15 9.99824e-18 BessellI
52752 1.96412e-15 1.00967e-17 BessellI
52753 1.94333e-15 1.02e-17 BessellI
52754 1.92258e-15 1.03044e-17 BessellI
52755 1.90189e-15 1.04071e-17 BessellI
52756 1.88125e-15 1.05057e-17 BessellI
52757 1.86068e-15 1.05983e-17 BessellI
52758 1.84017e-15 1.06834e-17 BessellI
52759 1.81973e-15 1.07599e-17 BessellI
52760 1.79937e-15 1.08269e-17 BessellI
52761 1.77909e-15 1.08837e-17 BessellI
52762 1.75888e-15 1.093e-17 BessellI
52763 1.73877e-15 1.09656e-17 BessellI
52764 1.71874e-15 1.09903e-17 BessellI
52765 1.69881e-15 1.10042e-17 BessellI
52766 1.67897e-15 1.10074e-17 BessellI
52767 1.65924e-15 1.10001e-17 BessellI
52768 1.6396e-15 1.09825e-17 BessellI
52769 1.62008e-15 1.0955e-17 BessellI
52770 1.60066e-15 1.09179e-17 BessellI
52771 1.58135e-15 1.08717e-17 BessellI
52772 1.56216e-15 1.08167e-17 BessellI
52773 1.54309e-15 1.07534e-17 BessellI
52774 1.52414e-15 1.06822e-17 BessellI
52775 1.50531e-15 1.06035e-17 BessellI
52776 1.4866e-15 1.05179e-17 BessellI
52777 1.46803e-15 1.04257e-17 BessellI
52778 1.44958e-15 1.03274e-17 BessellI
52779 1.43127e-15 1.02235e-17 BessellI
52780 1.41309e-15 1.01145e-17 BessellI
52781 1.39504e-15 1.00006e-17 BessellI
52782 1.37713e-15 9.88242e-18 BessellI
52783 1.35937e-15 9.7603e-18 BessellI
52784 1.34174e-15 9.63464e-18 BessellI
52785 1.32426e-15 9.50582e-18 BessellI
52786 1.30692e-15 9.37421e-18 BessellI
52787 1.28973e-15 9.24018e-18 BessellI
52788 1.27268e-15 9.10406e-18 BessellI
52789 1.25578e-15 8.96617e-18 BessellI
52790 1.23903e-15 8.82684e-18 BessellI
52791 1.22243e-15 8.68635e-18 BessellI
52792 1.20598e-15 8.54499e-18 BessellI
52793 1.18969e-15 8.40302e-18 BessellI
52794 1.17354e-15 8.26071e-18 BessellI
52795 1.15755e-15 8.11828e-18 BessellI
52796 1.14172e-15 7.97596e-18 BessellI
52797 1.12603e-15 7.83397e-18 BessellI
52798 1.11051e-15 7.69249e-18 BessellI
52799 1.09513e-15 7.55172e-18 BessellI
52800 1.07992e-15 7.41183e-18 BessellI
52801 1.06486e-15 7.27297e-18 BessellI
52802 1.04995e-15 7.13528e-18 BessellI
52803 1.0352e-15 6.99891e-18 BessellI
52804 1.02061e-15 6.86398e-18 BessellI
52805 1.00617e-15 6.73059e-18 BessellI
52806 9.9189e-16 6.59886e-18 BessellI
52807 9.77765e-16 6.46887e-18 BessellI
52808 9.63796e-16 6.3407e-18 BessellI
52809 9.49982e-16 6.21442e-18 BessellI
52810 9.36323e-16 6.09011e-18 BessellI
52811 9.22819e-16 5.96781e-18 BessellI
52812 9.09469e-16 5.84758e-18 BessellI
52813 8.96273e-16 5.72945e-18 BessellI
52814 8.8323e-16 5.61346e-18 BessellI
52815 8.70341e-16 5.49963e-18 BessellI
52816 8.57604e-16 5.38798e-18 BessellI
52817 8.45018e-16 5.27853e-18 BessellI
52818 8.32583e-16 5.17128e-18 BessellI
52819 8.20299e-16 5.06625e-18 BessellI
52820 8.08164e-16 4.96342e-18 BessellI
52821 7.96178e-16 4.8628e-18 BessellI
52822 7.8434e-16 4.76437e-18 BessellI
52823 7.7265e-16 4.66812e-18 BessellI
52824 7.61105e-16 4.57404e-18 BessellI
52825 7.49706e-16 4.4821e-18 BessellI
52826 7.38451e-16 4.39229e-18 BessellI
52827 7.2734e-16 4.30458e-18 BessellI
52828 7.16371e-16 4.21894e-18 BessellI
52829 7.05544e-16 4.13535e-18 BessellI
52830 6.94857e-16 4.05378e-18 BessellI
52831 6.8431e-16 3.97419e-18 BessellI
52832 6.73901e-16 3.89656e-18 BessellI
52833 6.63629e-16 3.82085e-18 BessellI
52834 6.53494e-16 3.74703e-18 BessellI
52835 6.43493e-16 3.67506e-18 BessellI
52836 6.33627e-16 3.60491e-18 BessellI
52837 6.23893e-16 3.53655e-18 BessellI
52838 6.14291e-16 3.46995e-18 BessellI
52839 6.04819e-16 3.40506e-18 BessellI
52840 5.95477e-16 3.34186e-18 BessellI
52841 5.86263e-16 3.28031e-18 BessellI
52842 5.77175e-16 3.22039e-18 BessellI
52843 5.68214e-16 3.16204e-18 BessellI
52844 5.59376e-16 3.10526e-18 BessellI
52845 5.50662e-16 3.04999e-18 BessellI
52846 5.4207e-16 2.99622e-18 BessellI
52847 5.33599e-16 2.94392e-18 BessellI
52848 5.25247e-16 2.89305e-18 BessellI
52849 5.17014e-16 2.84358e-18 BessellI
52850 5.08897e-16 2.7955e-18 BessellI
52851 5.00896e-16 2.74876e-18 BessellI
52852 4.9301e-16 2.70335e-18 BessellI
52853 4.85237e-16 2.65925e-18 BessellI
52854 4.77576e-16 2.61642e-18 BessellI
52855 4.70026e-16 2.57484e-18 BessellI
52856 4.62585e-16 2.53449e-18 BessellI
52857 4.55253e-16 2.49535e-18 BessellI
52858 4.48028e-16 2.45739e-18 BessellI
52859 4.40908e-16 2.42059e-18 BessellI
52860 4.33893e-16 2.38493e-18 BessellI
52861 4.26981e-16 2.3504e-18 BessellI
52862 4.20172e-16 2.31696e-18 BessellI
52863 4.13463e-16 2.2846e-18 BessellI
52864 4.06854e-16 2.2533e-18 BessellI
52865 4.00343e-16 2.22303e-18 BessellI
52866 3.93929e-16 2.19379e-18 BessellI
52867 3.87612e-16 2.16554e-18 BessellI
52868 3.81389e-16 2.13827e-18 BessellI
52869 3.7526e-16 2.11197e-18 BessellI
52870 3.69223e-16 2.0866e-18 BessellI
52871 3.63277e-16 2.06215e-18 BessellI
52872 3.57421e-16 2.0386e-18 BessellI
52873 3.51655e-16 2.01593e-18 BessellI
52874 3.45976e-16 1.99412e-18 BessellI
52875 3.40383e-16 1.97315e-18 BessellI
52876 3.34877e-16 1.953e-18 BessellI
52877 3.29454e-16 1.93365e-18 BessellI
52878 3.24114e-16 1.91507e-18 BessellI
52879 3.18857e-16 1.89725e-18 BessellI
52880 3.13681e-16 1.88017e-18 BessellI
52881 3.08584e-16 1.86379e-18 BessellI
52882 3.03567e-16 1.84811e-18 BessellI
52883 2.98626e-16 1.8331e-18 BessellI
52884 2.93763e-16 1.81873e-18 BessellI
52885 2.88975e-16 1.80499e-18 BessellI
52886 2.84262e-16 1.79185e-18 BessellI
52887 2.79622e-16 1.77929e-18 BessellI
52888 2.75055e-16 1.7673e-18 BessellI
52889 2.70559e-16 1.75583e-18 BessellI
52890 2.66134e-16 1.74489e-18 BessellI
52891 2.61778e-16 1.73443e-18 BessellI
52892 2.57491e-16 1.72445e-18 BessellI
52893 2.53271e-16 1.71492e-18 BessellI
52894 2.49117e-16 1.70581e-18 BessellI
52895 2.4503e-16 1.69711e-18 BessellI
52896 2.41006e-16 1.6888e-18 BessellI
52897 2.37047e-16 1.68085e-18 BessellI
52898 2.3315e-16 1.67324e-18 BessellI
52899 2.29315e-16 1.66596e-18 BessellI
52900 2.25541e-16 1.65899e-18 BessellI
52901 2.21827e-16 1.6523e-18 BessellI
52902 2.18173e-16 1.64588e-18 BessellI
52903 2.14576e-16 1.6397e-18 BessellI
52904 2.11037e-16 1.63376e-18 BessellI
52905 2.07555e-16 1.62804e-18 BessellI
52906 2.04128e-16 1.62251e-18 BessellI
52907 2.00757e-16 1.61716e-18 BessellI
52908 1.97439e-16 1.61197e-18 BessellI
52909 1.94175e-16 1.60694e-18 BessellI
52910 1.90963e-16 1.60204e-18 BessellI
52911 1.87803e-16 1.59727e-18 BessellI
52912 1.84694e-16 1.5926e-18 BessellI
52913 1.81635e-16 1.58803e-18 BessellI
52914 1.78625e-16 1.58354e-18 BessellI
52915 1.75664e-16 1.57912e-18 BessellI
52916 1.72751e-16 1.57477e-18 BessellI
52917 1.69885e-16 1.57046e-18 BessellI
52918 1.67065e-16 1.56619e-18 BessellI
52919 1.64291e-16 1.56194e-18 BessellI
52920 1.61562e-16 1.55772e-18 BessellI
52921 1.58878e-16 1.55351e-18 BessellI
52922 1.56237e-16 1.5493e-18 BessellI
52923 1.53639e-16 1.54508e-18 BessellI
52924 1.51083e-16 1.54086e-18 BessellI
52925 1.48569e-16 1.53661e-18 BessellI
52685.7 1.47685e-16 1.30917e-16 BessellR
52686.7 1.74006e-16 1.46834e-16 BessellR
52687.7 2.05192e-16 1.64298e-16 BessellR
52688.7 2.42159e-16 1.83291e-16 BessellR
52689.7 2.85995e-16 2.03713e-16 BessellR
52690.7 3.37984e-16 2.25334e-16 BessellR
52691.7 3.99638e-16 2.47741e-16 BessellR
52692.7 4.72732e-16 2.70247e-16 BessellR
52693.7 5.59336e-16 2.91774e-16 BessellR
52694.7 6.61851e-16 3.10663e-16 BessellR
52695.7 7.83041e-16 3.24401e-16 BessellR
52696.7 9.26064e-16 3.29155e-16 BessellR
52697.7 1.0945e-15 3.18965e-16 BessellR
52698.7 1.29245e-15 2.83907e-16 BessellR
52699.7 1.52505e-15 2.02693e-16 BessellR
52700.7 1.79971e-15 1.30643e-17 BessellR
52701.7 2.08712e-15 2.43343e-16 BessellR
52702.7 2.33965e-15 3.5305e-16 BessellR
52703.7 2.55608e-15 4.03601e-16 BessellR
52704.7 2.73846e-15 4.20873e-16 BessellR
52705.7 2.88941e-15 4.17001e-16 BessellR
52706.7 3.01199e-15 3.99796e-16 BessellR
52707.7 3.10947e-15 3.7461e-16 BessellR
52708.7 3.18503e-15 3.45144e-16 BessellR
52709.7 3.2417e-15 3.13938e-16 BessellR
52710.7 3.28223e-15 2.82707e-16 BessellR
52711.7 3.3091e-15 2.52568e-16 BessellR
52712.7 3.32446e-15 2.24215e-16 BessellR
52713.7 3.33022e-15 1.98039e-16 BessellR
52714.7 3.328e-15 1.74219e-16 BessellR
52715.7 3.31918e-15 1.52789e-16 BessellR
52716.7 3.30493e-15 1.33688e-16 BessellR
52717.7 3.28625e-15 1.16795e-16 BessellR
52718.7 3.26396e-15 1.01955e-16 BessellR
52719.7 3.23875e-15 8.89978e-17 BessellR
52720.7 3.21121e-15 7.77479e-17 BessellR
52721.7 3.1818e-15 6.80338e-17 BessellR
52722.7 3.15094e-15 5.96919e-17 BessellR
52723.7 3.11895e-15 5.25693e-17 BessellR
52724.7 3.0861e-15 4.65246e-17 BessellR
52725.7 3.05261e-15 4.14277e-17 BessellR
52726.7 3.01867e-15 3.71587e-17 BessellR
52727.7 2.98444e-15 3.36077e-17 BessellR
52728.7 2.95004e-15 3.06731e-17 BessellR
52729.7 2.91557e-15 2.82619e-17 BessellR
52730.7 2.88112e-15 2.62891e-17 BessellR
52731.7 2.84676e-15 2.46782e-17 BessellR
52732.7 2.81253e-15 2.33617e-17 BessellR
52733.7 2.7785e-15 2.22811e-17 BessellR
52734.7 2.7447e-15 2.13869e-17 BessellR
52735.7 2.71115e-15 2.06383e-17 BessellR
52736.7 2.67788e-15 2.0002e-17 BessellR
52737.7 2.64491e-15 1.94518e-17 BessellR
52738.7 2.61226e-15 1.8967e-17 BessellR
52739.7 2.57993e-15 1.85318e-17 BessellR
52740.7 2.54794e-15 1.81341e-17 BessellR
52741.7 2.5163e-15 1.77647e-17 BessellR
52742.7 2.485e-15 1.74168e-17 BessellR
52743.7 2.45406e-15 1.70855e-17 BessellR
52744.7 2.42347e-15 1.67669e-17 BessellR
52745.7 2.39323e-15 1.64585e-17 BessellR
52746.7 2.36335e-15 1.61582e-17 BessellR
52747.7 2.33382e-15 1.58647e-17 BessellR
52748.7 2.30465e-15 1.55771e-17 BessellR
52749.7 2.27583e-15 1.52946e-17 BessellR
52750.7 2.24736e-15 1.50167e-17 BessellR
52751.7 2.21923e-15 1.47433e-17 BessellR
52752.7 2.19145e-15 1.4474e-17 BessellR
52753.7 2.16401e-15 1.42089e-17 BessellR
52754.7 2.13691e-15 1.39477e-17 BessellR
52755.7 2.11014e-15 1.36905e-17 BessellR
52756.7 2.0837e-15 1.34372e-17 BessellR
52757.7 2.05759e-15 1.31879e-17 BessellR
52758.7 2.03181e-15 1.29425e-17 BessellR
52759.7 2.00634e-15 1.27011e-17 BessellR
52760.7 1.98119e-15 1.24637e-17 BessellR
52761.7 1.95636e-15 1.22302e-17 BessellR
52762.7 1.93184e-15 1.20007e-17 BessellR
52763.7 1.90762e-15 1.17752e-17 BessellR
52764.7 1.8837e-15 1.15536e-17 BessellR
52765.7 1.86009e-15 1.1336e-17 BessellR
52766.7 1.83677e-15 1.11223e-17 BessellR
52767.7 1.81374e-15 1.09124e-17 BessellR
52768.7 1.79099e-15 1.07065e-17 BessellR
52769.7 1.76854e-15 1.05044e-17 BessellR
52770.7 1.74636e-15 1.03061e-17 BessellR
52771.7 1.72446e-15 1.01115e-17 BessellR
52772.7 1.70284e-15 9.92068e-18 BessellR
52773.7 1.68149e-15 9.73355e-18 BessellR
52774.7 1.6604e-15 9.55006e-18 BessellR
52775.7 1.63958e-15 9.37017e-18 BessellR
52776.7 1.61902e-15 9.19384e-18 BessellR
52777.7 1.59872e-15 9.02101e-18 BessellR
52778.7 1.57867e-15 8.85165e-18 BessellR
52779.7 1.55887e-15 8.6857e-18 BessellR
52780.7 1.53932e-15 8.52312e-18 BessellR
52781.7 1.52002e-15 8.36386e-18 BessellR
52782.7 1.50096e-15 8.20786e-18 BessellR
52783.7 1.48214e-15 8.05509e-18 BessellR
52784.7 1.46355e-15 7.9055e-18 BessellR
52785.7 1.4452e-15 7.75903e-18 BessellR
52786.7 1.42707e-15 7.61564e-18 BessellR
52787.7 1.40918e-15 7.47528e-18 BessellR
52788.7 1.39151e-15 7.3379e-18 BessellR
52789.7 1.37406e-15 7.20346e-18 BessellR
52790.7 1.35683e-15 7.07191e-18 BessellR
52791.7 1.33981e-15 6.9432e-18 BessellR
52792.7 1.32301e-15 6.81729e-18 BessellR
52793.7 1.30642e-15 6.69413e-18 BessellR
52794.7 1.29003e-15 6.57368e-18 BessellR
52795.7 1.27386e-15 6.45589e-18 BessellR
52796.7 1.25788e-15 6.34071e-18 BessellR
52797.7 1.24211e-15 6.22811e-18 BessellR
52798.7 1.22653e-15 6.11804e-18 BessellR
52799.7 1.21115e-15 6.01045e-18 BessellR
52800.7 1.19596e-15 5.90531e-18 BessellR
52801.7 1.18096e-15 5.80257e-18 BessellR
52802.7 1.16615e-15 5.70219e-18 BessellR
52803.7 1.15153e-15 5.60412e-18 BessellR
52804.7 1.13709e-15 5.50834e-18 BessellR
52805.7 1.12283e-15 5.41479e-18 BessellR
52806.7 1.10875e-15 5.32344e-18 BessellR
52807.7 1.09484e-15 5.23425e-18 BessellR
52808.7 1.08111e-15 5.14717e-18 BessellR
52809.7 1.06756e-15 5.06217e-18 BessellR
52810.7 1.05417e-15 4.97922e-18 BessellR
52811.7 1.04095e-15 4.89826e-18 BessellR
52812.7 1.0279e-15 4.81926e-18 BessellR
52813.7 1.01501e-15 4.7422e-18 BessellR
52814.7 1.00228e-15 4.66702e-18 BessellR
52815.7 9.89708e-16 4.59369e-18 BessellR
52816.7 9.77296e-16 4.52218e-18 BessellR
52817.7 9.65041e-16 4.45244e-18 BessellR
52818.7 9.52939e-16 4.38445e-18 BessellR
52819.7 9.40988e-16 4.31816e-18 BessellR
52820.7 9.29188e-16 4.25355e-18 BessellR
52821.7 9.17536e-16 4.19057e-18 BessellR
52822.7 9.06029e-16 4.12919e-18 BessellR
52823.7 8.94667e-16 4.06938e-18 BessellR
52824.7 8.83448e-16 4.0111e-18 BessellR
52825.7 8.72369e-16 3.95432e-18 BessellR
52826.7 8.61429e-16 3.89901e-18 BessellR
52827.7 8.50627e-16 3.84512e-18 BessellR
52828.7 8.3996e-16 3.79264e-18 BessellR
52829.7 8.29426e-16 3.74152e-18 BessellR
52830.7 8.19025e-16 3.69173e-18 BessellR
52831.7 8.08754e-16 3.64325e-18 BessellR
52832.7 7.98612e-16 3.59603e-18 BessellR
52833.7 7.88597e-16 3.55006e-18 BessellR
52834.7 7.78708e-16 3.50529e-18 BessellR
52835.7 7.68942e-16 3.46169e-18 BessellR
52836.7 7.593e-16 3.41925e-18 BessellR
52837.7 7.49778e-16 3.37792e-18 BessellR
52838.7 7.40375e-16 3.33768e-18 BessellR
52839.7 7.31091e-16 3.29849e-18 BessellR
52840.7 7.21923e-16 3.26033e-18 BessellR
52841.7 7.1287e-16 3.22318e-18 BessellR
52842.7 7.0393e-16 3.18699e-18 BessellR
52843.7 6.95102e-16 3.15175e-18 BessellR
52844.7 6.86386e-16 3.11743e-18 BessellR
52845.7 6.77778e-16 3.08399e-18 BessellR
52846.7 6.69279e-16 3.05142e-18 BessellR
52847.7 6.60886e-16 3.01969e-18 BessellR
52848.7 6.52598e-16 2.98877e-18 BessellR
52849.7 6.44414e-16 2.95864e-18 BessellR
52850.7 6.36333e-16 2.92928e-18 BessellR
52851.7 6.28353e-16 2.90065e-18 BessellR
52852.7 6.20473e-16 2.87273e-18 BessellR
52853.7 6.12693e-16 2.84551e-18 BessellR
52854.7 6.05009e-16 2.81896e-18 BessellR
52855.7 5.97422e-16 2.79305e-18 BessellR
52856.7 5.8993e-16 2.76777e-18 BessellR
52857.7 5.82532e-16 2.7431e-18 BessellR
52858.7 5.75227e-16 2.719e-18 BessellR
52859.7 5.68014e-16 2.69547e-18 BessellR
52860.7 5.60891e-16 2.67249e-18 BessellR
52861.7 5.53857e-16 2.65003e-18 BessellR
52862.7 5.46912e-16 2.62807e-18 BessellR
52863.7 5.40053e-16 2.6066e-18 BessellR
52864.7 5.33281e-16 2.5856e-18 BessellR
52865.7 5.26593e-16 2.56505e-18 BessellR
52866.7 5.1999e-16 2.54494e-18 BessellR
52867.7 5.13469e-16 2.52525e-18 BessellR
52868.7 5.0703e-16 2.50596e-18 BessellR
52869.7 5.00672e-16 2.48705e-18 BessellR
52870.7 4.94393e-16 2.46852e-18 BessellR
52871.7 4.88193e-16 2.45035e-18 BessellR
52872.7 4.82071e-16 2.43252e-18 BessellR
52873.7 4.76026e-16 2.41503e-18 BessellR
52874.7 4.70057e-16 2.39785e-18 BessellR
52875.7 4.64162e-16 2.38097e-18 BessellR
52876.7 4.58341e-16 2.36439e-18 BessellR
52877.7 4.52594e-16 2.34809e-18 BessellR
52878.7 4.46918e-16 2.33205e-18 BessellR
52879.7 4.41313e-16 2.31628e-18 BessellR
52880.7 4.35779e-16 2.30075e-18 BessellR
52881.7 4.30315e-16 2.28546e-18 BessellR
52882.7 4.24918e-16 2.2704e-18 BessellR
52883.7 4.1959e-16 2.25555e-18 BessellR
52884.7 4.14328e-16 2.24092e-18 BessellR
52885.7 4.09132e-16 2.22648e-18 BessellR
52886.7 4.04002e-16 2.21224e-18 BessellR
52887.7 3.98935e-16 2.19818e-18 BessellR
52888.7 3.93933e-16 2.18429e-18 BessellR
52889.7 3.88993e-16 2.17057e-18 BessellR
52890.7 3.84115e-16 2.15702e-18 BessellR
52891.7 3.79298e-16 2.14361e-18 BessellR
52892.7 3.74541e-16 2.13036e-18 BessellR
52893.7 3.69845e-16 2.11725e-18 BessellR
52894.7 3.65207e-16 2.10427e-18 BessellR
52895.7 3.60627e-16 2.09142e-18 BessellR
52896.7 3.56105e-16 2.07869e-18 BessellR
52897.7 3.51639e-16 2.06608e-18 BessellR
52898.7 3.47229e-16 2.05359e-18 BessellR
52899.7 3.42875e-16 2.0412e-18 BessellR
52900.7 3.38576e-16 2.02892e-18 BessellR
52901.7 3.3433e-16 2.01674e-18 BessellR
52902.7 3.30137e-16 2.00465e-18 BessellR
52903.7 3.25997e-16 1.99266e-18 BessellR
52904.7 3.21909e-16 1.98075e-18 BessellR
52905.7 3.17872e-16 1.96893e-18 BessellR
52906.7 3.13886e-16 1.95719e-18 BessellR
52907.7 3.0995e-16 1.94552e-18 BessellR
52908.7 3.06063e-16 1.93393e-18 BessellR
52909.7 3.02225e-16 1.92242e-18 BessellR
52910.7 2.98435e-16 1.91097e-18 BessellR
52911.7 2.94693e-16 1.89958e-18 BessellR
52912.7 2.90997e-16 1.88826e-18 BessellR
52913.7 2.87348e-16 1.877e-18 BessellR
52914.7 2.83745e-16 1.86581e-18 BessellR
52915.7 2.80187e-16 1.85466e-18 BessellR
52916.7 2.76673e-16 1.84358e-18 BessellR
52917.7 2.73204e-16 1.83254e-18 BessellR
52918.7 2.69778e-16 1.82156e-18 BessellR
52919.7 2.66395e-16 1.81063e-18 BessellR
52920.7 2.63054e-16 1.79975e-18 BessellR
52921.7 2.59755e-16 1.78891e-18 BessellR
52922.7 2.56498e-16 1.77812e-18 BessellR
52923.7 2.53282e-16 1.76737e-18 BessellR
52924.7 2.50105e-16 1.75667e-18 BessellR
52925.7 2.46969e-16 1.74601e-18 BessellR
52926.7 2.43872e-16 1.73539e-18 BessellR
52927.7 2.40814e-16 1.72481e-18 BessellR
52928.7 2.37794e-16 1.71427e-18 BessellR
52929.7 2.34812e-16 1.70377e-18 BessellR
52930.7 2.31868e-16 1.6933e-18 BessellR
52931.7 2.2896e-16 1.68288e-18 BessellR
52932.7 2.26089e-16 1.67248e-18 BessellR
52933.7 2.23254e-16 1.66213e-18 BessellR
52934.7 2.20454e-16 1.65181e-18 BessellR
52935.7 2.1769e-16 1.64153e-18 BessellR
52936.7 2.1496e-16 1.63128e-18 BessellR
52937.7 2.12264e-16 1.62106e-18 BessellR
52938.7 2.09602e-16 1.61088e-18 BessellR
52939.7 2.06974e-16 1.60073e-18 BessellR
52940.7 2.04379e-16 1.59062e-18 BessellR
52941.7 2.01816e-16 1.58053e-18 BessellR
52942.7 1.99285e-16 1.57048e-18 BessellR
52943.7 1.96786e-16 1.56047e-18 BessellR
52944.7 1.94318e-16 1.55048e-18 BessellR
52945.7 1.91881e-16 1.54053e-18 BessellR
52946.7 1.89475e-16 1.53061e-18 BessellR
52947.7 1.87099e-16 1.52072e-18 BessellR
52948.7 1.84753e-16 1.51087e-18 BessellR
52949.7 1.82436e-16 1.50104e-18 BessellR
52950.7 1.80148e-16 1.49125e-18 BessellR
52951.7 1.77889e-16 1.48149e-18 BessellR
52952.7 1.75659e-16 1.47177e-18 BessellR
52953.7 1.73456e-16 1.46207e-18 BessellR
52954.7 1.71281e-16 1.45241e-18 BessellR
52955.7 1.69133e-16 1.44278e-18 BessellR
52956.7 1.67012e-16 1.43318e-18 BessellR
52957.7 1.64918e-16 1.42362e-18 BessellR
52958.7 1.6285e-16 1.41409e-18 BessellR
52959.7 1.60808e-16 1.40459e-18 BessellR
52960.7 1.58791e-16 1.39512e-18 BessellR
52961.7 1.568e-16 1.38569e-18 BessellR
52962.7 1.54834e-16 1.37629e-18 BessellR
52963.7 1.52892e-16 1.36693e-18 BessellR
52964.7 1.50975e-16 1.3576e-18 BessellR
52965.7 1.49082e-16 1.3483e-18 BessellR
52966.7 1.47212e-16 1.33904e-18 BessellR
52967.7 1.45366e-16 1.32981e-18 BessellR
52968.7 1.43543e-16 1.32061e-18 BessellR
52969.7 1.41743e-16 1.31145e-18 BessellR
52970.7 1.39966e-16 1.30233e-18 BessellR
52687 8.62629e-15 2.26081e-17 BessellV
52688 8.50588e-15 2.18601e-17 BessellV
52689 8.38698e-15 2.11351e-17 BessellV
52690 8.26959e-15 2.04329e-17 BessellV
52691 8.15368e-15 1.97531e-17 BessellV
52692 8.03924e-15 1.90955e-17 BessellV
52693 7.92625e-15 1.84598e-17 BessellV
52694 7.8147e-15 1.78458e-17 BessellV
52695 7.70456e-15 1.72532e-17 BessellV
52696 7.59582e-15 1.66817e-17 BessellV
52697 7.48847e-15 1.61311e-17 BessellV
52698 7.38249e-15 1.56011e-17 BessellV
52699 7.27785e-15 1.50916e-17 BessellV
52700 7.17456e-15 1.46022e-17 BessellV
52701 7.07259e-15 1.41327e-17 BessellV
52702 6.97192e-15 1.3683e-17 BessellV
52703 6.87255e-15 1.32527e-17 BessellV
52704 6.77445e-15 1.28416e-17 BessellV
52705 6.67761e-15 1.24495e-17 BessellV
52706 6.58202e-15 1.20761e-17 BessellV
52707 6.48766e-15 1.1721e-17 BessellV
52708 6.39451e-15 1.13841e-17 BessellV
52709 6.30257e-15 1.1065e-17 BessellV
52710 6.21182e-15 1.07634e-17 BessellV
52711 6.12225e-15 1.0479e-17 BessellV
52712 6.03384e-15 1.02113e-17 BessellV
52713 5.94657e-15 9.95997e-18 BessellV
52714 5.86044e-15 9.72459e-18 BessellV
52715 5.77544e-15 9.50471e-18 BessellV
52716 5.69154e-15 9.29985e-18 BessellV
52717 5.60873e-15 9.1095e-18 BessellV
52718 5.52701e-15 8.93313e-18 BessellV
52719 5.44636e-15 8.77017e-18 BessellV
52720 5.36676e-15 8.62004e-18 BessellV
52721 5.28821e-15 8.48216e-18 BessellV
52722 5.21069e-15 8.35588e-18 BessellV
52723 5.1342e-15 8.24059e-18 BessellV
52724 5.05871e-15 8.13563e-18 BessellV
52725 4.98422e-15 8.04037e-18 BessellV
52726 4.91071e-15 7.95416e-18 BessellV
52727 4.83817e-15 7.87634e-18 BessellV
52728 4.7666e-15 7.80629e-18 BessellV
52729 4.69598e-15 7.74339e-18 BessellV
52730 4.6263e-15 7.68701e-18 BessellV
52731 4.55754e-15 7.63657e-18 BessellV
52732 4.4897e-15 7.59151e-18 BessellV
52733 4.42277e-15 7.55126e-18 BessellV
52734 4.35673e-15 7.51531e-18 BessellV
52735 4.29158e-15 7.48317e-18 BessellV
52736 4.2273e-15 7.45436e-18 BessellV
52737 4.16389e-15 7.42844e-18 BessellV
52738 4.10133e-15 7.405e-18 BessellV
52739 4.03961e-15 7.38365e-18 BessellV
52740 3.97873e-15 7.36403e-18 BessellV
52741 3.91867e-15 7.34582e-18 BessellV
52742 3.85942e-15 7.32871e-18 BessellV
52743 3.80097e-15 7.31241e-18 BessellV
52744 3.74332e-15 7.29666e-18 BessellV
52745 3.68646e-15 7.28124e-18 BessellV
52746 3.63037e-15 7.26593e-18 BessellV
52747 3.57504e-15 7.25054e-18 BessellV
52748 3.52048e-15 7.23489e-18 BessellV
52749 3.46665e-15 7.21883e-18 BessellV
52750 3.41357e-15 7.20221e-18 BessellV
52751 3.36122e-15 7.18493e-18 BessellV
52752 3.30959e-15 7.16686e-18 BessellV
52753 3.25867e-15 7.14792e-18 BessellV
52754 3.20845e-15 7.12801e-18 BessellV
52755 3.15893e-15 7.10708e-18 BessellV
52756 3.11009e-15 7.08505e-18 BessellV
52757 3.06193e-15 7.06188e-18 BessellV
52758 3.01444e-15 7.03753e-18 BessellV
52759 2.96762e-15 7.01196e-18 BessellV
52760 2.92144e-15 6.98515e-18 BessellV
52761 2.87591e-15 6.95708e-18 BessellV
52762 2.83102e-15 6.92773e-18 BessellV
52763 2.78676e-15 6.8971e-18 BessellV
52764 2.74312e-15 6.86519e-18 BessellV
52765 2.70009e-15 6.832e-18 BessellV
52766 2.65767e-15 6.79753e-18 BessellV
52767 2.61585e-15 6.76181e-18 BessellV
52768 2.57463e-15 6.72483e-18 BessellV
52769 2.53398e-15 6.68663e-18 BessellV
52770 2.49392e-15 6.64722e-18 BessellV
52771 2.45442e-15 6.60662e-18 BessellV
52772 2.41548e-15 6.56486e-18 BessellV
52773 2.37711e-15 6.52197e-18 BessellV
52774 2.33928e-15 6.47797e-18 BessellV
52775 2.30199e-15 6.4329e-18 BessellV
52776 2.26524e-15 6.38679e-18 BessellV
52777 2.22901e-15 6.33966e-18 BessellV
52778 2.19331e-15 6.29156e-18 BessellV
52779 2.15812e-15 6.24252e-18 BessellV
52780 2.12345e-15 6.19257e-18 BessellV
52781 2.08927e-15 6.14175e-18 BessellV
52782 2.05559e-15 6.0901e-18 BessellV
52783 2.0224e-15 6.03764e-18 BessellV
52784 1.98969e-15 5.98443e-18 BessellV
52785 1.95746e-15 5.93049e-18 BessellV
52786 1.9257e-15 5.87586e-18 BessellV
52787 1.89441e-15 5.82058e-18 BessellV
52788 1.86358e-15 5.76469e-18 BessellV
52789 1.8332e-15 5.70821e-18 BessellV
52790 1.80326e-15 5.6512e-18 BessellV
52791 1.77377e-15 5.59368e-18 BessellV
52792 1.74472e-15 5.53568e-18 BessellV
52793 1.71609e-15 5.47725e-18 BessellV
52794 1.68789e-15 5.41842e-18 BessellV
52795 1.66011e-15 5.35922e-18 BessellV
52796 1.63274e-15 5.29969e-18 BessellV
52797 1.60578e-15 5.23986e-18 BessellV
52798 1.57923e-15 5.17976e-18 BessellV
52799 1.55307e-15 5.11942e-18 BessellV
52800 1.52731e-15 5.05888e-18 BessellV
52801 1.50193e-15 4.99816e-18 BessellV
52802 1.47693e-15 4.9373e-18 BessellV
52803 1.45231e-15 4.87632e-18 BessellV
52804 1.42807e-15 4.81526e-18 BessellV
52805 1.40419e-15 4.75414e-18 BessellV
52806 1.38067e-15 4.693e-18 BessellV
52807 1.35752e-15 4.63184e-18 BessellV
52808 1.33471e-15 4.57072e-18 BessellV
52809 1.31225e-15 4.50964e-18 BessellV
52810 1.29014e-15 4.44863e-18 BessellV
52811 1.26837e-15 4.38772e-18 BessellV
52812 1.24693e-15 4.32693e-18 BessellV
52813 1.22582e-15 4.26629e-18 BessellV
52814 1.20503e-15 4.20581e-18 BessellV
52815 1.18457e-15 4.14551e-18 BessellV
52816 1.16442e-15 4.08543e-18 BessellV
52817 1.14458e-15 4.02557e-18 BessellV
52818 1.12506e-15 3.96596e-18 BessellV
52819 1.10584e-15 3.90661e-18 BessellV
52820 1.08691e-15 3.84755e-18 BessellV
52821 1.06828e-15 3.78879e-18 BessellV
52822 1.04995e-15 3.73034e-18 BessellV
52823 1.0319e-15 3.67223e-18 BessellV
52824 1.01414e-15 3.61447e-18 BessellV
52825 9.9665e-16 3.55707e-18 BessellV
52826 9.79441e-16 3.50005e-18 BessellV
52827 9.62503e-16 3.44343e-18 BessellV
52828 9.45834e-16 3.3872e-18 BessellV
52829 9.29429e-16 3.3314e-18 BessellV
52830 9.13284e-16 3.27602e-18 BessellV
52831 8.97397e-16 3.22108e-18 BessellV
52832 8.81763e-16 3.1666e-18 BessellV
52833 8.66379e-16 3.11258e-18 BessellV
52834 8.51242e-16 3.05902e-18 BessellV
52835 8.36347e-16 3.00595e-18 BessellV
52836 8.21691e-16 2.95337e-18 BessellV
52837 8.07272e-16 2.90128e-18 BessellV
52838 7.93085e-16 2.8497e-18 BessellV
52839 7.79127e-16 2.79863e-18 BessellV
52840 7.65396e-16 2.74808e-18 BessellV
52841 7.51887e-16 2.69805e-18 BessellV
52842 7.38598e-16 2.64855e-18 BessellV
52843 7.25525e-16 2.59959e-18 BessellV
52844 7.12665e-16 2.55117e-18 BessellV
52845 7.00015e-16 2.5033e-18 BessellV
52846 6.87573e-16 2.45598e-18 BessellV
52847 6.75335e-16 2.40921e-18 BessellV
52848 6.63297e-16 2.36299e-18 BessellV
52849 6.51458e-16 2.31734e-18 BessellV
52850 6.39814e-16 2.27224e-18 BessellV
52851 6.28363e-16 2.22771e-18 BessellV
52852 6.17101e-16 2.18375e-18 BessellV
52853 6.06026e-16 2.14036e-18 BessellV
52854 5.95135e-16 2.09753e-18 BessellV
52855 5.84425e-16 2.05527e-18 BessellV
52856 5.73893e-16 2.01359e-18 BessellV
52857 5.63538e-16 1.97247e-18 BessellV
52858 5.53355e-16 1.93193e-18 BessellV
52859 5.43344e-16 1.89195e-18 BessellV
52860 5.335e-16 1.85255e-18 BessellV
52861 5.23822e-16 1.81371e-18 BessellV
52862 5.14307e-16 1.77544e-18 BessellV
52863 5.04953e-16 1.73774e-18 BessellV
52864 4.95757e-16 1.7006e-18 BessellV
52865 4.86717e-16 1.66403e-18 BessellV
52866 4.7783e-16 1.62802e-18 BessellV
52867 4.69094e-16 1.59257e-18 BessellV
52868 4.60507e-16 1.55767e-18 BessellV
52869 4.52066e-16 1.52333e-18 BessellV
52870 4.4377e-16 1.48954e-18 BessellV
52871 4.35615e-16 1.45629e-18 BessellV
52872 4.27601e-16 1.4236e-18 BessellV
52873 4.19724e-16 1.39144e-18 BessellV
52874 4.11982e-16 1.35982e-18 BessellV
52875 4.04374e-16 1.32874e-18 BessellV
52876 3.96897e-16 1.29819e-18 BessellV
52877 3.89549e-16 1.26817e-18 BessellV
52878 3.82329e-16 1.23867e-18 BessellV
52879 3.75234e-16 1.20969e-18 BessellV
52880 3.68262e-16 1.18122e-18 BessellV
52881 3.61411e-16 1.15327e-18 BessellV
52882 3.5468e-16 1.12582e-18 BessellV
52883 3.48067e-16 1.09887e-18 BessellV
52884 3.41569e-16 1.07242e-18 BessellV
52885 3.35185e-16 1.04647e-18 BessellV
52886 3.28913e-16 1.021e-18 BessellV
52887 3.22751e-16 9.96009e-19 BessellV
52888 3.16697e-16 9.715e-19 BessellV
52889 3.1075e-16 9.47464e-19 BessellV
52890 3.04909e-16 9.23896e-19 BessellV
52891 2.9917e-16 9.00791e-19 BessellV
52892 2.93533e-16 8.78143e-19 BessellV
52893 2.87996e-16 8.55948e-19 BessellV
52894 2.82558e-16 8.34201e-19 BessellV
52895 2.77216e-16 8.12895e-19 BessellV
52896 2.7197e-16 7.92026e-19 BessellV
52897 2.66817e-16 7.71589e-19 BessellV
52898 2.61756e-16 7.51578e-19 BessellV
52899 2.56786e-16 7.31987e-19 BessellV
52900 2.51905e-16 7.12812e-19 BessellV
52901 2.47111e-16 6.94047e-19 BessellV
52902 2.42404e-16 6.75687e-19 BessellV
52903 2.37781e-16 6.57726e-19 BessellV
52904 2.33242e-16 6.4016e-19 BessellV
52905 2.28785e-16 6.22982e-19 BessellV
52906 2.24409e-16 6.06187e-19 BessellV
52907 2.20111e-16 5.8977e-19 BessellV
52908 2.15892e-16 5.73726e-19 BessellV
52909 2.1175e-16 5.58049e-19 BessellV
52910 2.07682e-16 5.42735e-19 BessellV
52911 2.03689e-16 5.27777e-19 BessellV
52912 1.99769e-16 5.1317e-19 BessellV
52913 1.9592e-16 4.9891e-19 BessellV
52914 1.92142e-16 4.84991e-19 BessellV
52915 1.88433e-16 4.71408e-19 BessellV
52916 1.84791e-16 4.58155e-19 BessellV
52917 1.81217e-16 4.45229e-19 BessellV
52918 1.77709e-16 4.32623e-19 BessellV
52919 1.74265e-16 4.20332e-19 BessellV
52920 1.70885e-16 4.08353e-19 BessellV
52921 1.67567e-16 3.96679e-19 BessellV
52922 1.6431e-16 3.85305e-19 BessellV
52923 1.61114e-16 3.74228e-19 BessellV
52924 1.57977e-16 3.63442e-19 BessellV
52925 1.54898e-16 3.52943e-19 BessellV
52926 1.51877e-16 3.42724e-19 BessellV
52927 1.48912e-16 3.32783e-19 BessellV
52928 1.46002e-16 3.23115e-19 BessellV
52929 1.43146e-16 3.13714e-19 BessellV
52930 1.40344e-16 3.04576e-19 BessellV
52931 1.37594e-16 2.95697e-19 BessellV
52932 1.34895e-16 2.87072e-19 BessellV
52933 1.32248e-16 2.78697e-19 BessellV
52934 1.2965e-16 2.70568e-19 BessellV
52935 1.271e-16 2.6268e-19 BessellV
52936 1.24599e-16 2.55029e-19 BessellV
52937 1.22145e-16 2.4761e-19 BessellV
52938 1.19737e-16 2.4042e-19 BessellV
52939 1.17375e-16 2.33454e-19 BessellV
52940 1.15057e-16 2.26709e-19 BessellV
52941 1.12784e-16 2.20179e-19 BessellV
52942 1.10553e-16 2.13862e-19 BessellV
52943 1.08365e-16 2.07753e-19 BessellV
52944 1.06218e-16 2.01847e-19 BessellV
52945 1.04112e-16 1.96142e-19 BessellV
52946 1.02047e-16 1.90633e-19 BessellV
52947 1.0002e-16 1.85315e-19 BessellV
52948 9.80325e-17 1.80186e-19 BessellV
52949 9.60828e-17 1.75241e-19 BessellV
52950 9.41704e-17 1.70476e-19 BessellV
52951 9.22946e-17 1.65888e-19 BessellV
52952 9.04548e-17 1.61472e-19 BessellV
52953 8.86503e-17 1.57224e-19 BessellV
52954 8.68805e-17 1.5314e-19 BessellV
52955 8.51447e-17 1.49217e-19 BessellV
52956 8.34423e-17 1.45451e-19 BessellV
52957 8.17727e-17 1.41837e-19 BessellV
52958 8.01354e-17 1.38371e-19 BessellV
52959 7.85297e-17 1.35049e-19 BessellV
52960 7.6955e-17 1.31868e-19 BessellV
52961 7.54108e-17 1.28822e-19 BessellV
52962 7.38965e-17 1.25909e-19 BessellV
52963 7.24116e-17 1.23123e-19 BessellV
52964 7.09556e-17 1.20461e-19 BessellV
52965 6.95278e-17 1.17918e-19 BessellV
52966 6.81278e-17 1.15491e-19 BessellV
52967 6.6755e-17 1.13175e-19 BessellV
52968 6.5409e-17 1.10965e-19 BessellV
52969 6.40892e-17 1.08858e-19 BessellV
52970 6.27953e-17 1.0685e-19 BessellV
52971 6.15266e-17 1.04936e-19 BessellV
52972 6.02827e-17 1.03112e-19 BessellV
52973 5.90632e-17 1.01374e-19 BessellV
52974 5.78676e-17 9.97184e-20 BessellV
52975 5.66955e-17 9.81409e-20 BessellV
52976 5.55463e-17 9.66375e-20 BessellV
52977 5.44198e-17 9.52045e-20 BessellV
52978 5.33154e-17 9.38381e-20 BessellV
52979 5.22328e-17 9.25345e-20 BessellV
52980 5.11715e-17 9.12904e-20 BessellV
52981 5.01311e-17 9.0102e-20 BessellV
52982 4.91112e-17 8.89662e-20 BessellV
52983 4.81116e-17 8.78795e-20 BessellV
52984 4.71316e-17 8.6839e-20 BessellV
52985 4.61711e-17 8.58415e-20 BessellV
52986 4.52296e-17 8.48841e-20 BessellV
52987 4.43068e-17 8.39641e-20 BessellV
52988 4.34023e-17 8.30788e-20 BessellV
52989 4.25157e-17 8.22257e-20 BessellV
52990 4.16468e-17 8.14023e-20 BessellV
52991 4.07951e-17 8.06064e-20 BessellV
52992 3.99604e-17 7.98358e-20 BessellV
52993 3.91423e-17 7.90885e-20 BessellV
52994 3.83405e-17 7.83625e-20 BessellV
52995 3.75548e-17 7.76561e-20 BessellV
52996 3.67847e-17 7.69674e-20 BessellV
52997 3.603e-17 7.6295e-20 BessellV
52998 3.52904e-17 7.56374e-20 BessellV
52999 3.45656e-17 7.49931e-20 BessellV
53000 3.38553e-17 7.43609e-20 BessellV
53001 3.31593e-17 7.37396e-20 BessellV
53002 3.24772e-17 7.3128e-20 BessellV
53003 3.18088e-17 7.25252e-20 BessellV
53004 3.11539e-17 7.19301e-20 BessellV
53005 3.05121e-17 7.1342e-20 BessellV
53006 2.98832e-17 7.076e-20 BessellV
53007 2.9267e-17 7.01834e-20 BessellV
53008 2.86632e-17 6.96116e-20 BessellV
53009 2.80716e-17 6.90439e-20 BessellV
