53532.9 3.23796e-28 3.30105e-29 BessellB
53533.9 2.11734e-27 2.02385e-28 BessellB
53534.9 1.38461e-26 1.23547e-27 BessellB
53535.9 9.05482e-26 7.50471e-27 BessellB
53536.9 5.92176e-25 4.53256e-26 BessellB
53537.9 3.87292e-24 2.71914e-25 BessellB
53538.9 2.53305e-23 1.61827e-24 BessellB
53539.9 1.65679e-22 9.53871e-24 BessellB
53540.9 1.0837e-21 5.55638e-23 BessellB
53541.9 7.08868e-21 3.18893e-22 BessellB
53542.9 4.63702e-20 1.79546e-21 BessellB
53543.9 3.03335e-19 9.85332e-21 BessellB
53544.9 1.98416e-18 5.21679e-20 BessellB
53545.9 1.29694e-17 2.61706e-19 BessellB
53546.9 8.43489e-17 1.19848e-18 BessellB
53547.9 5.30557e-16 4.57394e-18 BessellB
53548.9 2.75172e-15 1.29036e-17 BessellB
53549.9 7.49012e-15 2.04016e-17 BessellB
53550.9 9.89233e-15 8.91026e-18 BessellB
53551.9 1.01068e-14 3.32188e-18 BessellB
53552.9 9.84994e-15 2.71075e-18 BessellB
53553.9 9.53042e-15 2.56574e-18 BessellB
53554.9 9.21137e-15 2.429e-18 BessellB
53555.9 8.90158e-15 2.29693e-18 BessellB
53556.9 8.60201e-15 2.17177e-18 BessellB
53557.9 8.3125e-15 2.05373e-18 BessellB
53558.9 8.03272e-15 1.94261e-18 BessellB
53559.9 7.76236e-15 1.83811e-18 BessellB
53560.9 7.5011e-15 1.73998e-18 BessellB
53561.9 7.24863e-15 1.64794e-18 BessellB
53562.9 7.00466e-15 1.56174e-18 BessellB
53563.9 6.7689e-15 1.48112e-18 BessellB
53564.9 6.54108e-15 1.40585e-18 BessellB
53565.9 6.32093e-15 1.33568e-18 BessellB
53566.9 6.10818e-15 1.27039e-18 BessellB
53567.9 5.90259e-15 1.20976e-18 BessellB
53568.9 5.70393e-15 1.15356e-18 BessellB
53569.9 5.51195e-15 1.10157e-18 BessellB
53570.9 5.32643e-15 1.05358e-18 BessellB
53571.9 5.14716e-15 1.00936e-18 BessellB
53572.9 4.97392e-15 9.68713e-19 BessellB
53573.9 4.80651e-15 9.31412e-19 BessellB
53574.9 4.64473e-15 8.97247e-19 BessellB
53575.9 4.4884e-15 8.66009e-19 BessellB
53576.9 4.33734e-15 8.37487e-19 BessellB
53577.9 4.19135e-15 8.11476e-19 BessellB
53578.9 4.05028e-15 7.87774e-19 BessellB
53579.9 3.91396e-15 7.66185e-19 BessellB
53580.9 3.78223e-15 7.46518e-19 BessellB
53581.9 3.65493e-15 7.28591e-19 BessellB
53582.9 3.53191e-15 7.12229e-19 BessellB
53583.9 3.41304e-15 6.97267e-19 BessellB
53584.9 3.29816e-15 6.8355e-19 BessellB
53585.9 3.18716e-15 6.70933e-19 BessellB
53586.9 3.07988e-15 6.59283e-19 BessellB
53587.9 2.97622e-15 6.48477e-19 BessellB
53588.9 2.87605e-15 6.38403e-19 BessellB
53589.9 2.77925e-15 6.28959e-19 BessellB
53590.9 2.68571e-15 6.20053e-19 BessellB
53591.9 2.59531e-15 6.11604e-19 BessellB
53592.9 2.50796e-15 6.03539e-19 BessellB
53593.9 2.42355e-15 5.95795e-19 BessellB
53594.9 2.34198e-15 5.88313e-19 BessellB
53595.9 2.26316e-15 5.81047e-19 BessellB
53596.9 2.18698e-15 5.73952e-19 BessellB
53597.9 2.11338e-15 5.66992e-19 BessellB
53598.9 2.04225e-15 5.60137e-19 BessellB
53599.9 1.97351e-15 5.53359e-19 BessellB
53600.9 1.90709e-15 5.46637e-19 BessellB
53601.9 1.8429e-15 5.39952e-19 BessellB
53602.9 1.78087e-15 5.33289e-19 BessellB
53603.9 1.72093e-15 5.26636e-19 BessellB
53604.9 1.66301e-15 5.19984e-19 BessellB
53605.9 1.60704e-15 5.13325e-19 BessellB
53606.9 1.55295e-15 5.06653e-19 BessellB
53607.9 1.50068e-15 4.99967e-19 BessellB
53608.9 1.45017e-15 4.93262e-19 BessellB
53609.9 1.40136e-15 4.86539e-19 BessellB
53610.9 1.3542e-15 4.79797e-19 BessellB
53611.9 1.30862e-15 4.73037e-19 BessellB
53612.9 1.26457e-15 4.66261e-19 BessellB
53613.9 1.22201e-15 4.59471e-19 BessellB
53614.9 1.18088e-15 4.5267e-19 BessellB
53615.9 1.14114e-15 4.45861e-19 BessellB
53616.9 1.10273e-15 4.39047e-19 BessellB
53617.9 1.06561e-15 4.32233e-19 BessellB
53618.9 1.02975e-15 4.25422e-19 BessellB
53619.9 9.95089e-16 4.18618e-19 BessellB
53620.9 9.61596e-16 4.11825e-19 BessellB
53621.9 9.29232e-16 4.05046e-19 BessellB
53622.9 8.97956e-16 3.98287e-19 BessellB
53623.9 8.67733e-16 3.91551e-19 BessellB
53624.9 8.38528e-16 3.84842e-19 BessellB
53625.9 8.10305e-16 3.78164e-19 BessellB
53626.9 7.83032e-16 3.7152e-19 BessellB
53627.9 7.56677e-16 3.64914e-19 BessellB
53628.9 7.3121e-16 3.58349e-19 BessellB
53629.9 7.06599e-16 3.51829e-19 BessellB
53630.9 6.82817e-16 3.45357e-19 BessellB
53631.9 6.59835e-16 3.38936e-19 BessellB
53632.9 6.37627e-16 3.32569e-19 BessellB
53633.9 6.16166e-16 3.26258e-19 BessellB
53634.9 5.95427e-16 3.20006e-19 BessellB
53635.9 5.75387e-16 3.13815e-19 BessellB
53636.9 5.56021e-16 3.07688e-19 BessellB
53637.9 5.37307e-16 3.01626e-19 BessellB
53638.9 5.19222e-16 2.95632e-19 BessellB
53639.9 5.01747e-16 2.89706e-19 BessellB
53640.9 4.84859e-16 2.83852e-19 BessellB
53641.9 4.6854e-16 2.7807e-19 BessellB
53642.9 4.5277e-16 2.72361e-19 BessellB
53643.9 4.37531e-16 2.66727e-19 BessellB
53644.9 4.22805e-16 2.61169e-19 BessellB
53645.9 4.08574e-16 2.55688e-19 BessellB
53646.9 3.94823e-16 2.50284e-19 BessellB
53647.9 3.81534e-16 2.44958e-19 BessellB
53648.9 3.68693e-16 2.39711e-19 BessellB
53649.9 3.56284e-16 2.34543e-19 BessellB
53650.9 3.44292e-16 2.29454e-19 BessellB
53651.9 3.32704e-16 2.24446e-19 BessellB
53652.9 3.21506e-16 2.19518e-19 BessellB
53653.9 3.10685e-16 2.14669e-19 BessellB
53654.9 3.00228e-16 2.09901e-19 BessellB
53655.9 2.90123e-16 2.05213e-19 BessellB
53656.9 2.80358e-16 2.00605e-19 BessellB
53657.9 2.70922e-16 1.96077e-19 BessellB
53658.9 2.61804e-16 1.91628e-19 BessellB
53659.9 2.52992e-16 1.87258e-19 BessellB
53660.9 2.44477e-16 1.82967e-19 BessellB
53661.9 2.36249e-16 1.78754e-19 BessellB
53662.9 2.28297e-16 1.74619e-19 BessellB
53663.9 2.20613e-16 1.70561e-19 BessellB
53664.9 2.13188e-16 1.6658e-19 BessellB
53665.9 2.06013e-16 1.62674e-19 BessellB
53666.9 1.99079e-16 1.58844e-19 BessellB
53667.9 1.92378e-16 1.55089e-19 BessellB
53668.9 1.85903e-16 1.51407e-19 BessellB
53669.9 1.79646e-16 1.47798e-19 BessellB
53670.9 1.736e-16 1.44262e-19 BessellB
53671.9 1.67757e-16 1.40797e-19 BessellB
53672.9 1.62111e-16 1.37402e-19 BessellB
53673.9 1.56655e-16 1.34078e-19 BessellB
53674.9 1.51382e-16 1.30822e-19 BessellB
53675.9 1.46287e-16 1.27634e-19 BessellB
53676.9 1.41363e-16 1.24513e-19 BessellB
53677.9 1.36605e-16 1.21458e-19 BessellB
53678.9 1.32007e-16 1.18468e-19 BessellB
53679.9 1.27564e-16 1.15542e-19 BessellB
53680.9 1.23271e-16 1.12679e-19 BessellB
53681.9 1.19122e-16 1.09879e-19 BessellB
53682.9 1.15113e-16 1.0714e-19 BessellB
53683.9 1.11238e-16 1.04461e-19 BessellB
53684.9 1.07494e-16 1.01842e-19 BessellB
53685.9 1.03876e-16 9.92804e-20 BessellB
53686.9 1.0038e-16 9.67766e-20 BessellB
53687.9 9.70016e-17 9.43292e-20 BessellB
53688.9 9.37368e-17 9.19371e-20 BessellB
53689.9 9.05818e-17 8.95995e-20 BessellB
53690.9 8.75331e-17 8.73153e-20 BessellB
53691.9 8.45869e-17 8.50836e-20 BessellB
53692.9 8.174e-17 8.29034e-20 BessellB
53693.9 7.89888e-17 8.07739e-20 BessellB
53694.9 7.63303e-17 7.86939e-20 BessellB
53695.9 7.37612e-17 7.66626e-20 BessellB
53696.9 7.12786e-17 7.46791e-20 BessellB
53697.9 6.88795e-17 7.27425e-20 BessellB
53698.9 6.65612e-17 7.08517e-20 BessellB
53699.9 6.43209e-17 6.9006e-20 BessellB
53700.9 6.21561e-17 6.72044e-20 BessellB
53701.9 6.00641e-17 6.5446e-20 BessellB
53702.9 5.80425e-17 6.373e-20 BessellB
53703.9 5.60889e-17 6.20555e-20 BessellB
53704.9 5.42011e-17 6.04216e-20 BessellB
53705.9 5.23768e-17 5.88275e-20 BessellB
53706.9 5.0614e-17 5.72723e-20 BessellB
53707.9 4.89104e-17 5.57553e-20 BessellB
53708.9 4.72642e-17 5.42756e-20 BessellB
53709.9 4.56734e-17 5.28325e-20 BessellB
53710.9 4.41362e-17 5.1425e-20 BessellB
53711.9 4.26507e-17 5.00526e-20 BessellB
53712.9 4.12152e-17 4.87143e-20 BessellB
53713.9 3.9828e-17 4.74095e-20 BessellB
53714.9 3.84875e-17 4.61374e-20 BessellB
53715.9 3.71921e-17 4.48973e-20 BessellB
53716.9 3.59403e-17 4.36884e-20 BessellB
53717.9 3.47306e-17 4.25102e-20 BessellB
53718.9 3.35617e-17 4.13617e-20 BessellB
53719.9 3.24321e-17 4.02425e-20 BessellB
53720.9 3.13405e-17 3.91518e-20 BessellB
53721.9 3.02857e-17 3.8089e-20 BessellB
53722.9 2.92663e-17 3.70535e-20 BessellB
53723.9 2.82813e-17 3.60445e-20 BessellB
53724.9 2.73294e-17 3.50615e-20 BessellB
53725.9 2.64096e-17 3.41038e-20 BessellB
53726.9 2.55207e-17 3.3171e-20 BessellB
53536.9 1.04474e-13 1.19867e-16 BessellU
53537.9 9.28852e-14 1.02122e-16 BessellU
53538.9 8.25799e-14 8.68501e-17 BessellU
53539.9 7.34167e-14 7.37207e-17 BessellU
53540.9 6.52689e-14 6.24472e-17 BessellU
53541.9 5.80244e-14 5.278e-17 BessellU
53542.9 5.15829e-14 4.4502e-17 BessellU
53543.9 4.58557e-14 3.74248e-17 BessellU
53544.9 4.07636e-14 3.13845e-17 BessellU
53545.9 3.62362e-14 2.62392e-17 BessellU
53546.9 3.22111e-14 2.18658e-17 BessellU
53547.9 2.86325e-14 1.81577e-17 BessellU
53548.9 2.5451e-14 1.50227e-17 BessellU
53549.9 2.26226e-14 1.23815e-17 BessellU
53550.9 2.01081e-14 1.01654e-17 BessellU
53551.9 1.78727e-14 8.31577e-18 BessellU
53552.9 1.58855e-14 6.78233e-18 BessellU
53553.9 1.4119e-14 5.52228e-18 BessellU
53554.9 1.25487e-14 4.49931e-18 BessellU
53555.9 1.11528e-14 3.68253e-18 BessellU
53556.9 9.91199e-15 3.0451e-18 BessellU
53557.9 8.80904e-15 2.56257e-18 BessellU
53558.9 7.82866e-15 2.21091e-18 BessellU
53559.9 6.95725e-15 1.96506e-18 BessellU
53560.9 6.18271e-15 1.79922e-18 BessellU
53561.9 5.49428e-15 1.68884e-18 BessellU
53562.9 4.88241e-15 1.61319e-18 BessellU
53563.9 4.33859e-15 1.55674e-18 BessellU
53564.9 3.85526e-15 1.50903e-18 BessellU
53565.9 3.4257e-15 1.46373e-18 BessellU
53566.9 3.04394e-15 1.41736e-18 BessellU
53567.9 2.70467e-15 1.36834e-18 BessellU
53568.9 2.40316e-15 1.31623e-18 BessellU
53569.9 2.13522e-15 1.26124e-18 BessellU
53570.9 1.89711e-15 1.20391e-18 BessellU
53571.9 1.68551e-15 1.14495e-18 BessellU
53572.9 1.49749e-15 1.08508e-18 BessellU
53573.9 1.33041e-15 1.02497e-18 BessellU
53574.9 1.18195e-15 9.65256e-19 BessellU
53575.9 1.05003e-15 9.06462e-19 BessellU
53576.9 9.32813e-16 8.49034e-19 BessellU
53577.9 8.28665e-16 7.9333e-19 BessellU
53578.9 7.36128e-16 7.39629e-19 BessellU
53579.9 6.5391e-16 6.88142e-19 BessellU
53580.9 5.80862e-16 6.39014e-19 BessellU
53581.9 5.15963e-16 5.92338e-19 BessellU
53582.9 4.58305e-16 5.48164e-19 BessellU
53583.9 4.07081e-16 5.06502e-19 BessellU
53584.9 3.61574e-16 4.67333e-19 BessellU
53585.9 3.21147e-16 4.30612e-19 BessellU
53586.9 2.85234e-16 3.96276e-19 BessellU
53587.9 2.53331e-16 3.64245e-19 BessellU
53588.9 2.24991e-16 3.3443e-19 BessellU
53589.9 1.99817e-16 3.06733e-19 BessellU
53590.9 1.77455e-16 2.81051e-19 BessellU
53591.9 1.57593e-16 2.57279e-19 BessellU
53592.9 1.3995e-16 2.35309e-19 BessellU
53593.9 1.2428e-16 2.15034e-19 BessellU
53594.9 1.10362e-16 1.96349e-19 BessellU
53595.9 9.79998e-17 1.79153e-19 BessellU
53596.9 8.70206e-17 1.63344e-19 BessellU
53597.9 7.72696e-17 1.48829e-19 BessellU
53598.9 6.86097e-17 1.35514e-19 BessellU
53599.9 6.09189e-17 1.23314e-19 BessellU
53600.9 5.40889e-17 1.12145e-19 BessellU
53601.9 4.80236e-17 1.01929e-19 BessellU
53602.9 4.26373e-17 9.25935e-20 BessellU
53603.9 3.78543e-17 8.40687e-20 BessellU
53604.9 3.36071e-17 7.62902e-20 BessellU
53605.9 2.98356e-17 6.9198e-20 BessellU
53606.9 2.64868e-17 6.27358e-20 BessellU
53607.9 2.35133e-17 5.68517e-20 BessellU
53608.9 2.08731e-17 5.14973e-20 BessellU
53609.9 1.8529e-17 4.66277e-20 BessellU
53610.9 1.64476e-17 4.22018e-20 BessellU
53611.9 1.45998e-17 3.81811e-20 BessellU
53612.9 1.29592e-17 3.45306e-20 BessellU
53613.9 1.15027e-17 3.12179e-20 BessellU
53614.9 1.02096e-17 2.82131e-20 BessellU
53615.9 9.06171e-18 2.54889e-20 BessellU
53616.9 8.04266e-18 2.30202e-20 BessellU
53617.9 7.13804e-18 2.0784e-20 BessellU
53618.9 6.33501e-18 1.87593e-20 BessellU
53619.9 5.62219e-18 1.69267e-20 BessellU
53620.9 4.98945e-18 1.52687e-20 BessellU
53621.9 4.42781e-18 1.37693e-20 BessellU
53622.9 3.9293e-18 1.24137e-20 BessellU
53623.9 3.48682e-18 1.11886e-20 BessellU
53624.9 3.0941e-18 1.00818e-20 BessellU
53625.9 2.74554e-18 9.08218e-21 BessellU
53626.9 2.43619e-18 8.17968e-21 BessellU
53627.9 2.16164e-18 7.36509e-21 BessellU
53628.9 1.91799e-18 6.63009e-21 BessellU
53629.9 1.70175e-18 5.96707e-21 BessellU
53630.9 1.50986e-18 5.36917e-21 BessellU
53631.9 1.33957e-18 4.83014e-21 BessellU
53632.9 1.18846e-18 4.3443e-21 BessellU
53633.9 1.05437e-18 3.90653e-21 BessellU
53634.9 9.3538e-19 3.51216e-21 BessellU
53635.9 8.29801e-19 3.15698e-21 BessellU
53636.9 7.36121e-19 2.83718e-21 BessellU
53637.9 6.53e-19 2.54929e-21 BessellU
53638.9 5.79251e-19 2.29019e-21 BessellU
53639.9 5.13818e-19 2.05706e-21 BessellU
53640.9 4.55765e-19 1.84733e-21 BessellU
53641.9 4.04261e-19 1.65869e-21 BessellU
53642.9 3.58568e-19 1.48907e-21 BessellU
53643.9 3.18032e-19 1.33657e-21 BessellU
53644.9 2.82072e-19 1.19949e-21 BessellU
53645.9 2.50171e-19 1.0763e-21 BessellU
53646.9 2.21872e-19 9.65614e-22 BessellU
53647.9 1.9677e-19 8.66175e-22 BessellU
53536.3 1.6297e-15 6.80703e-19 BessellI
53537.3 1.64495e-15 6.75823e-19 BessellI
53538.3 1.66034e-15 6.70818e-19 BessellI
53539.3 1.67588e-15 6.65688e-19 BessellI
53540.3 1.69156e-15 6.60432e-19 BessellI
53541.3 1.70738e-15 6.55051e-19 BessellI
53542.3 1.72336e-15 6.49545e-19 BessellI
53543.3 1.73948e-15 6.43913e-19 BessellI
53544.3 1.75576e-15 6.38157e-19 BessellI
53545.3 1.77218e-15 6.32277e-19 BessellI
53546.3 1.78876e-15 6.26274e-19 BessellI
53547.3 1.8055e-15 6.20148e-19 BessellI
53548.3 1.82239e-15 6.13902e-19 BessellI
53549.3 1.83943e-15 6.07537e-19 BessellI
53550.3 1.85664e-15 6.01054e-19 BessellI
53551.3 1.874e-15 5.94457e-19 BessellI
53552.3 1.89153e-15 5.87748e-19 BessellI
53553.3 1.90922e-15 5.80931e-19 BessellI
53554.3 1.92707e-15 5.74008e-19 BessellI
53555.3 1.94509e-15 5.66984e-19 BessellI
53556.3 1.96327e-15 5.59865e-19 BessellI
53557.3 1.98162e-15 5.52655e-19 BessellI
53558.3 2.00015e-15 5.45361e-19 BessellI
53559.3 2.01884e-15 5.37989e-19 BessellI
53560.3 2.0377e-15 5.30549e-19 BessellI
53561.3 2.05674e-15 5.23048e-19 BessellI
53562.3 2.07595e-15 5.15498e-19 BessellI
53563.3 2.09534e-15 5.07908e-19 BessellI
53564.3 2.1149e-15 5.00292e-19 BessellI
53565.3 2.13464e-15 4.92665e-19 BessellI
53566.3 2.15456e-15 4.85041e-19 BessellI
53567.3 2.17467e-15 4.77438e-19 BessellI
53568.3 2.19495e-15 4.69877e-19 BessellI
53569.3 2.21541e-15 4.62378e-19 BessellI
53570.3 2.23606e-15 4.54966e-19 BessellI
53571.3 2.25689e-15 4.47668e-19 BessellI
53572.3 2.2779e-15 4.40513e-19 BessellI
53573.3 2.2991e-15 4.33533e-19 BessellI
53574.3 2.32049e-15 4.26764e-19 BessellI
53575.3 2.34206e-15 4.20245e-19 BessellI
53576.3 2.36381e-15 4.14019e-19 BessellI
53577.3 2.38575e-15 4.0813e-19 BessellI
53578.3 2.40788e-15 4.02628e-19 BessellI
53579.3 2.43019e-15 3.97566e-19 BessellI
53580.3 2.45268e-15 3.92998e-19 BessellI
53581.3 2.47536e-15 3.88985e-19 BessellI
53582.3 2.49822e-15 3.85585e-19 BessellI
53583.3 2.52125e-15 3.82861e-19 BessellI
53584.3 2.54447e-15 3.80875e-19 BessellI
53585.3 2.56786e-15 3.7969e-19 BessellI
53586.3 2.59142e-15 3.79367e-19 BessellI
53587.3 2.61515e-15 3.79962e-19 BessellI
53588.3 2.63905e-15 3.81531e-19 BessellI
53589.3 2.66311e-15 3.84122e-19 BessellI
53590.3 2.68732e-15 3.87778e-19 BessellI
53591.3 2.71168e-15 3.92534e-19 BessellI
53592.3 2.73618e-15 3.9842e-19 BessellI
53593.3 2.76081e-15 4.05457e-19 BessellI
53594.3 2.78556e-15 4.13659e-19 BessellI
53595.3 2.81043e-15 4.23034e-19 BessellI
53596.3 2.8354e-15 4.33581e-19 BessellI
53597.3 2.86045e-15 4.45298e-19 BessellI
53598.3 2.88558e-15 4.58175e-19 BessellI
53599.3 2.91077e-15 4.72199e-19 BessellI
53600.3 2.93599e-15 4.87357e-19 BessellI
53601.3 2.96122e-15 5.03632e-19 BessellI
53602.3 2.98645e-15 5.21006e-19 BessellI
53603.3 3.01164e-15 5.39461e-19 BessellI
53604.3 3.03677e-15 5.58981e-19 BessellI
53605.3 3.0618e-15 5.79548e-19 BessellI
53606.3 3.0867e-15 6.01144e-19 BessellI
53607.3 3.11143e-15 6.23753e-19 BessellI
53608.3 3.13595e-15 6.4736e-19 BessellI
53609.3 3.16019e-15 6.71949e-19 BessellI
53610.3 3.18412e-15 6.97501e-19 BessellI
53611.3 3.20767e-15 7.24001e-19 BessellI
53612.3 3.23078e-15 7.51429e-19 BessellI
53613.3 3.25338e-15 7.79763e-19 BessellI
53614.3 3.27538e-15 8.08977e-19 BessellI
53615.3 3.2967e-15 8.39041e-19 BessellI
53616.3 3.31725e-15 8.6992e-19 BessellI
53617.3 3.33692e-15 9.01567e-19 BessellI
53618.3 3.35561e-15 9.33931e-19 BessellI
53619.3 3.3732e-15 9.66946e-19 BessellI
53620.3 3.38955e-15 1.00053e-18 BessellI
53621.3 3.40452e-15 1.0346e-18 BessellI
53622.3 3.41798e-15 1.06904e-18 BessellI
53623.3 3.42975e-15 1.10371e-18 BessellI
53624.3 3.43967e-15 1.13846e-18 BessellI
53625.3 3.44755e-15 1.17312e-18 BessellI
53626.3 3.45321e-15 1.20747e-18 BessellI
53627.3 3.45645e-15 1.24128e-18 BessellI
53628.3 3.45706e-15 1.27428e-18 BessellI
53629.3 3.45483e-15 1.30618e-18 BessellI
53630.3 3.44954e-15 1.33665e-18 BessellI
53631.3 3.44097e-15 1.36533e-18 BessellI
53632.3 3.42891e-15 1.39183e-18 BessellI
53633.3 3.41313e-15 1.41576e-18 BessellI
53634.3 3.39342e-15 1.43668e-18 BessellI
53635.3 3.36959e-15 1.45418e-18 BessellI
53636.3 3.34145e-15 1.46782e-18 BessellI
53637.3 3.30884e-15 1.47721e-18 BessellI
53638.3 3.27161e-15 1.48196e-18 BessellI
53639.3 3.22967e-15 1.48174e-18 BessellI
53640.3 3.18293e-15 1.47631e-18 BessellI
53641.3 3.13137e-15 1.4655e-18 BessellI
53642.3 3.07499e-15 1.44923e-18 BessellI
53643.3 3.01386e-15 1.42758e-18 BessellI
53644.3 2.9481e-15 1.40074e-18 BessellI
53645.3 2.87787e-15 1.36909e-18 BessellI
53646.3 2.80339e-15 1.33313e-18 BessellI
53647.3 2.72494e-15 1.29357e-18 BessellI
53648.3 2.64286e-15 1.25123e-18 BessellI
53649.3 2.5575e-15 1.2071e-18 BessellI
53650.3 2.4693e-15 1.16227e-18 BessellI
53651.3 2.37871e-15 1.11787e-18 BessellI
53652.3 2.28621e-15 1.07508e-18 BessellI
53653.3 2.19229e-15 1.03497e-18 BessellI
53654.3 2.09747e-15 9.98493e-19 BessellI
53655.3 2.00226e-15 9.66381e-19 BessellI
53656.3 1.90717e-15 9.39071e-19 BessellI
53657.3 1.81266e-15 9.16674e-19 BessellI
53658.3 1.71921e-15 8.98973e-19 BessellI
53659.3 1.62724e-15 8.85456e-19 BessellI
53660.3 1.53714e-15 8.75388e-19 BessellI
53661.3 1.44925e-15 8.679e-19 BessellI
53662.3 1.36389e-15 8.62079e-19 BessellI
53663.3 1.2813e-15 8.57046e-19 BessellI
53664.3 1.2017e-15 8.52014e-19 BessellI
53665.3 1.12525e-15 8.46326e-19 BessellI
53666.3 1.05208e-15 8.39464e-19 BessellI
53667.3 9.82276e-16 8.31058e-19 BessellI
53668.3 9.15874e-16 8.20867e-19 BessellI
53669.3 8.52887e-16 8.0877e-19 BessellI
53670.3 7.93298e-16 7.94744e-19 BessellI
53671.3 7.3706e-16 7.78844e-19 BessellI
53672.3 6.84107e-16 7.61187e-19 BessellI
53673.3 6.34353e-16 7.41931e-19 BessellI
53674.3 5.87695e-16 7.21267e-19 BessellI
53675.3 5.44023e-16 6.99401e-19 BessellI
53676.3 5.03212e-16 6.76547e-19 BessellI
53677.3 4.65136e-16 6.52917e-19 BessellI
53678.3 4.29662e-16 6.28719e-19 BessellI
53679.3 3.96657e-16 6.04148e-19 BessellI
53680.3 3.65985e-16 5.79388e-19 BessellI
53681.3 3.37514e-16 5.54603e-19 BessellI
53682.3 3.11113e-16 5.29944e-19 BessellI
53683.3 2.86655e-16 5.05542e-19 BessellI
53684.3 2.64017e-16 4.81513e-19 BessellI
53685.3 2.43079e-16 4.57954e-19 BessellI
53686.3 2.23728e-16 4.3495e-19 BessellI
53687.3 2.05856e-16 4.12569e-19 BessellI
53688.3 1.89359e-16 3.90865e-19 BessellI
53689.3 1.74141e-16 3.69881e-19 BessellI
53690.3 1.60109e-16 3.49649e-19 BessellI
53691.3 1.47177e-16 3.30192e-19 BessellI
53692.3 1.35264e-16 3.11523e-19 BessellI
53693.3 1.24293e-16 2.93648e-19 BessellI
53694.3 1.14194e-16 2.76567e-19 BessellI
53695.3 1.049e-16 2.60274e-19 BessellI
53696.3 9.63502e-17 2.44758e-19 BessellI
53697.3 8.84864e-17 2.30006e-19 BessellI
53698.3 8.12555e-17 2.15999e-19 BessellI
53699.3 7.4608e-17 2.02719e-19 BessellI
53700.3 6.84981e-17 1.90142e-19 BessellI
53701.3 6.28834e-17 1.78244e-19 BessellI
53702.3 5.77246e-17 1.67003e-19 BessellI
53703.3 5.29853e-17 1.56391e-19 BessellI
53704.3 4.86321e-17 1.46383e-19 BessellI
53705.3 4.46341e-17 1.36953e-19 BessellI
53706.3 4.09626e-17 1.28075e-19 BessellI
53707.3 3.75913e-17 1.19722e-19 BessellI
53708.3 3.4496e-17 1.1187e-19 BessellI
53709.3 3.16544e-17 1.04494e-19 BessellI
53710.3 2.90458e-17 9.75684e-20 BessellI
53711.3 2.66513e-17 9.10707e-20 BessellI
53712.3 2.44535e-17 8.49776e-20 BessellI
53713.3 2.24364e-17 7.92671e-20 BessellI
53714.3 2.05851e-17 7.39179e-20 BessellI
53715.3 1.88862e-17 6.89095e-20 BessellI
53716.3 1.73271e-17 6.42225e-20 BessellI
53717.3 1.58965e-17 5.98382e-20 BessellI
53718.3 1.45837e-17 5.57387e-20 BessellI
53719.3 1.33792e-17 5.19071e-20 BessellI
53720.3 1.2274e-17 4.83272e-20 BessellI
53721.3 1.12599e-17 4.49838e-20 BessellI
53722.3 1.03295e-17 4.18622e-20 BessellI
53723.3 9.47588e-18 3.89488e-20 BessellI
53724.3 8.69272e-18 3.62306e-20 BessellI
53725.3 7.97422e-18 3.36953e-20 BessellI
53726.3 7.31505e-18 3.13311e-20 BessellI
53525.1 6.39118e-30 1.39002e-31 BessellR
53526.1 2.35361e-29 4.91749e-31 BessellR
53527.1 8.66737e-29 1.73677e-30 BessellR
53528.1 3.19184e-28 6.12279e-30 BessellR
53529.1 1.17542e-27 2.15426e-29 BessellR
53530.1 4.32861e-27 7.56317e-29 BessellR
53531.1 1.59405e-26 2.64896e-28 BessellR
53532.1 5.87027e-26 9.25342e-28 BessellR
53533.1 2.16179e-25 3.223e-27 BessellR
53534.1 7.96101e-25 1.11892e-26 BessellR
53535.1 2.93173e-24 3.87032e-26 BessellR
53536.1 1.07964e-23 1.33319e-25 BessellR
53537.1 3.97591e-23 4.57071e-25 BessellR
53538.1 1.46417e-22 1.55851e-24 BessellR
53539.1 5.392e-22 5.28067e-24 BessellR
53540.1 1.98567e-21 1.77597e-23 BessellR
53541.1 7.31247e-21 5.92015e-23 BessellR
53542.1 2.6929e-20 1.95239e-22 BessellR
53543.1 9.91687e-20 6.35397e-22 BessellR
53544.1 3.65188e-19 2.03358e-21 BessellR
53545.1 1.34466e-18 6.36858e-21 BessellR
53546.1 4.94918e-18 1.93688e-20 BessellR
53547.1 1.81887e-17 5.65091e-20 BessellR
53548.1 6.64708e-17 1.5489e-19 BessellR
53549.1 2.37962e-16 3.86578e-19 BessellR
53550.1 7.93262e-16 8.78738e-19 BessellR
53551.1 2.15445e-15 1.85288e-18 BessellR
53552.1 3.99563e-15 2.31439e-18 BessellR
53553.1 5.13781e-15 1.45726e-18 BessellR
53554.1 5.49405e-15 9.98579e-19 BessellR
53555.1 5.52105e-15 1.0001e-18 BessellR
53556.1 5.45049e-15 1.01586e-18 BessellR
53557.1 5.35492e-15 1.00472e-18 BessellR
53558.1 5.25424e-15 9.82675e-19 BessellR
53559.1 5.15368e-15 9.57658e-19 BessellR
53560.1 5.05458e-15 9.32313e-19 BessellR
53561.1 4.95726e-15 9.07425e-19 BessellR
53562.1 4.86179e-15 8.83211e-19 BessellR
53563.1 4.76814e-15 8.59719e-19 BessellR
53564.1 4.6763e-15 8.36949e-19 BessellR
53565.1 4.58622e-15 8.14886e-19 BessellR
53566.1 4.49788e-15 7.93515e-19 BessellR
53567.1 4.41124e-15 7.72818e-19 BessellR
53568.1 4.32627e-15 7.52776e-19 BessellR
53569.1 4.24294e-15 7.33372e-19 BessellR
53570.1 4.16121e-15 7.1459e-19 BessellR
53571.1 4.08106e-15 6.96412e-19 BessellR
53572.1 4.00245e-15 6.78823e-19 BessellR
53573.1 3.92536e-15 6.61805e-19 BessellR
53574.1 3.84975e-15 6.45344e-19 BessellR
53575.1 3.77559e-15 6.29424e-19 BessellR
53576.1 3.70287e-15 6.14029e-19 BessellR
53577.1 3.63154e-15 5.99146e-19 BessellR
53578.1 3.56159e-15 5.84758e-19 BessellR
53579.1 3.49299e-15 5.70853e-19 BessellR
53580.1 3.4257e-15 5.57415e-19 BessellR
53581.1 3.35972e-15 5.44431e-19 BessellR
53582.1 3.295e-15 5.31888e-19 BessellR
53583.1 3.23154e-15 5.19772e-19 BessellR
53584.1 3.16929e-15 5.0807e-19 BessellR
53585.1 3.10824e-15 4.96769e-19 BessellR
53586.1 3.04837e-15 4.85857e-19 BessellR
53587.1 2.98965e-15 4.75321e-19 BessellR
53588.1 2.93207e-15 4.6515e-19 BessellR
53589.1 2.87559e-15 4.55331e-19 BessellR
53590.1 2.8202e-15 4.45852e-19 BessellR
53591.1 2.76588e-15 4.36703e-19 BessellR
53592.1 2.7126e-15 4.27871e-19 BessellR
53593.1 2.66035e-15 4.19347e-19 BessellR
53594.1 2.60911e-15 4.11119e-19 BessellR
53595.1 2.55885e-15 4.03176e-19 BessellR
53596.1 2.50956e-15 3.95509e-19 BessellR
53597.1 2.46122e-15 3.88107e-19 BessellR
53598.1 2.41381e-15 3.8096e-19 BessellR
53599.1 2.36732e-15 3.74059e-19 BessellR
53600.1 2.32172e-15 3.67394e-19 BessellR
53601.1 2.277e-15 3.60957e-19 BessellR
53602.1 2.23314e-15 3.54738e-19 BessellR
53603.1 2.19012e-15 3.48728e-19 BessellR
53604.1 2.14794e-15 3.42919e-19 BessellR
53605.1 2.10656e-15 3.37303e-19 BessellR
53606.1 2.06599e-15 3.31871e-19 BessellR
53607.1 2.02619e-15 3.26617e-19 BessellR
53608.1 1.98716e-15 3.21531e-19 BessellR
53609.1 1.94889e-15 3.16609e-19 BessellR
53610.1 1.91135e-15 3.11841e-19 BessellR
53611.1 1.87453e-15 3.07221e-19 BessellR
53612.1 1.83842e-15 3.02743e-19 BessellR
53613.1 1.80301e-15 2.984e-19 BessellR
53614.1 1.76828e-15 2.94186e-19 BessellR
53615.1 1.73422e-15 2.90095e-19 BessellR
53616.1 1.70082e-15 2.86122e-19 BessellR
53617.1 1.66806e-15 2.82261e-19 BessellR
53618.1 1.63593e-15 2.78507e-19 BessellR
53619.1 1.60441e-15 2.74854e-19 BessellR
53620.1 1.57351e-15 2.71298e-19 BessellR
53621.1 1.5432e-15 2.67834e-19 BessellR
53622.1 1.51348e-15 2.64458e-19 BessellR
53623.1 1.48432e-15 2.61166e-19 BessellR
53624.1 1.45573e-15 2.57953e-19 BessellR
53625.1 1.42769e-15 2.54816e-19 BessellR
53626.1 1.40019e-15 2.5175e-19 BessellR
53627.1 1.37322e-15 2.48753e-19 BessellR
53628.1 1.34677e-15 2.45821e-19 BessellR
53629.1 1.32083e-15 2.42952e-19 BessellR
53630.1 1.29539e-15 2.4014e-19 BessellR
53631.1 1.27043e-15 2.37386e-19 BessellR
53632.1 1.24596e-15 2.34684e-19 BessellR
53633.1 1.22196e-15 2.32033e-19 BessellR
53634.1 1.19843e-15 2.2943e-19 BessellR
53635.1 1.17534e-15 2.26874e-19 BessellR
53636.1 1.1527e-15 2.24361e-19 BessellR
53637.1 1.1305e-15 2.2189e-19 BessellR
53638.1 1.10872e-15 2.19459e-19 BessellR
53639.1 1.08737e-15 2.17065e-19 BessellR
53640.1 1.06642e-15 2.14708e-19 BessellR
53641.1 1.04588e-15 2.12386e-19 BessellR
53642.1 1.02574e-15 2.10097e-19 BessellR
53643.1 1.00598e-15 2.07839e-19 BessellR
53644.1 9.866e-16 2.05611e-19 BessellR
53645.1 9.67597e-16 2.03413e-19 BessellR
53646.1 9.48959e-16 2.01242e-19 BessellR
53647.1 9.3068e-16 1.99098e-19 BessellR
53648.1 9.12753e-16 1.9698e-19 BessellR
53649.1 8.95172e-16 1.94887e-19 BessellR
53650.1 8.77929e-16 1.92817e-19 BessellR
53651.1 8.61018e-16 1.9077e-19 BessellR
53652.1 8.44433e-16 1.88745e-19 BessellR
53653.1 8.28168e-16 1.86741e-19 BessellR
53654.1 8.12215e-16 1.84758e-19 BessellR
53655.1 7.9657e-16 1.82795e-19 BessellR
53656.1 7.81227e-16 1.80851e-19 BessellR
53657.1 7.66179e-16 1.78926e-19 BessellR
53658.1 7.51421e-16 1.7702e-19 BessellR
53659.1 7.36947e-16 1.75131e-19 BessellR
53660.1 7.22752e-16 1.73259e-19 BessellR
53661.1 7.0883e-16 1.71405e-19 BessellR
53662.1 6.95177e-16 1.69567e-19 BessellR
53663.1 6.81786e-16 1.67745e-19 BessellR
53664.1 6.68654e-16 1.65938e-19 BessellR
53665.1 6.55774e-16 1.64148e-19 BessellR
53666.1 6.43142e-16 1.62372e-19 BessellR
53667.1 6.30754e-16 1.60612e-19 BessellR
53668.1 6.18605e-16 1.58866e-19 BessellR
53669.1 6.06689e-16 1.57134e-19 BessellR
53670.1 5.95003e-16 1.55417e-19 BessellR
53671.1 5.83542e-16 1.53714e-19 BessellR
53672.1 5.72302e-16 1.52025e-19 BessellR
53673.1 5.61278e-16 1.5035e-19 BessellR
53674.1 5.50467e-16 1.48688e-19 BessellR
53675.1 5.39864e-16 1.47039e-19 BessellR
53676.1 5.29465e-16 1.45404e-19 BessellR
53677.1 5.19266e-16 1.43782e-19 BessellR
53678.1 5.09264e-16 1.42174e-19 BessellR
53679.1 4.99455e-16 1.40578e-19 BessellR
53680.1 4.89834e-16 1.38995e-19 BessellR
53681.1 4.80399e-16 1.37425e-19 BessellR
53682.1 4.71145e-16 1.35868e-19 BessellR
53683.1 4.6207e-16 1.34323e-19 BessellR
53684.1 4.5317e-16 1.32791e-19 BessellR
53685.1 4.44441e-16 1.31271e-19 BessellR
53686.1 4.3588e-16 1.29764e-19 BessellR
53687.1 4.27484e-16 1.2827e-19 BessellR
53688.1 4.1925e-16 1.26787e-19 BessellR
53689.1 4.11174e-16 1.25317e-19 BessellR
53690.1 4.03254e-16 1.2386e-19 BessellR
53691.1 3.95487e-16 1.22414e-19 BessellR
53692.1 3.87869e-16 1.20981e-19 BessellR
53693.1 3.80398e-16 1.1956e-19 BessellR
53694.1 3.7307e-16 1.18151e-19 BessellR
53695.1 3.65884e-16 1.16755e-19 BessellR
53696.1 3.58837e-16 1.1537e-19 BessellR
53697.1 3.51925e-16 1.13997e-19 BessellR
53698.1 3.45146e-16 1.12637e-19 BessellR
53699.1 3.38498e-16 1.11288e-19 BessellR
53700.1 3.31978e-16 1.09951e-19 BessellR
53701.1 3.25583e-16 1.08627e-19 BessellR
53702.1 3.19312e-16 1.07314e-19 BessellR
53703.1 3.13161e-16 1.06013e-19 BessellR
53704.1 3.07129e-16 1.04723e-19 BessellR
53705.1 3.01213e-16 1.03446e-19 BessellR
53706.1 2.95411e-16 1.0218e-19 BessellR
53707.1 2.89721e-16 1.00926e-19 BessellR
53708.1 2.8414e-16 9.96835e-20 BessellR
53709.1 2.78667e-16 9.84528e-20 BessellR
53710.1 2.73299e-16 9.72337e-20 BessellR
53711.1 2.68035e-16 9.60261e-20 BessellR
53712.1 2.62872e-16 9.48301e-20 BessellR
53713.1 2.57809e-16 9.36455e-20 BessellR
53714.1 2.52843e-16 9.24725e-20 BessellR
53715.1 2.47973e-16 9.13108e-20 BessellR
53716.1 2.43196e-16 9.01605e-20 BessellR
53717.1 2.38512e-16 8.90215e-20 BessellR
53718.1 2.33917e-16 8.78938e-20 BessellR
53719.1 2.29412e-16 8.67773e-20 BessellR
53720.1 2.24993e-16 8.5672e-20 BessellR
53721.1 2.20659e-16 8.45779e-20 BessellR
53722.1 2.16409e-16 8.34949e-20 BessellR
53723.1 2.1224e-16 8.24229e-20 BessellR
53724.1 2.08152e-16 8.13619e-20 BessellR
53725.1 2.04143e-16 8.03118e-20 BessellR
53726.1 2.0021e-16 7.92726e-20 BessellR
53727.1 1.96354e-16 7.82443e-20 BessellR
53728.1 1.92572e-16 7.72268e-20 BessellR
53729.1 1.88862e-16 7.62199e-20 BessellR
53730.1 1.85225e-16 7.52238e-20 BessellR
53731.1 1.81657e-16 7.42382e-20 BessellR
53732.1 1.78158e-16 7.32632e-20 BessellR
53733.1 1.74726e-16 7.22987e-20 BessellR
53734.1 1.7136e-16 7.13447e-20 BessellR
53735.1 1.6806e-16 7.0401e-20 BessellR
53736.1 1.64822e-16 6.94676e-20 BessellR
53737.1 1.61648e-16 6.85445e-20 BessellR
53738.1 1.58534e-16 6.76315e-20 BessellR
53739.1 1.5548e-16 6.67287e-20 BessellR
53740.1 1.52485e-16 6.58359e-20 BessellR
53741.1 1.49548e-16 6.49531e-20 BessellR
53742.1 1.46668e-16 6.40802e-20 BessellR
53743.1 1.43843e-16 6.32172e-20 BessellR
53744.1 1.41072e-16 6.2364e-20 BessellR
53745.1 1.38355e-16 6.15205e-20 BessellR
53746.1 1.3569e-16 6.06866e-20 BessellR
53747.1 1.33076e-16 5.98624e-20 BessellR
53748.1 1.30513e-16 5.90476e-20 BessellR
53749.1 1.27999e-16 5.82423e-20 BessellR
53750.1 1.25533e-16 5.74463e-20 BessellR
53751.1 1.23115e-16 5.66597e-20 BessellR
53752.1 1.20744e-16 5.58822e-20 BessellR
53753.1 1.18418e-16 5.51139e-20 BessellR
53754.1 1.16137e-16 5.43547e-20 BessellR
53755.1 1.139e-16 5.36046e-20 BessellR
53756.1 1.11706e-16 5.28633e-20 BessellR
53757.1 1.09554e-16 5.21309e-20 BessellR
53758.1 1.07444e-16 5.14073e-20 BessellR
53759.1 1.05374e-16 5.06925e-20 BessellR
53760.1 1.03345e-16 4.99862e-20 BessellR
53761.1 1.01354e-16 4.92886e-20 BessellR
53762.1 9.94018e-17 4.85994e-20 BessellR
53763.1 9.74871e-17 4.79186e-20 BessellR
53764.1 9.56093e-17 4.72462e-20 BessellR
53765.1 9.37677e-17 4.65821e-20 BessellR
53766.1 9.19615e-17 4.59262e-20 BessellR
53767.1 9.01902e-17 4.52783e-20 BessellR
53768.1 8.84529e-17 4.46386e-20 BessellR
53769.1 8.67491e-17 4.40068e-20 BessellR
53770.1 8.50782e-17 4.33829e-20 BessellR
53771.1 8.34394e-17 4.27669e-20 BessellR
53772.1 8.18322e-17 4.21585e-20 BessellR
53773.1 8.02559e-17 4.15579e-20 BessellR
53774.1 7.871e-17 4.09649e-20 BessellR
53775.1 7.71939e-17 4.03794e-20 BessellR
53776.1 7.5707e-17 3.98014e-20 BessellR
53777.1 7.42487e-17 3.92307e-20 BessellR
53778.1 7.28186e-17 3.86674e-20 BessellR
53779.1 7.14159e-17 3.81113e-20 BessellR
53780.1 7.00403e-17 3.75623e-20 BessellR
53781.1 6.86912e-17 3.70205e-20 BessellR
53782.1 6.73681e-17 3.64856e-20 BessellR
53783.1 6.60704e-17 3.59578e-20 BessellR
53784.1 6.47978e-17 3.54368e-20 BessellR
53785.1 6.35496e-17 3.49226e-20 BessellR
53786.1 6.23255e-17 3.44151e-20 BessellR
53787.1 6.1125e-17 3.39143e-20 BessellR
53788.1 5.99476e-17 3.34201e-20 BessellR
53789.1 5.87929e-17 3.29324e-20 BessellR
53790.1 5.76604e-17 3.24511e-20 BessellR
53791.1 5.65498e-17 3.19762e-20 BessellR
53792.1 5.54605e-17 3.15077e-20 BessellR
53793.1 5.43922e-17 3.10454e-20 BessellR
53794.1 5.33445e-17 3.05892e-20 BessellR
53795.1 5.2317e-17 3.01392e-20 BessellR
53796.1 5.13093e-17 2.96952e-20 BessellR
53797.1 5.0321e-17 2.92572e-20 BessellR
53798.1 4.93517e-17 2.88251e-20 BessellR
53799.1 4.84011e-17 2.83988e-20 BessellR
53800.1 4.74688e-17 2.79783e-20 BessellR
53801.1 4.65544e-17 2.75635e-20 BessellR
53802.1 4.56577e-17 2.71543e-20 BessellR
53803.1 4.47782e-17 2.67508e-20 BessellR
53804.1 4.39157e-17 2.63527e-20 BessellR
53805.1 4.30698e-17 2.59601e-20 BessellR
53806.1 4.22402e-17 2.55728e-20 BessellR
53807.1 4.14266e-17 2.51909e-20 BessellR
53808.1 4.06286e-17 2.48143e-20 BessellR
53809.1 3.9846e-17 2.44428e-20 BessellR
53810.1 3.90785e-17 2.40765e-20 BessellR
53811.1 3.83258e-17 2.37152e-20 BessellR
53812.1 3.75875e-17 2.3359e-20 BessellR
53813.1 3.68635e-17 2.30077e-20 BessellR
53814.1 3.61534e-17 2.26613e-20 BessellR
53815.1 3.54571e-17 2.23198e-20 BessellR
53816.1 3.47741e-17 2.1983e-20 BessellR
53817.1 3.41043e-17 2.16509e-20 BessellR
53818.1 3.34473e-17 2.13235e-20 BessellR
53819.1 3.28031e-17 2.10007e-20 BessellR
53820.1 3.21712e-17 2.06825e-20 BessellR
53821.1 3.15515e-17 2.03687e-20 BessellR
53822.1 3.09438e-17 2.00594e-20 BessellR
53823.1 3.03478e-17 1.97545e-20 BessellR
53824.1 2.97632e-17 1.94538e-20 BessellR
53825.1 2.91899e-17 1.91575e-20 BessellR
53826.1 2.86276e-17 1.88654e-20 BessellR
53827.1 2.80762e-17 1.85774e-20 BessellR
53828.1 2.75354e-17 1.82936e-20 BessellR
53829.1 2.7005e-17 1.80138e-20 BessellR
53830.1 2.64849e-17 1.7738e-20 BessellR
53831.1 2.59747e-17 1.74662e-20 BessellR
53832.1 2.54744e-17 1.71983e-20 BessellR
53833.1 2.49837e-17 1.69342e-20 BessellR
53834.1 2.45025e-17 1.66739e-20 BessellR
53835.1 2.40305e-17 1.64174e-20 BessellR
53836.1 2.35676e-17 1.61646e-20 BessellR
53837.1 2.31136e-17 1.59155e-20 BessellR
53838.1 2.26684e-17 1.567e-20 BessellR
53839.1 2.22318e-17 1.54281e-20 BessellR
53840.1 2.18036e-17 1.51896e-20 BessellR
53841.1 2.13836e-17 1.49547e-20 BessellR
53842.1 2.09717e-17 1.47231e-20 BessellR
53843.1 2.05677e-17 1.4495e-20 BessellR
53844.1 2.01716e-17 1.42702e-20 BessellR
53845.1 1.9783e-17 1.40487e-20 BessellR
53846.1 1.9402e-17 1.38304e-20 BessellR
53847.1 1.90282e-17 1.36153e-20 BessellR
53848.1 1.86617e-17 1.34034e-20 BessellR
53849.1 1.83022e-17 1.31947e-20 BessellR
53850.1 1.79497e-17 1.2989e-20 BessellR
53851.1 1.7604e-17 1.27863e-20 BessellR
53852.1 1.72649e-17 1.25866e-20 BessellR
53853.1 1.69323e-17 1.23899e-20 BessellR
53854.1 1.66062e-17 1.21961e-20 BessellR
53855.1 1.62863e-17 1.20052e-20 BessellR
53856.1 1.59726e-17 1.18172e-20 BessellR
53857.1 1.56649e-17 1.16319e-20 BessellR
53858.1 1.53632e-17 1.14494e-20 BessellR
53859.1 1.50673e-17 1.12696e-20 BessellR
53860.1 1.4777e-17 1.10925e-20 BessellR
53861.1 1.44924e-17 1.0918e-20 BessellR
53862.1 1.42132e-17 1.07461e-20 BessellR
53863.1 1.39395e-17 1.05769e-20 BessellR
53864.1 1.3671e-17 1.04101e-20 BessellR
53865.1 1.34076e-17 1.02459e-20 BessellR
53866.1 1.31494e-17 1.00841e-20 BessellR
53867.1 1.28961e-17 9.92481e-21 BessellR
53868.1 1.26477e-17 9.76789e-21 BessellR
53869.1 1.24041e-17 9.61333e-21 BessellR
53870.1 1.21651e-17 9.46111e-21 BessellR
53871.1 1.19308e-17 9.31119e-21 BessellR
53872.1 1.1701e-17 9.16355e-21 BessellR
53873.1 1.14756e-17 9.01814e-21 BessellR
53874.1 1.12546e-17 8.87493e-21 BessellR
53875.1 1.10378e-17 8.7339e-21 BessellR
53876.1 1.08252e-17 8.59502e-21 BessellR
53877.1 1.06167e-17 8.45825e-21 BessellR
53878.1 1.04122e-17 8.32356e-21 BessellR
53879.1 1.02116e-17 8.19093e-21 BessellR
53880.1 1.00149e-17 8.06032e-21 BessellR
53881.1 9.822e-18 7.93171e-21 BessellR
53882.1 9.63281e-18 7.80506e-21 BessellR
53883.1 9.44726e-18 7.68036e-21 BessellR
53884.1 9.26529e-18 7.55757e-21 BessellR
53885.1 9.08682e-18 7.43666e-21 BessellR
53886.1 8.91179e-18 7.31761e-21 BessellR
53887.1 8.74013e-18 7.20038e-21 BessellR
53888.1 8.57178e-18 7.08496e-21 BessellR
53889.1 8.40667e-18 6.97132e-21 BessellR
53890.1 8.24474e-18 6.85944e-21 BessellR
53891.1 8.08593e-18 6.74927e-21 BessellR
53468.1 4.12923e-56 6.09539e-57 BessellV
53469.1 1.30961e-55 1.90924e-56 BessellV
53470.1 4.15349e-55 5.97935e-56 BessellV
53471.1 1.31731e-54 1.87233e-55 BessellV
53472.1 4.17796e-54 5.86196e-55 BessellV
53473.1 1.32508e-53 1.83499e-54 BessellV
53474.1 4.20262e-53 5.74321e-54 BessellV
53475.1 1.33291e-52 1.79722e-53 BessellV
53476.1 4.22748e-52 5.62307e-53 BessellV
53477.1 1.3408e-51 1.75901e-52 BessellV
53478.1 4.25254e-51 5.50153e-52 BessellV
53479.1 1.34876e-50 1.72035e-51 BessellV
53480.1 4.27781e-50 5.37857e-51 BessellV
53481.1 1.35678e-49 1.68124e-50 BessellV
53482.1 4.30328e-49 5.25415e-50 BessellV
53483.1 1.36487e-48 1.64166e-49 BessellV
53484.1 4.32896e-48 5.12827e-49 BessellV
53485.1 1.37302e-47 1.60162e-48 BessellV
53486.1 4.35485e-47 5.00089e-48 BessellV
53487.1 1.38124e-46 1.5611e-47 BessellV
53488.1 4.38095e-46 4.87201e-47 BessellV
53489.1 1.38953e-45 1.5201e-46 BessellV
53490.1 4.40727e-45 4.74158e-46 BessellV
53491.1 1.39789e-44 1.47862e-45 BessellV
53492.1 4.43379e-44 4.60961e-45 BessellV
53493.1 1.40631e-43 1.43663e-44 BessellV
53494.1 4.46054e-43 4.47605e-44 BessellV
53495.1 1.4148e-42 1.39414e-43 BessellV
53496.1 4.4875e-42 4.34089e-43 BessellV
53497.1 1.42336e-41 1.35115e-42 BessellV
53498.1 4.51469e-41 4.2041e-42 BessellV
53499.1 1.43199e-40 1.30763e-41 BessellV
53500.1 4.5421e-40 4.06567e-41 BessellV
53501.1 1.4407e-39 1.26359e-40 BessellV
53502.1 4.56973e-39 3.92556e-40 BessellV
53503.1 1.44947e-38 1.21902e-39 BessellV
53504.1 4.59759e-38 3.78375e-39 BessellV
53505.1 1.45832e-37 1.1739e-38 BessellV
53506.1 4.62568e-37 3.64023e-38 BessellV
53507.1 1.46724e-36 1.12824e-37 BessellV
53508.1 4.654e-36 3.49495e-37 BessellV
53509.1 1.47623e-35 1.08202e-36 BessellV
53510.1 4.68255e-35 3.34791e-36 BessellV
53511.1 1.4853e-34 1.03524e-35 BessellV
53512.1 4.71134e-34 3.19907e-35 BessellV
53513.1 1.49444e-33 9.87888e-35 BessellV
53514.1 4.74037e-33 3.04842e-34 BessellV
53515.1 1.50365e-32 9.39956e-34 BessellV
53516.1 4.76964e-32 2.89592e-33 BessellV
53517.1 1.51295e-31 8.91437e-33 BessellV
53518.1 4.79915e-31 2.74155e-32 BessellV
53519.1 1.52232e-30 8.42324e-32 BessellV
53520.1 4.8289e-30 2.5853e-31 BessellV
53521.1 1.53177e-29 7.9261e-31 BessellV
53522.1 4.8589e-29 2.42713e-30 BessellV
53523.1 1.54129e-28 7.42287e-30 BessellV
53524.1 4.88915e-28 2.26702e-29 BessellV
53525.1 1.5509e-27 6.91349e-29 BessellV
53526.1 4.91965e-27 2.10496e-28 BessellV
53527.1 1.56058e-26 6.3979e-28 BessellV
53528.1 4.95041e-26 1.94093e-27 BessellV
53529.1 1.57035e-25 5.87607e-27 BessellV
53530.1 4.98142e-25 1.77492e-26 BessellV
53531.1 1.5802e-24 5.34795e-26 BessellV
53532.1 5.01269e-24 1.60692e-25 BessellV
53533.1 1.59013e-23 4.81357e-25 BessellV
53534.1 5.04422e-23 1.43695e-24 BessellV
53535.1 1.60014e-22 4.27298e-24 BessellV
53536.1 5.07602e-22 1.26504e-23 BessellV
53537.1 1.61024e-21 3.72634e-23 BessellV
53538.1 5.10807e-21 1.09125e-22 BessellV
53539.1 1.62041e-20 3.17398e-22 BessellV
53540.1 5.14037e-20 9.15745e-22 BessellV
53541.1 1.63065e-19 2.61655e-21 BessellV
53542.1 5.17264e-19 7.38791e-21 BessellV
53543.1 1.64066e-18 2.05511e-20 BessellV
53544.1 5.20211e-18 5.60692e-20 BessellV
53545.1 1.64764e-17 1.48958e-19 BessellV
53546.1 5.20019e-17 3.80371e-19 BessellV
53547.1 1.62307e-16 9.09293e-19 BessellV
53548.1 4.8954e-16 1.92441e-18 BessellV
53549.1 1.34092e-15 3.28416e-18 BessellV
53550.1 2.95696e-15 4.36714e-18 BessellV
53551.1 4.73965e-15 4.33737e-18 BessellV
53552.1 5.80776e-15 2.73873e-18 BessellV
53553.1 6.20112e-15 1.32128e-18 BessellV
53554.1 6.28363e-15 8.4373e-19 BessellV
53555.1 6.25712e-15 8.22026e-19 BessellV
53556.1 6.19621e-15 8.37848e-19 BessellV
53557.1 6.12522e-15 8.33496e-19 BessellV
53558.1 6.05176e-15 8.17734e-19 BessellV
53559.1 5.97816e-15 7.97859e-19 BessellV
53560.1 5.90514e-15 7.76993e-19 BessellV
53561.1 5.83292e-15 7.56293e-19 BessellV
53562.1 5.76156e-15 7.36163e-19 BessellV
53563.1 5.69106e-15 7.16741e-19 BessellV
53564.1 5.62142e-15 6.9807e-19 BessellV
53565.1 5.55263e-15 6.80162e-19 BessellV
53566.1 5.48468e-15 6.63019e-19 BessellV
53567.1 5.41756e-15 6.46639e-19 BessellV
53568.1 5.35127e-15 6.31017e-19 BessellV
53569.1 5.28579e-15 6.16149e-19 BessellV
53570.1 5.2211e-15 6.02029e-19 BessellV
53571.1 5.15721e-15 5.88651e-19 BessellV
53572.1 5.0941e-15 5.76008e-19 BessellV
53573.1 5.03177e-15 5.64092e-19 BessellV
53574.1 4.97019e-15 5.52894e-19 BessellV
53575.1 4.90937e-15 5.42403e-19 BessellV
53576.1 4.84929e-15 5.32609e-19 BessellV
53577.1 4.78995e-15 5.23498e-19 BessellV
53578.1 4.73134e-15 5.15057e-19 BessellV
53579.1 4.67344e-15 5.0727e-19 BessellV
53580.1 4.61625e-15 5.00121e-19 BessellV
53581.1 4.55976e-15 4.93592e-19 BessellV
53582.1 4.50396e-15 4.87663e-19 BessellV
53583.1 4.44885e-15 4.82315e-19 BessellV
53584.1 4.39441e-15 4.77526e-19 BessellV
53585.1 4.34063e-15 4.73273e-19 BessellV
53586.1 4.28751e-15 4.69533e-19 BessellV
53587.1 4.23505e-15 4.66282e-19 BessellV
53588.1 4.18322e-15 4.63495e-19 BessellV
53589.1 4.13203e-15 4.61148e-19 BessellV
53590.1 4.08147e-15 4.59216e-19 BessellV
53591.1 4.03152e-15 4.57673e-19 BessellV
53592.1 3.98219e-15 4.56495e-19 BessellV
53593.1 3.93346e-15 4.55656e-19 BessellV
53594.1 3.88532e-15 4.55132e-19 BessellV
53595.1 3.83778e-15 4.549e-19 BessellV
53596.1 3.79082e-15 4.54936e-19 BessellV
53597.1 3.74443e-15 4.55218e-19 BessellV
53598.1 3.69861e-15 4.55724e-19 BessellV
53599.1 3.65335e-15 4.56433e-19 BessellV
53600.1 3.60864e-15 4.57326e-19 BessellV
53601.1 3.56448e-15 4.58382e-19 BessellV
53602.1 3.52086e-15 4.59585e-19 BessellV
53603.1 3.47778e-15 4.60917e-19 BessellV
53604.1 3.43522e-15 4.62362e-19 BessellV
53605.1 3.39318e-15 4.63905e-19 BessellV
53606.1 3.35166e-15 4.65532e-19 BessellV
53607.1 3.31065e-15 4.67228e-19 BessellV
53608.1 3.27013e-15 4.68983e-19 BessellV
53609.1 3.23012e-15 4.70784e-19 BessellV
53610.1 3.19059e-15 4.7262e-19 BessellV
53611.1 3.15154e-15 4.74482e-19 BessellV
53612.1 3.11298e-15 4.76359e-19 BessellV
53613.1 3.07489e-15 4.78245e-19 BessellV
53614.1 3.03726e-15 4.8013e-19 BessellV
53615.1 3.00009e-15 4.82008e-19 BessellV
53616.1 2.96338e-15 4.83872e-19 BessellV
53617.1 2.92711e-15 4.85716e-19 BessellV
53618.1 2.8913e-15 4.87535e-19 BessellV
53619.1 2.85591e-15 4.89322e-19 BessellV
53620.1 2.82097e-15 4.91075e-19 BessellV
53621.1 2.78645e-15 4.92788e-19 BessellV
53622.1 2.75235e-15 4.94457e-19 BessellV
53623.1 2.71867e-15 4.96081e-19 BessellV
53624.1 2.6854e-15 4.97655e-19 BessellV
53625.1 2.65254e-15 4.99176e-19 BessellV
53626.1 2.62008e-15 5.00643e-19 BessellV
53627.1 2.58802e-15 5.02053e-19 BessellV
53628.1 2.55635e-15 5.03405e-19 BessellV
53629.1 2.52506e-15 5.04696e-19 BessellV
53630.1 2.49416e-15 5.05926e-19 BessellV
53631.1 2.46364e-15 5.07093e-19 BessellV
53632.1 2.4335e-15 5.08196e-19 BessellV
53633.1 2.40372e-15 5.09235e-19 BessellV
53634.1 2.3743e-15 5.10208e-19 BessellV
53635.1 2.34525e-15 5.11116e-19 BessellV
53636.1 2.31655e-15 5.11957e-19 BessellV
53637.1 2.2882e-15 5.12733e-19 BessellV
53638.1 2.2602e-15 5.13442e-19 BessellV
53639.1 2.23254e-15 5.14084e-19 BessellV
53640.1 2.20522e-15 5.1466e-19 BessellV
53641.1 2.17824e-15 5.1517e-19 BessellV
53642.1 2.15158e-15 5.15614e-19 BessellV
53643.1 2.12525e-15 5.15992e-19 BessellV
53644.1 2.09924e-15 5.16305e-19 BessellV
53645.1 2.07356e-15 5.16554e-19 BessellV
53646.1 2.04818e-15 5.16738e-19 BessellV
53647.1 2.02312e-15 5.16859e-19 BessellV
53648.1 1.99836e-15 5.16917e-19 BessellV
53649.1 1.97391e-15 5.16913e-19 BessellV
53650.1 1.94975e-15 5.16847e-19 BessellV
53651.1 1.92589e-15 5.1672e-19 BessellV
53652.1 1.90233e-15 5.16534e-19 BessellV
53653.1 1.87905e-15 5.16288e-19 BessellV
53654.1 1.85605e-15 5.15984e-19 BessellV
53655.1 1.83334e-15 5.15622e-19 BessellV
53656.1 1.8109e-15 5.15204e-19 BessellV
53657.1 1.78874e-15 5.1473e-19 BessellV
53658.1 1.76686e-15 5.14201e-19 BessellV
53659.1 1.74523e-15 5.13619e-19 BessellV
53660.1 1.72388e-15 5.12984e-19 BessellV
53661.1 1.70278e-15 5.12296e-19 BessellV
53662.1 1.68195e-15 5.11558e-19 BessellV
53663.1 1.66136e-15 5.10769e-19 BessellV
53664.1 1.64103e-15 5.09932e-19 BessellV
53665.1 1.62095e-15 5.09046e-19 BessellV
53666.1 1.60112e-15 5.08113e-19 BessellV
53667.1 1.58152e-15 5.07134e-19 BessellV
53668.1 1.56217e-15 5.0611e-19 BessellV
53669.1 1.54305e-15 5.05041e-19 BessellV
53670.1 1.52417e-15 5.0393e-19 BessellV
53671.1 1.50552e-15 5.02775e-19 BessellV
53672.1 1.4871e-15 5.0158e-19 BessellV
53673.1 1.4689e-15 5.00344e-19 BessellV
53674.1 1.45092e-15 4.99068e-19 BessellV
53675.1 1.43317e-15 4.97754e-19 BessellV
53676.1 1.41563e-15 4.96402e-19 BessellV
53677.1 1.39831e-15 4.95013e-19 BessellV
53678.1 1.3812e-15 4.93589e-19 BessellV
53679.1 1.36429e-15 4.92129e-19 BessellV
53680.1 1.3476e-15 4.90636e-19 BessellV
53681.1 1.33111e-15 4.89109e-19 BessellV
53682.1 1.31482e-15 4.87551e-19 BessellV
53683.1 1.29873e-15 4.85961e-19 BessellV
53684.1 1.28284e-15 4.8434e-19 BessellV
53685.1 1.26714e-15 4.82689e-19 BessellV
53686.1 1.25163e-15 4.8101e-19 BessellV
53687.1 1.23632e-15 4.79303e-19 BessellV
53688.1 1.22119e-15 4.77569e-19 BessellV
53689.1 1.20624e-15 4.75808e-19 BessellV
53690.1 1.19148e-15 4.74021e-19 BessellV
53691.1 1.1769e-15 4.7221e-19 BessellV
53692.1 1.1625e-15 4.70375e-19 BessellV
53693.1 1.14828e-15 4.68516e-19 BessellV
53694.1 1.13422e-15 4.66635e-19 BessellV
53695.1 1.12034e-15 4.64732e-19 BessellV
53696.1 1.10663e-15 4.62808e-19 BessellV
53697.1 1.09309e-15 4.60864e-19 BessellV
53698.1 1.07972e-15 4.589e-19 BessellV
53699.1 1.0665e-15 4.56917e-19 BessellV
53700.1 1.05345e-15 4.54916e-19 BessellV
53701.1 1.04056e-15 4.52898e-19 BessellV
