53539.4 1.06238e-15 6.41179e-18 BessellB
53540.4 1.06758e-15 6.1541e-18 BessellB
53541.4 1.07249e-15 5.89902e-18 BessellB
53542.4 1.07708e-15 5.64701e-18 BessellB
53543.4 1.08137e-15 5.39853e-18 BessellB
53544.4 1.08534e-15 5.15403e-18 BessellB
53545.4 1.08899e-15 4.91397e-18 BessellB
53546.4 1.0923e-15 4.6788e-18 BessellB
53547.4 1.09529e-15 4.44898e-18 BessellB
53548.4 1.09793e-15 4.22495e-18 BessellB
53549.4 1.10024e-15 4.00714e-18 BessellB
53550.4 1.10219e-15 3.796e-18 BessellB
53551.4 1.1038e-15 3.59195e-18 BessellB
53552.4 1.10506e-15 3.39542e-18 BessellB
53553.4 1.10596e-15 3.20681e-18 BessellB
53554.4 1.10652e-15 3.02653e-18 BessellB
53555.4 1.10671e-15 2.85498e-18 BessellB
53556.4 1.10655e-15 2.69253e-18 BessellB
53557.4 1.10604e-15 2.53953e-18 BessellB
53558.4 1.10518e-15 2.39631e-18 BessellB
53559.4 1.10396e-15 2.26315e-18 BessellB
53560.4 1.10239e-15 2.14029e-18 BessellB
53561.4 1.10048e-15 2.02789e-18 BessellB
53562.4 1.09822e-15 1.92603e-18 BessellB
53563.4 1.09563e-15 1.8347e-18 BessellB
53564.4 1.09269e-15 1.75374e-18 BessellB
53565.4 1.08943e-15 1.68288e-18 BessellB
53566.4 1.08584e-15 1.62169e-18 BessellB
53567.4 1.08193e-15 1.5696e-18 BessellB
53568.4 1.07771e-15 1.52593e-18 BessellB
53569.4 1.07318e-15 1.48986e-18 BessellB
53570.4 1.06835e-15 1.4605e-18 BessellB
53571.4 1.06323e-15 1.43693e-18 BessellB
53572.4 1.05782e-15 1.4182e-18 BessellB
53573.4 1.05213e-15 1.40339e-18 BessellB
53574.4 1.04618e-15 1.39163e-18 BessellB
53575.4 1.03996e-15 1.38213e-18 BessellB
53576.4 1.03349e-15 1.37417e-18 BessellB
53577.4 1.02678e-15 1.3671e-18 BessellB
53578.4 1.01983e-15 1.3604e-18 BessellB
53579.4 1.01266e-15 1.35362e-18 BessellB
53580.4 1.00527e-15 1.34637e-18 BessellB
53581.4 9.97682e-16 1.33836e-18 BessellB
53582.4 9.89893e-16 1.32937e-18 BessellB
53583.4 9.81916e-16 1.31923e-18 BessellB
53584.4 9.73763e-16 1.30781e-18 BessellB
53585.4 9.65441e-16 1.29504e-18 BessellB
53586.4 9.56961e-16 1.2809e-18 BessellB
53587.4 9.48333e-16 1.26538e-18 BessellB
53588.4 9.39565e-16 1.2485e-18 BessellB
53589.4 9.30668e-16 1.23031e-18 BessellB
53590.4 9.2165e-16 1.21089e-18 BessellB
53591.4 9.12521e-16 1.1903e-18 BessellB
53592.4 9.03289e-16 1.16866e-18 BessellB
53593.4 8.93965e-16 1.14605e-18 BessellB
53594.4 8.84555e-16 1.12259e-18 BessellB
53595.4 8.7507e-16 1.09841e-18 BessellB
53596.4 8.65517e-16 1.07361e-18 BessellB
53597.4 8.55904e-16 1.04831e-18 BessellB
53598.4 8.4624e-16 1.02266e-18 BessellB
53599.4 8.36532e-16 9.96754e-19 BessellB
53600.4 8.26789e-16 9.70728e-19 BessellB
53601.4 8.17016e-16 9.447e-19 BessellB
53602.4 8.07222e-16 9.18786e-19 BessellB
53603.4 7.97412e-16 8.93102e-19 BessellB
53604.4 7.87595e-16 8.67759e-19 BessellB
53605.4 7.77776e-16 8.42863e-19 BessellB
53606.4 7.67961e-16 8.18516e-19 BessellB
53607.4 7.58157e-16 7.94817e-19 BessellB
53608.4 7.48369e-16 7.71855e-19 BessellB
53609.4 7.38602e-16 7.49718e-19 BessellB
53610.4 7.28862e-16 7.28482e-19 BessellB
53611.4 7.19153e-16 7.08221e-19 BessellB
53612.4 7.09481e-16 6.88996e-19 BessellB
53613.4 6.9985e-16 6.70863e-19 BessellB
53614.4 6.90265e-16 6.53866e-19 BessellB
53615.4 6.80728e-16 6.38042e-19 BessellB
53616.4 6.71245e-16 6.23414e-19 BessellB
53617.4 6.61819e-16 6.09998e-19 BessellB
53618.4 6.52453e-16 5.97795e-19 BessellB
53619.4 6.4315e-16 5.86797e-19 BessellB
53620.4 6.33915e-16 5.76985e-19 BessellB
53621.4 6.24748e-16 5.68329e-19 BessellB
53622.4 6.15654e-16 5.60788e-19 BessellB
53623.4 6.06634e-16 5.54315e-19 BessellB
53624.4 5.97691e-16 5.48852e-19 BessellB
53625.4 5.88827e-16 5.44336e-19 BessellB
53626.4 5.80044e-16 5.407e-19 BessellB
53627.4 5.71344e-16 5.37871e-19 BessellB
53628.4 5.62728e-16 5.35777e-19 BessellB
53629.4 5.54199e-16 5.34344e-19 BessellB
53630.4 5.45756e-16 5.33496e-19 BessellB
53631.4 5.37403e-16 5.33163e-19 BessellB
53632.4 5.29138e-16 5.33274e-19 BessellB
53633.4 5.20965e-16 5.33763e-19 BessellB
53634.4 5.12883e-16 5.34568e-19 BessellB
53635.4 5.04893e-16 5.35628e-19 BessellB
53636.4 4.96996e-16 5.36892e-19 BessellB
53637.4 4.89192e-16 5.38307e-19 BessellB
53638.4 4.81482e-16 5.3983e-19 BessellB
53639.4 4.73867e-16 5.41419e-19 BessellB
53640.4 4.66346e-16 5.43038e-19 BessellB
53641.4 4.58919e-16 5.44654e-19 BessellB
53642.4 4.51587e-16 5.46237e-19 BessellB
53643.4 4.44349e-16 5.47764e-19 BessellB
53644.4 4.37207e-16 5.49213e-19 BessellB
53645.4 4.30158e-16 5.50563e-19 BessellB
53646.4 4.23204e-16 5.51801e-19 BessellB
53647.4 4.16344e-16 5.52911e-19 BessellB
53648.4 4.09577e-16 5.53884e-19 BessellB
53649.4 4.02903e-16 5.5471e-19 BessellB
53650.4 3.96323e-16 5.55383e-19 BessellB
53651.4 3.89834e-16 5.55896e-19 BessellB
53652.4 3.83438e-16 5.56247e-19 BessellB
53653.4 3.77133e-16 5.56432e-19 BessellB
53654.4 3.70918e-16 5.56451e-19 BessellB
53655.4 3.64794e-16 5.56304e-19 BessellB
53656.4 3.58759e-16 5.5599e-19 BessellB
53657.4 3.52812e-16 5.55512e-19 BessellB
53658.4 3.46954e-16 5.54871e-19 BessellB
53659.4 3.41182e-16 5.5407e-19 BessellB
53660.4 3.35497e-16 5.53113e-19 BessellB
53661.4 3.29898e-16 5.52003e-19 BessellB
53662.4 3.24383e-16 5.50744e-19 BessellB
53663.4 3.18952e-16 5.49341e-19 BessellB
53664.4 3.13605e-16 5.47797e-19 BessellB
53665.4 3.08339e-16 5.46119e-19 BessellB
53666.4 3.03155e-16 5.44309e-19 BessellB
53667.4 2.98052e-16 5.42374e-19 BessellB
53668.4 2.93028e-16 5.40318e-19 BessellB
53669.4 2.88082e-16 5.38147e-19 BessellB
53670.4 2.83215e-16 5.35865e-19 BessellB
53671.4 2.78424e-16 5.33477e-19 BessellB
53672.4 2.73709e-16 5.30989e-19 BessellB
53673.4 2.69069e-16 5.28405e-19 BessellB
53674.4 2.64503e-16 5.2573e-19 BessellB
53675.4 2.6001e-16 5.22968e-19 BessellB
53676.4 2.55589e-16 5.20126e-19 BessellB
53677.4 2.51239e-16 5.17206e-19 BessellB
53678.4 2.46959e-16 5.14214e-19 BessellB
53679.4 2.42749e-16 5.11154e-19 BessellB
53680.4 2.38607e-16 5.08029e-19 BessellB
53681.4 2.34533e-16 5.04845e-19 BessellB
53682.4 2.30525e-16 5.01605e-19 BessellB
53683.4 2.26582e-16 4.98313e-19 BessellB
53684.4 2.22705e-16 4.94972e-19 BessellB
53685.4 2.18891e-16 4.91586e-19 BessellB
53686.4 2.15139e-16 4.88159e-19 BessellB
53687.4 2.1145e-16 4.84694e-19 BessellB
53688.4 2.07822e-16 4.81193e-19 BessellB
53689.4 2.04254e-16 4.77661e-19 BessellB
53690.4 2.00745e-16 4.741e-19 BessellB
53691.4 1.97294e-16 4.70512e-19 BessellB
53692.4 1.93901e-16 4.66901e-19 BessellB
53693.4 1.90565e-16 4.63269e-19 BessellB
53694.4 1.87284e-16 4.59618e-19 BessellB
53695.4 1.84059e-16 4.55951e-19 BessellB
53696.4 1.80887e-16 4.52271e-19 BessellB
53697.4 1.77768e-16 4.48578e-19 BessellB
53698.4 1.74703e-16 4.44876e-19 BessellB
53699.4 1.71688e-16 4.41166e-19 BessellB
53700.4 1.68725e-16 4.3745e-19 BessellB
53701.4 1.65811e-16 4.33729e-19 BessellB
53702.4 1.62947e-16 4.30006e-19 BessellB
53703.4 1.60131e-16 4.26283e-19 BessellB
53704.4 1.57363e-16 4.22559e-19 BessellB
53705.4 1.54642e-16 4.18838e-19 BessellB
53706.4 1.51967e-16 4.1512e-19 BessellB
53707.4 1.49337e-16 4.11406e-19 BessellB
53708.4 1.46752e-16 4.07699e-19 BessellB
53709.4 1.44212e-16 4.03998e-19 BessellB
53710.4 1.41714e-16 4.00306e-19 BessellB
53711.4 1.39259e-16 3.96622e-19 BessellB
53712.4 1.36846e-16 3.92949e-19 BessellB
53713.4 1.34474e-16 3.89287e-19 BessellB
53714.4 1.32143e-16 3.85636e-19 BessellB
53715.4 1.29851e-16 3.81999e-19 BessellB
53716.4 1.27599e-16 3.78374e-19 BessellB
53717.4 1.25386e-16 3.74764e-19 BessellB
53718.4 1.2321e-16 3.71169e-19 BessellB
53539.4 1.89221e-16 1.76416e-18 BessellI
53540.4 1.92792e-16 1.70072e-18 BessellI
53541.4 1.9639e-16 1.63619e-18 BessellI
53542.4 2.00014e-16 1.57076e-18 BessellI
53543.4 2.03662e-16 1.50467e-18 BessellI
53544.4 2.07332e-16 1.43816e-18 BessellI
53545.4 2.11021e-16 1.37154e-18 BessellI
53546.4 2.14727e-16 1.30513e-18 BessellI
53547.4 2.18446e-16 1.23933e-18 BessellI
53548.4 2.22176e-16 1.17458e-18 BessellI
53549.4 2.25915e-16 1.1114e-18 BessellI
53550.4 2.29658e-16 1.05038e-18 BessellI
53551.4 2.33403e-16 9.92192e-19 BessellI
53552.4 2.37146e-16 9.37611e-19 BessellI
53553.4 2.40885e-16 8.87493e-19 BessellI
53554.4 2.44614e-16 8.42765e-19 BessellI
53555.4 2.48332e-16 8.04388e-19 BessellI
53556.4 2.52033e-16 7.73285e-19 BessellI
53557.4 2.55714e-16 7.50252e-19 BessellI
53558.4 2.59371e-16 7.35843e-19 BessellI
53559.4 2.62999e-16 7.30272e-19 BessellI
53560.4 2.66596e-16 7.33356e-19 BessellI
53561.4 2.70156e-16 7.44524e-19 BessellI
53562.4 2.73675e-16 7.62888e-19 BessellI
53563.4 2.77149e-16 7.87359e-19 BessellI
53564.4 2.80574e-16 8.1676e-19 BessellI
53565.4 2.83945e-16 8.4992e-19 BessellI
53566.4 2.87258e-16 8.85745e-19 BessellI
53567.4 2.90509e-16 9.2324e-19 BessellI
53568.4 2.93693e-16 9.61533e-19 BessellI
53569.4 2.96805e-16 9.99864e-19 BessellI
53570.4 2.99843e-16 1.03758e-18 BessellI
53571.4 3.02801e-16 1.07412e-18 BessellI
53572.4 3.05675e-16 1.10901e-18 BessellI
53573.4 3.08462e-16 1.14185e-18 BessellI
53574.4 3.11157e-16 1.17228e-18 BessellI
53575.4 3.13757e-16 1.20003e-18 BessellI
53576.4 3.16259e-16 1.22484e-18 BessellI
53577.4 3.18657e-16 1.24653e-18 BessellI
53578.4 3.2095e-16 1.26493e-18 BessellI
53579.4 3.23134e-16 1.27992e-18 BessellI
53580.4 3.25207e-16 1.2914e-18 BessellI
53581.4 3.27164e-16 1.29932e-18 BessellI
53582.4 3.29005e-16 1.30364e-18 BessellI
53583.4 3.30726e-16 1.30436e-18 BessellI
53584.4 3.32325e-16 1.30149e-18 BessellI
53585.4 3.33801e-16 1.29509e-18 BessellI
53586.4 3.35152e-16 1.28522e-18 BessellI
53587.4 3.36376e-16 1.27196e-18 BessellI
53588.4 3.37473e-16 1.25543e-18 BessellI
53589.4 3.38441e-16 1.23576e-18 BessellI
53590.4 3.3928e-16 1.21311e-18 BessellI
53591.4 3.39989e-16 1.18762e-18 BessellI
53592.4 3.40569e-16 1.1595e-18 BessellI
53593.4 3.41019e-16 1.12894e-18 BessellI
53594.4 3.4134e-16 1.09616e-18 BessellI
53595.4 3.41533e-16 1.06139e-18 BessellI
53596.4 3.41597e-16 1.02488e-18 BessellI
53597.4 3.41535e-16 9.86891e-19 BessellI
53598.4 3.41348e-16 9.47707e-19 BessellI
53599.4 3.41036e-16 9.07621e-19 BessellI
53600.4 3.40603e-16 8.66946e-19 BessellI
53601.4 3.4005e-16 8.26016e-19 BessellI
53602.4 3.39378e-16 7.85184e-19 BessellI
53603.4 3.3859e-16 7.44829e-19 BessellI
53604.4 3.3769e-16 7.05356e-19 BessellI
53605.4 3.36678e-16 6.67199e-19 BessellI
53606.4 3.35558e-16 6.3082e-19 BessellI
53607.4 3.34333e-16 5.96712e-19 BessellI
53608.4 3.33006e-16 5.65387e-19 BessellI
53609.4 3.3158e-16 5.37364e-19 BessellI
53610.4 3.30058e-16 5.13147e-19 BessellI
53611.4 3.28443e-16 4.93184e-19 BessellI
53612.4 3.26739e-16 4.77828e-19 BessellI
53613.4 3.24949e-16 4.67288e-19 BessellI
53614.4 3.23076e-16 4.61593e-19 BessellI
53615.4 3.21125e-16 4.60576e-19 BessellI
53616.4 3.19097e-16 4.63884e-19 BessellI
53617.4 3.16997e-16 4.71024e-19 BessellI
53618.4 3.14829e-16 4.81409e-19 BessellI
53619.4 3.12595e-16 4.94418e-19 BessellI
53620.4 3.103e-16 5.09438e-19 BessellI
53621.4 3.07946e-16 5.25902e-19 BessellI
53622.4 3.05537e-16 5.43297e-19 BessellI
53623.4 3.03077e-16 5.61181e-19 BessellI
53624.4 3.00568e-16 5.79173e-19 BessellI
53625.4 2.98015e-16 5.96958e-19 BessellI
53626.4 2.95419e-16 6.14274e-19 BessellI
53627.4 2.92785e-16 6.30904e-19 BessellI
53628.4 2.90116e-16 6.46676e-19 BessellI
53629.4 2.87413e-16 6.61453e-19 BessellI
53630.4 2.84681e-16 6.75124e-19 BessellI
53631.4 2.81923e-16 6.87608e-19 BessellI
53632.4 2.7914e-16 6.98843e-19 BessellI
53633.4 2.76336e-16 7.08784e-19 BessellI
53634.4 2.73513e-16 7.17406e-19 BessellI
53635.4 2.70674e-16 7.24692e-19 BessellI
53636.4 2.67822e-16 7.3064e-19 BessellI
53637.4 2.64958e-16 7.35257e-19 BessellI
53638.4 2.62084e-16 7.38557e-19 BessellI
53639.4 2.59204e-16 7.40562e-19 BessellI
53640.4 2.56319e-16 7.41302e-19 BessellI
53641.4 2.53431e-16 7.40808e-19 BessellI
53642.4 2.50542e-16 7.3912e-19 BessellI
53643.4 2.47654e-16 7.36277e-19 BessellI
53644.4 2.44768e-16 7.32326e-19 BessellI
53645.4 2.41887e-16 7.27312e-19 BessellI
53646.4 2.39011e-16 7.21287e-19 BessellI
53647.4 2.36143e-16 7.143e-19 BessellI
53648.4 2.33284e-16 7.06404e-19 BessellI
53649.4 2.30435e-16 6.97654e-19 BessellI
53650.4 2.27597e-16 6.88103e-19 BessellI
53651.4 2.24772e-16 6.77806e-19 BessellI
53652.4 2.21961e-16 6.66821e-19 BessellI
53653.4 2.19164e-16 6.55201e-19 BessellI
53654.4 2.16384e-16 6.43004e-19 BessellI
53655.4 2.1362e-16 6.30285e-19 BessellI
53656.4 2.10874e-16 6.17102e-19 BessellI
53657.4 2.08147e-16 6.0351e-19 BessellI
53658.4 2.05439e-16 5.89565e-19 BessellI
53659.4 2.02751e-16 5.75323e-19 BessellI
53660.4 2.00083e-16 5.60842e-19 BessellI
53661.4 1.97437e-16 5.46178e-19 BessellI
53662.4 1.94813e-16 5.31387e-19 BessellI
53663.4 1.92211e-16 5.16526e-19 BessellI
53664.4 1.89632e-16 5.01654e-19 BessellI
53665.4 1.87077e-16 4.86828e-19 BessellI
53666.4 1.84545e-16 4.72107e-19 BessellI
53667.4 1.82037e-16 4.57551e-19 BessellI
53668.4 1.79553e-16 4.43221e-19 BessellI
53669.4 1.77094e-16 4.2918e-19 BessellI
53670.4 1.7466e-16 4.15491e-19 BessellI
53671.4 1.72252e-16 4.02218e-19 BessellI
53672.4 1.69868e-16 3.89427e-19 BessellI
53673.4 1.6751e-16 3.77186e-19 BessellI
53674.4 1.65177e-16 3.65562e-19 BessellI
53675.4 1.6287e-16 3.54621e-19 BessellI
53676.4 1.60589e-16 3.44431e-19 BessellI
53677.4 1.58334e-16 3.35055e-19 BessellI
53678.4 1.56105e-16 3.26554e-19 BessellI
53679.4 1.53901e-16 3.18984e-19 BessellI
53680.4 1.51723e-16 3.12393e-19 BessellI
53681.4 1.49572e-16 3.06819e-19 BessellI
53682.4 1.47446e-16 3.02292e-19 BessellI
53683.4 1.45345e-16 2.98827e-19 BessellI
53684.4 1.43271e-16 2.96426e-19 BessellI
53685.4 1.41222e-16 2.95079e-19 BessellI
53686.4 1.39198e-16 2.94758e-19 BessellI
53687.4 1.372e-16 2.95426e-19 BessellI
53688.4 1.35227e-16 2.97032e-19 BessellI
53689.4 1.33279e-16 2.99518e-19 BessellI
53690.4 1.31356e-16 3.02817e-19 BessellI
53691.4 1.29458e-16 3.06859e-19 BessellI
53692.4 1.27584e-16 3.11569e-19 BessellI
53693.4 1.25735e-16 3.16875e-19 BessellI
53694.4 1.23911e-16 3.22704e-19 BessellI
53695.4 1.2211e-16 3.28985e-19 BessellI
53696.4 1.20333e-16 3.35653e-19 BessellI
53697.4 1.1858e-16 3.42645e-19 BessellI
53698.4 1.16851e-16 3.49904e-19 BessellI
53699.4 1.15145e-16 3.57377e-19 BessellI
53700.4 1.13462e-16 3.65015e-19 BessellI
53701.4 1.11802e-16 3.72774e-19 BessellI
53702.4 1.10164e-16 3.80615e-19 BessellI
53703.4 1.08549e-16 3.88503e-19 BessellI
53704.4 1.06956e-16 3.96405e-19 BessellI
53705.4 1.05385e-16 4.04294e-19 BessellI
53706.4 1.03836e-16 4.12143e-19 BessellI
53707.4 1.02308e-16 4.19932e-19 BessellI
53708.4 1.00802e-16 4.27639e-19 BessellI
53709.4 9.93169e-17 4.35249e-19 BessellI
53710.4 9.78524e-17 4.42744e-19 BessellI
53711.4 9.64086e-17 4.50113e-19 BessellI
53712.4 9.49851e-17 4.57343e-19 BessellI
53713.4 9.35817e-17 4.64424e-19 BessellI
53714.4 9.21982e-17 4.71348e-19 BessellI
53715.4 9.08343e-17 4.78106e-19 BessellI
53716.4 8.94899e-17 4.84694e-19 BessellI
53717.4 8.81646e-17 4.91104e-19 BessellI
53718.4 8.68583e-17 4.97333e-19 BessellI
53539.4 3.34351e-16 9.09493e-19 BessellR
53540.4 3.40912e-16 8.80439e-19 BessellR
53541.4 3.47497e-16 8.50955e-19 BessellR
53542.4 3.541e-16 8.21156e-19 BessellR
53543.4 3.60714e-16 7.91164e-19 BessellR
53544.4 3.67333e-16 7.61114e-19 BessellR
53545.4 3.7395e-16 7.31155e-19 BessellR
53546.4 3.80558e-16 7.01447e-19 BessellR
53547.4 3.87149e-16 6.72165e-19 BessellR
53548.4 3.93716e-16 6.43494e-19 BessellR
53549.4 4.00251e-16 6.15635e-19 BessellR
53550.4 4.06745e-16 5.88799e-19 BessellR
53551.4 4.13192e-16 5.63209e-19 BessellR
53552.4 4.19582e-16 5.39093e-19 BessellR
53553.4 4.25907e-16 5.16681e-19 BessellR
53554.4 4.32158e-16 4.96195e-19 BessellR
53555.4 4.38327e-16 4.77843e-19 BessellR
53556.4 4.44406e-16 4.61805e-19 BessellR
53557.4 4.50386e-16 4.48218e-19 BessellR
53558.4 4.56258e-16 4.37167e-19 BessellR
53559.4 4.62014e-16 4.2867e-19 BessellR
53560.4 4.67645e-16 4.22673e-19 BessellR
53561.4 4.73144e-16 4.19049e-19 BessellR
53562.4 4.78501e-16 4.17607e-19 BessellR
53563.4 4.8371e-16 4.18097e-19 BessellR
53564.4 4.88761e-16 4.20233e-19 BessellR
53565.4 4.93649e-16 4.23705e-19 BessellR
53566.4 4.98365e-16 4.28196e-19 BessellR
53567.4 5.02904e-16 4.33397e-19 BessellR
53568.4 5.07257e-16 4.39014e-19 BessellR
53569.4 5.1142e-16 4.44779e-19 BessellR
53570.4 5.15386e-16 4.50449e-19 BessellR
53571.4 5.1915e-16 4.55814e-19 BessellR
53572.4 5.22707e-16 4.60689e-19 BessellR
53573.4 5.26053e-16 4.64921e-19 BessellR
53574.4 5.29184e-16 4.68383e-19 BessellR
53575.4 5.32096e-16 4.70973e-19 BessellR
53576.4 5.34785e-16 4.72613e-19 BessellR
53577.4 5.37251e-16 4.73245e-19 BessellR
53578.4 5.3949e-16 4.72833e-19 BessellR
53579.4 5.41502e-16 4.71356e-19 BessellR
53580.4 5.43284e-16 4.6881e-19 BessellR
53581.4 5.44838e-16 4.65206e-19 BessellR
53582.4 5.46162e-16 4.60567e-19 BessellR
53583.4 5.47257e-16 4.54928e-19 BessellR
53584.4 5.48124e-16 4.48336e-19 BessellR
53585.4 5.48766e-16 4.40846e-19 BessellR
53586.4 5.49182e-16 4.32521e-19 BessellR
53587.4 5.49377e-16 4.23434e-19 BessellR
53588.4 5.49353e-16 4.13661e-19 BessellR
53589.4 5.49112e-16 4.03286e-19 BessellR
53590.4 5.48659e-16 3.92399e-19 BessellR
53591.4 5.47997e-16 3.81093e-19 BessellR
53592.4 5.47131e-16 3.69465e-19 BessellR
53593.4 5.46065e-16 3.57615e-19 BessellR
53594.4 5.44804e-16 3.45647e-19 BessellR
53595.4 5.43353e-16 3.33665e-19 BessellR
53596.4 5.41717e-16 3.21777e-19 BessellR
53597.4 5.39901e-16 3.10088e-19 BessellR
53598.4 5.37912e-16 2.98706e-19 BessellR
53599.4 5.35755e-16 2.87736e-19 BessellR
53600.4 5.33437e-16 2.77281e-19 BessellR
53601.4 5.30962e-16 2.67438e-19 BessellR
53602.4 5.28338e-16 2.58298e-19 BessellR
53603.4 5.2557e-16 2.49943e-19 BessellR
53604.4 5.22665e-16 2.4244e-19 BessellR
53605.4 5.19628e-16 2.35846e-19 BessellR
53606.4 5.16467e-16 2.30194e-19 BessellR
53607.4 5.13187e-16 2.25501e-19 BessellR
53608.4 5.09795e-16 2.21762e-19 BessellR
53609.4 5.06296e-16 2.18948e-19 BessellR
53610.4 5.02696e-16 2.17015e-19 BessellR
53611.4 4.99003e-16 2.15895e-19 BessellR
53612.4 4.95221e-16 2.15511e-19 BessellR
53613.4 4.91356e-16 2.15774e-19 BessellR
53614.4 4.87414e-16 2.16589e-19 BessellR
53615.4 4.834e-16 2.17859e-19 BessellR
53616.4 4.7932e-16 2.19488e-19 BessellR
53617.4 4.7518e-16 2.21387e-19 BessellR
53618.4 4.70983e-16 2.23471e-19 BessellR
53619.4 4.66736e-16 2.25661e-19 BessellR
53620.4 4.62443e-16 2.27889e-19 BessellR
53621.4 4.58109e-16 2.30093e-19 BessellR
53622.4 4.53738e-16 2.32222e-19 BessellR
53623.4 4.49334e-16 2.3423e-19 BessellR
53624.4 4.44902e-16 2.36079e-19 BessellR
53625.4 4.40446e-16 2.3774e-19 BessellR
53626.4 4.3597e-16 2.39186e-19 BessellR
53627.4 4.31477e-16 2.40399e-19 BessellR
53628.4 4.26972e-16 2.41365e-19 BessellR
53629.4 4.22456e-16 2.42074e-19 BessellR
53630.4 4.17935e-16 2.42519e-19 BessellR
53631.4 4.1341e-16 2.42698e-19 BessellR
53632.4 4.08885e-16 2.42612e-19 BessellR
53633.4 4.04362e-16 2.42263e-19 BessellR
53634.4 3.99845e-16 2.41657e-19 BessellR
53635.4 3.95336e-16 2.40799e-19 BessellR
53636.4 3.90836e-16 2.39701e-19 BessellR
53637.4 3.8635e-16 2.3837e-19 BessellR
53638.4 3.81878e-16 2.3682e-19 BessellR
53639.4 3.77423e-16 2.35062e-19 BessellR
53640.4 3.72986e-16 2.3311e-19 BessellR
53641.4 3.6857e-16 2.30978e-19 BessellR
53642.4 3.64175e-16 2.2868e-19 BessellR
53643.4 3.59805e-16 2.26232e-19 BessellR
53644.4 3.5546e-16 2.23649e-19 BessellR
53645.4 3.51141e-16 2.20947e-19 BessellR
53646.4 3.4685e-16 2.18142e-19 BessellR
53647.4 3.42588e-16 2.1525e-19 BessellR
53648.4 3.38356e-16 2.12288e-19 BessellR
53649.4 3.34156e-16 2.09271e-19 BessellR
53650.4 3.29987e-16 2.06217e-19 BessellR
53651.4 3.25851e-16 2.03141e-19 BessellR
53652.4 3.2175e-16 2.00059e-19 BessellR
53653.4 3.17682e-16 1.96988e-19 BessellR
53654.4 3.1365e-16 1.93942e-19 BessellR
53655.4 3.09654e-16 1.90937e-19 BessellR
53656.4 3.05693e-16 1.87988e-19 BessellR
53657.4 3.0177e-16 1.85109e-19 BessellR
53658.4 2.97884e-16 1.82315e-19 BessellR
53659.4 2.94035e-16 1.79618e-19 BessellR
53660.4 2.90224e-16 1.77032e-19 BessellR
53661.4 2.86452e-16 1.74569e-19 BessellR
53662.4 2.82718e-16 1.72239e-19 BessellR
53663.4 2.79022e-16 1.70053e-19 BessellR
53664.4 2.75365e-16 1.6802e-19 BessellR
53665.4 2.71747e-16 1.66149e-19 BessellR
53666.4 2.68168e-16 1.64446e-19 BessellR
53667.4 2.64628e-16 1.62917e-19 BessellR
53668.4 2.61127e-16 1.61567e-19 BessellR
53669.4 2.57666e-16 1.60398e-19 BessellR
53670.4 2.54243e-16 1.59412e-19 BessellR
53671.4 2.50859e-16 1.58611e-19 BessellR
53672.4 2.47514e-16 1.57992e-19 BessellR
53673.4 2.44207e-16 1.57554e-19 BessellR
53674.4 2.4094e-16 1.57294e-19 BessellR
53675.4 2.3771e-16 1.57206e-19 BessellR
53676.4 2.34519e-16 1.57285e-19 BessellR
53677.4 2.31367e-16 1.57525e-19 BessellR
53678.4 2.28252e-16 1.57918e-19 BessellR
53679.4 2.25175e-16 1.58456e-19 BessellR
53680.4 2.22135e-16 1.59132e-19 BessellR
53681.4 2.19132e-16 1.59935e-19 BessellR
53682.4 2.16167e-16 1.60857e-19 BessellR
53683.4 2.13238e-16 1.61889e-19 BessellR
53684.4 2.10346e-16 1.63021e-19 BessellR
53685.4 2.0749e-16 1.64244e-19 BessellR
53686.4 2.0467e-16 1.65549e-19 BessellR
53687.4 2.01886e-16 1.66926e-19 BessellR
53688.4 1.99137e-16 1.68367e-19 BessellR
53689.4 1.96423e-16 1.69864e-19 BessellR
53690.4 1.93743e-16 1.71408e-19 BessellR
53691.4 1.91098e-16 1.72992e-19 BessellR
53692.4 1.88487e-16 1.74608e-19 BessellR
53693.4 1.8591e-16 1.7625e-19 BessellR
53694.4 1.83366e-16 1.77911e-19 BessellR
53695.4 1.80855e-16 1.79584e-19 BessellR
53696.4 1.78377e-16 1.81265e-19 BessellR
53697.4 1.75932e-16 1.82947e-19 BessellR
53698.4 1.73518e-16 1.84627e-19 BessellR
53699.4 1.71136e-16 1.86298e-19 BessellR
53700.4 1.68786e-16 1.87957e-19 BessellR
53701.4 1.66466e-16 1.89601e-19 BessellR
53702.4 1.64178e-16 1.91225e-19 BessellR
53703.4 1.61919e-16 1.92826e-19 BessellR
53704.4 1.59691e-16 1.94401e-19 BessellR
53705.4 1.57492e-16 1.95949e-19 BessellR
53706.4 1.55323e-16 1.97465e-19 BessellR
53707.4 1.53183e-16 1.98948e-19 BessellR
53708.4 1.51071e-16 2.00396e-19 BessellR
53709.4 1.48988e-16 2.01807e-19 BessellR
53710.4 1.46932e-16 2.0318e-19 BessellR
53711.4 1.44904e-16 2.04513e-19 BessellR
53712.4 1.42904e-16 2.05805e-19 BessellR
53713.4 1.4093e-16 2.07055e-19 BessellR
53714.4 1.38984e-16 2.08262e-19 BessellR
53715.4 1.37063e-16 2.09425e-19 BessellR
53716.4 1.35169e-16 2.10544e-19 BessellR
53717.4 1.333e-16 2.11618e-19 BessellR
53718.4 1.31456e-16 2.12647e-19 BessellR
53544.4 1.94355e-16 3.29606e-18 BessellV
53545.4 2.13752e-16 3.34647e-18 BessellV
53546.4 2.34621e-16 3.37092e-18 BessellV
53547.4 2.56974e-16 3.36589e-18 BessellV
53548.4 2.80801e-16 3.32822e-18 BessellV
53549.4 3.06065e-16 3.2553e-18 BessellV
53550.4 3.32698e-16 3.1453e-18 BessellV
53551.4 3.60603e-16 2.99743e-18 BessellV
53552.4 3.89646e-16 2.81215e-18 BessellV
53553.4 4.1966e-16 2.59136e-18 BessellV
53554.4 4.50445e-16 2.33859e-18 BessellV
53555.4 4.8177e-16 2.05911e-18 BessellV
53556.4 5.13379e-16 1.76018e-18 BessellV
53557.4 5.44994e-16 1.45144e-18 BessellV
53558.4 5.76326e-16 1.14631e-18 BessellV
53559.4 6.07085e-16 8.65767e-19 BessellV
53560.4 6.36981e-16 6.48512e-19 BessellV
53561.4 6.65745e-16 5.59262e-19 BessellV
53562.4 6.93126e-16 6.27284e-19 BessellV
53563.4 7.18905e-16 7.85518e-19 BessellV
53564.4 7.42899e-16 9.65066e-19 BessellV
53565.4 7.64965e-16 1.13336e-18 BessellV
53566.4 7.84999e-16 1.27683e-18 BessellV
53567.4 8.02939e-16 1.39001e-18 BessellV
53568.4 8.18761e-16 1.47143e-18 BessellV
53569.4 8.32477e-16 1.52184e-18 BessellV
53570.4 8.44129e-16 1.54342e-18 BessellV
53571.4 8.53787e-16 1.5392e-18 BessellV
53572.4 8.6154e-16 1.51273e-18 BessellV
53573.4 8.67494e-16 1.46777e-18 BessellV
53574.4 8.71765e-16 1.40809e-18 BessellV
53575.4 8.74478e-16 1.33729e-18 BessellV
53576.4 8.75759e-16 1.25875e-18 BessellV
53577.4 8.75735e-16 1.1755e-18 BessellV
53578.4 8.7453e-16 1.09023e-18 BessellV
53579.4 8.72265e-16 1.00523e-18 BessellV
53580.4 8.69052e-16 9.22477e-19 BessellV
53581.4 8.64999e-16 8.43579e-19 BessellV
53582.4 8.60206e-16 7.69848e-19 BessellV
53583.4 8.54764e-16 7.02305e-19 BessellV
53584.4 8.48758e-16 6.41703e-19 BessellV
53585.4 8.42263e-16 5.88531e-19 BessellV
53586.4 8.3535e-16 5.43013e-19 BessellV
53587.4 8.2808e-16 5.05099e-19 BessellV
53588.4 8.20509e-16 4.74459e-19 BessellV
53589.4 8.12687e-16 4.50505e-19 BessellV
53590.4 8.04657e-16 4.32434e-19 BessellV
53591.4 7.9646e-16 4.19307e-19 BessellV
53592.4 7.88129e-16 4.10133e-19 BessellV
53593.4 7.79696e-16 4.03962e-19 BessellV
53594.4 7.71186e-16 3.99939e-19 BessellV
53595.4 7.62623e-16 3.97344e-19 BessellV
53596.4 7.54028e-16 3.956e-19 BessellV
53597.4 7.45418e-16 3.94268e-19 BessellV
53598.4 7.36809e-16 3.93028e-19 BessellV
53599.4 7.28214e-16 3.91656e-19 BessellV
53600.4 7.19645e-16 3.90011e-19 BessellV
53601.4 7.11112e-16 3.8801e-19 BessellV
53602.4 7.02624e-16 3.85616e-19 BessellV
53603.4 6.94187e-16 3.82826e-19 BessellV
53604.4 6.85809e-16 3.79661e-19 BessellV
53605.4 6.77493e-16 3.76157e-19 BessellV
53606.4 6.69246e-16 3.7236e-19 BessellV
53607.4 6.61071e-16 3.68325e-19 BessellV
53608.4 6.5297e-16 3.64106e-19 BessellV
53609.4 6.44947e-16 3.59762e-19 BessellV
53610.4 6.37004e-16 3.55346e-19 BessellV
53611.4 6.29142e-16 3.50912e-19 BessellV
53612.4 6.21362e-16 3.4651e-19 BessellV
53613.4 6.13666e-16 3.42186e-19 BessellV
53614.4 6.06054e-16 3.37981e-19 BessellV
53615.4 5.98528e-16 3.33933e-19 BessellV
53616.4 5.91086e-16 3.30075e-19 BessellV
53617.4 5.8373e-16 3.26434e-19 BessellV
53618.4 5.76458e-16 3.23033e-19 BessellV
53619.4 5.69272e-16 3.19893e-19 BessellV
53620.4 5.62171e-16 3.17027e-19 BessellV
53621.4 5.55154e-16 3.14446e-19 BessellV
53622.4 5.48221e-16 3.12157e-19 BessellV
53623.4 5.41372e-16 3.10163e-19 BessellV
53624.4 5.34605e-16 3.08464e-19 BessellV
53625.4 5.2792e-16 3.07057e-19 BessellV
53626.4 5.21317e-16 3.05936e-19 BessellV
53627.4 5.14795e-16 3.05094e-19 BessellV
53628.4 5.08352e-16 3.0452e-19 BessellV
53629.4 5.01989e-16 3.04202e-19 BessellV
53630.4 4.95705e-16 3.04128e-19 BessellV
53631.4 4.89498e-16 3.04285e-19 BessellV
53632.4 4.83367e-16 3.04656e-19 BessellV
53633.4 4.77313e-16 3.05228e-19 BessellV
53634.4 4.71334e-16 3.05984e-19 BessellV
53635.4 4.65429e-16 3.06909e-19 BessellV
53636.4 4.59598e-16 3.07988e-19 BessellV
53637.4 4.53839e-16 3.09206e-19 BessellV
53638.4 4.48152e-16 3.10549e-19 BessellV
53639.4 4.42536e-16 3.12001e-19 BessellV
53640.4 4.36989e-16 3.13549e-19 BessellV
53641.4 4.31513e-16 3.15181e-19 BessellV
53642.4 4.26104e-16 3.16884e-19 BessellV
53643.4 4.20763e-16 3.18646e-19 BessellV
53644.4 4.15489e-16 3.20456e-19 BessellV
53645.4 4.10281e-16 3.22305e-19 BessellV
53646.4 4.05138e-16 3.24182e-19 BessellV
53647.4 4.0006e-16 3.26079e-19 BessellV
53648.4 3.95045e-16 3.27988e-19 BessellV
53649.4 3.90092e-16 3.29901e-19 BessellV
53650.4 3.85202e-16 3.31811e-19 BessellV
53651.4 3.80373e-16 3.33711e-19 BessellV
53652.4 3.75604e-16 3.35596e-19 BessellV
53653.4 3.70896e-16 3.37461e-19 BessellV
53654.4 3.66246e-16 3.393e-19 BessellV
53655.4 3.61654e-16 3.41109e-19 BessellV
53656.4 3.5712e-16 3.42885e-19 BessellV
53657.4 3.52643e-16 3.44624e-19 BessellV
53658.4 3.48222e-16 3.46322e-19 BessellV
53659.4 3.43856e-16 3.47977e-19 BessellV
53660.4 3.39545e-16 3.49586e-19 BessellV
53661.4 3.35288e-16 3.51147e-19 BessellV
53662.4 3.31084e-16 3.52658e-19 BessellV
53663.4 3.26934e-16 3.54117e-19 BessellV
53664.4 3.22835e-16 3.55523e-19 BessellV
53665.4 3.18787e-16 3.56875e-19 BessellV
53666.4 3.1479e-16 3.58171e-19 BessellV
53667.4 3.10844e-16 3.59411e-19 BessellV
53668.4 3.06946e-16 3.60595e-19 BessellV
53669.4 3.03098e-16 3.6172e-19 BessellV
53670.4 2.99298e-16 3.62788e-19 BessellV
53671.4 2.95546e-16 3.63797e-19 BessellV
53672.4 2.9184e-16 3.64748e-19 BessellV
53673.4 2.88181e-16 3.6564e-19 BessellV
53674.4 2.84568e-16 3.66474e-19 BessellV
53675.4 2.81e-16 3.6725e-19 BessellV
53676.4 2.77477e-16 3.67968e-19 BessellV
53677.4 2.73998e-16 3.68628e-19 BessellV
53678.4 2.70563e-16 3.6923e-19 BessellV
53679.4 2.67171e-16 3.69776e-19 BessellV
53680.4 2.63821e-16 3.70264e-19 BessellV
53681.4 2.60513e-16 3.70697e-19 BessellV
53682.4 2.57247e-16 3.71075e-19 BessellV
53683.4 2.54022e-16 3.71398e-19 BessellV
53684.4 2.50837e-16 3.71666e-19 BessellV
53685.4 2.47692e-16 3.71881e-19 BessellV
53686.4 2.44587e-16 3.72043e-19 BessellV
53687.4 2.4152e-16 3.72154e-19 BessellV
53688.4 2.38492e-16 3.72212e-19 BessellV
53689.4 2.35502e-16 3.72221e-19 BessellV
53690.4 2.32549e-16 3.72179e-19 BessellV
53691.4 2.29634e-16 3.72089e-19 BessellV
53692.4 2.26755e-16 3.71951e-19 BessellV
53693.4 2.23912e-16 3.71765e-19 BessellV
53694.4 2.21104e-16 3.71533e-19 BessellV
53695.4 2.18332e-16 3.71255e-19 BessellV
53696.4 2.15595e-16 3.70932e-19 BessellV
53697.4 2.12892e-16 3.70566e-19 BessellV
53698.4 2.10223e-16 3.70156e-19 BessellV
53699.4 2.07587e-16 3.69704e-19 BessellV
53700.4 2.04984e-16 3.69211e-19 BessellV
53701.4 2.02414e-16 3.68678e-19 BessellV
53702.4 1.99876e-16 3.68105e-19 BessellV
53703.4 1.97371e-16 3.67493e-19 BessellV
53704.4 1.94896e-16 3.66843e-19 BessellV
53705.4 1.92452e-16 3.66156e-19 BessellV
53706.4 1.9004e-16 3.65433e-19 BessellV
53707.4 1.87657e-16 3.64674e-19 BessellV
53708.4 1.85304e-16 3.63881e-19 BessellV
53709.4 1.82981e-16 3.63054e-19 BessellV
53710.4 1.80687e-16 3.62194e-19 BessellV
53711.4 1.78421e-16 3.61302e-19 BessellV
53712.4 1.76184e-16 3.60379e-19 BessellV
