56358.7 6.16731e-16 3.71817e-17 BessellU
56359.7 6.50965e-16 3.63695e-17 BessellU
56360.7 6.85598e-16 3.5267e-17 BessellU
56361.7 7.20215e-16 3.38553e-17 BessellU
56362.7 7.54299e-16 3.21229e-17 BessellU
56363.7 7.87223e-16 3.00692e-17 BessellU
56364.7 8.18253e-16 2.77072e-17 BessellU
56365.7 8.46552e-16 2.50671e-17 BessellU
56366.7 8.71208e-16 2.21985e-17 BessellU
56367.7 8.91266e-16 1.91713e-17 BessellU
56368.7 9.05786e-16 1.60737e-17 BessellU
56369.7 9.13906e-16 1.30079e-17 BessellU
56370.7 9.14922e-16 1.00832e-17 BessellU
56371.7 9.08362e-16 7.40738e-18 BessellU
56372.7 8.94049e-16 5.08025e-18 BessellU
56373.7 8.72142e-16 3.1972e-18 BessellU
56374.7 8.4314e-16 1.88735e-18 BessellU
56375.7 8.07856e-16 1.36416e-18 BessellU
56376.7 7.67344e-16 1.49376e-18 BessellU
56377.7 7.22822e-16 1.72081e-18 BessellU
56378.7 6.75571e-16 1.81728e-18 BessellU
56379.7 6.26841e-16 1.7681e-18 BessellU
56380.7 5.77784e-16 1.61077e-18 BessellU
56381.7 5.29395e-16 1.39061e-18 BessellU
56382.7 4.82485e-16 1.1481e-18 BessellU
56383.7 4.37677e-16 9.15759e-19 BessellU
56384.7 3.95409e-16 7.18538e-19 BessellU
56385.7 3.55961e-16 5.74746e-19 BessellU
56386.7 3.19474e-16 4.93101e-19 BessellU
56387.7 2.85983e-16 4.65732e-19 BessellU
56388.7 2.55438e-16 4.7057e-19 BessellU
56389.7 2.27729e-16 4.86086e-19 BessellU
56390.7 2.02705e-16 4.9959e-19 BessellU
56391.7 1.80193e-16 5.05847e-19 BessellU
56392.7 1.60003e-16 5.03727e-19 BessellU
56393.7 1.41943e-16 4.93967e-19 BessellU
56394.7 1.25825e-16 4.78e-19 BessellU
56395.7 1.11464e-16 4.57393e-19 BessellU
56396.7 9.86895e-17 4.33599e-19 BessellU
56397.7 8.73399e-17 4.07854e-19 BessellU
56398.7 7.72669e-17 3.81157e-19 BessellU
56399.7 6.83344e-17 3.54284e-19 BessellU
56400.7 6.04192e-17 3.27817e-19 BessellU
56401.7 5.34094e-17 3.02176e-19 BessellU
56402.7 4.72047e-17 2.77647e-19 BessellU
56403.7 4.17146e-17 2.54418e-19 BessellU
56404.7 3.68586e-17 2.32594e-19 BessellU
56405.7 3.25647e-17 2.12223e-19 BessellU
56406.7 2.87686e-17 1.93307e-19 BessellU
56407.7 2.54132e-17 1.75819e-19 BessellU
56408.7 2.2448e-17 1.59709e-19 BessellU
56409.7 1.98278e-17 1.44913e-19 BessellU
56410.7 1.75127e-17 1.31358e-19 BessellU
56411.7 1.54675e-17 1.18967e-19 BessellU
56412.7 1.36607e-17 1.0766e-19 BessellU
56413.7 1.20648e-17 9.73592e-20 BessellU
56414.7 1.06551e-17 8.79875e-20 BessellU
56415.7 9.40993e-18 7.94713e-20 BessellU
56416.7 8.31019e-18 7.17407e-20 BessellU
56417.7 7.33891e-18 6.47298e-20 BessellU
56418.7 6.48109e-18 5.83769e-20 BessellU
56419.7 5.72351e-18 5.26246e-20 BessellU
56420.7 5.05444e-18 4.74197e-20 BessellU
56360.7 4.92823e-16 2.32249e-18 BessellI
56361.7 5.08781e-16 2.29121e-18 BessellI
56362.7 5.25114e-16 2.25647e-18 BessellI
56363.7 5.41819e-16 2.21831e-18 BessellI
56364.7 5.5889e-16 2.17679e-18 BessellI
56365.7 5.76322e-16 2.13202e-18 BessellI
56366.7 5.94107e-16 2.08413e-18 BessellI
56367.7 6.12235e-16 2.03333e-18 BessellI
56368.7 6.30696e-16 1.97986e-18 BessellI
56369.7 6.49478e-16 1.92403e-18 BessellI
56370.7 6.68566e-16 1.86623e-18 BessellI
56371.7 6.87944e-16 1.80691e-18 BessellI
56372.7 7.07594e-16 1.74662e-18 BessellI
56373.7 7.27497e-16 1.68602e-18 BessellI
56374.7 7.47631e-16 1.62586e-18 BessellI
56375.7 7.67971e-16 1.567e-18 BessellI
56376.7 7.88491e-16 1.51043e-18 BessellI
56377.7 8.09165e-16 1.45723e-18 BessellI
56378.7 8.2996e-16 1.40858e-18 BessellI
56379.7 8.50847e-16 1.36571e-18 BessellI
56380.7 8.7179e-16 1.32982e-18 BessellI
56381.7 8.92753e-16 1.30204e-18 BessellI
56382.7 9.13699e-16 1.28331e-18 BessellI
56383.7 9.34589e-16 1.27426e-18 BessellI
56384.7 9.55381e-16 1.27519e-18 BessellI
56385.7 9.76032e-16 1.28596e-18 BessellI
56386.7 9.96499e-16 1.30604e-18 BessellI
56387.7 1.01674e-15 1.33453e-18 BessellI
56388.7 1.0367e-15 1.37027e-18 BessellI
56389.7 1.05635e-15 1.41196e-18 BessellI
56390.7 1.07562e-15 1.4582e-18 BessellI
56391.7 1.09449e-15 1.50758e-18 BessellI
56392.7 1.11289e-15 1.55878e-18 BessellI
56393.7 1.13079e-15 1.61056e-18 BessellI
56394.7 1.14814e-15 1.66177e-18 BessellI
56395.7 1.16489e-15 1.71141e-18 BessellI
56396.7 1.181e-15 1.75858e-18 BessellI
56397.7 1.19644e-15 1.80253e-18 BessellI
56398.7 1.21116e-15 1.84261e-18 BessellI
56399.7 1.22513e-15 1.87827e-18 BessellI
56400.7 1.23831e-15 1.9091e-18 BessellI
56401.7 1.25067e-15 1.93477e-18 BessellI
56402.7 1.26219e-15 1.95506e-18 BessellI
56403.7 1.27283e-15 1.96984e-18 BessellI
56404.7 1.28258e-15 1.97906e-18 BessellI
56405.7 1.29142e-15 1.98278e-18 BessellI
56406.7 1.29933e-15 1.98111e-18 BessellI
56407.7 1.3063e-15 1.97425e-18 BessellI
56408.7 1.31233e-15 1.96245e-18 BessellI
56409.7 1.31741e-15 1.94603e-18 BessellI
56410.7 1.32154e-15 1.92537e-18 BessellI
56411.7 1.32472e-15 1.90087e-18 BessellI
56412.7 1.32696e-15 1.87301e-18 BessellI
56413.7 1.32827e-15 1.84225e-18 BessellI
56414.7 1.32867e-15 1.80912e-18 BessellI
56415.7 1.32816e-15 1.77413e-18 BessellI
56416.7 1.32677e-15 1.73781e-18 BessellI
56417.7 1.32451e-15 1.70069e-18 BessellI
56418.7 1.32142e-15 1.66329e-18 BessellI
56419.7 1.31752e-15 1.6261e-18 BessellI
56420.7 1.31282e-15 1.58959e-18 BessellI
56421.7 1.30737e-15 1.55419e-18 BessellI
56422.7 1.30119e-15 1.52028e-18 BessellI
56423.7 1.29432e-15 1.48821e-18 BessellI
56424.7 1.28678e-15 1.45824e-18 BessellI
56425.7 1.27861e-15 1.43059e-18 BessellI
56426.7 1.26985e-15 1.40541e-18 BessellI
56427.7 1.26052e-15 1.38278e-18 BessellI
56428.7 1.25066e-15 1.36272e-18 BessellI
56429.7 1.2403e-15 1.34519e-18 BessellI
56430.7 1.22948e-15 1.3301e-18 BessellI
56431.7 1.21823e-15 1.3173e-18 BessellI
56432.7 1.20659e-15 1.30661e-18 BessellI
56433.7 1.19457e-15 1.29782e-18 BessellI
56434.7 1.18223e-15 1.29072e-18 BessellI
56435.7 1.16958e-15 1.28506e-18 BessellI
56436.7 1.15665e-15 1.2806e-18 BessellI
56437.7 1.14348e-15 1.27711e-18 BessellI
56438.7 1.13009e-15 1.27437e-18 BessellI
56439.7 1.11651e-15 1.27218e-18 BessellI
56440.7 1.10276e-15 1.27035e-18 BessellI
56441.7 1.08887e-15 1.26871e-18 BessellI
56442.7 1.07486e-15 1.26711e-18 BessellI
56443.7 1.06075e-15 1.26544e-18 BessellI
56444.7 1.04656e-15 1.26359e-18 BessellI
56445.7 1.03231e-15 1.26147e-18 BessellI
56446.7 1.01803e-15 1.25902e-18 BessellI
56447.7 1.00372e-15 1.25619e-18 BessellI
56448.7 9.89414e-16 1.25296e-18 BessellI
56449.7 9.75114e-16 1.24929e-18 BessellI
56450.7 9.60838e-16 1.24519e-18 BessellI
56451.7 9.46601e-16 1.24066e-18 BessellI
56452.7 9.32415e-16 1.2357e-18 BessellI
56453.7 9.1829e-16 1.23034e-18 BessellI
56454.7 9.04239e-16 1.2246e-18 BessellI
56455.7 8.90272e-16 1.21852e-18 BessellI
56456.7 8.76396e-16 1.21212e-18 BessellI
56457.7 8.62621e-16 1.20544e-18 BessellI
56458.7 8.48954e-16 1.19851e-18 BessellI
56459.7 8.35403e-16 1.19138e-18 BessellI
56460.7 8.21973e-16 1.18409e-18 BessellI
56461.7 8.08671e-16 1.17666e-18 BessellI
56462.7 7.95501e-16 1.16914e-18 BessellI
56463.7 7.82469e-16 1.16156e-18 BessellI
56464.7 7.69578e-16 1.15396e-18 BessellI
56465.7 7.56832e-16 1.14637e-18 BessellI
56466.7 7.44234e-16 1.13881e-18 BessellI
56467.7 7.31788e-16 1.13131e-18 BessellI
56468.7 7.19495e-16 1.1239e-18 BessellI
56469.7 7.07357e-16 1.1166e-18 BessellI
56470.7 6.95377e-16 1.10943e-18 BessellI
56471.7 6.83555e-16 1.1024e-18 BessellI
56472.7 6.71893e-16 1.09553e-18 BessellI
56473.7 6.60392e-16 1.08883e-18 BessellI
56474.7 6.49051e-16 1.08231e-18 BessellI
56475.7 6.37872e-16 1.07597e-18 BessellI
56476.7 6.26854e-16 1.06983e-18 BessellI
56477.7 6.15997e-16 1.06388e-18 BessellI
56478.7 6.05302e-16 1.05812e-18 BessellI
56479.7 5.94767e-16 1.05256e-18 BessellI
56480.7 5.84392e-16 1.04718e-18 BessellI
56481.7 5.74176e-16 1.04199e-18 BessellI
56482.7 5.64119e-16 1.03698e-18 BessellI
56483.7 5.54218e-16 1.03215e-18 BessellI
56484.7 5.44474e-16 1.02748e-18 BessellI
56485.7 5.34885e-16 1.02297e-18 BessellI
56486.7 5.2545e-16 1.01861e-18 BessellI
56487.7 5.16167e-16 1.01438e-18 BessellI
56488.7 5.07035e-16 1.01029e-18 BessellI
56489.7 4.98052e-16 1.00632e-18 BessellI
56490.7 4.89217e-16 1.00246e-18 BessellI
56491.7 4.80528e-16 9.98696e-19 BessellI
56492.7 4.71983e-16 9.95021e-19 BessellI
56493.7 4.63581e-16 9.91425e-19 BessellI
56494.7 4.55321e-16 9.87897e-19 BessellI
56495.7 4.47199e-16 9.84426e-19 BessellI
56496.7 4.39215e-16 9.81004e-19 BessellI
56497.7 4.31367e-16 9.77622e-19 BessellI
56498.7 4.23653e-16 9.74268e-19 BessellI
56499.7 4.16071e-16 9.70937e-19 BessellI
56500.7 4.08619e-16 9.67618e-19 BessellI
56501.7 4.01295e-16 9.64304e-19 BessellI
56502.7 3.94098e-16 9.60987e-19 BessellI
56503.7 3.87025e-16 9.57662e-19 BessellI
56504.7 3.80075e-16 9.5432e-19 BessellI
56505.7 3.73247e-16 9.50956e-19 BessellI
56506.7 3.66537e-16 9.47565e-19 BessellI
56507.7 3.59945e-16 9.44141e-19 BessellI
56508.7 3.53468e-16 9.40679e-19 BessellI
56509.7 3.47105e-16 9.37175e-19 BessellI
56510.7 3.40854e-16 9.33626e-19 BessellI
56511.7 3.34713e-16 9.30027e-19 BessellI
56512.7 3.2868e-16 9.26375e-19 BessellI
56513.7 3.22754e-16 9.22668e-19 BessellI
56514.7 3.16933e-16 9.18904e-19 BessellI
56515.7 3.11215e-16 9.15079e-19 BessellI
56516.7 3.05598e-16 9.11194e-19 BessellI
56517.7 3.00082e-16 9.07245e-19 BessellI
56518.7 2.94663e-16 9.03232e-19 BessellI
56519.7 2.89341e-16 8.99154e-19 BessellI
56520.7 2.84113e-16 8.9501e-19 BessellI
56521.7 2.78979e-16 8.908e-19 BessellI
56522.7 2.73937e-16 8.86524e-19 BessellI
56523.7 2.68985e-16 8.82182e-19 BessellI
56524.7 2.64121e-16 8.77774e-19 BessellI
56525.7 2.59344e-16 8.73301e-19 BessellI
56526.7 2.54653e-16 8.68763e-19 BessellI
56527.7 2.50046e-16 8.64161e-19 BessellI
56528.7 2.45522e-16 8.59496e-19 BessellI
56529.7 2.41079e-16 8.54769e-19 BessellI
56530.7 2.36716e-16 8.4998e-19 BessellI
56531.7 2.32431e-16 8.45133e-19 BessellI
56532.7 2.28223e-16 8.40226e-19 BessellI
56533.7 2.24091e-16 8.35264e-19 BessellI
56534.7 2.20033e-16 8.30245e-19 BessellI
56535.7 2.16048e-16 8.25173e-19 BessellI
56536.7 2.12135e-16 8.20049e-19 BessellI
56537.7 2.08293e-16 8.14875e-19 BessellI
56538.7 2.0452e-16 8.09653e-19 BessellI
56539.7 2.00814e-16 8.04383e-19 BessellI
56540.7 1.97176e-16 7.99069e-19 BessellI
56541.7 1.93603e-16 7.93712e-19 BessellI
56542.7 1.90095e-16 7.88313e-19 BessellI
56543.7 1.8665e-16 7.82876e-19 BessellI
56544.7 1.83268e-16 7.77401e-19 BessellI
56545.7 1.79946e-16 7.71891e-19 BessellI
56546.7 1.76685e-16 7.66348e-19 BessellI
56547.7 1.73482e-16 7.60773e-19 BessellI
56548.7 1.70337e-16 7.55169e-19 BessellI
56549.7 1.6725e-16 7.49537e-19 BessellI
56550.7 1.64218e-16 7.43879e-19 BessellI
56551.7 1.6124e-16 7.38198e-19 BessellI
56552.7 1.58317e-16 7.32495e-19 BessellI
56553.7 1.55447e-16 7.26772e-19 BessellI
56554.7 1.52628e-16 7.21031e-19 BessellI
56555.7 1.49861e-16 7.15273e-19 BessellI
56556.7 1.47143e-16 7.09501e-19 BessellI
56557.7 1.44475e-16 7.03716e-19 BessellI
56558.7 1.41855e-16 6.9792e-19 BessellI
56559.7 1.39283e-16 6.92115e-19 BessellI
56560.7 1.36757e-16 6.86302e-19 BessellI
56561.7 1.34277e-16 6.80483e-19 BessellI
56562.7 1.31842e-16 6.7466e-19 BessellI
56563.7 1.2945e-16 6.68834e-19 BessellI
56564.7 1.27103e-16 6.63007e-19 BessellI
56565.7 1.24797e-16 6.57181e-19 BessellI
56566.7 1.22534e-16 6.51356e-19 BessellI
56567.7 1.20311e-16 6.45535e-19 BessellI
56568.7 1.18129e-16 6.39718e-19 BessellI
56569.7 1.15987e-16 6.33907e-19 BessellI
56570.7 1.13883e-16 6.28104e-19 BessellI
56571.7 1.11817e-16 6.2231e-19 BessellI
56572.7 1.09789e-16 6.16526e-19 BessellI
56573.7 1.07797e-16 6.10753e-19 BessellI
56574.7 1.05842e-16 6.04993e-19 BessellI
56575.7 1.03922e-16 5.99246e-19 BessellI
56576.7 1.02037e-16 5.93515e-19 BessellI
56577.7 1.00186e-16 5.87799e-19 BessellI
56578.7 9.83687e-17 5.82101e-19 BessellI
56579.7 9.65842e-17 5.7642e-19 BessellI
56580.7 9.48322e-17 5.70759e-19 BessellI
56581.7 9.31118e-17 5.65118e-19 BessellI
56582.7 9.14227e-17 5.59497e-19 BessellI
56583.7 8.97642e-17 5.53899e-19 BessellI
56584.7 8.81358e-17 5.48324e-19 BessellI
56585.7 8.6537e-17 5.42772e-19 BessellI
56586.7 8.49671e-17 5.37245e-19 BessellI
56587.7 8.34257e-17 5.31743e-19 BessellI
56588.7 8.19122e-17 5.26267e-19 BessellI
56589.7 8.04262e-17 5.20819e-19 BessellI
56590.7 7.89671e-17 5.15397e-19 BessellI
56591.7 7.75345e-17 5.10004e-19 BessellI
56592.7 7.61279e-17 5.04639e-19 BessellI
56593.7 7.47468e-17 4.99304e-19 BessellI
56594.7 7.33908e-17 4.93999e-19 BessellI
56595.7 7.20593e-17 4.88725e-19 BessellI
56596.7 7.0752e-17 4.83481e-19 BessellI
56597.7 6.94684e-17 4.7827e-19 BessellI
56598.7 6.82081e-17 4.7309e-19 BessellI
56599.7 6.69707e-17 4.67943e-19 BessellI
56600.7 6.57557e-17 4.62829e-19 BessellI
56601.7 6.45627e-17 4.57748e-19 BessellI
56602.7 6.33914e-17 4.52702e-19 BessellI
56603.7 6.22414e-17 4.47689e-19 BessellI
56604.7 6.11121e-17 4.42711e-19 BessellI
56605.7 6.00034e-17 4.37768e-19 BessellI
56606.7 5.89148e-17 4.3286e-19 BessellI
56607.7 5.7846e-17 4.27988e-19 BessellI
56608.7 5.67965e-17 4.23151e-19 BessellI
56609.7 5.5766e-17 4.18351e-19 BessellI
56610.7 5.47543e-17 4.13586e-19 BessellI
56611.7 5.37609e-17 4.08858e-19 BessellI
56612.7 5.27856e-17 4.04167e-19 BessellI
56613.7 5.18279e-17 3.99513e-19 BessellI
56614.7 5.08876e-17 3.94895e-19 BessellI
56615.7 4.99644e-17 3.90315e-19 BessellI
56616.7 4.90579e-17 3.85772e-19 BessellI
56617.7 4.81678e-17 3.81266e-19 BessellI
56618.7 4.72939e-17 3.76798e-19 BessellI
56619.7 4.64359e-17 3.72367e-19 BessellI
56620.7 4.55934e-17 3.67974e-19 BessellI
56621.7 4.47662e-17 3.63619e-19 BessellI
56622.7 4.3954e-17 3.59301e-19 BessellI
56359.6 1.47606e-15 2.9046e-18 BessellB
56360.6 1.44125e-15 2.7742e-18 BessellB
56361.6 1.40723e-15 2.64875e-18 BessellB
56362.6 1.37399e-15 2.52811e-18 BessellB
56363.6 1.34151e-15 2.41214e-18 BessellB
56364.6 1.30977e-15 2.30071e-18 BessellB
56365.6 1.27876e-15 2.19371e-18 BessellB
56366.6 1.24846e-15 2.09102e-18 BessellB
56367.6 1.21886e-15 1.99251e-18 BessellB
56368.6 1.18993e-15 1.8981e-18 BessellB
56369.6 1.16167e-15 1.80766e-18 BessellB
56370.6 1.13406e-15 1.7211e-18 BessellB
56371.6 1.10708e-15 1.63833e-18 BessellB
56372.6 1.08072e-15 1.55926e-18 BessellB
56373.6 1.05497e-15 1.4838e-18 BessellB
56374.6 1.02981e-15 1.41186e-18 BessellB
56375.6 1.00524e-15 1.34338e-18 BessellB
56376.6 9.81226e-16 1.27827e-18 BessellB
56377.6 9.57771e-16 1.21648e-18 BessellB
56378.6 9.34857e-16 1.15792e-18 BessellB
56379.6 9.12473e-16 1.10254e-18 BessellB
56380.6 8.90607e-16 1.05028e-18 BessellB
56381.6 8.69247e-16 1.00107e-18 BessellB
56382.6 8.48382e-16 9.54867e-19 BessellB
56383.6 8.28001e-16 9.11608e-19 BessellB
56384.6 8.08093e-16 8.71236e-19 BessellB
56385.6 7.88648e-16 8.33693e-19 BessellB
56386.6 7.69654e-16 7.98917e-19 BessellB
56387.6 7.51102e-16 7.66844e-19 BessellB
56388.6 7.32982e-16 7.37403e-19 BessellB
56389.6 7.15284e-16 7.10519e-19 BessellB
56390.6 6.97999e-16 6.86107e-19 BessellB
56391.6 6.81117e-16 6.64075e-19 BessellB
56392.6 6.64629e-16 6.44323e-19 BessellB
56393.6 6.48526e-16 6.26743e-19 BessellB
56394.6 6.328e-16 6.11216e-19 BessellB
56395.6 6.17442e-16 5.97617e-19 BessellB
56396.6 6.02444e-16 5.85815e-19 BessellB
56397.6 5.87797e-16 5.75675e-19 BessellB
56398.6 5.73494e-16 5.67056e-19 BessellB
56399.6 5.59526e-16 5.59819e-19 BessellB
56400.6 5.45887e-16 5.53825e-19 BessellB
56401.6 5.32569e-16 5.48938e-19 BessellB
56402.6 5.19564e-16 5.45026e-19 BessellB
56403.6 5.06866e-16 5.41965e-19 BessellB
56404.6 4.94466e-16 5.39636e-19 BessellB
56405.6 4.8236e-16 5.3793e-19 BessellB
56406.6 4.70539e-16 5.36743e-19 BessellB
56407.6 4.58998e-16 5.35984e-19 BessellB
56408.6 4.47729e-16 5.35567e-19 BessellB
56409.6 4.36728e-16 5.35417e-19 BessellB
56410.6 4.25987e-16 5.35466e-19 BessellB
56411.6 4.15501e-16 5.35653e-19 BessellB
56412.6 4.05263e-16 5.35926e-19 BessellB
56413.6 3.95269e-16 5.36238e-19 BessellB
56414.6 3.85513e-16 5.36549e-19 BessellB
56415.6 3.75989e-16 5.36824e-19 BessellB
56416.6 3.66691e-16 5.37033e-19 BessellB
56417.6 3.57615e-16 5.37151e-19 BessellB
56418.6 3.48756e-16 5.37158e-19 BessellB
56419.6 3.40108e-16 5.37035e-19 BessellB
56420.6 3.31667e-16 5.36769e-19 BessellB
56421.6 3.23428e-16 5.36347e-19 BessellB
56422.6 3.15386e-16 5.35762e-19 BessellB
56423.6 3.07537e-16 5.35005e-19 BessellB
56424.6 2.99876e-16 5.34073e-19 BessellB
56425.6 2.924e-16 5.32961e-19 BessellB
56426.6 2.85102e-16 5.31669e-19 BessellB
56427.6 2.77981e-16 5.30196e-19 BessellB
56428.6 2.7103e-16 5.28543e-19 BessellB
56429.6 2.64248e-16 5.2671e-19 BessellB
56430.6 2.57628e-16 5.24701e-19 BessellB
56431.6 2.51169e-16 5.22519e-19 BessellB
56432.6 2.44866e-16 5.20167e-19 BessellB
56433.6 2.38715e-16 5.1765e-19 BessellB
56434.6 2.32713e-16 5.14972e-19 BessellB
56435.6 2.26856e-16 5.12137e-19 BessellB
56436.6 2.21142e-16 5.09152e-19 BessellB
56437.6 2.15566e-16 5.06022e-19 BessellB
56438.6 2.10126e-16 5.02752e-19 BessellB
56439.6 2.04818e-16 4.99348e-19 BessellB
56440.6 1.99639e-16 4.95815e-19 BessellB
56441.6 1.94586e-16 4.9216e-19 BessellB
56442.6 1.89657e-16 4.88389e-19 BessellB
56443.6 1.84848e-16 4.84506e-19 BessellB
56444.6 1.80157e-16 4.80519e-19 BessellB
56445.6 1.7558e-16 4.76433e-19 BessellB
56446.6 1.71115e-16 4.72253e-19 BessellB
56447.6 1.6676e-16 4.67985e-19 BessellB
56448.6 1.62512e-16 4.63635e-19 BessellB
56449.6 1.58368e-16 4.59208e-19 BessellB
56450.6 1.54325e-16 4.5471e-19 BessellB
56451.6 1.50383e-16 4.50146e-19 BessellB
56452.6 1.46537e-16 4.4552e-19 BessellB
56453.6 1.42786e-16 4.40839e-19 BessellB
56454.6 1.39128e-16 4.36106e-19 BessellB
56455.6 1.3556e-16 4.31326e-19 BessellB
56456.6 1.3208e-16 4.26505e-19 BessellB
56457.6 1.28687e-16 4.21646e-19 BessellB
56458.6 1.25377e-16 4.16754e-19 BessellB
56459.6 1.2215e-16 4.11833e-19 BessellB
56460.6 1.19002e-16 4.06887e-19 BessellB
56461.6 1.15933e-16 4.0192e-19 BessellB
56462.6 1.1294e-16 3.96935e-19 BessellB
56463.6 1.10022e-16 3.91937e-19 BessellB
56464.6 1.07176e-16 3.86929e-19 BessellB
56465.6 1.04402e-16 3.81914e-19 BessellB
56466.6 1.01697e-16 3.76895e-19 BessellB
56467.6 9.90588e-17 3.71876e-19 BessellB
56468.6 9.64871e-17 3.6686e-19 BessellB
56469.6 9.39799e-17 3.61849e-19 BessellB
56470.6 9.15354e-17 3.56846e-19 BessellB
56471.6 8.91524e-17 3.51854e-19 BessellB
56472.6 8.68291e-17 3.46875e-19 BessellB
56473.6 8.45643e-17 3.41912e-19 BessellB
56474.6 8.23566e-17 3.36967e-19 BessellB
56475.6 8.02044e-17 3.32042e-19 BessellB
56349.2 5.08494e-31 8.00926e-33 BessellR
56350.2 2.22192e-30 3.34809e-32 BessellR
56351.2 9.70889e-30 1.39674e-31 BessellR
56352.2 4.2424e-29 5.81379e-31 BessellR
56353.2 1.85376e-28 2.41398e-30 BessellR
56354.2 8.10022e-28 9.99588e-30 BessellR
56355.2 3.53948e-27 4.12658e-29 BessellR
56356.2 1.54662e-26 1.69779e-28 BessellR
56357.2 6.75811e-26 6.95854e-28 BessellR
56358.2 2.95304e-25 2.83966e-27 BessellR
56359.2 1.29036e-24 1.15308e-26 BessellR
56360.2 5.6384e-24 4.65543e-26 BessellR
56361.2 2.46377e-23 1.86705e-25 BessellR
56362.2 1.07657e-22 7.42881e-25 BessellR
56363.2 4.70423e-22 2.92797e-24 BessellR
56364.2 2.05557e-21 1.14077e-23 BessellR
56365.2 8.98204e-21 4.38116e-23 BessellR
56366.2 3.92472e-20 1.65209e-22 BessellR
56367.2 1.71477e-19 6.08204e-22 BessellR
56368.2 7.48933e-19 2.16688e-21 BessellR
56369.2 3.26563e-18 7.36495e-21 BessellR
56370.2 1.41373e-17 2.32973e-20 BessellR
56371.2 5.93458e-17 6.62183e-20 BessellR
56372.2 2.20971e-16 1.6894e-19 BessellR
56373.2 5.84236e-16 3.13661e-19 BessellR
56374.2 9.30684e-16 2.42174e-19 BessellR
56375.2 1.06892e-15 1.75513e-19 BessellR
56376.2 1.09811e-15 1.97928e-19 BessellR
56377.2 1.09653e-15 2.08998e-19 BessellR
56378.2 1.08774e-15 2.10803e-19 BessellR
56379.2 1.0774e-15 2.0973e-19 BessellR
56380.2 1.06678e-15 2.07903e-19 BessellR
56381.2 1.05619e-15 2.05897e-19 BessellR
56382.2 1.04569e-15 2.03863e-19 BessellR
56383.2 1.03528e-15 2.01838e-19 BessellR
56384.2 1.02498e-15 1.99829e-19 BessellR
56385.2 1.01478e-15 1.9784e-19 BessellR
56386.2 1.00469e-15 1.9587e-19 BessellR
56387.2 9.9469e-16 1.9392e-19 BessellR
56388.2 9.84792e-16 1.91989e-19 BessellR
56389.2 9.74994e-16 1.90078e-19 BessellR
56390.2 9.65292e-16 1.88185e-19 BessellR
56391.2 9.55687e-16 1.86312e-19 BessellR
56392.2 9.46178e-16 1.84457e-19 BessellR
56393.2 9.36763e-16 1.8262e-19 BessellR
56394.2 9.27442e-16 1.80802e-19 BessellR
56395.2 9.18214e-16 1.79002e-19 BessellR
56396.2 9.09078e-16 1.7722e-19 BessellR
56397.2 9.00032e-16 1.75456e-19 BessellR
56398.2 8.91077e-16 1.73709e-19 BessellR
56399.2 8.8221e-16 1.71979e-19 BessellR
56400.2 8.73432e-16 1.70267e-19 BessellR
56401.2 8.64741e-16 1.68572e-19 BessellR
56402.2 8.56137e-16 1.66894e-19 BessellR
56403.2 8.47618e-16 1.65232e-19 BessellR
56404.2 8.39184e-16 1.63587e-19 BessellR
56405.2 8.30834e-16 1.61959e-19 BessellR
56406.2 8.22567e-16 1.60346e-19 BessellR
56407.2 8.14383e-16 1.5875e-19 BessellR
56408.2 8.06279e-16 1.5717e-19 BessellR
56409.2 7.98257e-16 1.55605e-19 BessellR
56410.2 7.90314e-16 1.54056e-19 BessellR
56411.2 7.8245e-16 1.52522e-19 BessellR
56412.2 7.74664e-16 1.51004e-19 BessellR
56413.2 7.66956e-16 1.49501e-19 BessellR
56414.2 7.59325e-16 1.48012e-19 BessellR
56415.2 7.5177e-16 1.46539e-19 BessellR
56416.2 7.44289e-16 1.4508e-19 BessellR
56417.2 7.36883e-16 1.43636e-19 BessellR
56418.2 7.29551e-16 1.42206e-19 BessellR
56419.2 7.22292e-16 1.4079e-19 BessellR
56420.2 7.15105e-16 1.39389e-19 BessellR
56421.2 7.0799e-16 1.38001e-19 BessellR
56422.2 7.00945e-16 1.36627e-19 BessellR
56423.2 6.93971e-16 1.35267e-19 BessellR
56424.2 6.87065e-16 1.3392e-19 BessellR
56425.2 6.80229e-16 1.32587e-19 BessellR
56426.2 6.73461e-16 1.31267e-19 BessellR
56427.2 6.6676e-16 1.29961e-19 BessellR
56428.2 6.60125e-16 1.28667e-19 BessellR
56429.2 6.53557e-16 1.27386e-19 BessellR
56430.2 6.47054e-16 1.26118e-19 BessellR
56431.2 6.40615e-16 1.24863e-19 BessellR
56432.2 6.34241e-16 1.2362e-19 BessellR
56433.2 6.2793e-16 1.22389e-19 BessellR
56434.2 6.21682e-16 1.21171e-19 BessellR
56435.2 6.15496e-16 1.19965e-19 BessellR
56436.2 6.09372e-16 1.1877e-19 BessellR
56437.2 6.03309e-16 1.17588e-19 BessellR
56438.2 5.97306e-16 1.16418e-19 BessellR
56439.2 5.91362e-16 1.15259e-19 BessellR
56440.2 5.85478e-16 1.14111e-19 BessellR
56441.2 5.79653e-16 1.12976e-19 BessellR
56442.2 5.73885e-16 1.11851e-19 BessellR
56443.2 5.68175e-16 1.10738e-19 BessellR
56444.2 5.62521e-16 1.09635e-19 BessellR
56445.2 5.56924e-16 1.08544e-19 BessellR
56446.2 5.51382e-16 1.07464e-19 BessellR
56447.2 5.45896e-16 1.06394e-19 BessellR
56448.2 5.40464e-16 1.05335e-19 BessellR
56449.2 5.35087e-16 1.04286e-19 BessellR
56450.2 5.29762e-16 1.03248e-19 BessellR
56451.2 5.24491e-16 1.02221e-19 BessellR
56452.2 5.19272e-16 1.01203e-19 BessellR
56453.2 5.14105e-16 1.00196e-19 BessellR
56454.2 5.0899e-16 9.91984e-20 BessellR
56455.2 5.03925e-16 9.8211e-20 BessellR
56456.2 4.98911e-16 9.72335e-20 BessellR
56457.2 4.93947e-16 9.62656e-20 BessellR
56458.2 4.89032e-16 9.53074e-20 BessellR
56459.2 4.84166e-16 9.43588e-20 BessellR
56460.2 4.79349e-16 9.34196e-20 BessellR
56461.2 4.74579e-16 9.24897e-20 BessellR
56462.2 4.69857e-16 9.15692e-20 BessellR
56463.2 4.65182e-16 9.06577e-20 BessellR
56464.2 4.60553e-16 8.97554e-20 BessellR
56465.2 4.5597e-16 8.8862e-20 BessellR
56466.2 4.51433e-16 8.79775e-20 BessellR
56467.2 4.46942e-16 8.71019e-20 BessellR
56468.2 4.42494e-16 8.62349e-20 BessellR
56469.2 4.38092e-16 8.53766e-20 BessellR
56470.2 4.33732e-16 8.45269e-20 BessellR
56471.2 4.29417e-16 8.36856e-20 BessellR
56472.2 4.25144e-16 8.28526e-20 BessellR
56473.2 4.20914e-16 8.2028e-20 BessellR
56474.2 4.16725e-16 8.12116e-20 BessellR
56475.2 4.12579e-16 8.04033e-20 BessellR
56476.2 4.08474e-16 7.9603e-20 BessellR
56477.2 4.04409e-16 7.88107e-20 BessellR
56478.2 4.00385e-16 7.80263e-20 BessellR
56479.2 3.96401e-16 7.72498e-20 BessellR
56480.2 3.92457e-16 7.64809e-20 BessellR
56481.2 3.88552e-16 7.57197e-20 BessellR
56482.2 3.84686e-16 7.49661e-20 BessellR
56483.2 3.80858e-16 7.422e-20 BessellR
56484.2 3.77069e-16 7.34813e-20 BessellR
56485.2 3.73317e-16 7.275e-20 BessellR
56486.2 3.69602e-16 7.20259e-20 BessellR
56487.2 3.65925e-16 7.13091e-20 BessellR
56488.2 3.62284e-16 7.05994e-20 BessellR
56489.2 3.58679e-16 6.98967e-20 BessellR
56490.2 3.5511e-16 6.92011e-20 BessellR
56491.2 3.51576e-16 6.85124e-20 BessellR
56492.2 3.48078e-16 6.78305e-20 BessellR
56493.2 3.44615e-16 6.71555e-20 BessellR
56494.2 3.41186e-16 6.64871e-20 BessellR
56495.2 3.37791e-16 6.58254e-20 BessellR
56496.2 3.3443e-16 6.51703e-20 BessellR
56497.2 3.31102e-16 6.45217e-20 BessellR
56498.2 3.27808e-16 6.38796e-20 BessellR
56499.2 3.24546e-16 6.32439e-20 BessellR
56500.2 3.21317e-16 6.26145e-20 BessellR
56359.6 6.7713e-16 2.4539e-18 BessellV
56360.6 6.9363e-16 2.39502e-18 BessellV
56361.6 7.10199e-16 2.33267e-18 BessellV
56362.6 7.26812e-16 2.26702e-18 BessellV
56363.6 7.43439e-16 2.19827e-18 BessellV
56364.6 7.6005e-16 2.12663e-18 BessellV
56365.6 7.76614e-16 2.05236e-18 BessellV
56366.6 7.93096e-16 1.97578e-18 BessellV
56367.6 8.09463e-16 1.89723e-18 BessellV
56368.6 8.25678e-16 1.81711e-18 BessellV
56369.6 8.41703e-16 1.73586e-18 BessellV
56370.6 8.57501e-16 1.65398e-18 BessellV
56371.6 8.73031e-16 1.57202e-18 BessellV
56372.6 8.88254e-16 1.49061e-18 BessellV
56373.6 9.03128e-16 1.41043e-18 BessellV
56374.6 9.17615e-16 1.33224e-18 BessellV
56375.6 9.31672e-16 1.25686e-18 BessellV
56376.6 9.45259e-16 1.18522e-18 BessellV
56377.6 9.58337e-16 1.11827e-18 BessellV
56378.6 9.70866e-16 1.05703e-18 BessellV
56379.6 9.82809e-16 1.00253e-18 BessellV
56380.6 9.94129e-16 9.55727e-19 BessellV
56381.6 1.00479e-15 9.17463e-19 BessellV
56382.6 1.01476e-15 8.88334e-19 BessellV
56383.6 1.02401e-15 8.68607e-19 BessellV
56384.6 1.03251e-15 8.58153e-19 BessellV
56385.6 1.04024e-15 8.56435e-19 BessellV
56386.6 1.04717e-15 8.62561e-19 BessellV
56387.6 1.05328e-15 8.75388e-19 BessellV
56388.6 1.05856e-15 8.93643e-19 BessellV
56389.6 1.063e-15 9.16035e-19 BessellV
56390.6 1.06658e-15 9.41344e-19 BessellV
56391.6 1.0693e-15 9.68472e-19 BessellV
56392.6 1.07116e-15 9.96471e-19 BessellV
56393.6 1.07216e-15 1.02454e-18 BessellV
56394.6 1.0723e-15 1.05204e-18 BessellV
56395.6 1.07159e-15 1.07845e-18 BessellV
56396.6 1.07004e-15 1.10336e-18 BessellV
56397.6 1.06768e-15 1.12647e-18 BessellV
56398.6 1.0645e-15 1.14757e-18 BessellV
56399.6 1.06054e-15 1.16649e-18 BessellV
56400.6 1.05582e-15 1.18315e-18 BessellV
56401.6 1.05036e-15 1.19749e-18 BessellV
56402.6 1.04419e-15 1.20952e-18 BessellV
56403.6 1.03734e-15 1.21925e-18 BessellV
56404.6 1.02984e-15 1.22672e-18 BessellV
56405.6 1.02171e-15 1.23201e-18 BessellV
56406.6 1.013e-15 1.23519e-18 BessellV
56407.6 1.00374e-15 1.23635e-18 BessellV
56408.6 9.93954e-16 1.23558e-18 BessellV
56409.6 9.83684e-16 1.23298e-18 BessellV
56410.6 9.72963e-16 1.22866e-18 BessellV
56411.6 9.61827e-16 1.2227e-18 BessellV
56412.6 9.50308e-16 1.21523e-18 BessellV
56413.6 9.3844e-16 1.20632e-18 BessellV
56414.6 9.26258e-16 1.19609e-18 BessellV
56415.6 9.13793e-16 1.18462e-18 BessellV
56416.6 9.01077e-16 1.172e-18 BessellV
56417.6 8.8814e-16 1.15832e-18 BessellV
56418.6 8.75013e-16 1.14367e-18 BessellV
56419.6 8.61724e-16 1.12813e-18 BessellV
56420.6 8.48299e-16 1.11178e-18 BessellV
56421.6 8.34766e-16 1.09468e-18 BessellV
56422.6 8.21149e-16 1.07691e-18 BessellV
56423.6 8.07472e-16 1.05854e-18 BessellV
56424.6 7.93758e-16 1.03964e-18 BessellV
56425.6 7.80026e-16 1.02027e-18 BessellV
56426.6 7.66297e-16 1.00049e-18 BessellV
56427.6 7.52591e-16 9.80357e-19 BessellV
56428.6 7.38923e-16 9.59933e-19 BessellV
56429.6 7.25309e-16 9.39269e-19 BessellV
56430.6 7.11766e-16 9.18418e-19 BessellV
56431.6 6.98307e-16 8.97431e-19 BessellV
56432.6 6.84944e-16 8.76354e-19 BessellV
56433.6 6.71689e-16 8.55234e-19 BessellV
56434.6 6.58553e-16 8.34115e-19 BessellV
56435.6 6.45546e-16 8.13038e-19 BessellV
56436.6 6.32675e-16 7.92043e-19 BessellV
56437.6 6.19949e-16 7.71168e-19 BessellV
56438.6 6.07376e-16 7.50448e-19 BessellV
56439.6 5.9496e-16 7.29916e-19 BessellV
56440.6 5.82708e-16 7.09606e-19 BessellV
56441.6 5.70625e-16 6.89546e-19 BessellV
56442.6 5.58715e-16 6.69764e-19 BessellV
56443.6 5.46981e-16 6.50286e-19 BessellV
56444.6 5.35426e-16 6.31136e-19 BessellV
56445.6 5.24053e-16 6.12337e-19 BessellV
56446.6 5.12864e-16 5.93909e-19 BessellV
56447.6 5.0186e-16 5.75871e-19 BessellV
56448.6 4.91043e-16 5.5824e-19 BessellV
56449.6 4.80412e-16 5.41032e-19 BessellV
56450.6 4.69969e-16 5.2426e-19 BessellV
56451.6 4.59713e-16 5.07937e-19 BessellV
56452.6 4.49644e-16 4.92074e-19 BessellV
56453.6 4.39762e-16 4.7668e-19 BessellV
56454.6 4.30065e-16 4.61764e-19 BessellV
56455.6 4.20553e-16 4.47332e-19 BessellV
56456.6 4.11225e-16 4.3339e-19 BessellV
56457.6 4.02078e-16 4.19942e-19 BessellV
56458.6 3.93112e-16 4.0699e-19 BessellV
56459.6 3.84324e-16 3.94536e-19 BessellV
56460.6 3.75713e-16 3.8258e-19 BessellV
56461.6 3.67277e-16 3.71122e-19 BessellV
56462.6 3.59013e-16 3.6016e-19 BessellV
56463.6 3.50919e-16 3.49689e-19 BessellV
56464.6 3.42994e-16 3.39705e-19 BessellV
56465.6 3.35234e-16 3.30203e-19 BessellV
56466.6 3.27637e-16 3.21175e-19 BessellV
56467.6 3.20201e-16 3.12614e-19 BessellV
56468.6 3.12924e-16 3.0451e-19 BessellV
56469.6 3.05801e-16 2.96853e-19 BessellV
56470.6 2.98832e-16 2.89632e-19 BessellV
56471.6 2.92014e-16 2.82833e-19 BessellV
56472.6 2.85343e-16 2.76444e-19 BessellV
56473.6 2.78818e-16 2.7045e-19 BessellV
56474.6 2.72436e-16 2.64836e-19 BessellV
56475.6 2.66193e-16 2.59587e-19 BessellV
56476.6 2.60088e-16 2.54685e-19 BessellV
56477.6 2.54118e-16 2.50114e-19 BessellV
56478.6 2.4828e-16 2.45857e-19 BessellV
56479.6 2.42572e-16 2.41896e-19 BessellV
56480.6 2.36991e-16 2.38213e-19 BessellV
56481.6 2.31534e-16 2.34792e-19 BessellV
56482.6 2.262e-16 2.31613e-19 BessellV
56483.6 2.20985e-16 2.2866e-19 BessellV
56484.6 2.15888e-16 2.25916e-19 BessellV
56485.6 2.10906e-16 2.23365e-19 BessellV
56486.6 2.06036e-16 2.20989e-19 BessellV
56487.6 2.01276e-16 2.18775e-19 BessellV
56488.6 1.96624e-16 2.16706e-19 BessellV
56489.6 1.92078e-16 2.14769e-19 BessellV
56490.6 1.87635e-16 2.12951e-19 BessellV
56491.6 1.83293e-16 2.11238e-19 BessellV
56492.6 1.7905e-16 2.0962e-19 BessellV
56493.6 1.74903e-16 2.08083e-19 BessellV
56494.6 1.70852e-16 2.06619e-19 BessellV
56495.6 1.66893e-16 2.05218e-19 BessellV
56496.6 1.63024e-16 2.03871e-19 BessellV
56497.6 1.59245e-16 2.02569e-19 BessellV
56498.6 1.55552e-16 2.01305e-19 BessellV
56499.6 1.51943e-16 2.00073e-19 BessellV
56500.6 1.48418e-16 1.98865e-19 BessellV
56501.6 1.44974e-16 1.97678e-19 BessellV
56502.6 1.41609e-16 1.96504e-19 BessellV
56503.6 1.38321e-16 1.9534e-19 BessellV
56504.6 1.35109e-16 1.94182e-19 BessellV
56505.6 1.31971e-16 1.93027e-19 BessellV
56506.6 1.28906e-16 1.9187e-19 BessellV
56507.6 1.25911e-16 1.9071e-19 BessellV
56508.6 1.22985e-16 1.89543e-19 BessellV
56509.6 1.20127e-16 1.88368e-19 BessellV
56510.6 1.17335e-16 1.87183e-19 BessellV
56511.6 1.14608e-16 1.85987e-19 BessellV
56512.6 1.11944e-16 1.84778e-19 BessellV
56513.6 1.09341e-16 1.83555e-19 BessellV
56514.6 1.06799e-16 1.82318e-19 BessellV
56515.6 1.04315e-16 1.81065e-19 BessellV
56516.6 1.01889e-16 1.79797e-19 BessellV
56517.6 9.95193e-17 1.78513e-19 BessellV
56518.6 9.72044e-17 1.77213e-19 BessellV
56519.6 9.49432e-17 1.75897e-19 BessellV
56520.6 9.27344e-17 1.74565e-19 BessellV
56521.6 9.05769e-17 1.73218e-19 BessellV
56522.6 8.84694e-17 1.71855e-19 BessellV
56523.6 8.64109e-17 1.70477e-19 BessellV
56524.6 8.44001e-17 1.69084e-19 BessellV
56525.6 8.2436e-17 1.67677e-19 BessellV
56526.6 8.05175e-17 1.66257e-19 BessellV
56527.6 7.86436e-17 1.64823e-19 BessellV
56528.6 7.68132e-17 1.63378e-19 BessellV
56529.6 7.50253e-17 1.6192e-19 BessellV
56530.6 7.3279e-17 1.60451e-19 BessellV
56531.6 7.15732e-17 1.58972e-19 BessellV
56532.6 6.99071e-17 1.57484e-19 BessellV
56533.6 6.82797e-17 1.55986e-19 BessellV
56534.6 6.66902e-17 1.5448e-19 BessellV
56535.6 6.51376e-17 1.52967e-19 BessellV
56536.6 6.36211e-17 1.51447e-19 BessellV
56537.6 6.21398e-17 1.49921e-19 BessellV
56538.6 6.06931e-17 1.48389e-19 BessellV
56539.6 5.92799e-17 1.46854e-19 BessellV
56540.6 5.78997e-17 1.45314e-19 BessellV
56541.6 5.65515e-17 1.43771e-19 BessellV
56542.6 5.52347e-17 1.42225e-19 BessellV
56543.6 5.39486e-17 1.40678e-19 BessellV
56544.6 5.26923e-17 1.3913e-19 BessellV
56545.6 5.14654e-17 1.37581e-19 BessellV
56546.6 5.02669e-17 1.36033e-19 BessellV
56547.6 4.90963e-17 1.34485e-19 BessellV
56548.6 4.7953e-17 1.32939e-19 BessellV
56549.6 4.68363e-17 1.31395e-19 BessellV
56550.6 4.57456e-17 1.29853e-19 BessellV
56551.6 4.46803e-17 1.28315e-19 BessellV
56552.6 4.36398e-17 1.2678e-19 BessellV
56553.6 4.26234e-17 1.2525e-19 BessellV
56554.6 4.16308e-17 1.23724e-19 BessellV
56555.6 4.06613e-17 1.22203e-19 BessellV
56556.6 3.97143e-17 1.20688e-19 BessellV
56557.6 3.87894e-17 1.19179e-19 BessellV
56558.6 3.7886e-17 1.17677e-19 BessellV
56559.6 3.70036e-17 1.16182e-19 BessellV
56560.6 3.61418e-17 1.14694e-19 BessellV
56561.6 3.53e-17 1.13214e-19 BessellV
56562.6 3.44779e-17 1.11742e-19 BessellV
56563.6 3.36749e-17 1.10279e-19 BessellV
56564.6 3.28906e-17 1.08824e-19 BessellV
56565.6 3.21245e-17 1.07378e-19 BessellV
56566.6 3.13763e-17 1.05942e-19 BessellV
56567.6 3.06455e-17 1.04516e-19 BessellV
56568.6 2.99318e-17 1.03099e-19 BessellV
56569.6 2.92346e-17 1.01693e-19 BessellV
56570.6 2.85537e-17 1.00297e-19 BessellV
56571.6 2.78887e-17 9.89125e-20 BessellV
56572.6 2.72391e-17 9.75384e-20 BessellV
56573.6 2.66046e-17 9.61755e-20 BessellV
56574.6 2.5985e-17 9.48238e-20 BessellV
56575.6 2.53797e-17 9.34837e-20 BessellV
56576.6 2.47886e-17 9.21551e-20 BessellV
56577.6 2.42112e-17 9.08384e-20 BessellV
56578.6 2.36473e-17 8.95337e-20 BessellV
56579.6 2.30965e-17 8.8241e-20 BessellV
56580.6 2.25585e-17 8.69604e-20 BessellV
56581.6 2.20331e-17 8.56922e-20 BessellV
56582.6 2.15199e-17 8.44364e-20 BessellV
56583.6 2.10187e-17 8.3193e-20 BessellV
56584.6 2.05291e-17 8.19622e-20 BessellV
56585.6 2.00509e-17 8.0744e-20 BessellV
56586.6 1.95839e-17 7.95385e-20 BessellV
56587.6 1.91277e-17 7.83458e-20 BessellV
56588.6 1.86822e-17 7.71658e-20 BessellV
56589.6 1.82471e-17 7.59986e-20 BessellV
56590.6 1.7822e-17 7.48442e-20 BessellV
56591.6 1.74069e-17 7.37027e-20 BessellV
56592.6 1.70015e-17 7.25741e-20 BessellV
56593.6 1.66055e-17 7.14583e-20 BessellV
56594.6 1.62187e-17 7.03554e-20 BessellV
56595.6 1.58409e-17 6.92654e-20 BessellV
56596.6 1.54719e-17 6.81883e-20 BessellV
56597.6 1.51116e-17 6.71239e-20 BessellV
56598.6 1.47596e-17 6.60724e-20 BessellV
56599.6 1.44158e-17 6.50337e-20 BessellV
56600.6 1.408e-17 6.40077e-20 BessellV
56601.6 1.3752e-17 6.29944e-20 BessellV
56602.6 1.34317e-17 6.19938e-20 BessellV
56603.6 1.31189e-17 6.10058e-20 BessellV
56604.6 1.28133e-17 6.00303e-20 BessellV
56605.6 1.25148e-17 5.90674e-20 BessellV
56606.6 1.22233e-17 5.81169e-20 BessellV
56607.6 1.19386e-17 5.71788e-20 BessellV
56608.6 1.16605e-17 5.6253e-20 BessellV
56609.6 1.13889e-17 5.53394e-20 BessellV
56610.6 1.11236e-17 5.4438e-20 BessellV
56611.6 1.08645e-17 5.35487e-20 BessellV
56612.6 1.06115e-17 5.26714e-20 BessellV
56613.6 1.03643e-17 5.1806e-20 BessellV
56614.6 1.01229e-17 5.09525e-20 BessellV
56615.6 9.8871e-18 5.01107e-20 BessellV
56616.6 9.6568e-18 4.92806e-20 BessellV
56617.6 9.43187e-18 4.84621e-20 BessellV
56618.6 9.21217e-18 4.76551e-20 BessellV
56619.6 8.9976e-18 4.68594e-20 BessellV
56620.6 8.78802e-18 4.60751e-20 BessellV
56621.6 8.58332e-18 4.53019e-20 BessellV
56622.6 8.38339e-18 4.45398e-20 BessellV
56358.8 5.88607e-16 1.00271e-18 i
56359.8 5.97984e-16 9.80589e-19 i
56360.8 6.07433e-16 9.57905e-19 i
56361.8 6.16951e-16 9.34684e-19 i
56362.8 6.26533e-16 9.10958e-19 i
56363.8 6.36177e-16 8.86765e-19 i
56364.8 6.45876e-16 8.62146e-19 i
56365.8 6.55628e-16 8.37148e-19 i
56366.8 6.65426e-16 8.11824e-19 i
56367.8 6.75266e-16 7.86233e-19 i
56368.8 6.85143e-16 7.60439e-19 i
56369.8 6.9505e-16 7.34515e-19 i
56370.8 7.04982e-16 7.08543e-19 i
56371.8 7.14932e-16 6.82613e-19 i
56372.8 7.24894e-16 6.56825e-19 i
56373.8 7.34862e-16 6.31293e-19 i
56374.8 7.44827e-16 6.06141e-19 i
56375.8 7.54783e-16 5.81507e-19 i
56376.8 7.64722e-16 5.57545e-19 i
56377.8 7.74637e-16 5.34425e-19 i
56378.8 7.84518e-16 5.12331e-19 i
56379.8 7.94358e-16 4.91464e-19 i
56380.8 8.04148e-16 4.72038e-19 i
56381.8 8.13879e-16 4.54276e-19 i
56382.8 8.23542e-16 4.38404e-19 i
56383.8 8.33128e-16 4.24642e-19 i
56384.8 8.42627e-16 4.13191e-19 i
56385.8 8.52029e-16 4.04218e-19 i
56386.8 8.61325e-16 3.97845e-19 i
56387.8 8.70505e-16 3.9413e-19 i
56388.8 8.79558e-16 3.93065e-19 i
56389.8 8.88474e-16 3.9457e-19 i
56390.8 8.97242e-16 3.985e-19 i
56391.8 9.05853e-16 4.04654e-19 i
56392.8 9.14296e-16 4.12794e-19 i
56393.8 9.2256e-16 4.22656e-19 i
56394.8 9.30636e-16 4.33969e-19 i
56395.8 9.38511e-16 4.46467e-19 i
56396.8 9.46177e-16 4.59894e-19 i
56397.8 9.53622e-16 4.74015e-19 i
56398.8 9.60838e-16 4.88615e-19 i
56399.8 9.67813e-16 5.03503e-19 i
56400.8 9.74538e-16 5.18511e-19 i
56401.8 9.81003e-16 5.33492e-19 i
56402.8 9.872e-16 5.48322e-19 i
56403.8 9.93119e-16 5.62893e-19 i
56404.8 9.98751e-16 5.77118e-19 i
56405.8 1.00409e-15 5.90925e-19 i
56406.8 1.00912e-15 6.04256e-19 i
56407.8 1.01385e-15 6.17067e-19 i
56408.8 1.01825e-15 6.29329e-19 i
56409.8 1.02233e-15 6.41021e-19 i
56410.8 1.02609e-15 6.52134e-19 i
56411.8 1.0295e-15 6.6267e-19 i
56412.8 1.03258e-15 6.72638e-19 i
56413.8 1.03531e-15 6.82054e-19 i
56414.8 1.03768e-15 6.90944e-19 i
56415.8 1.03971e-15 6.99339e-19 i
56416.8 1.04138e-15 7.07274e-19 i
56417.8 1.04269e-15 7.14789e-19 i
56418.8 1.04364e-15 7.21929e-19 i
56419.8 1.04424e-15 7.2874e-19 i
56420.8 1.04446e-15 7.3527e-19 i
56421.8 1.04433e-15 7.41569e-19 i
56422.8 1.04384e-15 7.47684e-19 i
56423.8 1.04299e-15 7.53663e-19 i
56424.8 1.04179e-15 7.59552e-19 i
56425.8 1.04023e-15 7.65392e-19 i
56426.8 1.03832e-15 7.71224e-19 i
56427.8 1.03606e-15 7.7708e-19 i
56428.8 1.03346e-15 7.82991e-19 i
56429.8 1.03053e-15 7.8898e-19 i
56430.8 1.02726e-15 7.95066e-19 i
56431.8 1.02367e-15 8.0126e-19 i
56432.8 1.01976e-15 8.0757e-19 i
56433.8 1.01553e-15 8.13996e-19 i
56434.8 1.011e-15 8.20532e-19 i
56435.8 1.00618e-15 8.27167e-19 i
56436.8 1.00106e-15 8.33885e-19 i
56437.8 9.95665e-16 8.40666e-19 i
56438.8 9.89996e-16 8.47484e-19 i
56439.8 9.84064e-16 8.54312e-19 i
56440.8 9.77878e-16 8.61119e-19 i
56441.8 9.71447e-16 8.67871e-19 i
56442.8 9.64781e-16 8.74533e-19 i
56443.8 9.5789e-16 8.81069e-19 i
56444.8 9.50783e-16 8.87443e-19 i
56445.8 9.4347e-16 8.93618e-19 i
56446.8 9.35962e-16 8.99558e-19 i
56447.8 9.28267e-16 9.05229e-19 i
56448.8 9.20397e-16 9.10597e-19 i
56449.8 9.12361e-16 9.1563e-19 i
56450.8 9.04169e-16 9.20298e-19 i
56451.8 8.95832e-16 9.24574e-19 i
56452.8 8.87358e-16 9.28432e-19 i
56453.8 8.78758e-16 9.3185e-19 i
56454.8 8.70041e-16 9.34807e-19 i
56455.8 8.61216e-16 9.37287e-19 i
56456.8 8.52293e-16 9.39273e-19 i
56457.8 8.43281e-16 9.40754e-19 i
56458.8 8.34189e-16 9.41721e-19 i
56459.8 8.25025e-16 9.42166e-19 i
56460.8 8.15799e-16 9.42086e-19 i
56461.8 8.06517e-16 9.41478e-19 i
56462.8 7.97189e-16 9.40341e-19 i
56463.8 7.87822e-16 9.3868e-19 i
56464.8 7.78424e-16 9.36497e-19 i
56465.8 7.69001e-16 9.338e-19 i
56466.8 7.59562e-16 9.30596e-19 i
56467.8 7.50113e-16 9.26896e-19 i
56468.8 7.4066e-16 9.22709e-19 i
56469.8 7.3121e-16 9.18049e-19 i
56470.8 7.21769e-16 9.12929e-19 i
56471.8 7.12343e-16 9.07364e-19 i
56472.8 7.02937e-16 9.0137e-19 i
56473.8 6.93557e-16 8.94963e-19 i
56474.8 6.84207e-16 8.8816e-19 i
56475.8 6.74893e-16 8.80979e-19 i
56476.8 6.65619e-16 8.73439e-19 i
56477.8 6.56389e-16 8.65557e-19 i
56478.8 6.47207e-16 8.57352e-19 i
56479.8 6.38078e-16 8.48843e-19 i
56480.8 6.29005e-16 8.4005e-19 i
56481.8 6.19992e-16 8.30992e-19 i
56482.8 6.11041e-16 8.21687e-19 i
56483.8 6.02156e-16 8.12154e-19 i
56484.8 5.93339e-16 8.02411e-19 i
56485.8 5.84594e-16 7.92478e-19 i
56486.8 5.75922e-16 7.82372e-19 i
56487.8 5.67326e-16 7.72112e-19 i
56488.8 5.58808e-16 7.61713e-19 i
56489.8 5.5037e-16 7.51194e-19 i
56490.8 5.42013e-16 7.40571e-19 i
56491.8 5.3374e-16 7.2986e-19 i
56492.8 5.25552e-16 7.19076e-19 i
56493.8 5.17449e-16 7.08234e-19 i
56494.8 5.09434e-16 6.9735e-19 i
56495.8 5.01506e-16 6.86436e-19 i
56496.8 4.93668e-16 6.75507e-19 i
56497.8 4.8592e-16 6.64575e-19 i
56498.8 4.78263e-16 6.53653e-19 i
56499.8 4.70696e-16 6.42752e-19 i
56500.8 4.63221e-16 6.31884e-19 i
56501.8 4.55838e-16 6.21059e-19 i
56502.8 4.48548e-16 6.10288e-19 i
56503.8 4.4135e-16 5.9958e-19 i
56504.8 4.34244e-16 5.88945e-19 i
56505.8 4.27231e-16 5.7839e-19 i
56506.8 4.2031e-16 5.67924e-19 i
56507.8 4.13482e-16 5.57555e-19 i
56508.8 4.06746e-16 5.4729e-19 i
56509.8 4.00102e-16 5.37135e-19 i
56510.8 3.93549e-16 5.27096e-19 i
56511.8 3.87088e-16 5.1718e-19 i
56512.8 3.80718e-16 5.07391e-19 i
56513.8 3.74437e-16 4.97734e-19 i
56514.8 3.68247e-16 4.88214e-19 i
56515.8 3.62146e-16 4.78835e-19 i
56516.8 3.56134e-16 4.696e-19 i
56517.8 3.50209e-16 4.60513e-19 i
56518.8 3.44372e-16 4.51577e-19 i
56519.8 3.38622e-16 4.42795e-19 i
56520.8 3.32957e-16 4.34167e-19 i
56521.8 3.27378e-16 4.25698e-19 i
56522.8 3.21883e-16 4.17387e-19 i
56523.8 3.16472e-16 4.09237e-19 i
56524.8 3.11144e-16 4.01249e-19 i
56525.8 3.05898e-16 3.93422e-19 i
56526.8 3.00732e-16 3.85759e-19 i
56527.8 2.95647e-16 3.78259e-19 i
56528.8 2.90642e-16 3.70922e-19 i
56529.8 2.85715e-16 3.63749e-19 i
56530.8 2.80865e-16 3.56738e-19 i
56531.8 2.76092e-16 3.49889e-19 i
56532.8 2.71395e-16 3.43201e-19 i
56533.8 2.66773e-16 3.36674e-19 i
56534.8 2.62225e-16 3.30306e-19 i
56535.8 2.57749e-16 3.24095e-19 i
56536.8 2.53346e-16 3.18041e-19 i
56537.8 2.49014e-16 3.12142e-19 i
56538.8 2.44752e-16 3.06396e-19 i
56539.8 2.40559e-16 3.008e-19 i
56540.8 2.36435e-16 2.95354e-19 i
56541.8 2.32378e-16 2.90054e-19 i
56542.8 2.28388e-16 2.84899e-19 i
56543.8 2.24463e-16 2.79886e-19 i
56544.8 2.20603e-16 2.75012e-19 i
56545.8 2.16806e-16 2.70276e-19 i
56546.8 2.13073e-16 2.65674e-19 i
56547.8 2.09401e-16 2.61204e-19 i
56548.8 2.0579e-16 2.56863e-19 i
56549.8 2.0224e-16 2.52648e-19 i
56550.8 1.98748e-16 2.48557e-19 i
56551.8 1.95315e-16 2.44585e-19 i
56552.8 1.9194e-16 2.40731e-19 i
56553.8 1.88621e-16 2.36991e-19 i
56554.8 1.85358e-16 2.33363e-19 i
56555.8 1.8215e-16 2.29843e-19 i
56556.8 1.78995e-16 2.26427e-19 i
56557.8 1.75894e-16 2.23114e-19 i
56558.8 1.72846e-16 2.19901e-19 i
56559.8 1.69849e-16 2.16783e-19 i
56560.8 1.66903e-16 2.13758e-19 i
56561.8 1.64006e-16 2.10823e-19 i
56562.8 1.61159e-16 2.07974e-19 i
56563.8 1.58361e-16 2.0521e-19 i
56564.8 1.5561e-16 2.02527e-19 i
56565.8 1.52906e-16 1.99922e-19 i
56566.8 1.50248e-16 1.97392e-19 i
56567.8 1.47636e-16 1.94934e-19 i
56568.8 1.45068e-16 1.92547e-19 i
56569.8 1.42544e-16 1.90226e-19 i
56570.8 1.40063e-16 1.87969e-19 i
56571.8 1.37625e-16 1.85774e-19 i
56572.8 1.35229e-16 1.83639e-19 i
56573.8 1.32873e-16 1.8156e-19 i
56574.8 1.30559e-16 1.79535e-19 i
56575.8 1.28284e-16 1.77562e-19 i
56576.8 1.26048e-16 1.75639e-19 i
56577.8 1.23851e-16 1.73763e-19 i
56578.8 1.21691e-16 1.71932e-19 i
56579.8 1.19569e-16 1.70145e-19 i
56580.8 1.17484e-16 1.68399e-19 i
56581.8 1.15434e-16 1.66693e-19 i
56582.8 1.1342e-16 1.65024e-19 i
56583.8 1.11441e-16 1.6339e-19 i
56584.8 1.09495e-16 1.61791e-19 i
56585.8 1.07584e-16 1.60224e-19 i
56586.8 1.05706e-16 1.58688e-19 i
56587.8 1.0386e-16 1.57181e-19 i
56588.8 1.02046e-16 1.55702e-19 i
56589.8 1.00263e-16 1.54249e-19 i
56590.8 9.85118e-17 1.52821e-19 i
56591.8 9.67906e-17 1.51417e-19 i
56592.8 9.50993e-17 1.50036e-19 i
56593.8 9.34374e-17 1.48677e-19 i
56594.8 9.18043e-17 1.47338e-19 i
56595.8 9.01996e-17 1.46018e-19 i
56596.8 8.86228e-17 1.44717e-19 i
56597.8 8.70733e-17 1.43433e-19 i
56598.8 8.55509e-17 1.42166e-19 i
56599.8 8.40549e-17 1.40914e-19 i
56600.8 8.25849e-17 1.39678e-19 i
56601.8 8.11405e-17 1.38456e-19 i
56602.8 7.97212e-17 1.37248e-19 i
56603.8 7.83267e-17 1.36052e-19 i
56604.8 7.69565e-17 1.34869e-19 i
56605.8 7.56101e-17 1.33698e-19 i
56606.8 7.42872e-17 1.32538e-19 i
56607.8 7.29873e-17 1.31388e-19 i
56608.8 7.17101e-17 1.30249e-19 i
56609.8 7.04552e-17 1.2912e-19 i
56610.8 6.92221e-17 1.28e-19 i
56611.8 6.80106e-17 1.26889e-19 i
56612.8 6.68202e-17 1.25786e-19 i
56613.8 6.56505e-17 1.24692e-19 i
56614.8 6.45013e-17 1.23606e-19 i
56615.8 6.33721e-17 1.22528e-19 i
56616.8 6.22627e-17 1.21457e-19 i
56617.8 6.11726e-17 1.20393e-19 i
56618.8 6.01015e-17 1.19336e-19 i
56619.8 5.90492e-17 1.18286e-19 i
56620.8 5.80152e-17 1.17243e-19 i
56621.8 5.69993e-17 1.16205e-19 i
56622.8 5.60012e-17 1.15175e-19 i
56623.8 5.50205e-17 1.1415e-19 i
56624.8 5.40569e-17 1.13131e-19 i
56625.8 5.31102e-17 1.12118e-19 i
56626.8 5.218e-17 1.11111e-19 i
56627.8 5.12661e-17 1.10109e-19 i
56628.8 5.03682e-17 1.09113e-19 i
56629.8 4.94859e-17 1.08123e-19 i
56630.8 4.86191e-17 1.07137e-19 i
56631.8 4.77675e-17 1.06158e-19 i
56632.8 4.69307e-17 1.05183e-19 i
56633.8 4.61086e-17 1.04214e-19 i
56634.8 4.53009e-17 1.0325e-19 i
56635.8 4.45073e-17 1.02291e-19 i
56636.8 4.37275e-17 1.01337e-19 i
56637.8 4.29614e-17 1.00389e-19 i
56638.8 4.22088e-17 9.94453e-20 i
56639.8 4.14693e-17 9.8507e-20 i
56640.8 4.07427e-17 9.75738e-20 i
56641.8 4.00289e-17 9.66458e-20 i
56642.8 3.93275e-17 9.57228e-20 i
56643.8 3.86384e-17 9.48049e-20 i
56644.8 3.79614e-17 9.38922e-20 i
56645.8 3.72962e-17 9.29846e-20 i
56646.8 3.66427e-17 9.20821e-20 i
56647.8 3.60006e-17 9.11847e-20 i
56648.8 3.53698e-17 9.02926e-20 i
56649.8 3.475e-17 8.94055e-20 i
56650.8 3.41411e-17 8.85237e-20 i
56651.8 3.35428e-17 8.76471e-20 i
56652.8 3.2955e-17 8.67758e-20 i
56653.8 3.23775e-17 8.59096e-20 i
56654.8 3.18101e-17 8.50488e-20 i
56655.8 3.12526e-17 8.41932e-20 i
56656.8 3.07049e-17 8.33429e-20 i
56657.8 3.01668e-17 8.2498e-20 i
56658.8 2.96382e-17 8.16584e-20 i
56659.8 2.91187e-17 8.08242e-20 i
56660.8 2.86084e-17 7.99953e-20 i
56661.8 2.8107e-17 7.91719e-20 i
56662.8 2.76144e-17 7.83539e-20 i
56663.8 2.71305e-17 7.75413e-20 i
56664.8 2.6655e-17 7.67342e-20 i
56665.8 2.61878e-17 7.59326e-20 i
56666.8 2.57289e-17 7.51365e-20 i
56667.8 2.52779e-17 7.43459e-20 i
56668.8 2.48349e-17 7.35608e-20 i
56669.8 2.43996e-17 7.27813e-20 i
56670.8 2.3972e-17 7.20073e-20 i
56671.8 2.35518e-17 7.12389e-20 i
56672.8 2.3139e-17 7.04761e-20 i
56358.8 1.006e-15 8.43109e-19 r
56359.8 1.00711e-15 8.28567e-19 r
56360.8 1.00819e-15 8.14011e-19 r
56361.8 1.00923e-15 7.99446e-19 r
56362.8 1.01025e-15 7.84878e-19 r
56363.8 1.01123e-15 7.70313e-19 r
56364.8 1.01218e-15 7.55757e-19 r
56365.8 1.01309e-15 7.41218e-19 r
56366.8 1.01397e-15 7.26701e-19 r
56367.8 1.01481e-15 7.12215e-19 r
56368.8 1.01562e-15 6.97768e-19 r
56369.8 1.01638e-15 6.8337e-19 r
56370.8 1.01711e-15 6.69029e-19 r
56371.8 1.01779e-15 6.54757e-19 r
56372.8 1.01844e-15 6.40564e-19 r
56373.8 1.01904e-15 6.26462e-19 r
56374.8 1.0196e-15 6.12465e-19 r
56375.8 1.02011e-15 5.98585e-19 r
56376.8 1.02058e-15 5.84839e-19 r
56377.8 1.021e-15 5.71241e-19 r
56378.8 1.02137e-15 5.57809e-19 r
56379.8 1.02169e-15 5.44562e-19 r
56380.8 1.02196e-15 5.31519e-19 r
56381.8 1.02218e-15 5.18701e-19 r
56382.8 1.02235e-15 5.06131e-19 r
56383.8 1.02246e-15 4.93833e-19 r
56384.8 1.02252e-15 4.81833e-19 r
56385.8 1.02252e-15 4.70159e-19 r
56386.8 1.02247e-15 4.58838e-19 r
56387.8 1.02235e-15 4.47901e-19 r
56388.8 1.02217e-15 4.37381e-19 r
56389.8 1.02193e-15 4.27311e-19 r
56390.8 1.02163e-15 4.17724e-19 r
56391.8 1.02126e-15 4.08656e-19 r
56392.8 1.02083e-15 4.00143e-19 r
56393.8 1.02033e-15 3.9222e-19 r
56394.8 1.01977e-15 3.84921e-19 r
56395.8 1.01913e-15 3.78281e-19 r
56396.8 1.01842e-15 3.7233e-19 r
56397.8 1.01764e-15 3.67099e-19 r
56398.8 1.01678e-15 3.62611e-19 r
56399.8 1.01585e-15 3.58889e-19 r
56400.8 1.01485e-15 3.55946e-19 r
56401.8 1.01377e-15 3.53794e-19 r
56402.8 1.0126e-15 3.52436e-19 r
56403.8 1.01136e-15 3.51869e-19 r
56404.8 1.01003e-15 3.52083e-19 r
56405.8 1.00863e-15 3.53061e-19 r
56406.8 1.00713e-15 3.54783e-19 r
56407.8 1.00556e-15 3.57219e-19 r
56408.8 1.00389e-15 3.60338e-19 r
56409.8 1.00214e-15 3.64102e-19 r
56410.8 1.0003e-15 3.68471e-19 r
56411.8 9.98364e-16 3.73403e-19 r
56412.8 9.9634e-16 3.78853e-19 r
56413.8 9.94224e-16 3.84776e-19 r
56414.8 9.92013e-16 3.91128e-19 r
56415.8 9.89707e-16 3.97863e-19 r
56416.8 9.87305e-16 4.04938e-19 r
56417.8 9.84806e-16 4.12308e-19 r
56418.8 9.82209e-16 4.19934e-19 r
56419.8 9.79513e-16 4.27775e-19 r
56420.8 9.76717e-16 4.35792e-19 r
56421.8 9.7382e-16 4.4395e-19 r
56422.8 9.70821e-16 4.52214e-19 r
56423.8 9.6772e-16 4.60552e-19 r
56424.8 9.64516e-16 4.68932e-19 r
56425.8 9.61209e-16 4.77325e-19 r
56426.8 9.57797e-16 4.85704e-19 r
56427.8 9.5428e-16 4.94043e-19 r
56428.8 9.50658e-16 5.02318e-19 r
56429.8 9.4693e-16 5.10506e-19 r
56430.8 9.43096e-16 5.18584e-19 r
56431.8 9.39156e-16 5.26534e-19 r
56432.8 9.35109e-16 5.34335e-19 r
56433.8 9.30956e-16 5.4197e-19 r
56434.8 9.26696e-16 5.49423e-19 r
56435.8 9.22329e-16 5.56678e-19 r
56436.8 9.17855e-16 5.63719e-19 r
56437.8 9.13276e-16 5.70534e-19 r
56438.8 9.0859e-16 5.7711e-19 r
56439.8 9.03798e-16 5.83435e-19 r
56440.8 8.98901e-16 5.89497e-19 r
56441.8 8.93899e-16 5.95287e-19 r
56442.8 8.88794e-16 6.00796e-19 r
56443.8 8.83584e-16 6.06015e-19 r
56444.8 8.78272e-16 6.10936e-19 r
56445.8 8.72859e-16 6.15553e-19 r
56446.8 8.67344e-16 6.19859e-19 r
56447.8 8.6173e-16 6.23849e-19 r
56448.8 8.56018e-16 6.27518e-19 r
56449.8 8.50208e-16 6.30862e-19 r
56450.8 8.44303e-16 6.33879e-19 r
56451.8 8.38303e-16 6.36565e-19 r
56452.8 8.32211e-16 6.38919e-19 r
56453.8 8.26027e-16 6.40939e-19 r
56454.8 8.19754e-16 6.42625e-19 r
56455.8 8.13394e-16 6.43977e-19 r
56456.8 8.06947e-16 6.44997e-19 r
56457.8 8.00418e-16 6.45685e-19 r
56458.8 7.93806e-16 6.46043e-19 r
56459.8 7.87115e-16 6.46075e-19 r
56460.8 7.80348e-16 6.45784e-19 r
56461.8 7.73505e-16 6.45173e-19 r
56462.8 7.6659e-16 6.44247e-19 r
56463.8 7.59606e-16 6.43012e-19 r
56464.8 7.52554e-16 6.41472e-19 r
56465.8 7.45437e-16 6.39634e-19 r
56466.8 7.38259e-16 6.37505e-19 r
56467.8 7.31021e-16 6.35091e-19 r
56468.8 7.23727e-16 6.32401e-19 r
56469.8 7.16379e-16 6.29442e-19 r
56470.8 7.08981e-16 6.26222e-19 r
56471.8 7.01536e-16 6.22751e-19 r
56472.8 6.94045e-16 6.19037e-19 r
56473.8 6.86513e-16 6.1509e-19 r
56474.8 6.78943e-16 6.10921e-19 r
56475.8 6.71337e-16 6.06538e-19 r
56476.8 6.63699e-16 6.01952e-19 r
56477.8 6.56032e-16 5.97174e-19 r
56478.8 6.4834e-16 5.92215e-19 r
56479.8 6.40624e-16 5.87084e-19 r
56480.8 6.32889e-16 5.81794e-19 r
56481.8 6.25138e-16 5.76356e-19 r
56482.8 6.17373e-16 5.7078e-19 r
56483.8 6.09599e-16 5.65077e-19 r
56484.8 6.01817e-16 5.5926e-19 r
56485.8 5.94033e-16 5.53338e-19 r
56486.8 5.86247e-16 5.47323e-19 r
56487.8 5.78465e-16 5.41227e-19 r
56488.8 5.70688e-16 5.35059e-19 r
56489.8 5.62919e-16 5.2883e-19 r
56490.8 5.55163e-16 5.22551e-19 r
56491.8 5.47421e-16 5.16233e-19 r
56492.8 5.39697e-16 5.09885e-19 r
56493.8 5.31994e-16 5.03516e-19 r
56494.8 5.24314e-16 4.97138e-19 r
56495.8 5.1666e-16 4.90757e-19 r
56496.8 5.09035e-16 4.84385e-19 r
56497.8 5.01442e-16 4.78028e-19 r
56498.8 4.93883e-16 4.71696e-19 r
56499.8 4.86361e-16 4.65395e-19 r
56500.8 4.78877e-16 4.59134e-19 r
56501.8 4.71436e-16 4.52918e-19 r
56502.8 4.64038e-16 4.46756e-19 r
56503.8 4.56687e-16 4.40652e-19 r
56504.8 4.49383e-16 4.34612e-19 r
56505.8 4.42131e-16 4.28641e-19 r
56506.8 4.34931e-16 4.22745e-19 r
56507.8 4.27785e-16 4.16928e-19 r
56508.8 4.20695e-16 4.11192e-19 r
56509.8 4.13664e-16 4.05542e-19 r
56510.8 4.06693e-16 3.99981e-19 r
56511.8 3.99782e-16 3.94511e-19 r
56512.8 3.92935e-16 3.89134e-19 r
56513.8 3.86153e-16 3.83852e-19 r
56514.8 3.79436e-16 3.78666e-19 r
56515.8 3.72786e-16 3.73576e-19 r
56516.8 3.66205e-16 3.68584e-19 r
56517.8 3.59693e-16 3.6369e-19 r
56518.8 3.53252e-16 3.58892e-19 r
56519.8 3.46883e-16 3.54191e-19 r
56520.8 3.40586e-16 3.49587e-19 r
56521.8 3.34362e-16 3.45076e-19 r
56522.8 3.28213e-16 3.4066e-19 r
56523.8 3.22138e-16 3.36335e-19 r
56524.8 3.16139e-16 3.32099e-19 r
56525.8 3.10215e-16 3.27952e-19 r
56526.8 3.04368e-16 3.23891e-19 r
56527.8 2.98598e-16 3.19912e-19 r
56528.8 2.92905e-16 3.16015e-19 r
56529.8 2.8729e-16 3.12196e-19 r
56530.8 2.81753e-16 3.08452e-19 r
56531.8 2.76293e-16 3.04782e-19 r
56532.8 2.70911e-16 3.01182e-19 r
56533.8 2.65607e-16 2.97649e-19 r
56534.8 2.60382e-16 2.94181e-19 r
56535.8 2.55234e-16 2.90775e-19 r
56536.8 2.50164e-16 2.87427e-19 r
56537.8 2.45172e-16 2.84136e-19 r
56538.8 2.40257e-16 2.80899e-19 r
56539.8 2.35419e-16 2.77713e-19 r
56540.8 2.30658e-16 2.74575e-19 r
56541.8 2.25974e-16 2.71483e-19 r
56542.8 2.21366e-16 2.68435e-19 r
56543.8 2.16834e-16 2.65428e-19 r
56544.8 2.12377e-16 2.6246e-19 r
56545.8 2.07995e-16 2.59529e-19 r
56546.8 2.03687e-16 2.56632e-19 r
56547.8 1.99453e-16 2.53769e-19 r
56548.8 1.95292e-16 2.50936e-19 r
56549.8 1.91204e-16 2.48133e-19 r
56550.8 1.87187e-16 2.45357e-19 r
56551.8 1.83242e-16 2.42608e-19 r
56552.8 1.79367e-16 2.39884e-19 r
56553.8 1.75563e-16 2.37183e-19 r
56554.8 1.71827e-16 2.34504e-19 r
56555.8 1.6816e-16 2.31846e-19 r
56556.8 1.6456e-16 2.29209e-19 r
56557.8 1.61028e-16 2.26591e-19 r
56558.8 1.57561e-16 2.23991e-19 r
56559.8 1.5416e-16 2.21409e-19 r
56560.8 1.50823e-16 2.18844e-19 r
56561.8 1.4755e-16 2.16295e-19 r
56562.8 1.4434e-16 2.13762e-19 r
56563.8 1.41191e-16 2.11245e-19 r
56564.8 1.38104e-16 2.08742e-19 r
56565.8 1.35078e-16 2.06254e-19 r
56566.8 1.3211e-16 2.03781e-19 r
56567.8 1.29202e-16 2.01322e-19 r
56568.8 1.26351e-16 1.98876e-19 r
56569.8 1.23557e-16 1.96445e-19 r
56570.8 1.20819e-16 1.94028e-19 r
56571.8 1.18137e-16 1.91624e-19 r
56572.8 1.15508e-16 1.89234e-19 r
56573.8 1.12933e-16 1.86858e-19 r
56574.8 1.10411e-16 1.84495e-19 r
56575.8 1.07941e-16 1.82147e-19 r
56576.8 1.05521e-16 1.79813e-19 r
56577.8 1.03152e-16 1.77493e-19 r
56578.8 1.00832e-16 1.75187e-19 r
56579.8 9.85598e-17 1.72896e-19 r
56580.8 9.63356e-17 1.70619e-19 r
56581.8 9.41581e-17 1.68357e-19 r
56582.8 9.20265e-17 1.6611e-19 r
56583.8 8.994e-17 1.63879e-19 r
56584.8 8.78979e-17 1.61663e-19 r
56585.8 8.58992e-17 1.59462e-19 r
56586.8 8.39433e-17 1.57278e-19 r
56587.8 8.20293e-17 1.55109e-19 r
56588.8 8.01564e-17 1.52957e-19 r
56589.8 7.83239e-17 1.50821e-19 r
56590.8 7.65311e-17 1.48702e-19 r
56591.8 7.47771e-17 1.466e-19 r
56592.8 7.30613e-17 1.44515e-19 r
56593.8 7.13829e-17 1.42447e-19 r
56594.8 6.97412e-17 1.40397e-19 r
56595.8 6.81354e-17 1.38365e-19 r
56596.8 6.6565e-17 1.36351e-19 r
56597.8 6.50291e-17 1.34354e-19 r
56598.8 6.35271e-17 1.32376e-19 r
56599.8 6.20583e-17 1.30416e-19 r
56600.8 6.06221e-17 1.28475e-19 r
56601.8 5.92178e-17 1.26552e-19 r
56602.8 5.78447e-17 1.24648e-19 r
56603.8 5.65023e-17 1.22764e-19 r
56604.8 5.51899e-17 1.20898e-19 r
56605.8 5.39068e-17 1.19051e-19 r
56606.8 5.26525e-17 1.17223e-19 r
56607.8 5.14265e-17 1.15415e-19 r
56608.8 5.0228e-17 1.13626e-19 r
56609.8 4.90565e-17 1.11857e-19 r
56610.8 4.79115e-17 1.10107e-19 r
56611.8 4.67924e-17 1.08377e-19 r
56612.8 4.56987e-17 1.06666e-19 r
