54403.1 1.04467e-14 3.78525e-17 BessellU
54404.1 9.81279e-15 3.37874e-17 BessellU
54405.1 9.21726e-15 3.00926e-17 BessellU
54406.1 8.65774e-15 2.6739e-17 BessellU
54407.1 8.13204e-15 2.36998e-17 BessellU
54408.1 7.63811e-15 2.09504e-17 BessellU
54409.1 7.17403e-15 1.84681e-17 BessellU
54410.1 6.73798e-15 1.6232e-17 BessellU
54411.1 6.32825e-15 1.42231e-17 BessellU
54412.1 5.94326e-15 1.2424e-17 BessellU
54413.1 5.5815e-15 1.08188e-17 BessellU
54414.1 5.24155e-15 9.39343e-18 BessellU
54415.1 4.92209e-15 8.13488e-18 BessellU
54416.1 4.62187e-15 7.03173e-18 BessellU
54417.1 4.33973e-15 6.07381e-18 BessellU
54418.1 4.07456e-15 5.25204e-18 BessellU
54419.1 3.82533e-15 4.55812e-18 BessellU
54420.1 3.59106e-15 3.98397e-18 BessellU
54421.1 3.37085e-15 3.52099e-18 BessellU
54422.1 3.16383e-15 3.15907e-18 BessellU
54423.1 2.9692e-15 2.88586e-18 BessellU
54424.1 2.78621e-15 2.68663e-18 BessellU
54425.1 2.61413e-15 2.54515e-18 BessellU
54426.1 2.45231e-15 2.44517e-18 BessellU
54427.1 2.30011e-15 2.37204e-18 BessellU
54428.1 2.15694e-15 2.31366e-18 BessellU
54429.1 2.02224e-15 2.26084e-18 BessellU
54430.1 1.8955e-15 2.20705e-18 BessellU
54431.1 1.77623e-15 2.14798e-18 BessellU
54432.1 1.66396e-15 2.08102e-18 BessellU
54433.1 1.55827e-15 2.00483e-18 BessellU
54434.1 1.45875e-15 1.91901e-18 BessellU
54435.1 1.36501e-15 1.82378e-18 BessellU
54436.1 1.2767e-15 1.71985e-18 BessellU
54437.1 1.19349e-15 1.60828e-18 BessellU
54438.1 1.11507e-15 1.49044e-18 BessellU
54439.1 1.04113e-15 1.36793e-18 BessellU
54440.1 9.71409e-16 1.24267e-18 BessellU
54441.1 9.05649e-16 1.117e-18 BessellU
54442.1 8.4361e-16 9.9381e-19 BessellU
54443.1 7.85071e-16 8.76908e-19 BessellU
54444.1 7.29826e-16 7.71416e-19 BessellU
54445.1 6.77684e-16 6.84183e-19 BessellU
54446.1 6.2847e-16 6.23535e-19 BessellU
54447.1 5.82022e-16 5.97153e-19 BessellU
54448.1 5.38192e-16 6.0801e-19 BessellU
54449.1 4.96845e-16 6.51952e-19 BessellU
54450.1 4.57856e-16 7.20117e-19 BessellU
54451.1 4.21114e-16 8.03195e-19 BessellU
54452.1 3.86518e-16 8.93675e-19 BessellU
54453.1 3.53977e-16 9.86074e-19 BessellU
54454.1 3.23408e-16 1.07645e-18 BessellU
54455.1 2.94736e-16 1.16189e-18 BessellU
54456.1 2.67892e-16 1.24019e-18 BessellU
54457.1 2.42814e-16 1.30962e-18 BessellU
54458.1 2.19442e-16 1.36879e-18 BessellU
54459.1 1.97719e-16 1.41665e-18 BessellU
54460.1 1.77589e-16 1.45243e-18 BessellU
54461.1 1.58997e-16 1.47563e-18 BessellU
54462.1 1.41885e-16 1.48606e-18 BessellU
54463.1 1.26196e-16 1.48382e-18 BessellU
54464.1 1.11867e-16 1.4693e-18 BessellU
54465.1 9.8835e-17 1.44317e-18 BessellU
54466.1 8.70321e-17 1.40635e-18 BessellU
54467.1 7.63886e-17 1.35998e-18 BessellU
54468.1 6.68324e-17 1.30537e-18 BessellU
54469.1 5.82897e-17 1.24394e-18 BessellU
54470.1 5.06859e-17 1.17719e-18 BessellU
54471.1 4.39463e-17 1.10658e-18 BessellU
54400.9 1.44619e-17 4.64985e-19 BessellI
54401.9 1.83322e-17 5.48187e-19 BessellI
54402.9 2.32016e-17 6.41261e-19 BessellI
54403.9 2.93056e-17 7.43187e-19 BessellI
54404.9 3.69213e-17 8.51734e-19 BessellI
54405.9 4.63674e-17 9.6304e-19 BessellI
54406.9 5.79973e-17 1.07122e-18 BessellI
54407.9 7.21839e-17 1.16807e-18 BessellI
54408.9 8.92929e-17 1.24318e-18 BessellI
54409.9 1.0964e-16 1.28455e-18 BessellI
54410.9 1.33433e-16 1.2802e-18 BessellI
54411.9 1.60704e-16 1.22083e-18 BessellI
54412.9 1.91239e-16 1.10356e-18 BessellI
54413.9 2.2453e-16 9.36726e-19 BessellI
54414.9 2.59758e-16 7.46271e-19 BessellI
54415.9 2.95847e-16 5.85395e-19 BessellI
54416.9 3.31564e-16 5.30862e-19 BessellI
54417.9 3.65674e-16 6.01555e-19 BessellI
54418.9 3.97086e-16 7.22757e-19 BessellI
54419.9 4.24982e-16 8.29966e-19 BessellI
54420.9 4.48869e-16 8.9782e-19 BessellI
54421.9 4.68583e-16 9.23674e-19 BessellI
54422.9 4.84234e-16 9.15718e-19 BessellI
54423.9 4.96127e-16 8.86122e-19 BessellI
54424.9 5.04684e-16 8.46806e-19 BessellI
54425.9 5.10377e-16 8.07008e-19 BessellI
54426.9 5.13672e-16 7.72289e-19 BessellI
54427.9 5.15006e-16 7.447e-19 BessellI
54428.9 5.14762e-16 7.23728e-19 BessellI
54429.9 5.13267e-16 7.07515e-19 BessellI
54430.9 5.10794e-16 6.93891e-19 BessellI
54431.9 5.07567e-16 6.80999e-19 BessellI
54432.9 5.03763e-16 6.67526e-19 BessellI
54433.9 4.99526e-16 6.52703e-19 BessellI
54434.9 4.94966e-16 6.36194e-19 BessellI
54435.9 4.90173e-16 6.17966e-19 BessellI
54436.9 4.85213e-16 5.98177e-19 BessellI
54437.9 4.8014e-16 5.77089e-19 BessellI
54438.9 4.74994e-16 5.5501e-19 BessellI
54439.9 4.69806e-16 5.32265e-19 BessellI
54440.9 4.64601e-16 5.09163e-19 BessellI
54441.9 4.59396e-16 4.85999e-19 BessellI
54442.9 4.54207e-16 4.63043e-19 BessellI
54443.9 4.49042e-16 4.40541e-19 BessellI
54444.9 4.4391e-16 4.18723e-19 BessellI
54445.9 4.38818e-16 3.97799e-19 BessellI
54446.9 4.33768e-16 3.77968e-19 BessellI
54447.9 4.28765e-16 3.59418e-19 BessellI
54448.9 4.23811e-16 3.4233e-19 BessellI
54449.9 4.18908e-16 3.26875e-19 BessellI
54450.9 4.14055e-16 3.13211e-19 BessellI
54451.9 4.09256e-16 3.0148e-19 BessellI
54452.9 4.04508e-16 2.91798e-19 BessellI
54453.9 3.99814e-16 2.84249e-19 BessellI
54454.9 3.95172e-16 2.78872e-19 BessellI
54455.9 3.90582e-16 2.75658e-19 BessellI
54456.9 3.86045e-16 2.74547e-19 BessellI
54457.9 3.8156e-16 2.75432e-19 BessellI
54458.9 3.77126e-16 2.78164e-19 BessellI
54459.9 3.72743e-16 2.82567e-19 BessellI
54460.9 3.68411e-16 2.88447e-19 BessellI
54461.9 3.64129e-16 2.95606e-19 BessellI
54462.9 3.59897e-16 3.03851e-19 BessellI
54463.9 3.55713e-16 3.13001e-19 BessellI
54464.9 3.51578e-16 3.22892e-19 BessellI
54465.9 3.47491e-16 3.33374e-19 BessellI
54466.9 3.43452e-16 3.44319e-19 BessellI
54467.9 3.39459e-16 3.55614e-19 BessellI
54468.9 3.35513e-16 3.67164e-19 BessellI
54469.9 3.31612e-16 3.78885e-19 BessellI
54470.9 3.27757e-16 3.90708e-19 BessellI
54471.9 3.23947e-16 4.02575e-19 BessellI
54472.9 3.20181e-16 4.14435e-19 BessellI
54473.9 3.16458e-16 4.26246e-19 BessellI
54474.9 3.12779e-16 4.37974e-19 BessellI
54475.9 3.09143e-16 4.49589e-19 BessellI
54476.9 3.05549e-16 4.61067e-19 BessellI
54477.9 3.01997e-16 4.72386e-19 BessellI
54478.9 2.98486e-16 4.83531e-19 BessellI
54479.9 2.95016e-16 4.94486e-19 BessellI
54480.9 2.91586e-16 5.05241e-19 BessellI
54481.9 2.88196e-16 5.15786e-19 BessellI
54482.9 2.84846e-16 5.26113e-19 BessellI
54483.9 2.81534e-16 5.36216e-19 BessellI
54484.9 2.78261e-16 5.46092e-19 BessellI
54485.9 2.75026e-16 5.55735e-19 BessellI
54486.9 2.71829e-16 5.65144e-19 BessellI
54487.9 2.68669e-16 5.74316e-19 BessellI
54488.9 2.65545e-16 5.83252e-19 BessellI
54489.9 2.62458e-16 5.91949e-19 BessellI
54490.9 2.59407e-16 6.0041e-19 BessellI
54491.9 2.56391e-16 6.08633e-19 BessellI
54492.9 2.5341e-16 6.16621e-19 BessellI
54493.9 2.50464e-16 6.24374e-19 BessellI
54494.9 2.47553e-16 6.31895e-19 BessellI
54495.9 2.44675e-16 6.39184e-19 BessellI
54496.9 2.4183e-16 6.46245e-19 BessellI
54497.9 2.39019e-16 6.53079e-19 BessellI
54498.9 2.3624e-16 6.5969e-19 BessellI
54499.9 2.33494e-16 6.66079e-19 BessellI
54500.9 2.30779e-16 6.7225e-19 BessellI
54501.9 2.28096e-16 6.78205e-19 BessellI
54502.9 2.25444e-16 6.83947e-19 BessellI
54503.9 2.22823e-16 6.8948e-19 BessellI
54504.9 2.20233e-16 6.94805e-19 BessellI
54505.9 2.17673e-16 6.99927e-19 BessellI
54506.9 2.15142e-16 7.04849e-19 BessellI
54507.9 2.12641e-16 7.09573e-19 BessellI
54508.9 2.10169e-16 7.14103e-19 BessellI
54509.9 2.07726e-16 7.18442e-19 BessellI
54510.9 2.05311e-16 7.22594e-19 BessellI
54511.9 2.02924e-16 7.2656e-19 BessellI
54512.9 2.00565e-16 7.30345e-19 BessellI
54400.3 1.47811e-16 1.9062e-18 BessellB
54401.3 1.82277e-16 2.18819e-18 BessellB
54402.3 2.24396e-16 2.49208e-18 BessellB
54403.3 2.75649e-16 2.81134e-18 BessellB
54404.3 3.37675e-16 3.13537e-18 BessellB
54405.3 4.1222e-16 3.44853e-18 BessellB
54406.3 5.01028e-16 3.72949e-18 BessellB
54407.3 6.0567e-16 3.95121e-18 BessellB
54408.3 7.27296e-16 4.08224e-18 BessellB
54409.3 8.66302e-16 4.09e-18 BessellB
54410.3 1.02195e-15 3.94633e-18 BessellB
54411.3 1.19201e-15 3.63525e-18 BessellB
54412.3 1.37249e-15 3.16154e-18 BessellB
54413.3 1.55764e-15 2.5582e-18 BessellB
54414.3 1.74033e-15 1.89164e-18 BessellB
54415.3 1.91277e-15 1.27164e-18 BessellB
54416.3 2.06746e-15 8.84691e-19 BessellB
54417.3 2.19825e-15 8.98511e-19 BessellB
54418.3 2.30103e-15 1.10981e-18 BessellB
54419.3 2.37409e-15 1.28303e-18 BessellB
54420.3 2.41797e-15 1.35319e-18 BessellB
54421.3 2.43495e-15 1.3262e-18 BessellB
54422.3 2.42847e-15 1.23012e-18 BessellB
54423.3 2.40246e-15 1.09712e-18 BessellB
54424.3 2.36092e-15 9.5562e-19 BessellB
54425.3 2.30752e-15 8.27066e-19 BessellB
54426.3 2.2455e-15 7.247e-19 BessellB
54427.3 2.17754e-15 6.53215e-19 BessellB
54428.3 2.10582e-15 6.09612e-19 BessellB
54429.3 2.03204e-15 5.86107e-19 BessellB
54430.3 1.95751e-15 5.74061e-19 BessellB
54431.3 1.8832e-15 5.667e-19 BessellB
54432.3 1.80983e-15 5.59826e-19 BessellB
54433.3 1.73792e-15 5.51366e-19 BessellB
54434.3 1.66782e-15 5.40627e-19 BessellB
54435.3 1.59978e-15 5.27691e-19 BessellB
54436.3 1.53393e-15 5.13011e-19 BessellB
54437.3 1.47036e-15 4.97164e-19 BessellB
54438.3 1.40911e-15 4.80729e-19 BessellB
54439.3 1.35018e-15 4.64211e-19 BessellB
54440.3 1.29354e-15 4.48024e-19 BessellB
54441.3 1.23914e-15 4.32479e-19 BessellB
54442.3 1.18694e-15 4.17793e-19 BessellB
54443.3 1.13687e-15 4.04104e-19 BessellB
54444.3 1.08885e-15 3.91477e-19 BessellB
54445.3 1.04283e-15 3.79925e-19 BessellB
54446.3 9.98723e-16 3.69419e-19 BessellB
54447.3 9.5646e-16 3.59898e-19 BessellB
54448.3 9.1597e-16 3.51283e-19 BessellB
54449.3 8.77182e-16 3.43482e-19 BessellB
54450.3 8.40029e-16 3.36397e-19 BessellB
54451.3 8.04443e-16 3.29933e-19 BessellB
54452.3 7.70359e-16 3.23995e-19 BessellB
54453.3 7.37717e-16 3.18497e-19 BessellB
54454.3 7.06454e-16 3.13359e-19 BessellB
54455.3 6.76515e-16 3.0851e-19 BessellB
54456.3 6.47844e-16 3.0389e-19 BessellB
54457.3 6.20386e-16 2.99443e-19 BessellB
54458.3 5.94091e-16 2.95126e-19 BessellB
54459.3 5.68911e-16 2.909e-19 BessellB
54460.3 5.44797e-16 2.86733e-19 BessellB
54461.3 5.21705e-16 2.82602e-19 BessellB
54462.3 4.99591e-16 2.78485e-19 BessellB
54463.3 4.78415e-16 2.74368e-19 BessellB
54464.3 4.58136e-16 2.70239e-19 BessellB
54465.3 4.38717e-16 2.6609e-19 BessellB
54466.3 4.2012e-16 2.61915e-19 BessellB
54467.3 4.02312e-16 2.57712e-19 BessellB
54468.3 3.85259e-16 2.53478e-19 BessellB
54469.3 3.68929e-16 2.49216e-19 BessellB
54470.3 3.5329e-16 2.44925e-19 BessellB
54471.3 3.38315e-16 2.40608e-19 BessellB
54472.3 3.23974e-16 2.36269e-19 BessellB
54473.3 3.10242e-16 2.31912e-19 BessellB
54474.3 2.97091e-16 2.2754e-19 BessellB
54475.3 2.84498e-16 2.23159e-19 BessellB
54476.3 2.72438e-16 2.18773e-19 BessellB
54477.3 2.6089e-16 2.14387e-19 BessellB
54478.3 2.49831e-16 2.10005e-19 BessellB
54479.3 2.39241e-16 2.05633e-19 BessellB
54480.3 2.291e-16 2.01275e-19 BessellB
54481.3 2.19389e-16 1.96935e-19 BessellB
54482.3 2.1009e-16 1.92619e-19 BessellB
54483.3 2.01184e-16 1.88329e-19 BessellB
54484.3 1.92656e-16 1.84071e-19 BessellB
54485.3 1.8449e-16 1.79848e-19 BessellB
54486.3 1.7667e-16 1.75662e-19 BessellB
54487.3 1.69181e-16 1.71519e-19 BessellB
54488.3 1.6201e-16 1.67419e-19 BessellB
54489.3 1.55142e-16 1.63368e-19 BessellB
54490.3 1.48566e-16 1.59366e-19 BessellB
54491.3 1.42269e-16 1.55417e-19 BessellB
54492.3 1.36238e-16 1.51522e-19 BessellB
54493.3 1.30463e-16 1.47683e-19 BessellB
54494.3 1.24933e-16 1.43903e-19 BessellB
54495.3 1.19637e-16 1.40182e-19 BessellB
54496.3 1.14566e-16 1.36522e-19 BessellB
54497.3 1.0971e-16 1.32925e-19 BessellB
54498.3 1.05059e-16 1.2939e-19 BessellB
54499.3 1.00606e-16 1.2592e-19 BessellB
54500.3 9.63414e-17 1.22514e-19 BessellB
54501.3 9.22577e-17 1.19173e-19 BessellB
54502.3 8.8347e-17 1.15897e-19 BessellB
54503.3 8.46021e-17 1.12687e-19 BessellB
54504.3 8.1016e-17 1.09543e-19 BessellB
54505.3 7.75818e-17 1.06465e-19 BessellB
54506.3 7.42933e-17 1.03453e-19 BessellB
54507.3 7.11441e-17 1.00506e-19 BessellB
54508.3 6.81284e-17 9.76248e-20 BessellB
54509.3 6.52405e-17 9.48083e-20 BessellB
54510.3 6.24751e-17 9.20564e-20 BessellB
54399.8 1.40342e-22 2.24273e-23 BessellR
54400.8 3.84695e-22 5.75312e-23 BessellR
54401.8 1.0546e-21 1.4693e-22 BessellR
54402.8 2.89137e-21 3.73335e-22 BessellR
54403.8 7.92797e-21 9.42971e-22 BessellR
54404.8 2.174e-20 2.36503e-21 BessellR
54405.8 5.96201e-20 5.88164e-21 BessellR
54406.8 1.6351e-19 1.44762e-20 BessellR
54407.8 4.48399e-19 3.51666e-20 BessellR
54408.8 1.22921e-18 8.39743e-20 BessellR
54409.8 3.36568e-18 1.95775e-19 BessellR
54410.8 9.18363e-18 4.40072e-19 BessellR
54411.8 2.48175e-17 9.29588e-19 BessellR
54412.8 6.53439e-17 1.74259e-18 BessellR
54413.8 1.61158e-16 2.54161e-18 BessellR
54414.8 3.45054e-16 2.1575e-18 BessellR
54415.8 5.87681e-16 1.15048e-18 BessellR
54416.8 7.84825e-16 1.89922e-18 BessellR
54417.8 8.87329e-16 1.83916e-18 BessellR
54418.8 9.24242e-16 1.66988e-18 BessellR
54419.8 9.30845e-16 1.65028e-18 BessellR
54420.8 9.25642e-16 1.64706e-18 BessellR
54421.8 9.16186e-16 1.61864e-18 BessellR
54422.8 9.05296e-16 1.57219e-18 BessellR
54423.8 8.93991e-16 1.51762e-18 BessellR
54424.8 8.82633e-16 1.46045e-18 BessellR
54425.8 8.71351e-16 1.40317e-18 BessellR
54426.8 8.60189e-16 1.34682e-18 BessellR
54427.8 8.49161e-16 1.29182e-18 BessellR
54428.8 8.38272e-16 1.23832e-18 BessellR
54429.8 8.27521e-16 1.1864e-18 BessellR
54430.8 8.16907e-16 1.13607e-18 BessellR
54431.8 8.06429e-16 1.08737e-18 BessellR
54432.8 7.96086e-16 1.04029e-18 BessellR
54433.8 7.85876e-16 9.94864e-19 BessellR
54434.8 7.75796e-16 9.51103e-19 BessellR
54435.8 7.65846e-16 9.09031e-19 BessellR
54436.8 7.56023e-16 8.68677e-19 BessellR
54437.8 7.46326e-16 8.30073e-19 BessellR
54438.8 7.36754e-16 7.93258e-19 BessellR
54439.8 7.27304e-16 7.58275e-19 BessellR
54440.8 7.17976e-16 7.25172e-19 BessellR
54441.8 7.08767e-16 6.94002e-19 BessellR
54442.8 6.99676e-16 6.64822e-19 BessellR
54443.8 6.90702e-16 6.3769e-19 BessellR
54444.8 6.81843e-16 6.12667e-19 BessellR
54445.8 6.73098e-16 5.8981e-19 BessellR
54446.8 6.64465e-16 5.69173e-19 BessellR
54447.8 6.55942e-16 5.508e-19 BessellR
54448.8 6.47529e-16 5.34723e-19 BessellR
54449.8 6.39224e-16 5.2096e-19 BessellR
54450.8 6.31025e-16 5.09508e-19 BessellR
54451.8 6.22932e-16 5.00339e-19 BessellR
54452.8 6.14942e-16 4.93403e-19 BessellR
54453.8 6.07055e-16 4.88624e-19 BessellR
54454.8 5.99269e-16 4.85901e-19 BessellR
54455.8 5.91583e-16 4.85115e-19 BessellR
54456.8 5.83995e-16 4.86127e-19 BessellR
54457.8 5.76505e-16 4.88787e-19 BessellR
54458.8 5.69111e-16 4.92937e-19 BessellR
54459.8 5.61811e-16 4.98417e-19 BessellR
54460.8 5.54606e-16 5.0507e-19 BessellR
54461.8 5.47492e-16 5.12744e-19 BessellR
54462.8 5.4047e-16 5.21292e-19 BessellR
54463.8 5.33538e-16 5.30581e-19 BessellR
54464.8 5.26695e-16 5.40487e-19 BessellR
54465.8 5.1994e-16 5.50896e-19 BessellR
54466.8 5.13271e-16 5.61707e-19 BessellR
54467.8 5.06688e-16 5.72829e-19 BessellR
54468.8 5.00189e-16 5.84182e-19 BessellR
54469.8 4.93774e-16 5.95693e-19 BessellR
54470.8 4.87441e-16 6.07301e-19 BessellR
54471.8 4.81189e-16 6.1895e-19 BessellR
54472.8 4.75017e-16 6.30592e-19 BessellR
54473.8 4.68924e-16 6.42186e-19 BessellR
54474.8 4.6291e-16 6.53695e-19 BessellR
54475.8 4.56973e-16 6.65088e-19 BessellR
54476.8 4.51112e-16 6.76338e-19 BessellR
54477.8 4.45326e-16 6.87423e-19 BessellR
54478.8 4.39614e-16 6.98321e-19 BessellR
54479.8 4.33976e-16 7.09017e-19 BessellR
54480.8 4.2841e-16 7.19496e-19 BessellR
54481.8 4.22915e-16 7.29747e-19 BessellR
54482.8 4.17491e-16 7.39758e-19 BessellR
54483.8 4.12136e-16 7.49523e-19 BessellR
54484.8 4.0685e-16 7.59034e-19 BessellR
54485.8 4.01632e-16 7.68287e-19 BessellR
54486.8 3.9648e-16 7.77276e-19 BessellR
54487.8 3.91395e-16 7.86e-19 BessellR
54488.8 3.86375e-16 7.94456e-19 BessellR
54489.8 3.8142e-16 8.02642e-19 BessellR
54490.8 3.76528e-16 8.10559e-19 BessellR
54491.8 3.71698e-16 8.18206e-19 BessellR
54492.8 3.66931e-16 8.25584e-19 BessellR
54493.8 3.62225e-16 8.32693e-19 BessellR
54494.8 3.57579e-16 8.39536e-19 BessellR
54495.8 3.52993e-16 8.46114e-19 BessellR
54496.8 3.48465e-16 8.5243e-19 BessellR
54497.8 3.43996e-16 8.58485e-19 BessellR
54498.8 3.39584e-16 8.64284e-19 BessellR
54499.8 3.35228e-16 8.69828e-19 BessellR
54500.8 3.30929e-16 8.7512e-19 BessellR
54501.8 3.26684e-16 8.80165e-19 BessellR
54502.8 3.22494e-16 8.84965e-19 BessellR
54503.8 3.18358e-16 8.89525e-19 BessellR
54504.8 3.14275e-16 8.93847e-19 BessellR
54505.8 3.10244e-16 8.97935e-19 BessellR
54506.8 3.06265e-16 9.01793e-19 BessellR
54507.8 3.02337e-16 9.05426e-19 BessellR
54508.8 2.98459e-16 9.08836e-19 BessellR
54509.8 2.94631e-16 9.12028e-19 BessellR
54510.8 2.90852e-16 9.15006e-19 BessellR
54511.8 2.87122e-16 9.17774e-19 BessellR
54512.8 2.83439e-16 9.20335e-19 BessellR
54513.8 2.79804e-16 9.22694e-19 BessellR
54400.3 1.34738e-17 2.69116e-19 BessellV
54401.3 1.85974e-17 3.46552e-19 BessellV
54402.3 2.56455e-17 4.43311e-19 BessellV
54403.3 3.53186e-17 5.62491e-19 BessellV
54404.3 4.8551e-17 7.06549e-19 BessellV
54405.3 6.65705e-17 8.76325e-19 BessellV
54406.3 9.09537e-17 1.06951e-18 BessellV
54407.3 1.2366e-16 1.27851e-18 BessellV
54408.3 1.67007e-16 1.4878e-18 BessellV
54409.3 2.23524e-16 1.67162e-18 BessellV
54410.3 2.95627e-16 1.7935e-18 BessellV
54411.3 3.85025e-16 1.81047e-18 BessellV
54412.3 4.91907e-16 1.68438e-18 BessellV
54413.3 6.14081e-16 1.40041e-18 BessellV
54414.3 7.46468e-16 9.8773e-19 BessellV
54415.3 8.81439e-16 5.43478e-19 BessellV
54416.3 1.01017e-15 3.53527e-19 BessellV
54417.3 1.12457e-15 5.72884e-19 BessellV
54418.3 1.21906e-15 7.74385e-19 BessellV
54419.3 1.29124e-15 8.50649e-19 BessellV
54420.3 1.34166e-15 8.17766e-19 BessellV
54421.3 1.37277e-15 7.18219e-19 BessellV
54422.3 1.38797e-15 5.95835e-19 BessellV
54423.3 1.39075e-15 4.86208e-19 BessellV
54424.3 1.38424e-15 4.12779e-19 BessellV
54425.3 1.37102e-15 3.82044e-19 BessellV
54426.3 1.35311e-15 3.82753e-19 BessellV
54427.3 1.33201e-15 3.97446e-19 BessellV
54428.3 1.30883e-15 4.13754e-19 BessellV
54429.3 1.28438e-15 4.25913e-19 BessellV
54430.3 1.25921e-15 4.32218e-19 BessellV
54431.3 1.23371e-15 4.32867e-19 BessellV
54432.3 1.20816e-15 4.28784e-19 BessellV
54433.3 1.18275e-15 4.21062e-19 BessellV
54434.3 1.1576e-15 4.10726e-19 BessellV
54435.3 1.13279e-15 3.98647e-19 BessellV
54436.3 1.10838e-15 3.85531e-19 BessellV
54437.3 1.08441e-15 3.71928e-19 BessellV
54438.3 1.0609e-15 3.58257e-19 BessellV
54439.3 1.03785e-15 3.44834e-19 BessellV
54440.3 1.01527e-15 3.31888e-19 BessellV
54441.3 9.93166e-16 3.19586e-19 BessellV
54442.3 9.71526e-16 3.08042e-19 BessellV
54443.3 9.50348e-16 2.97333e-19 BessellV
54444.3 9.29624e-16 2.87505e-19 BessellV
54445.3 9.09347e-16 2.78581e-19 BessellV
54446.3 8.8951e-16 2.70565e-19 BessellV
54447.3 8.70103e-16 2.63445e-19 BessellV
54448.3 8.51118e-16 2.57198e-19 BessellV
54449.3 8.32546e-16 2.51788e-19 BessellV
54450.3 8.14378e-16 2.47175e-19 BessellV
54451.3 7.96606e-16 2.43308e-19 BessellV
54452.3 7.79222e-16 2.40136e-19 BessellV
54453.3 7.62217e-16 2.37601e-19 BessellV
54454.3 7.45583e-16 2.35645e-19 BessellV
54455.3 7.29312e-16 2.34209e-19 BessellV
54456.3 7.13396e-16 2.33235e-19 BessellV
54457.3 6.97827e-16 2.32668e-19 BessellV
54458.3 6.82597e-16 2.32452e-19 BessellV
54459.3 6.67701e-16 2.32538e-19 BessellV
54460.3 6.53129e-16 2.32878e-19 BessellV
54461.3 6.38875e-16 2.33429e-19 BessellV
54462.3 6.24932e-16 2.3415e-19 BessellV
54463.3 6.11294e-16 2.35005e-19 BessellV
54464.3 5.97953e-16 2.35963e-19 BessellV
54465.3 5.84903e-16 2.36994e-19 BessellV
54466.3 5.72139e-16 2.38073e-19 BessellV
54467.3 5.59652e-16 2.39178e-19 BessellV
54468.3 5.47438e-16 2.40288e-19 BessellV
54469.3 5.35491e-16 2.41386e-19 BessellV
54470.3 5.23805e-16 2.42459e-19 BessellV
54471.3 5.12373e-16 2.43494e-19 BessellV
54472.3 5.01191e-16 2.44479e-19 BessellV
54473.3 4.90253e-16 2.45406e-19 BessellV
54474.3 4.79554e-16 2.46267e-19 BessellV
54475.3 4.69088e-16 2.47057e-19 BessellV
54476.3 4.58851e-16 2.47769e-19 BessellV
54477.3 4.48837e-16 2.48401e-19 BessellV
54478.3 4.39042e-16 2.48949e-19 BessellV
54479.3 4.2946e-16 2.49411e-19 BessellV
54480.3 4.20088e-16 2.49786e-19 BessellV
54481.3 4.1092e-16 2.50072e-19 BessellV
54482.3 4.01952e-16 2.50269e-19 BessellV
54483.3 3.9318e-16 2.50378e-19 BessellV
54484.3 3.84599e-16 2.50398e-19 BessellV
54485.3 3.76206e-16 2.5033e-19 BessellV
54486.3 3.67995e-16 2.50176e-19 BessellV
54487.3 3.59964e-16 2.49937e-19 BessellV
54488.3 3.52108e-16 2.49614e-19 BessellV
54489.3 3.44424e-16 2.49209e-19 BessellV
54490.3 3.36907e-16 2.48724e-19 BessellV
54491.3 3.29555e-16 2.48161e-19 BessellV
54492.3 3.22363e-16 2.47523e-19 BessellV
54493.3 3.15327e-16 2.4681e-19 BessellV
54494.3 3.08446e-16 2.46026e-19 BessellV
54495.3 3.01714e-16 2.45174e-19 BessellV
54496.3 2.9513e-16 2.44254e-19 BessellV
54497.3 2.88689e-16 2.4327e-19 BessellV
54498.3 2.82389e-16 2.42223e-19 BessellV
54499.3 2.76226e-16 2.41117e-19 BessellV
54500.3 2.70197e-16 2.39954e-19 BessellV
54501.3 2.64301e-16 2.38735e-19 BessellV
54502.3 2.58533e-16 2.37464e-19 BessellV
54503.3 2.5289e-16 2.36142e-19 BessellV
54504.3 2.47371e-16 2.34772e-19 BessellV
54505.3 2.41973e-16 2.33356e-19 BessellV
54506.3 2.36692e-16 2.31897e-19 BessellV
54507.3 2.31526e-16 2.30396e-19 BessellV
54508.3 2.26474e-16 2.28855e-19 BessellV
54509.3 2.21531e-16 2.27277e-19 BessellV
54510.3 2.16696e-16 2.25664e-19 BessellV
54511.3 2.11967e-16 2.24018e-19 BessellV
54512.3 2.07341e-16 2.2234e-19 BessellV
54513.3 2.02816e-16 2.20632e-19 BessellV
54400.3 3.87647e-18 6.7493e-20 SDSS_i
54401.3 5.38587e-18 8.75011e-20 SDSS_i
54402.3 7.47797e-18 1.12743e-19 SDSS_i
54403.3 1.0373e-17 1.44191e-19 SDSS_i
54404.3 1.43699e-17 1.82745e-19 SDSS_i
54405.3 1.98702e-17 2.29018e-19 SDSS_i
54406.3 2.74057e-17 2.82985e-19 SDSS_i
54407.3 3.76652e-17 3.43452e-19 SDSS_i
54408.3 5.15143e-17 4.07337e-19 SDSS_i
54409.3 6.99907e-17 4.68861e-19 SDSS_i
54410.3 9.4253e-17 5.18949e-19 SDSS_i
54411.3 1.25449e-16 5.45504e-19 SDSS_i
54412.3 1.64472e-16 5.356e-19 SDSS_i
54413.3 2.11616e-16 4.80853e-19 SDSS_i
54414.3 2.66181e-16 3.87396e-19 SDSS_i
54415.3 3.26219e-16 2.93795e-19 SDSS_i
54416.3 3.88605e-16 2.80369e-19 SDSS_i
54417.3 4.49548e-16 3.57589e-19 SDSS_i
54418.3 5.05406e-16 4.41667e-19 SDSS_i
54419.3 5.53453e-16 4.85201e-19 SDSS_i
54420.3 5.92291e-16 4.81121e-19 SDSS_i
54421.3 6.21801e-16 4.42316e-19 SDSS_i
54422.3 6.42785e-16 3.88923e-19 SDSS_i
54423.3 6.56537e-16 3.4015e-19 SDSS_i
54424.3 6.64482e-16 3.08758e-19 SDSS_i
54425.3 6.67951e-16 2.97569e-19 SDSS_i
54426.3 6.68075e-16 3.00878e-19 SDSS_i
54427.3 6.65759e-16 3.10589e-19 SDSS_i
54428.3 6.61698e-16 3.20795e-19 SDSS_i
54429.3 6.56413e-16 3.28491e-19 SDSS_i
54430.3 6.50282e-16 3.32643e-19 SDSS_i
54431.3 6.43582e-16 3.33258e-19 SDSS_i
54432.3 6.36509e-16 3.30794e-19 SDSS_i
54433.3 6.29202e-16 3.25848e-19 SDSS_i
54434.3 6.21761e-16 3.19009e-19 SDSS_i
54435.3 6.14254e-16 3.10795e-19 SDSS_i
54436.3 6.0673e-16 3.01639e-19 SDSS_i
54437.3 5.99223e-16 2.91886e-19 SDSS_i
54438.3 5.91756e-16 2.81811e-19 SDSS_i
54439.3 5.84345e-16 2.71625e-19 SDSS_i
54440.3 5.77001e-16 2.61491e-19 SDSS_i
54441.3 5.6973e-16 2.51535e-19 SDSS_i
54442.3 5.62539e-16 2.41853e-19 SDSS_i
54443.3 5.55429e-16 2.3252e-19 SDSS_i
54444.3 5.48403e-16 2.23597e-19 SDSS_i
54445.3 5.41461e-16 2.15128e-19 SDSS_i
54446.3 5.34605e-16 2.07153e-19 SDSS_i
54447.3 5.27833e-16 1.99703e-19 SDSS_i
54448.3 5.21145e-16 1.92802e-19 SDSS_i
54449.3 5.14541e-16 1.86471e-19 SDSS_i
54450.3 5.0802e-16 1.80727e-19 SDSS_i
54451.3 5.0158e-16 1.75581e-19 SDSS_i
54452.3 4.95223e-16 1.71041e-19 SDSS_i
54453.3 4.88945e-16 1.67109e-19 SDSS_i
54454.3 4.82747e-16 1.63782e-19 SDSS_i
54455.3 4.76628e-16 1.61051e-19 SDSS_i
54456.3 4.70585e-16 1.58903e-19 SDSS_i
54457.3 4.6462e-16 1.57318e-19 SDSS_i
54458.3 4.5873e-16 1.56272e-19 SDSS_i
54459.3 4.52914e-16 1.55735e-19 SDSS_i
54460.3 4.47173e-16 1.55675e-19 SDSS_i
54461.3 4.41504e-16 1.56057e-19 SDSS_i
54462.3 4.35907e-16 1.56841e-19 SDSS_i
54463.3 4.30381e-16 1.57992e-19 SDSS_i
54464.3 4.24925e-16 1.5947e-19 SDSS_i
54465.3 4.19538e-16 1.61237e-19 SDSS_i
54466.3 4.14219e-16 1.63259e-19 SDSS_i
54467.3 4.08968e-16 1.655e-19 SDSS_i
54468.3 4.03783e-16 1.6793e-19 SDSS_i
54469.3 3.98665e-16 1.70517e-19 SDSS_i
54470.3 3.93611e-16 1.73236e-19 SDSS_i
54471.3 3.88621e-16 1.76061e-19 SDSS_i
54472.3 3.83694e-16 1.78971e-19 SDSS_i
54473.3 3.7883e-16 1.81944e-19 SDSS_i
54474.3 3.74027e-16 1.84963e-19 SDSS_i
54475.3 3.69286e-16 1.88013e-19 SDSS_i
54476.3 3.64604e-16 1.91078e-19 SDSS_i
54477.3 3.59982e-16 1.94146e-19 SDSS_i
54478.3 3.55418e-16 1.97207e-19 SDSS_i
54479.3 3.50913e-16 2.00251e-19 SDSS_i
54480.3 3.46464e-16 2.03268e-19 SDSS_i
54481.3 3.42072e-16 2.06252e-19 SDSS_i
54482.3 3.37735e-16 2.09196e-19 SDSS_i
54483.3 3.33454e-16 2.12095e-19 SDSS_i
54484.3 3.29226e-16 2.14944e-19 SDSS_i
54485.3 3.25053e-16 2.17739e-19 SDSS_i
54486.3 3.20932e-16 2.20475e-19 SDSS_i
54487.3 3.16863e-16 2.23151e-19 SDSS_i
54488.3 3.12846e-16 2.25763e-19 SDSS_i
54489.3 3.0888e-16 2.2831e-19 SDSS_i
54490.3 3.04965e-16 2.30789e-19 SDSS_i
54491.3 3.01098e-16 2.332e-19 SDSS_i
54492.3 2.97281e-16 2.35541e-19 SDSS_i
54493.3 2.93513e-16 2.37811e-19 SDSS_i
54494.3 2.89792e-16 2.4001e-19 SDSS_i
54495.3 2.86118e-16 2.42138e-19 SDSS_i
54496.3 2.82491e-16 2.44194e-19 SDSS_i
54497.3 2.78909e-16 2.46178e-19 SDSS_i
54498.3 2.75374e-16 2.4809e-19 SDSS_i
54499.3 2.71883e-16 2.49931e-19 SDSS_i
54500.3 2.68436e-16 2.517e-19 SDSS_i
54501.3 2.65033e-16 2.53399e-19 SDSS_i
54502.3 2.61673e-16 2.55028e-19 SDSS_i
54503.3 2.58356e-16 2.56587e-19 SDSS_i
54504.3 2.5508e-16 2.58077e-19 SDSS_i
54505.3 2.51847e-16 2.59499e-19 SDSS_i
54506.3 2.48654e-16 2.60853e-19 SDSS_i
54507.3 2.45502e-16 2.62141e-19 SDSS_i
54508.3 2.42389e-16 2.63363e-19 SDSS_i
54509.3 2.39317e-16 2.6452e-19 SDSS_i
54510.3 2.36283e-16 2.65614e-19 SDSS_i
54400.3 5.34576e-18 1.17177e-19 SDSS_r
54401.3 7.65321e-18 1.56547e-19 SDSS_r
54402.3 1.09489e-17 2.07837e-19 SDSS_r
54403.3 1.56477e-17 2.73831e-19 SDSS_r
54404.3 2.23298e-17 3.5738e-19 SDSS_r
54405.3 3.17975e-17 4.60891e-19 SDSS_r
54406.3 4.51408e-17 5.85381e-19 SDSS_r
54407.3 6.38042e-17 7.28926e-19 SDSS_r
54408.3 8.96298e-17 8.84389e-19 SDSS_r
54409.3 1.24831e-16 1.0367e-18 SDSS_r
54410.3 1.71825e-16 1.16074e-18 SDSS_r
54411.3 2.32816e-16 1.22222e-18 SDSS_r
54412.3 3.0909e-16 1.18515e-18 SDSS_r
54413.3 4.00084e-16 1.02895e-18 SDSS_r
54414.3 5.02579e-16 7.7446e-19 SDSS_r
54415.3 6.10606e-16 5.21989e-19 SDSS_r
54416.3 7.16467e-16 4.71211e-19 SDSS_r
54417.3 8.12647e-16 6.09413e-19 SDSS_r
54418.3 8.93689e-16 7.26175e-19 SDSS_r
54419.3 9.57122e-16 7.52768e-19 SDSS_r
54420.3 1.00322e-15 7.03138e-19 SDSS_r
54421.3 1.03404e-15 6.15244e-19 SDSS_r
54422.3 1.05243e-15 5.26413e-19 SDSS_r
54423.3 1.06128e-15 4.62258e-19 SDSS_r
54424.3 1.06308e-15 4.31339e-19 SDSS_r
54425.3 1.05985e-15 4.26528e-19 SDSS_r
54426.3 1.05311e-15 4.34707e-19 SDSS_r
54427.3 1.04398e-15 4.45624e-19 SDSS_r
54428.3 1.03326e-15 4.53941e-19 SDSS_r
54429.3 1.0215e-15 4.57757e-19 SDSS_r
54430.3 1.00909e-15 4.56953e-19 SDSS_r
54431.3 9.96302e-16 4.52151e-19 SDSS_r
54432.3 9.83311e-16 4.44185e-19 SDSS_r
54433.3 9.70243e-16 4.33869e-19 SDSS_r
54434.3 9.57181e-16 4.21901e-19 SDSS_r
54435.3 9.4418e-16 4.08845e-19 SDSS_r
54436.3 9.3128e-16 3.9514e-19 SDSS_r
54437.3 9.18503e-16 3.8112e-19 SDSS_r
54438.3 9.05866e-16 3.67035e-19 SDSS_r
54439.3 8.93378e-16 3.53069e-19 SDSS_r
54440.3 8.81047e-16 3.39358e-19 SDSS_r
54441.3 8.68874e-16 3.26004e-19 SDSS_r
54442.3 8.56862e-16 3.13081e-19 SDSS_r
54443.3 8.45012e-16 3.00645e-19 SDSS_r
54444.3 8.33321e-16 2.88737e-19 SDSS_r
54445.3 8.2179e-16 2.77392e-19 SDSS_r
54446.3 8.10417e-16 2.66634e-19 SDSS_r
54447.3 7.992e-16 2.56487e-19 SDSS_r
54448.3 7.88138e-16 2.46967e-19 SDSS_r
54449.3 7.77228e-16 2.3809e-19 SDSS_r
54450.3 7.6647e-16 2.29869e-19 SDSS_r
54451.3 7.55859e-16 2.22313e-19 SDSS_r
54452.3 7.45396e-16 2.15431e-19 SDSS_r
54453.3 7.35077e-16 2.09225e-19 SDSS_r
54454.3 7.24901e-16 2.03698e-19 SDSS_r
54455.3 7.14866e-16 1.98845e-19 SDSS_r
54456.3 7.0497e-16 1.9466e-19 SDSS_r
54457.3 6.9521e-16 1.91129e-19 SDSS_r
54458.3 6.85586e-16 1.88234e-19 SDSS_r
54459.3 6.76095e-16 1.85954e-19 SDSS_r
54460.3 6.66735e-16 1.84261e-19 SDSS_r
54461.3 6.57505e-16 1.83123e-19 SDSS_r
54462.3 6.48403e-16 1.82507e-19 SDSS_r
54463.3 6.39427e-16 1.82373e-19 SDSS_r
54464.3 6.30575e-16 1.82683e-19 SDSS_r
54465.3 6.21845e-16 1.83398e-19 SDSS_r
54466.3 6.13237e-16 1.84475e-19 SDSS_r
54467.3 6.04747e-16 1.85876e-19 SDSS_r
54468.3 5.96376e-16 1.87562e-19 SDSS_r
54469.3 5.8812e-16 1.89497e-19 SDSS_r
54470.3 5.79978e-16 1.91645e-19 SDSS_r
54471.3 5.71949e-16 1.93975e-19 SDSS_r
54472.3 5.64031e-16 1.96457e-19 SDSS_r
54473.3 5.56223e-16 1.99063e-19 SDSS_r
54474.3 5.48523e-16 2.01769e-19 SDSS_r
54475.3 5.40929e-16 2.04552e-19 SDSS_r
54476.3 5.33441e-16 2.07392e-19 SDSS_r
54477.3 5.26056e-16 2.10271e-19 SDSS_r
54478.3 5.18773e-16 2.13173e-19 SDSS_r
54479.3 5.11592e-16 2.16083e-19 SDSS_r
54480.3 5.04509e-16 2.18989e-19 SDSS_r
54481.3 4.97525e-16 2.2188e-19 SDSS_r
54482.3 4.90637e-16 2.24745e-19 SDSS_r
54483.3 4.83845e-16 2.27577e-19 SDSS_r
54484.3 4.77147e-16 2.30367e-19 SDSS_r
54485.3 4.70542e-16 2.3311e-19 SDSS_r
54486.3 4.64028e-16 2.35799e-19 SDSS_r
54487.3 4.57604e-16 2.38431e-19 SDSS_r
54488.3 4.51269e-16 2.41e-19 SDSS_r
54489.3 4.45022e-16 2.43503e-19 SDSS_r
54490.3 4.38861e-16 2.45938e-19 SDSS_r
54491.3 4.32786e-16 2.48302e-19 SDSS_r
54492.3 4.26794e-16 2.50593e-19 SDSS_r
54493.3 4.20886e-16 2.52809e-19 SDSS_r
54494.3 4.15059e-16 2.5495e-19 SDSS_r
54495.3 4.09313e-16 2.57013e-19 SDSS_r
54496.3 4.03647e-16 2.58999e-19 SDSS_r
54497.3 3.98059e-16 2.60908e-19 SDSS_r
54498.3 3.92548e-16 2.62738e-19 SDSS_r
54499.3 3.87114e-16 2.6449e-19 SDSS_r
54500.3 3.81755e-16 2.66164e-19 SDSS_r
54501.3 3.7647e-16 2.67761e-19 SDSS_r
54502.3 3.71258e-16 2.6928e-19 SDSS_r
54503.3 3.66119e-16 2.70723e-19 SDSS_r
54504.3 3.6105e-16 2.7209e-19 SDSS_r
54505.3 3.56052e-16 2.73382e-19 SDSS_r
54506.3 3.51123e-16 2.74599e-19 SDSS_r
54507.3 3.46262e-16 2.75743e-19 SDSS_r
54508.3 3.41469e-16 2.76815e-19 SDSS_r
54509.3 3.36742e-16 2.77815e-19 SDSS_r
54510.3 3.3208e-16 2.78745e-19 SDSS_r
