56485.9 1.467e-13 3.00896e-16 BessellU
56486.9 1.38013e-13 2.77573e-16 BessellU
56487.9 1.29837e-13 2.55963e-16 BessellU
56488.9 1.22144e-13 2.35947e-16 BessellU
56489.9 1.14905e-13 2.17411e-16 BessellU
56490.9 1.08092e-13 2.00251e-16 BessellU
56491.9 1.01682e-13 1.84369e-16 BessellU
56492.9 9.56495e-14 1.69674e-16 BessellU
56493.9 8.99736e-14 1.56083e-16 BessellU
56494.9 8.46328e-14 1.43516e-16 BessellU
56495.9 7.96076e-14 1.31899e-16 BessellU
56496.9 7.48793e-14 1.21166e-16 BessellU
56497.9 7.04305e-14 1.11251e-16 BessellU
56498.9 6.62447e-14 1.02097e-16 BessellU
56499.9 6.23064e-14 9.36482e-17 BessellU
56500.9 5.86012e-14 8.58534e-17 BessellU
56501.9 5.51152e-14 7.86653e-17 BessellU
56502.9 5.18355e-14 7.20396e-17 BessellU
56503.9 4.87501e-14 6.59353e-17 BessellU
56504.9 4.58473e-14 6.03143e-17 BessellU
56505.9 4.31166e-14 5.51411e-17 BessellU
56506.9 4.05477e-14 5.03828e-17 BessellU
56507.9 3.81311e-14 4.60087e-17 BessellU
56508.9 3.58577e-14 4.19905e-17 BessellU
56509.9 3.37193e-14 3.83019e-17 BessellU
56510.9 3.17077e-14 3.49183e-17 BessellU
56511.9 2.98155e-14 3.18172e-17 BessellU
56512.9 2.80356e-14 2.89774e-17 BessellU
56513.9 2.63614e-14 2.63796e-17 BessellU
56514.9 2.47867e-14 2.40055e-17 BessellU
56515.9 2.33056e-14 2.18385e-17 BessellU
56516.9 2.19125e-14 1.9863e-17 BessellU
56517.9 2.06023e-14 1.80647e-17 BessellU
56518.9 1.937e-14 1.64303e-17 BessellU
56519.9 1.8211e-14 1.49474e-17 BessellU
56520.9 1.7121e-14 1.36046e-17 BessellU
56521.9 1.60959e-14 1.23912e-17 BessellU
56522.9 1.51318e-14 1.12975e-17 BessellU
56523.9 1.42252e-14 1.0314e-17 BessellU
56524.9 1.33726e-14 9.4323e-18 BessellU
56525.9 1.25709e-14 8.64418e-18 BessellU
56526.9 1.18169e-14 7.94199e-18 BessellU
56527.9 1.1108e-14 7.31844e-18 BessellU
56528.9 1.04413e-14 6.76659e-18 BessellU
56529.9 9.81441e-15 6.27978e-18 BessellU
56530.9 9.22497e-15 5.85159e-18 BessellU
56531.9 8.67074e-15 5.47589e-18 BessellU
56532.9 8.14962e-15 5.14679e-18 BessellU
56533.9 7.65966e-15 4.85868e-18 BessellU
56534.9 7.19899e-15 4.60628e-18 BessellU
56535.9 6.76587e-15 4.38469e-18 BessellU
56536.9 6.35867e-15 4.18939e-18 BessellU
56537.9 5.97584e-15 4.01628e-18 BessellU
56538.9 5.61593e-15 3.86172e-18 BessellU
56539.9 5.27758e-15 3.72253e-18 BessellU
56540.9 4.9595e-15 3.59593e-18 BessellU
56541.9 4.66048e-15 3.47957e-18 BessellU
56542.9 4.37939e-15 3.37149e-18 BessellU
56543.9 4.11516e-15 3.27005e-18 BessellU
56544.9 3.86678e-15 3.17391e-18 BessellU
56545.9 3.63331e-15 3.08202e-18 BessellU
56546.9 3.41386e-15 2.99351e-18 BessellU
56547.9 3.20759e-15 2.90773e-18 BessellU
56548.9 3.01371e-15 2.82416e-18 BessellU
56549.9 2.83148e-15 2.74243e-18 BessellU
56550.9 2.66021e-15 2.66225e-18 BessellU
56551.9 2.49924e-15 2.58342e-18 BessellU
56552.9 2.34796e-15 2.50583e-18 BessellU
56553.9 2.20578e-15 2.42938e-18 BessellU
56554.9 2.07216e-15 2.35404e-18 BessellU
56555.9 1.94659e-15 2.27979e-18 BessellU
56556.9 1.82858e-15 2.20664e-18 BessellU
56557.9 1.71769e-15 2.13462e-18 BessellU
56558.9 1.61349e-15 2.06376e-18 BessellU
56559.9 1.51557e-15 1.9941e-18 BessellU
56560.9 1.42355e-15 1.92569e-18 BessellU
56561.9 1.3371e-15 1.85857e-18 BessellU
56562.9 1.25586e-15 1.79279e-18 BessellU
56563.9 1.17953e-15 1.72839e-18 BessellU
56564.9 1.10781e-15 1.66539e-18 BessellU
56565.9 1.04043e-15 1.60385e-18 BessellU
56566.9 9.77122e-16 1.54378e-18 BessellU
56567.9 9.17645e-16 1.48521e-18 BessellU
56568.9 8.61767e-16 1.42816e-18 BessellU
56569.9 8.09271e-16 1.37264e-18 BessellU
56570.9 7.59955e-16 1.31866e-18 BessellU
56571.9 7.13627e-16 1.26623e-18 BessellU
56572.9 6.70107e-16 1.21535e-18 BessellU
56573.9 6.29225e-16 1.16601e-18 BessellU
56574.9 5.90823e-16 1.1182e-18 BessellU
56575.9 5.54751e-16 1.07192e-18 BessellU
56576.9 5.20868e-16 1.02714e-18 BessellU
56577.9 4.89043e-16 9.83862e-19 BessellU
56578.9 4.59151e-16 9.4205e-19 BessellU
56579.9 4.31076e-16 9.01687e-19 BessellU
56580.9 4.04707e-16 8.62747e-19 BessellU
56581.9 3.79942e-16 8.25205e-19 BessellU
56582.9 3.56683e-16 7.89032e-19 BessellU
56583.9 3.3484e-16 7.54198e-19 BessellU
56584.9 3.14327e-16 7.20673e-19 BessellU
56585.9 2.95063e-16 6.88425e-19 BessellU
56586.9 2.76973e-16 6.57422e-19 BessellU
56587.9 2.59985e-16 6.27631e-19 BessellU
56588.9 2.44033e-16 5.99018e-19 BessellU
56589.9 2.29055e-16 5.71551e-19 BessellU
56590.9 2.1499e-16 5.45195e-19 BessellU
56591.9 2.01784e-16 5.19916e-19 BessellU
56592.9 1.89384e-16 4.95681e-19 BessellU
56593.9 1.77742e-16 4.72457e-19 BessellU
56594.9 1.66812e-16 4.5021e-19 BessellU
56595.9 1.56549e-16 4.28907e-19 BessellU
56596.9 1.46915e-16 4.08516e-19 BessellU
56597.9 1.3787e-16 3.89006e-19 BessellU
56598.9 1.29378e-16 3.70344e-19 BessellU
56599.9 1.21407e-16 3.525e-19 BessellU
56600.9 1.13923e-16 3.35444e-19 BessellU
56601.9 1.06899e-16 3.19146e-19 BessellU
56602.9 1.00305e-16 3.03578e-19 BessellU
56603.9 9.41152e-17 2.88711e-19 BessellU
56604.9 8.83053e-17 2.74518e-19 BessellU
56605.9 8.2852e-17 2.60973e-19 BessellU
56606.9 7.77336e-17 2.4805e-19 BessellU
56607.9 7.29295e-17 2.35723e-19 BessellU
56608.9 6.84206e-17 2.23968e-19 BessellU
56609.9 6.41889e-17 2.12761e-19 BessellU
56610.9 6.02174e-17 2.0208e-19 BessellU
56611.9 5.64902e-17 1.91903e-19 BessellU
56612.9 5.29924e-17 1.82207e-19 BessellU
56613.9 4.971e-17 1.72973e-19 BessellU
56614.9 4.66297e-17 1.64181e-19 BessellU
56615.9 4.37391e-17 1.55811e-19 BessellU
56616.9 4.10268e-17 1.47845e-19 BessellU
56617.9 3.84817e-17 1.40264e-19 BessellU
56618.9 3.60935e-17 1.33053e-19 BessellU
56619.9 3.38528e-17 1.26194e-19 BessellU
56620.9 3.17503e-17 1.19671e-19 BessellU
56621.9 2.97777e-17 1.13469e-19 BessellU
56622.9 2.7927e-17 1.07573e-19 BessellU
56623.9 2.61906e-17 1.0197e-19 BessellU
56624.9 2.45616e-17 9.66455e-20 BessellU
56625.9 2.30334e-17 9.1587e-20 BessellU
56626.9 2.15997e-17 8.67819e-20 BessellU
56627.9 2.02547e-17 8.22183e-20 BessellU
56628.9 1.89931e-17 7.78849e-20 BessellU
56485.9 7.75063e-15 1.56207e-17 BessellI
56486.9 7.89324e-15 1.52972e-17 BessellI
56487.9 8.03775e-15 1.49626e-17 BessellI
56488.9 8.18412e-15 1.46175e-17 BessellI
56489.9 8.33231e-15 1.42623e-17 BessellI
56490.9 8.48226e-15 1.38979e-17 BessellI
56491.9 8.63392e-15 1.35252e-17 BessellI
56492.9 8.78721e-15 1.31452e-17 BessellI
56493.9 8.94206e-15 1.27592e-17 BessellI
56494.9 9.09837e-15 1.23686e-17 BessellI
56495.9 9.25606e-15 1.19751e-17 BessellI
56496.9 9.41501e-15 1.15807e-17 BessellI
56497.9 9.57511e-15 1.11876e-17 BessellI
56498.9 9.73621e-15 1.07984e-17 BessellI
56499.9 9.89818e-15 1.04159e-17 BessellI
56500.9 1.00608e-14 1.00434e-17 BessellI
56501.9 1.0224e-14 9.68456e-18 BessellI
56502.9 1.03876e-14 9.34322e-18 BessellI
56503.9 1.05513e-14 9.02365e-18 BessellI
56504.9 1.07148e-14 8.73028e-18 BessellI
56505.9 1.08781e-14 8.46758e-18 BessellI
56506.9 1.10407e-14 8.23992e-18 BessellI
56507.9 1.12025e-14 8.05125e-18 BessellI
56508.9 1.13631e-14 7.90483e-18 BessellI
56509.9 1.15222e-14 7.80294e-18 BessellI
56510.9 1.16795e-14 7.74663e-18 BessellI
56511.9 1.18346e-14 7.73549e-18 BessellI
56512.9 1.19872e-14 7.76766e-18 BessellI
56513.9 1.21368e-14 7.83988e-18 BessellI
56514.9 1.2283e-14 7.94769e-18 BessellI
56515.9 1.24254e-14 8.08575e-18 BessellI
56516.9 1.25635e-14 8.2481e-18 BessellI
56517.9 1.26969e-14 8.42851e-18 BessellI
56518.9 1.28251e-14 8.62069e-18 BessellI
56519.9 1.29475e-14 8.81852e-18 BessellI
56520.9 1.30638e-14 9.01623e-18 BessellI
56521.9 1.31732e-14 9.20845e-18 BessellI
56522.9 1.32754e-14 9.39032e-18 BessellI
56523.9 1.33697e-14 9.55754e-18 BessellI
56524.9 1.34557e-14 9.70642e-18 BessellI
56525.9 1.35329e-14 9.83387e-18 BessellI
56526.9 1.36006e-14 9.93745e-18 BessellI
56527.9 1.36585e-14 1.00154e-17 BessellI
56528.9 1.3706e-14 1.00667e-17 BessellI
56529.9 1.37426e-14 1.0091e-17 BessellI
56530.9 1.37679e-14 1.00886e-17 BessellI
56531.9 1.37816e-14 1.00608e-17 BessellI
56532.9 1.37832e-14 1.00093e-17 BessellI
56533.9 1.37725e-14 9.93688e-18 BessellI
56534.9 1.37491e-14 9.84676e-18 BessellI
56535.9 1.37128e-14 9.74293e-18 BessellI
56536.9 1.36636e-14 9.6299e-18 BessellI
56537.9 1.36012e-14 9.51259e-18 BessellI
56538.9 1.35256e-14 9.39618e-18 BessellI
56539.9 1.34369e-14 9.28589e-18 BessellI
56540.9 1.33351e-14 9.18673e-18 BessellI
56541.9 1.32205e-14 9.10321e-18 BessellI
56542.9 1.30932e-14 9.03909e-18 BessellI
56543.9 1.29535e-14 8.9971e-18 BessellI
56544.9 1.28019e-14 8.97877e-18 BessellI
56545.9 1.26387e-14 8.98429e-18 BessellI
56546.9 1.24644e-14 9.01256e-18 BessellI
56547.9 1.22796e-14 9.06123e-18 BessellI
56548.9 1.20848e-14 9.12696e-18 BessellI
56549.9 1.18808e-14 9.20559e-18 BessellI
56550.9 1.16681e-14 9.29248e-18 BessellI
56551.9 1.14475e-14 9.38275e-18 BessellI
56552.9 1.12198e-14 9.47155e-18 BessellI
56553.9 1.09856e-14 9.55424e-18 BessellI
56554.9 1.07459e-14 9.62659e-18 BessellI
56555.9 1.05012e-14 9.68485e-18 BessellI
56556.9 1.02524e-14 9.72582e-18 BessellI
56557.9 1.00003e-14 9.74694e-18 BessellI
56558.9 9.74569e-15 9.74622e-18 BessellI
56559.9 9.48919e-15 9.72229e-18 BessellI
56560.9 9.23156e-15 9.6743e-18 BessellI
56561.9 8.9735e-15 9.60196e-18 BessellI
56562.9 8.71564e-15 9.50541e-18 BessellI
56563.9 8.45862e-15 9.3852e-18 BessellI
56564.9 8.20301e-15 9.24225e-18 BessellI
56565.9 7.94936e-15 9.07775e-18 BessellI
56566.9 7.69817e-15 8.89314e-18 BessellI
56567.9 7.4499e-15 8.69006e-18 BessellI
56568.9 7.20499e-15 8.47025e-18 BessellI
56569.9 6.96381e-15 8.23559e-18 BessellI
56570.9 6.7267e-15 7.98797e-18 BessellI
56571.9 6.49397e-15 7.72934e-18 BessellI
56572.9 6.26588e-15 7.46159e-18 BessellI
56573.9 6.04266e-15 7.18661e-18 BessellI
56574.9 5.8245e-15 6.90622e-18 BessellI
56575.9 5.61156e-15 6.62214e-18 BessellI
56576.9 5.40397e-15 6.33601e-18 BessellI
56577.9 5.20183e-15 6.04939e-18 BessellI
56578.9 5.00521e-15 5.7637e-18 BessellI
56579.9 4.81416e-15 5.48024e-18 BessellI
56580.9 4.6287e-15 5.20024e-18 BessellI
56581.9 4.44883e-15 4.92476e-18 BessellI
56582.9 4.27454e-15 4.65478e-18 BessellI
56583.9 4.10579e-15 4.39115e-18 BessellI
56584.9 3.94253e-15 4.13465e-18 BessellI
56585.9 3.78471e-15 3.88591e-18 BessellI
56586.9 3.63224e-15 3.64551e-18 BessellI
56587.9 3.48503e-15 3.41391e-18 BessellI
56588.9 3.34301e-15 3.19153e-18 BessellI
56589.9 3.20605e-15 2.97869e-18 BessellI
56590.9 3.07405e-15 2.77566e-18 BessellI
56591.9 2.94691e-15 2.58265e-18 BessellI
56592.9 2.82449e-15 2.39983e-18 BessellI
56593.9 2.70668e-15 2.22731e-18 BessellI
56594.9 2.59335e-15 2.0652e-18 BessellI
56595.9 2.48437e-15 1.91355e-18 BessellI
56596.9 2.37963e-15 1.7724e-18 BessellI
56597.9 2.27898e-15 1.64178e-18 BessellI
56598.9 2.1823e-15 1.52168e-18 BessellI
56599.9 2.08947e-15 1.41207e-18 BessellI
56600.9 2.00035e-15 1.3129e-18 BessellI
56601.9 1.91483e-15 1.22406e-18 BessellI
56602.9 1.83277e-15 1.14539e-18 BessellI
56603.9 1.75406e-15 1.07665e-18 BessellI
56604.9 1.67858e-15 1.01749e-18 BessellI
56605.9 1.60621e-15 9.6747e-19 BessellI
56606.9 1.53684e-15 9.26006e-19 BessellI
56607.9 1.47036e-15 8.92405e-19 BessellI
56608.9 1.40665e-15 8.65869e-19 BessellI
56609.9 1.34561e-15 8.45529e-19 BessellI
56610.9 1.28714e-15 8.30484e-19 BessellI
56611.9 1.23114e-15 8.19834e-19 BessellI
56612.9 1.17751e-15 8.12724e-19 BessellI
56613.9 1.12616e-15 8.08365e-19 BessellI
56614.9 1.077e-15 8.06055e-19 BessellI
56615.9 1.02993e-15 8.05181e-19 BessellI
56616.9 9.84886e-16 8.05231e-19 BessellI
56617.9 9.4177e-16 8.05775e-19 BessellI
56618.9 9.00508e-16 8.0647e-19 BessellI
56619.9 8.61023e-16 8.07041e-19 BessellI
56620.9 8.23243e-16 8.07275e-19 BessellI
56621.9 7.87096e-16 8.07014e-19 BessellI
56622.9 7.52514e-16 8.06141e-19 BessellI
56623.9 7.19432e-16 8.04574e-19 BessellI
56624.9 6.87787e-16 8.02261e-19 BessellI
56625.9 6.57518e-16 7.99175e-19 BessellI
56626.9 6.28567e-16 7.95305e-19 BessellI
56627.9 6.00878e-16 7.90658e-19 BessellI
56628.9 5.74398e-16 7.85248e-19 BessellI
56629.9 5.49074e-16 7.79102e-19 BessellI
56630.9 5.24858e-16 7.72252e-19 BessellI
56631.9 5.01702e-16 7.64734e-19 BessellI
56632.9 4.7956e-16 7.56589e-19 BessellI
56633.9 4.58388e-16 7.47859e-19 BessellI
56634.9 4.38146e-16 7.38588e-19 BessellI
56635.9 4.18792e-16 7.2882e-19 BessellI
56636.9 4.00288e-16 7.18599e-19 BessellI
56637.9 3.82598e-16 7.07968e-19 BessellI
56638.9 3.65685e-16 6.96972e-19 BessellI
56639.9 3.49517e-16 6.85649e-19 BessellI
56640.9 3.34061e-16 6.74042e-19 BessellI
56641.9 3.19285e-16 6.62187e-19 BessellI
56642.9 3.05161e-16 6.50122e-19 BessellI
56643.9 2.91659e-16 6.37881e-19 BessellI
56644.9 2.78753e-16 6.25498e-19 BessellI
56645.9 2.66416e-16 6.13004e-19 BessellI
56646.9 2.54623e-16 6.00427e-19 BessellI
56647.9 2.43351e-16 5.87796e-19 BessellI
56648.9 2.32577e-16 5.75137e-19 BessellI
56649.9 2.22279e-16 5.62472e-19 BessellI
56650.9 2.12435e-16 5.49826e-19 BessellI
56651.9 2.03027e-16 5.37217e-19 BessellI
56652.9 1.94034e-16 5.24666e-19 BessellI
56653.9 1.8544e-16 5.1219e-19 BessellI
56654.9 1.77225e-16 4.99805e-19 BessellI
56655.9 1.69373e-16 4.87525e-19 BessellI
56656.9 1.61869e-16 4.75365e-19 BessellI
56657.9 1.54697e-16 4.63337e-19 BessellI
56483.3 1.84102e-19 5.99826e-21 BessellB
56484.3 3.84326e-19 1.1775e-20 BessellB
56485.3 8.0231e-19 2.3023e-20 BessellB
56486.3 1.67488e-18 4.48123e-20 BessellB
56487.3 3.49643e-18 8.67701e-20 BessellB
56488.3 7.29893e-18 1.67001e-19 BessellB
56489.3 1.52363e-17 3.19139e-19 BessellB
56490.3 3.18026e-17 6.04717e-19 BessellB
56491.3 6.63695e-17 1.13401e-18 BessellB
56492.3 1.38453e-16 2.09908e-18 BessellB
56493.3 2.88576e-16 3.82014e-18 BessellB
56494.3 6.00341e-16 6.79359e-18 BessellB
56495.3 1.24383e-15 1.16869e-17 BessellB
56496.3 2.55462e-15 1.91173e-17 BessellB
56497.3 5.1512e-15 2.88997e-17 BessellB
56498.3 1.00095e-14 3.8837e-17 BessellB
56499.3 1.81567e-14 4.61361e-17 BessellB
56500.3 2.94802e-14 5.4913e-17 BessellB
56501.3 4.14595e-14 6.5138e-17 BessellB
56502.3 5.05769e-14 6.24333e-17 BessellB
56503.3 5.53982e-14 4.90296e-17 BessellB
56504.3 5.68029e-14 3.78276e-17 BessellB
56505.3 5.62258e-14 3.3159e-17 BessellB
56506.3 5.46931e-14 3.17968e-17 BessellB
56507.3 5.27631e-14 3.09878e-17 BessellB
56508.3 5.0705e-14 2.99693e-17 BessellB
56509.3 4.86402e-14 2.87306e-17 BessellB
56510.3 4.66211e-14 2.73837e-17 BessellB
56511.3 4.46689e-14 2.60144e-17 BessellB
56512.3 4.2791e-14 2.46707e-17 BessellB
56513.3 4.09888e-14 2.33757e-17 BessellB
56514.3 3.92611e-14 2.21393e-17 BessellB
56515.3 3.76055e-14 2.09641e-17 BessellB
56516.3 3.60195e-14 1.985e-17 BessellB
56517.3 3.45003e-14 1.8795e-17 BessellB
56518.3 3.30451e-14 1.77967e-17 BessellB
56519.3 3.16513e-14 1.68525e-17 BessellB
56520.3 3.03162e-14 1.59595e-17 BessellB
56521.3 2.90374e-14 1.51153e-17 BessellB
56522.3 2.78126e-14 1.43173e-17 BessellB
56523.3 2.66394e-14 1.3563e-17 BessellB
56524.3 2.55158e-14 1.28502e-17 BessellB
56525.3 2.44395e-14 1.21767e-17 BessellB
56526.3 2.34086e-14 1.15404e-17 BessellB
56527.3 2.24212e-14 1.09393e-17 BessellB
56528.3 2.14755e-14 1.03716e-17 BessellB
56529.3 2.05696e-14 9.83545e-18 BessellB
56530.3 1.9702e-14 9.32916e-18 BessellB
56531.3 1.88709e-14 8.85113e-18 BessellB
56532.3 1.80749e-14 8.39984e-18 BessellB
56533.3 1.73125e-14 7.97383e-18 BessellB
56534.3 1.65823e-14 7.57173e-18 BessellB
56535.3 1.58828e-14 7.19222e-18 BessellB
56536.3 1.52129e-14 6.83408e-18 BessellB
56537.3 1.45712e-14 6.49611e-18 BessellB
56538.3 1.39565e-14 6.17719e-18 BessellB
56539.3 1.33678e-14 5.87627e-18 BessellB
56540.3 1.2804e-14 5.59233e-18 BessellB
56541.3 1.22639e-14 5.32442e-18 BessellB
56542.3 1.17466e-14 5.07162e-18 BessellB
56543.3 1.12511e-14 4.83307e-18 BessellB
56544.3 1.07765e-14 4.60796e-18 BessellB
56545.3 1.0322e-14 4.3955e-18 BessellB
56546.3 9.88658e-15 4.19497e-18 BessellB
56547.3 9.46955e-15 4.00566e-18 BessellB
56548.3 9.07012e-15 3.82692e-18 BessellB
56549.3 8.68753e-15 3.65811e-18 BessellB
56550.3 8.32108e-15 3.49865e-18 BessellB
56551.3 7.97009e-15 3.34797e-18 BessellB
56552.3 7.63391e-15 3.20555e-18 BessellB
56553.3 7.3119e-15 3.07088e-18 BessellB
56554.3 7.00348e-15 2.94349e-18 BessellB
56555.3 6.70807e-15 2.82293e-18 BessellB
56556.3 6.42512e-15 2.70878e-18 BessellB
56557.3 6.1541e-15 2.60066e-18 BessellB
56558.3 5.89451e-15 2.49817e-18 BessellB
56559.3 5.64588e-15 2.40098e-18 BessellB
56560.3 5.40773e-15 2.30875e-18 BessellB
56561.3 5.17963e-15 2.22117e-18 BessellB
56562.3 4.96115e-15 2.13795e-18 BessellB
56563.3 4.75188e-15 2.05882e-18 BessellB
56564.3 4.55144e-15 1.98352e-18 BessellB
56565.3 4.35946e-15 1.91181e-18 BessellB
56566.3 4.17557e-15 1.84347e-18 BessellB
56567.3 3.99944e-15 1.7783e-18 BessellB
56568.3 3.83074e-15 1.71609e-18 BessellB
56569.3 3.66916e-15 1.65666e-18 BessellB
56570.3 3.51439e-15 1.59985e-18 BessellB
56571.3 3.36615e-15 1.5455e-18 BessellB
56572.3 3.22416e-15 1.49346e-18 BessellB
56573.3 3.08817e-15 1.44359e-18 BessellB
56574.3 2.9579e-15 1.39577e-18 BessellB
56575.3 2.83314e-15 1.34988e-18 BessellB
56576.3 2.71363e-15 1.30581e-18 BessellB
56577.3 2.59917e-15 1.26345e-18 BessellB
56578.3 2.48953e-15 1.22272e-18 BessellB
56579.3 2.38452e-15 1.18352e-18 BessellB
56580.3 2.28394e-15 1.14577e-18 BessellB
56581.3 2.1876e-15 1.10939e-18 BessellB
56582.3 2.09533e-15 1.07433e-18 BessellB
56583.3 2.00695e-15 1.0405e-18 BessellB
56584.3 1.92229e-15 1.00785e-18 BessellB
56585.3 1.84121e-15 9.76328e-19 BessellB
56586.3 1.76354e-15 9.45872e-19 BessellB
56587.3 1.68916e-15 9.16437e-19 BessellB
56588.3 1.61791e-15 8.87975e-19 BessellB
56589.3 1.54966e-15 8.60445e-19 BessellB
56590.3 1.4843e-15 8.33806e-19 BessellB
56591.3 1.42169e-15 8.08021e-19 BessellB
56592.3 1.36172e-15 7.83055e-19 BessellB
56593.3 1.30428e-15 7.58876e-19 BessellB
56594.3 1.24926e-15 7.35452e-19 BessellB
56595.3 1.19657e-15 7.12754e-19 BessellB
56596.3 1.1461e-15 6.90756e-19 BessellB
56597.3 1.09775e-15 6.69432e-19 BessellB
56598.3 1.05145e-15 6.48757e-19 BessellB
56599.3 1.0071e-15 6.28709e-19 BessellB
56600.3 9.64618e-16 6.09266e-19 BessellB
56601.3 9.2393e-16 5.90407e-19 BessellB
56602.3 8.84958e-16 5.72114e-19 BessellB
56603.3 8.47629e-16 5.54367e-19 BessellB
56604.3 8.11876e-16 5.3715e-19 BessellB
56605.3 7.7763e-16 5.20444e-19 BessellB
56606.3 7.44829e-16 5.04235e-19 BessellB
56607.3 7.13411e-16 4.88507e-19 BessellB
56608.3 6.83319e-16 4.73245e-19 BessellB
56609.3 6.54496e-16 4.58435e-19 BessellB
56610.3 6.26889e-16 4.44064e-19 BessellB
56611.3 6.00446e-16 4.30118e-19 BessellB
56612.3 5.75119e-16 4.16586e-19 BessellB
56613.3 5.5086e-16 4.03455e-19 BessellB
56614.3 5.27624e-16 3.90714e-19 BessellB
56615.3 5.05368e-16 3.78351e-19 BessellB
56616.3 4.84052e-16 3.66355e-19 BessellB
56617.3 4.63634e-16 3.54717e-19 BessellB
56618.3 4.44077e-16 3.43426e-19 BessellB
56619.3 4.25346e-16 3.32472e-19 BessellB
56620.3 4.07404e-16 3.21845e-19 BessellB
56621.3 3.9022e-16 3.11538e-19 BessellB
56622.3 3.7376e-16 3.01539e-19 BessellB
56623.3 3.57994e-16 2.91842e-19 BessellB
56624.3 3.42894e-16 2.82437e-19 BessellB
56625.3 3.2843e-16 2.73316e-19 BessellB
56626.3 3.14577e-16 2.64472e-19 BessellB
56627.3 3.01308e-16 2.55896e-19 BessellB
56628.3 2.88598e-16 2.47581e-19 BessellB
56629.3 2.76425e-16 2.3952e-19 BessellB
56630.3 2.64765e-16 2.31705e-19 BessellB
56631.3 2.53597e-16 2.2413e-19 BessellB
56632.3 2.429e-16 2.16788e-19 BessellB
56633.3 2.32654e-16 2.09672e-19 BessellB
56634.3 2.22841e-16 2.02776e-19 BessellB
56635.3 2.13441e-16 1.96093e-19 BessellB
56636.3 2.04438e-16 1.89618e-19 BessellB
56637.3 1.95815e-16 1.83345e-19 BessellB
56638.3 1.87555e-16 1.77267e-19 BessellB
56639.3 1.79644e-16 1.71379e-19 BessellB
56640.3 1.72066e-16 1.65677e-19 BessellB
56641.3 1.64808e-16 1.60153e-19 BessellB
56642.3 1.57857e-16 1.54804e-19 BessellB
56643.3 1.51198e-16 1.49623e-19 BessellB
56644.3 1.4482e-16 1.44607e-19 BessellB
56645.3 1.38712e-16 1.3975e-19 BessellB
56646.3 1.32861e-16 1.35048e-19 BessellB
56647.3 1.27257e-16 1.30496e-19 BessellB
56648.3 1.21889e-16 1.2609e-19 BessellB
56649.3 1.16748e-16 1.21825e-19 BessellB
56650.3 1.11823e-16 1.17697e-19 BessellB
56651.3 1.07106e-16 1.13702e-19 BessellB
56652.3 1.02588e-16 1.09837e-19 BessellB
56653.3 9.82611e-17 1.06096e-19 BessellB
56654.3 9.41164e-17 1.02477e-19 BessellB
56655.3 9.01465e-17 9.89757e-20 BessellB
56656.3 8.6344e-17 9.55885e-20 BessellB
56657.3 8.27019e-17 9.2312e-20 BessellB
56658.3 7.92135e-17 8.91429e-20 BessellB
56659.3 7.58722e-17 8.60777e-20 BessellB
56660.3 7.26719e-17 8.31134e-20 BessellB
56661.3 6.96065e-17 8.02468e-20 BessellB
56662.3 6.66704e-17 7.74749e-20 BessellB
56663.3 6.38582e-17 7.47947e-20 BessellB
56664.3 6.11646e-17 7.22035e-20 BessellB
56665.3 5.85846e-17 6.96984e-20 BessellB
56666.3 5.61135e-17 6.72768e-20 BessellB
56667.3 5.37466e-17 6.49359e-20 BessellB
56668.3 5.14795e-17 6.26734e-20 BessellB
56669.3 4.93081e-17 6.04866e-20 BessellB
56670.3 4.72282e-17 5.83733e-20 BessellB
56671.3 4.52361e-17 5.6331e-20 BessellB
56672.3 4.3328e-17 5.43576e-20 BessellB
56673.3 4.15004e-17 5.24507e-20 BessellB
56674.3 3.97498e-17 5.06084e-20 BessellB
56675.3 3.80732e-17 4.88285e-20 BessellB
56676.3 3.64672e-17 4.71089e-20 BessellB
56677.3 3.4929e-17 4.54479e-20 BessellB
56678.3 3.34557e-17 4.38434e-20 BessellB
56679.3 3.20445e-17 4.22937e-20 BessellB
56680.3 3.06928e-17 4.07969e-20 BessellB
56681.3 2.93982e-17 3.93513e-20 BessellB
56682.3 2.81581e-17 3.79554e-20 BessellB
56683.3 2.69704e-17 3.66073e-20 BessellB
56684.3 2.58327e-17 3.53056e-20 BessellB
56685.3 2.47431e-17 3.40488e-20 BessellB
56686.3 2.36994e-17 3.28354e-20 BessellB
56687.3 2.26998e-17 3.16638e-20 BessellB
56688.3 2.17423e-17 3.05329e-20 BessellB
56689.3 2.08252e-17 2.94411e-20 BessellB
56690.3 1.99467e-17 2.83872e-20 BessellB
56691.3 1.91054e-17 2.737e-20 BessellB
56692.3 1.82995e-17 2.63882e-20 BessellB
56693.3 1.75276e-17 2.54406e-20 BessellB
56483.3 9.01757e-17 7.26565e-19 BessellR
56484.3 1.16602e-16 8.80539e-19 BessellR
56485.3 1.50756e-16 1.06231e-18 BessellR
56486.3 1.94887e-16 1.27494e-18 BessellR
56487.3 2.51889e-16 1.52093e-18 BessellR
56488.3 3.25481e-16 1.80163e-18 BessellR
56489.3 4.20434e-16 2.11642e-18 BessellR
56490.3 5.42845e-16 2.46161e-18 BessellR
56491.3 7.00482e-16 2.82894e-18 BessellR
56492.3 9.03185e-16 3.20389e-18 BessellR
56493.3 1.16333e-15 3.56392e-18 BessellR
56494.3 1.49636e-15 3.8779e-18 BessellR
56495.3 1.92122e-15 4.1093e-18 BessellR
56496.3 2.46084e-15 4.23058e-18 BessellR
56497.3 3.14222e-15 4.2677e-18 BessellR
56498.3 3.99606e-15 4.40882e-18 BessellR
56499.3 5.05546e-15 5.13407e-18 BessellR
56500.3 6.35333e-15 7.02445e-18 BessellR
56501.3 7.91788e-15 1.03214e-17 BessellR
56502.3 9.76614e-15 1.49509e-17 BessellR
56503.3 1.18958e-14 2.06633e-17 BessellR
56504.3 1.42769e-14 2.70094e-17 BessellR
56505.3 1.68461e-14 3.3313e-17 BessellR
56506.3 1.95068e-14 3.87377e-17 BessellR
56507.3 2.2138e-14 4.24588e-17 BessellR
56508.3 2.46109e-14 4.38872e-17 BessellR
56509.3 2.68092e-14 4.28486e-17 BessellR
56510.3 2.8647e-14 3.96321e-17 BessellR
56511.3 3.00789e-14 3.48944e-17 BessellR
56512.3 3.10989e-14 2.94822e-17 BessellR
56513.3 3.17332e-14 2.42592e-17 BessellR
56514.3 3.20284e-14 1.998e-17 BessellR
56515.3 3.20403e-14 1.71634e-17 BessellR
56516.3 3.18256e-14 1.59045e-17 BessellR
56517.3 3.14363e-14 1.58154e-17 BessellR
56518.3 3.09171e-14 1.63155e-17 BessellR
56519.3 3.03047e-14 1.69583e-17 BessellR
56520.3 2.96282e-14 1.75058e-17 BessellR
56521.3 2.89102e-14 1.78654e-17 BessellR
56522.3 2.81677e-14 1.80217e-17 BessellR
56523.3 2.74135e-14 1.79933e-17 BessellR
56524.3 2.66568e-14 1.78116e-17 BessellR
56525.3 2.59043e-14 1.75094e-17 BessellR
56526.3 2.5161e-14 1.71165e-17 BessellR
56527.3 2.44302e-14 1.66584e-17 BessellR
56528.3 2.37141e-14 1.61557e-17 BessellR
56529.3 2.30143e-14 1.56247e-17 BessellR
56530.3 2.23318e-14 1.5078e-17 BessellR
56531.3 2.16669e-14 1.45253e-17 BessellR
56532.3 2.10201e-14 1.39736e-17 BessellR
56533.3 2.03912e-14 1.34283e-17 BessellR
56534.3 1.97802e-14 1.28932e-17 BessellR
56535.3 1.91868e-14 1.2371e-17 BessellR
56536.3 1.86107e-14 1.18636e-17 BessellR
56537.3 1.80515e-14 1.13721e-17 BessellR
56538.3 1.75089e-14 1.08972e-17 BessellR
56539.3 1.69823e-14 1.04394e-17 BessellR
56540.3 1.64715e-14 9.99866e-18 BessellR
56541.3 1.59759e-14 9.57497e-18 BessellR
56542.3 1.54952e-14 9.16807e-18 BessellR
56543.3 1.50288e-14 8.77762e-18 BessellR
56544.3 1.45765e-14 8.40325e-18 BessellR
56545.3 1.41377e-14 8.0445e-18 BessellR
56546.3 1.37122e-14 7.7009e-18 BessellR
56547.3 1.32994e-14 7.37197e-18 BessellR
56548.3 1.2899e-14 7.05721e-18 BessellR
56549.3 1.25107e-14 6.75614e-18 BessellR
56550.3 1.21341e-14 6.46826e-18 BessellR
56551.3 1.17688e-14 6.19309e-18 BessellR
56552.3 1.14145e-14 5.93016e-18 BessellR
56553.3 1.10708e-14 5.67901e-18 BessellR
56554.3 1.07375e-14 5.43919e-18 BessellR
56555.3 1.04143e-14 5.21027e-18 BessellR
56556.3 1.01008e-14 4.99182e-18 BessellR
56557.3 9.79666e-15 4.78344e-18 BessellR
56558.3 9.50173e-15 4.58473e-18 BessellR
56559.3 9.21567e-15 4.3953e-18 BessellR
56560.3 8.93822e-15 4.2148e-18 BessellR
56561.3 8.66913e-15 4.04285e-18 BessellR
56562.3 8.40813e-15 3.87911e-18 BessellR
56563.3 8.155e-15 3.72326e-18 BessellR
56564.3 7.90948e-15 3.57496e-18 BessellR
56565.3 7.67136e-15 3.4339e-18 BessellR
56566.3 7.4404e-15 3.29977e-18 BessellR
56567.3 7.2164e-15 3.17229e-18 BessellR
56568.3 6.99914e-15 3.05116e-18 BessellR
56569.3 6.78843e-15 2.93612e-18 BessellR
56570.3 6.58406e-15 2.82688e-18 BessellR
56571.3 6.38583e-15 2.72321e-18 BessellR
56572.3 6.19358e-15 2.62483e-18 BessellR
56573.3 6.00712e-15 2.53151e-18 BessellR
56574.3 5.82627e-15 2.44301e-18 BessellR
56575.3 5.65086e-15 2.35909e-18 BessellR
56576.3 5.48074e-15 2.27955e-18 BessellR
56577.3 5.31573e-15 2.20416e-18 BessellR
56578.3 5.1557e-15 2.1327e-18 BessellR
56579.3 5.00048e-15 2.06499e-18 BessellR
56580.3 4.84993e-15 2.00082e-18 BessellR
56581.3 4.70392e-15 1.94e-18 BessellR
56582.3 4.5623e-15 1.88234e-18 BessellR
56583.3 4.42495e-15 1.82768e-18 BessellR
56584.3 4.29173e-15 1.77584e-18 BessellR
56585.3 4.16253e-15 1.72666e-18 BessellR
56586.3 4.03721e-15 1.67998e-18 BessellR
56587.3 3.91566e-15 1.63564e-18 BessellR
56588.3 3.79778e-15 1.59351e-18 BessellR
56589.3 3.68344e-15 1.55345e-18 BessellR
56590.3 3.57255e-15 1.51532e-18 BessellR
56591.3 3.46499e-15 1.479e-18 BessellR
56592.3 3.36068e-15 1.44437e-18 BessellR
56593.3 3.2595e-15 1.41131e-18 BessellR
56594.3 3.16137e-15 1.37973e-18 BessellR
56595.3 3.06619e-15 1.34952e-18 BessellR
56596.3 2.97388e-15 1.32059e-18 BessellR
56597.3 2.88435e-15 1.29284e-18 BessellR
56598.3 2.79751e-15 1.2662e-18 BessellR
56599.3 2.71329e-15 1.24059e-18 BessellR
56600.3 2.6316e-15 1.21592e-18 BessellR
56601.3 2.55238e-15 1.19215e-18 BessellR
56602.3 2.47553e-15 1.16919e-18 BessellR
56603.3 2.40101e-15 1.147e-18 BessellR
56604.3 2.32872e-15 1.12552e-18 BessellR
56605.3 2.25861e-15 1.1047e-18 BessellR
56606.3 2.19061e-15 1.0845e-18 BessellR
56607.3 2.12466e-15 1.06486e-18 BessellR
56608.3 2.0607e-15 1.04576e-18 BessellR
56609.3 1.99866e-15 1.02715e-18 BessellR
56610.3 1.93849e-15 1.009e-18 BessellR
56611.3 1.88013e-15 9.91285e-19 BessellR
56612.3 1.82352e-15 9.73976e-19 BessellR
56613.3 1.76862e-15 9.57046e-19 BessellR
56614.3 1.71538e-15 9.40472e-19 BessellR
56615.3 1.66373e-15 9.24233e-19 BessellR
56616.3 1.61365e-15 9.08311e-19 BessellR
56617.3 1.56507e-15 8.92688e-19 BessellR
56618.3 1.51795e-15 8.77348e-19 BessellR
56619.3 1.47225e-15 8.62278e-19 BessellR
56620.3 1.42792e-15 8.47464e-19 BessellR
56621.3 1.38494e-15 8.32895e-19 BessellR
56622.3 1.34324e-15 8.1856e-19 BessellR
56623.3 1.3028e-15 8.04451e-19 BessellR
56624.3 1.26358e-15 7.90558e-19 BessellR
56625.3 1.22554e-15 7.76874e-19 BessellR
56626.3 1.18864e-15 7.63392e-19 BessellR
56627.3 1.15286e-15 7.50106e-19 BessellR
56628.3 1.11815e-15 7.3701e-19 BessellR
56629.3 1.08448e-15 7.241e-19 BessellR
56630.3 1.05183e-15 7.11371e-19 BessellR
56631.3 1.02017e-15 6.98819e-19 BessellR
56632.3 9.89455e-16 6.86441e-19 BessellR
56633.3 9.59666e-16 6.74232e-19 BessellR
56634.3 9.30775e-16 6.62192e-19 BessellR
56635.3 9.02753e-16 6.50315e-19 BessellR
56636.3 8.75574e-16 6.38602e-19 BessellR
56637.3 8.49214e-16 6.27048e-19 BessellR
56638.3 8.23648e-16 6.15653e-19 BessellR
56639.3 7.98851e-16 6.04415e-19 BessellR
56640.3 7.74801e-16 5.93332e-19 BessellR
56641.3 7.51474e-16 5.82402e-19 BessellR
56642.3 7.2885e-16 5.71624e-19 BessellR
56643.3 7.06908e-16 5.60997e-19 BessellR
56644.3 6.85625e-16 5.50519e-19 BessellR
56645.3 6.64984e-16 5.4019e-19 BessellR
56646.3 6.44964e-16 5.30009e-19 BessellR
56647.3 6.25546e-16 5.19973e-19 BessellR
56648.3 6.06714e-16 5.10083e-19 BessellR
56649.3 5.88448e-16 5.00337e-19 BessellR
56650.3 5.70732e-16 4.90735e-19 BessellR
56651.3 5.5355e-16 4.81275e-19 BessellR
56652.3 5.36884e-16 4.71956e-19 BessellR
56653.3 5.20721e-16 4.62778e-19 BessellR
56654.3 5.05044e-16 4.53739e-19 BessellR
56655.3 4.89839e-16 4.44839e-19 BessellR
56656.3 4.75092e-16 4.36076e-19 BessellR
56657.3 4.60789e-16 4.2745e-19 BessellR
56658.3 4.46916e-16 4.18959e-19 BessellR
56483.3 5.38083e-16 7.09749e-18 BessellV
56484.3 6.65257e-16 8.27006e-18 BessellV
56485.3 8.22234e-16 9.59682e-18 BessellV
56486.3 1.01585e-15 1.10841e-17 BessellV
56487.3 1.25442e-15 1.27323e-17 BessellV
56488.3 1.54801e-15 1.45333e-17 BessellV
56489.3 1.90874e-15 1.64662e-17 BessellV
56490.3 2.35104e-15 1.84929e-17 BessellV
56491.3 2.89195e-15 2.05528e-17 BessellV
56492.3 3.55124e-15 2.2557e-17 BessellV
56493.3 4.35143e-15 2.43838e-17 BessellV
56494.3 5.31748e-15 2.58774e-17 BessellV
56495.3 6.47596e-15 2.68547e-17 BessellV
56496.3 7.85355e-15 2.71272e-17 BessellV
56497.3 9.47471e-15 2.65536e-17 BessellV
56498.3 1.13581e-14 2.51485e-17 BessellV
56499.3 1.3512e-14 2.3291e-17 BessellV
56500.3 1.5929e-14 2.20263e-17 BessellV
56501.3 1.85808e-14 2.30125e-17 BessellV
56502.3 2.14142e-14 2.72222e-17 BessellV
56503.3 2.43506e-14 3.38439e-17 BessellV
56504.3 2.72895e-14 4.11998e-17 BessellV
56505.3 3.01182e-14 4.77255e-17 BessellV
56506.3 3.27238e-14 5.22611e-17 BessellV
56507.3 3.50082e-14 5.41457e-17 BessellV
56508.3 3.6899e-14 5.32487e-17 BessellV
56509.3 3.83563e-14 4.99144e-17 BessellV
56510.3 3.93727e-14 4.48271e-17 BessellV
56511.3 3.99691e-14 3.88455e-17 BessellV
56512.3 4.01861e-14 3.28579e-17 BessellV
56513.3 4.00758e-14 2.76756e-17 BessellV
56514.3 3.96946e-14 2.39261e-17 BessellV
56515.3 3.9097e-14 2.18858e-17 BessellV
56516.3 3.83331e-14 2.13447e-17 BessellV
56517.3 3.74459e-14 2.17515e-17 BessellV
56518.3 3.64716e-14 2.25489e-17 BessellV
56519.3 3.54394e-14 2.33626e-17 BessellV
56520.3 3.43725e-14 2.40004e-17 BessellV
56521.3 3.32889e-14 2.43893e-17 BessellV
56522.3 3.22022e-14 2.45217e-17 BessellV
56523.3 3.11228e-14 2.44211e-17 BessellV
56524.3 3.00583e-14 2.41235e-17 BessellV
56525.3 2.9014e-14 2.36677e-17 BessellV
56526.3 2.79939e-14 2.30896e-17 BessellV
56527.3 2.70006e-14 2.24212e-17 BessellV
56528.3 2.60355e-14 2.16894e-17 BessellV
56529.3 2.50998e-14 2.09159e-17 BessellV
56530.3 2.41939e-14 2.01186e-17 BessellV
56531.3 2.33177e-14 1.93113e-17 BessellV
56532.3 2.24711e-14 1.85047e-17 BessellV
56533.3 2.16535e-14 1.7707e-17 BessellV
56534.3 2.08645e-14 1.69244e-17 BessellV
56535.3 2.01033e-14 1.61611e-17 BessellV
56536.3 1.93692e-14 1.54205e-17 BessellV
56537.3 1.86613e-14 1.47046e-17 BessellV
56538.3 1.7979e-14 1.40148e-17 BessellV
56539.3 1.73212e-14 1.33518e-17 BessellV
56540.3 1.66874e-14 1.27159e-17 BessellV
56541.3 1.60765e-14 1.2107e-17 BessellV
56542.3 1.54879e-14 1.15247e-17 BessellV
56543.3 1.49208e-14 1.09685e-17 BessellV
56544.3 1.43744e-14 1.04378e-17 BessellV
56545.3 1.38479e-14 9.93179e-18 BessellV
56546.3 1.33406e-14 9.44967e-18 BessellV
56547.3 1.2852e-14 8.99059e-18 BessellV
56548.3 1.23811e-14 8.55366e-18 BessellV
56549.3 1.19276e-14 8.13801e-18 BessellV
56550.3 1.14906e-14 7.74276e-18 BessellV
56551.3 1.10696e-14 7.36705e-18 BessellV
56552.3 1.06641e-14 7.01004e-18 BessellV
56553.3 1.02734e-14 6.67091e-18 BessellV
56554.3 9.89696e-15 6.34885e-18 BessellV
56555.3 9.53435e-15 6.0431e-18 BessellV
56556.3 9.18503e-15 5.7529e-18 BessellV
56557.3 8.8485e-15 5.47755e-18 BessellV
56558.3 8.5243e-15 5.21636e-18 BessellV
56559.3 8.21198e-15 4.96865e-18 BessellV
56560.3 7.9111e-15 4.7338e-18 BessellV
56561.3 7.62125e-15 4.51118e-18 BessellV
56562.3 7.34201e-15 4.30022e-18 BessellV
56563.3 7.07301e-15 4.10036e-18 BessellV
56564.3 6.81386e-15 3.91104e-18 BessellV
56565.3 6.5642e-15 3.73177e-18 BessellV
56566.3 6.3237e-15 3.56204e-18 BessellV
56567.3 6.092e-15 3.40138e-18 BessellV
56568.3 5.86879e-15 3.24934e-18 BessellV
56569.3 5.65377e-15 3.10548e-18 BessellV
56570.3 5.44662e-15 2.96938e-18 BessellV
56571.3 5.24706e-15 2.84066e-18 BessellV
56572.3 5.05481e-15 2.71891e-18 BessellV
56573.3 4.8696e-15 2.60378e-18 BessellV
56574.3 4.69118e-15 2.49492e-18 BessellV
56575.3 4.5193e-15 2.392e-18 BessellV
56576.3 4.35372e-15 2.29468e-18 BessellV
56577.3 4.1942e-15 2.20266e-18 BessellV
56578.3 4.04053e-15 2.11566e-18 BessellV
56579.3 3.89249e-15 2.03338e-18 BessellV
56580.3 3.74987e-15 1.95556e-18 BessellV
56581.3 3.61248e-15 1.88194e-18 BessellV
56582.3 3.48012e-15 1.81228e-18 BessellV
56583.3 3.35261e-15 1.74634e-18 BessellV
56584.3 3.22977e-15 1.68391e-18 BessellV
56585.3 3.11144e-15 1.62477e-18 BessellV
56586.3 2.99743e-15 1.56871e-18 BessellV
56587.3 2.88761e-15 1.51556e-18 BessellV
56588.3 2.78181e-15 1.46512e-18 BessellV
56589.3 2.67989e-15 1.41723e-18 BessellV
56590.3 2.5817e-15 1.37172e-18 BessellV
56591.3 2.48711e-15 1.32845e-18 BessellV
56592.3 2.39598e-15 1.28727e-18 BessellV
56593.3 2.30819e-15 1.24804e-18 BessellV
56594.3 2.22362e-15 1.21063e-18 BessellV
56595.3 2.14215e-15 1.17493e-18 BessellV
56596.3 2.06366e-15 1.14083e-18 BessellV
56597.3 1.98805e-15 1.10821e-18 BessellV
56598.3 1.91521e-15 1.07699e-18 BessellV
56599.3 1.84504e-15 1.04707e-18 BessellV
56600.3 1.77744e-15 1.01836e-18 BessellV
56601.3 1.71232e-15 9.90798e-19 BessellV
56602.3 1.64958e-15 9.64294e-19 BessellV
56603.3 1.58914e-15 9.38787e-19 BessellV
56604.3 1.53091e-15 9.14213e-19 BessellV
56605.3 1.47482e-15 8.90514e-19 BessellV
56606.3 1.42079e-15 8.67636e-19 BessellV
56607.3 1.36873e-15 8.45529e-19 BessellV
56608.3 1.31858e-15 8.24147e-19 BessellV
56609.3 1.27027e-15 8.03448e-19 BessellV
56610.3 1.22373e-15 7.83393e-19 BessellV
56611.3 1.17889e-15 7.63946e-19 BessellV
56612.3 1.1357e-15 7.45074e-19 BessellV
56613.3 1.09408e-15 7.26747e-19 BessellV
56614.3 1.054e-15 7.08936e-19 BessellV
56615.3 1.01538e-15 6.91615e-19 BessellV
56616.3 9.78178e-16 6.74762e-19 BessellV
56617.3 9.42338e-16 6.58353e-19 BessellV
56618.3 9.07812e-16 6.4237e-19 BessellV
56619.3 8.7455e-16 6.26794e-19 BessellV
56620.3 8.42507e-16 6.11607e-19 BessellV
56621.3 8.11638e-16 5.96794e-19 BessellV
56622.3 7.81901e-16 5.8234e-19 BessellV
56623.3 7.53252e-16 5.68232e-19 BessellV
56624.3 7.25654e-16 5.54458e-19 BessellV
56625.3 6.99066e-16 5.41007e-19 BessellV
56626.3 6.73453e-16 5.27866e-19 BessellV
56627.3 6.48778e-16 5.15028e-19 BessellV
56628.3 6.25007e-16 5.02482e-19 BessellV
56629.3 6.02108e-16 4.9022e-19 BessellV
56630.3 5.80047e-16 4.78233e-19 BessellV
56631.3 5.58794e-16 4.66515e-19 BessellV
56632.3 5.3832e-16 4.55059e-19 BessellV
56633.3 5.18597e-16 4.43857e-19 BessellV
56634.3 4.99596e-16 4.32904e-19 BessellV
56635.3 4.81291e-16 4.22193e-19 BessellV
56636.3 4.63657e-16 4.11719e-19 BessellV
56637.3 4.46669e-16 4.01477e-19 BessellV
56638.3 4.30303e-16 3.91461e-19 BessellV
56639.3 4.14537e-16 3.81666e-19 BessellV
56640.3 3.99349e-16 3.72089e-19 BessellV
56641.3 3.84717e-16 3.62724e-19 BessellV
56642.3 3.70621e-16 3.53567e-19 BessellV
56643.3 3.57042e-16 3.44614e-19 BessellV
56644.3 3.4396e-16 3.35861e-19 BessellV
56645.3 3.31358e-16 3.27304e-19 BessellV
56646.3 3.19217e-16 3.18939e-19 BessellV
56647.3 3.07521e-16 3.10762e-19 BessellV
56648.3 2.96254e-16 3.02771e-19 BessellV
56649.3 2.85399e-16 2.9496e-19 BessellV
56650.3 2.74942e-16 2.87328e-19 BessellV
56651.3 2.64869e-16 2.7987e-19 BessellV
56652.3 2.55164e-16 2.72584e-19 BessellV
56653.3 2.45815e-16 2.65465e-19 BessellV
56654.3 2.36809e-16 2.58511e-19 BessellV
56655.3 2.28132e-16 2.51719e-19 BessellV
56656.3 2.19774e-16 2.45086e-19 BessellV
56657.3 2.11721e-16 2.38608e-19 BessellV
56658.3 2.03964e-16 2.32282e-19 BessellV
56659.3 1.96491e-16 2.26106e-19 BessellV
56660.3 1.89292e-16 2.20077e-19 BessellV
56661.3 1.82356e-16 2.14192e-19 BessellV
56662.3 1.75675e-16 2.08448e-19 BessellV
56663.3 1.69238e-16 2.02842e-19 BessellV
56664.3 1.63037e-16 1.97372e-19 BessellV
56665.3 1.57064e-16 1.92034e-19 BessellV
56666.3 1.51309e-16 1.86827e-19 BessellV
56667.3 1.45765e-16 1.81747e-19 BessellV
56668.3 1.40424e-16 1.76792e-19 BessellV
56669.3 1.35279e-16 1.71959e-19 BessellV
56670.3 1.30323e-16 1.67247e-19 BessellV
56671.3 1.25548e-16 1.62651e-19 BessellV
56672.3 1.20948e-16 1.58171e-19 BessellV
56673.3 1.16517e-16 1.53803e-19 BessellV
56674.3 1.12247e-16 1.49545e-19 BessellV
56675.3 1.08135e-16 1.45395e-19 BessellV
56676.3 1.04173e-16 1.41351e-19 BessellV
56677.3 1.00356e-16 1.37409e-19 BessellV
56678.3 9.6679e-17 1.33569e-19 BessellV
56679.3 9.31368e-17 1.29827e-19 BessellV
56680.3 8.97243e-17 1.26181e-19 BessellV
56681.3 8.64369e-17 1.2263e-19 BessellV
56682.3 8.32699e-17 1.19171e-19 BessellV
56683.3 8.02189e-17 1.15803e-19 BessellV
56684.3 7.72798e-17 1.12522e-19 BessellV
56685.3 7.44483e-17 1.09328e-19 BessellV
56686.3 7.17206e-17 1.06217e-19 BessellV
56687.3 6.90928e-17 1.03189e-19 BessellV
56688.3 6.65613e-17 1.00241e-19 BessellV
56689.3 6.41225e-17 9.73716e-20 BessellV
56690.3 6.17731e-17 9.45787e-20 BessellV
56691.3 5.95098e-17 9.18605e-20 BessellV
56692.3 5.73294e-17 8.92153e-20 BessellV
56693.3 5.52289e-17 8.66413e-20 BessellV
56694.3 5.32054e-17 8.41368e-20 BessellV
56695.3 5.12559e-17 8.17002e-20 BessellV
56696.3 4.9378e-17 7.93298e-20 BessellV
56697.3 4.75688e-17 7.70239e-20 BessellV
56698.3 4.58259e-17 7.4781e-20 BessellV
56699.3 4.41469e-17 7.25996e-20 BessellV
56700.3 4.25294e-17 7.04781e-20 BessellV
56701.3 4.09711e-17 6.84151e-20 BessellV
56702.3 3.947e-17 6.6409e-20 BessellV
56703.3 3.80238e-17 6.44585e-20 BessellV
56704.3 3.66307e-17 6.25621e-20 BessellV
56705.3 3.52885e-17 6.07184e-20 BessellV
56706.3 3.39956e-17 5.89263e-20 BessellV
56707.3 3.275e-17 5.71842e-20 BessellV
56708.3 3.15501e-17 5.5491e-20 BessellV
56709.3 3.03941e-17 5.38453e-20 BessellV
56710.3 2.92805e-17 5.2246e-20 BessellV
56711.3 2.82077e-17 5.06919e-20 BessellV
56712.3 2.71742e-17 4.91817e-20 BessellV
56713.3 2.61785e-17 4.77144e-20 BessellV
56714.3 2.52194e-17 4.62888e-20 BessellV
56715.3 2.42954e-17 4.49037e-20 BessellV
56716.3 2.34052e-17 4.35582e-20 BessellV
56717.3 2.25476e-17 4.22512e-20 BessellV
56718.3 2.17215e-17 4.09817e-20 BessellV
56719.3 2.09256e-17 3.97486e-20 BessellV
56720.3 2.01589e-17 3.8551e-20 BessellV
56721.3 1.94203e-17 3.73879e-20 BessellV
56722.3 1.87088e-17 3.62584e-20 BessellV
56723.3 1.80233e-17 3.51616e-20 BessellV
56724.3 1.7363e-17 3.40967e-20 BessellV
56725.3 1.67268e-17 3.30626e-20 BessellV
56726.3 1.61139e-17 3.20587e-20 BessellV
56727.3 1.55235e-17 3.10841e-20 BessellV
56728.3 1.49548e-17 3.01379e-20 BessellV
56729.3 1.44068e-17 2.92194e-20 BessellV
56730.3 1.3879e-17 2.83279e-20 BessellV
56731.3 1.33705e-17 2.74625e-20 BessellV
56732.3 1.28806e-17 2.66226e-20 BessellV
56733.3 1.24086e-17 2.58074e-20 BessellV
56734.3 1.1954e-17 2.50163e-20 BessellV
56735.3 1.1516e-17 2.42486e-20 BessellV
56736.3 1.10941e-17 2.35036e-20 BessellV
56737.3 1.06876e-17 2.27807e-20 BessellV
56738.3 1.0296e-17 2.20793e-20 BessellV
56739.3 9.91877e-18 2.13987e-20 BessellV
56740.3 9.55536e-18 2.07384e-20 BessellV
56741.3 9.20525e-18 2.00979e-20 BessellV
56742.3 8.86798e-18 1.94764e-20 BessellV
56743.3 8.54306e-18 1.88736e-20 BessellV
56744.3 8.23005e-18 1.82888e-20 BessellV
56745.3 7.92851e-18 1.77216e-20 BessellV
56746.3 7.63802e-18 1.71714e-20 BessellV
56747.3 7.35816e-18 1.66378e-20 BessellV
56748.3 7.08857e-18 1.61202e-20 BessellV
56749.3 6.82885e-18 1.56183e-20 BessellV
56750.3 6.57864e-18 1.51316e-20 BessellV
56751.3 6.33761e-18 1.46595e-20 BessellV
56752.3 6.1054e-18 1.42018e-20 BessellV
56753.3 5.8817e-18 1.3758e-20 BessellV
56754.3 5.6662e-18 1.33276e-20 BessellV
56755.3 5.4586e-18 1.29103e-20 BessellV
56756.3 5.2586e-18 1.25058e-20 BessellV
56757.3 5.06593e-18 1.21135e-20 BessellV
56758.3 4.88032e-18 1.17333e-20 BessellV
56759.3 4.7015e-18 1.13646e-20 BessellV
56760.3 4.52925e-18 1.10073e-20 BessellV
56761.3 4.3633e-18 1.06608e-20 BessellV
56762.3 4.20343e-18 1.0325e-20 BessellV
56763.3 4.04942e-18 9.99954e-21 BessellV
56764.3 3.90105e-18 9.68405e-21 BessellV
56765.3 3.75812e-18 9.37827e-21 BessellV
56766.3 3.62042e-18 9.08191e-21 BessellV
56767.3 3.48778e-18 8.79469e-21 BessellV
56768.3 3.35999e-18 8.51633e-21 BessellV
56769.3 3.23688e-18 8.24657e-21 BessellV
56770.3 3.11828e-18 7.98516e-21 BessellV
56771.3 3.00403e-18 7.73184e-21 BessellV
56772.3 2.89396e-18 7.48637e-21 BessellV
56773.3 2.78793e-18 7.24852e-21 BessellV
56774.3 2.68578e-18 7.01805e-21 BessellV
56775.3 2.58738e-18 6.79475e-21 BessellV
56776.3 2.49258e-18 6.5784e-21 BessellV
56777.3 2.40125e-18 6.36879e-21 BessellV
56778.3 2.31327e-18 6.16571e-21 BessellV
56779.3 2.22852e-18 5.96897e-21 BessellV
56780.3 2.14687e-18 5.77837e-21 BessellV
56781.3 2.06821e-18 5.59374e-21 BessellV
56782.3 1.99243e-18 5.41488e-21 BessellV
56783.3 1.91943e-18 5.24162e-21 BessellV
56784.3 1.8491e-18 5.07379e-21 BessellV
56785.3 1.78135e-18 4.91123e-21 BessellV
56786.3 1.71608e-18 4.75378e-21 BessellV
56787.3 1.65321e-18 4.60127e-21 BessellV
56788.3 1.59264e-18 4.45356e-21 BessellV
56789.3 1.53428e-18 4.3105e-21 BessellV
56790.3 1.47807e-18 4.17195e-21 BessellV
56791.3 1.42391e-18 4.03777e-21 BessellV
56792.3 1.37174e-18 3.90782e-21 BessellV
56793.3 1.32148e-18 3.78198e-21 BessellV
56794.3 1.27306e-18 3.66012e-21 BessellV
56795.3 1.22642e-18 3.54211e-21 BessellV
56796.3 1.18148e-18 3.42783e-21 BessellV
56797.3 1.1382e-18 3.31718e-21 BessellV
56798.3 1.09649e-18 3.21004e-21 BessellV
56799.3 1.05632e-18 3.1063e-21 BessellV
56800.3 1.01762e-18 3.00585e-21 BessellV
56801.3 9.80331e-19 2.9086e-21 BessellV
56802.3 9.44413e-19 2.81443e-21 BessellV
56803.3 9.0981e-19 2.72327e-21 BessellV
56804.3 8.76475e-19 2.63501e-21 BessellV
56805.3 8.44362e-19 2.54956e-21 BessellV
56806.3 8.13425e-19 2.46684e-21 BessellV
56807.3 7.83622e-19 2.38676e-21 BessellV
56808.3 7.54911e-19 2.30923e-21 BessellV
56809.3 7.27251e-19 2.23419e-21 BessellV
56810.3 7.00605e-19 2.16154e-21 BessellV
56811.3 6.74936e-19 2.09122e-21 BessellV
56812.3 6.50207e-19 2.02316e-21 BessellV
56813.3 6.26383e-19 1.95727e-21 BessellV
56814.3 6.03433e-19 1.8935e-21 BessellV
56815.3 5.81324e-19 1.83177e-21 BessellV
56816.3 5.60025e-19 1.77203e-21 BessellV
56817.3 5.39506e-19 1.7142e-21 BessellV
56818.3 5.19739e-19 1.65824e-21 BessellV
56819.3 5.00696e-19 1.60407e-21 BessellV
56820.3 4.82351e-19 1.55165e-21 BessellV
56821.3 4.64678e-19 1.50092e-21 BessellV
56822.3 4.47652e-19 1.45182e-21 BessellV
56823.3 4.31251e-19 1.40431e-21 BessellV
56824.3 4.1545e-19 1.35833e-21 BessellV
56825.3 4.00228e-19 1.31383e-21 BessellV
56826.3 3.85564e-19 1.27077e-21 BessellV
56827.3 3.71437e-19 1.22911e-21 BessellV
56828.3 3.57828e-19 1.18879e-21 BessellV
56829.3 3.44718e-19 1.14978e-21 BessellV
56830.3 3.32087e-19 1.11203e-21 BessellV
56831.3 3.1992e-19 1.0755e-21 BessellV
56832.3 3.08198e-19 1.04016e-21 BessellV
56833.3 2.96906e-19 1.00596e-21 BessellV
56834.3 2.86028e-19 9.72876e-22 BessellV
56835.3 2.75548e-19 9.40864e-22 BessellV
56836.3 2.65452e-19 9.09892e-22 BessellV
56837.3 2.55726e-19 8.79927e-22 BessellV
56838.3 2.46357e-19 8.50937e-22 BessellV
56839.3 2.3733e-19 8.2289e-22 BessellV
56840.3 2.28635e-19 7.95757e-22 BessellV
56841.3 2.20258e-19 7.69507e-22 BessellV
56842.3 2.12188e-19 7.44112e-22 BessellV
56843.3 2.04413e-19 7.19546e-22 BessellV
56844.3 1.96924e-19 6.95781e-22 BessellV
56845.3 1.89709e-19 6.72792e-22 BessellV
56846.3 1.82758e-19 6.50554e-22 BessellV
56847.3 1.76062e-19 6.29042e-22 BessellV
56848.3 1.69611e-19 6.08234e-22 BessellV
56849.3 1.63396e-19 5.88106e-22 BessellV
56850.3 1.5741e-19 5.68637e-22 BessellV
56851.3 1.51642e-19 5.49805e-22 BessellV
56852.3 1.46086e-19 5.31589e-22 BessellV
56853.3 1.40734e-19 5.13971e-22 BessellV
56854.3 1.35577e-19 4.9693e-22 BessellV
56855.3 1.3061e-19 4.80448e-22 BessellV
56856.3 1.25825e-19 4.64507e-22 BessellV
56857.3 1.21214e-19 4.49089e-22 BessellV
56858.3 1.16773e-19 4.34178e-22 BessellV
56859.3 1.12495e-19 4.19756e-22 BessellV
56860.3 1.08373e-19 4.05809e-22 BessellV
56861.3 1.04402e-19 3.9232e-22 BessellV
56862.3 1.00577e-19 3.79275e-22 BessellV
56863.3 9.6892e-20 3.66659e-22 BessellV
56864.3 9.3342e-20 3.54458e-22 BessellV
56865.3 8.9922e-20 3.4266e-22 BessellV
56866.3 8.66273e-20 3.3125e-22 BessellV
56867.3 8.34534e-20 3.20217e-22 BessellV
56868.3 8.03957e-20 3.09547e-22 BessellV
56869.3 7.74501e-20 2.9923e-22 BessellV
56870.3 7.46124e-20 2.89253e-22 BessellV
56871.3 7.18786e-20 2.79605e-22 BessellV
56872.3 6.9245e-20 2.70276e-22 BessellV
56873.3 6.6708e-20 2.61256e-22 BessellV
56874.3 6.42638e-20 2.52534e-22 BessellV
56875.3 6.19093e-20 2.441e-22 BessellV
56876.3 5.96409e-20 2.35945e-22 BessellV
56877.3 5.74557e-20 2.2806e-22 BessellV
56878.3 5.53506e-20 2.20436e-22 BessellV
56879.3 5.33226e-20 2.13065e-22 BessellV
56880.3 5.13689e-20 2.05938e-22 BessellV
56881.3 4.94868e-20 1.99048e-22 BessellV
56882.3 4.76736e-20 1.92386e-22 BessellV
56883.3 4.59269e-20 1.85944e-22 BessellV
56884.3 4.42442e-20 1.79717e-22 BessellV
56885.3 4.26231e-20 1.73696e-22 BessellV
56886.3 4.10614e-20 1.67876e-22 BessellV
56887.3 3.9557e-20 1.62248e-22 BessellV
56888.3 3.81076e-20 1.56808e-22 BessellV
56889.3 3.67114e-20 1.51549e-22 BessellV
56890.3 3.53663e-20 1.46464e-22 BessellV
56891.3 3.40705e-20 1.41549e-22 BessellV
56892.3 3.28222e-20 1.36797e-22 BessellV
56893.3 3.16196e-20 1.32204e-22 BessellV
56894.3 3.04611e-20 1.27763e-22 BessellV
56895.3 2.9345e-20 1.23471e-22 BessellV
56896.3 2.82699e-20 1.19321e-22 BessellV
56897.3 2.72341e-20 1.1531e-22 BessellV
56898.3 2.62362e-20 1.11433e-22 BessellV
56899.3 2.5275e-20 1.07684e-22 BessellV
56900.3 2.43489e-20 1.04061e-22 BessellV
56901.3 2.34568e-20 1.00559e-22 BessellV
56902.3 2.25973e-20 9.71743e-23 BessellV
56903.3 2.17694e-20 9.39023e-23 BessellV
56904.3 2.09718e-20 9.07396e-23 BessellV
56905.3 2.02034e-20 8.76826e-23 BessellV
56485.9 7.52452e-15 1.30199e-17 i
56486.9 7.70526e-15 1.27545e-17 i
56487.9 7.88944e-15 1.24743e-17 i
56488.9 8.07702e-15 1.21796e-17 i
56489.9 8.26797e-15 1.18707e-17 i
56490.9 8.46225e-15 1.15484e-17 i
56491.9 8.65979e-15 1.12134e-17 i
56492.9 8.86052e-15 1.08668e-17 i
56493.9 9.06434e-15 1.05098e-17 i
56494.9 9.27114e-15 1.0144e-17 i
56495.9 9.48081e-15 9.77143e-18 i
56496.9 9.69318e-15 9.3944e-18 i
56497.9 9.9081e-15 9.01576e-18 i
56498.9 1.01254e-14 8.63887e-18 i
56499.9 1.03448e-14 8.2677e-18 i
56500.9 1.05661e-14 7.90691e-18 i
56501.9 1.0789e-14 7.56185e-18 i
56502.9 1.10132e-14 7.23855e-18 i
56503.9 1.12385e-14 6.94368e-18 i
56504.9 1.14643e-14 6.68427e-18 i
56505.9 1.16904e-14 6.46735e-18 i
56506.9 1.19163e-14 6.29944e-18 i
56507.9 1.21415e-14 6.18581e-18 i
56508.9 1.23656e-14 6.1298e-18 i
56509.9 1.25879e-14 6.13222e-18 i
56510.9 1.28079e-14 6.19109e-18 i
56511.9 1.30249e-14 6.3018e-18 i
56512.9 1.32384e-14 6.45756e-18 i
56513.9 1.34476e-14 6.65009e-18 i
56514.9 1.36517e-14 6.87036e-18 i
56515.9 1.38501e-14 7.10915e-18 i
56516.9 1.40418e-14 7.35753e-18 i
56517.9 1.42262e-14 7.60716e-18 i
56518.9 1.44022e-14 7.85043e-18 i
56519.9 1.45692e-14 8.08059e-18 i
56520.9 1.47261e-14 8.29182e-18 i
56521.9 1.48722e-14 8.47919e-18 i
56522.9 1.50065e-14 8.63878e-18 i
56523.9 1.51282e-14 8.76765e-18 i
56524.9 1.52364e-14 8.8639e-18 i
56525.9 1.53303e-14 8.92676e-18 i
56526.9 1.54091e-14 8.95656e-18 i
56527.9 1.54721e-14 8.95485e-18 i
56528.9 1.55187e-14 8.92439e-18 i
56529.9 1.55482e-14 8.86918e-18 i
56530.9 1.556e-14 8.79443e-18 i
56531.9 1.55539e-14 8.70645e-18 i
56532.9 1.55294e-14 8.61254e-18 i
56533.9 1.54863e-14 8.52069e-18 i
56534.9 1.54244e-14 8.43919e-18 i
56535.9 1.53439e-14 8.3762e-18 i
56536.9 1.52446e-14 8.33911e-18 i
56537.9 1.5127e-14 8.33397e-18 i
56538.9 1.49913e-14 8.36493e-18 i
56539.9 1.4838e-14 8.43381e-18 i
56540.9 1.46676e-14 8.54e-18 i
56541.9 1.44808e-14 8.68051e-18 i
56542.9 1.42785e-14 8.85037e-18 i
56543.9 1.40614e-14 9.04307e-18 i
56544.9 1.38304e-14 9.25121e-18 i
56545.9 1.35867e-14 9.46698e-18 i
56546.9 1.33312e-14 9.68267e-18 i
56547.9 1.3065e-14 9.891e-18 i
56548.9 1.27893e-14 1.00854e-17 i
56549.9 1.25052e-14 1.02602e-17 i
56550.9 1.22139e-14 1.04106e-17 i
56551.9 1.19166e-14 1.05329e-17 i
56552.9 1.16143e-14 1.06241e-17 i
56553.9 1.13082e-14 1.06824e-17 i
56554.9 1.09993e-14 1.07066e-17 i
56555.9 1.06887e-14 1.06964e-17 i
56556.9 1.03774e-14 1.0652e-17 i
56557.9 1.00663e-14 1.05744e-17 i
56558.9 9.75622e-15 1.04648e-17 i
56559.9 9.44805e-15 1.03251e-17 i
56560.9 9.14251e-15 1.01572e-17 i
56561.9 8.84028e-15 9.96343e-18 i
56562.9 8.542e-15 9.74628e-18 i
56563.9 8.2482e-15 9.50828e-18 i
56564.9 7.9594e-15 9.25201e-18 i
56565.9 7.67601e-15 8.98006e-18 i
56566.9 7.39842e-15 8.69497e-18 i
56567.9 7.12695e-15 8.39921e-18 i
56568.9 6.86186e-15 8.09516e-18 i
56569.9 6.60338e-15 7.78503e-18 i
56570.9 6.35167e-15 7.47093e-18 i
56571.9 6.10686e-15 7.1548e-18 i
56572.9 5.86905e-15 6.83844e-18 i
56573.9 5.6383e-15 6.52345e-18 i
56574.9 5.41462e-15 6.21131e-18 i
56575.9 5.198e-15 5.90333e-18 i
56576.9 4.98842e-15 5.60064e-18 i
56577.9 4.78582e-15 5.30426e-18 i
56578.9 4.59012e-15 5.01506e-18 i
56579.9 4.40123e-15 4.73376e-18 i
56580.9 4.21904e-15 4.46098e-18 i
56581.9 4.04343e-15 4.19723e-18 i
56582.9 3.87426e-15 3.94288e-18 i
56583.9 3.71139e-15 3.69827e-18 i
56584.9 3.55466e-15 3.46359e-18 i
56585.9 3.40393e-15 3.239e-18 i
56586.9 3.25903e-15 3.02459e-18 i
56587.9 3.11979e-15 2.82037e-18 i
56588.9 2.98606e-15 2.62632e-18 i
56589.9 2.85765e-15 2.44237e-18 i
56590.9 2.7344e-15 2.26842e-18 i
56591.9 2.61615e-15 2.10434e-18 i
56592.9 2.50272e-15 1.94998e-18 i
56593.9 2.39396e-15 1.80516e-18 i
56594.9 2.28969e-15 1.66971e-18 i
56595.9 2.18975e-15 1.54343e-18 i
56596.9 2.094e-15 1.42613e-18 i
56597.9 2.00227e-15 1.3176e-18 i
56598.9 1.91441e-15 1.21765e-18 i
56599.9 1.83027e-15 1.12606e-18 i
56600.9 1.74972e-15 1.04264e-18 i
56601.9 1.67261e-15 9.6716e-19 i
56602.9 1.5988e-15 8.9939e-19 i
56603.9 1.52817e-15 8.39073e-19 i
56604.9 1.46058e-15 7.8592e-19 i
56605.9 1.39592e-15 7.39598e-19 i
56606.9 1.33407e-15 6.99726e-19 i
56607.9 1.2749e-15 6.65863e-19 i
56608.9 1.21831e-15 6.37517e-19 i
56609.9 1.16419e-15 6.14149e-19 i
56610.9 1.11244e-15 5.95183e-19 i
56611.9 1.06295e-15 5.80031e-19 i
56612.9 1.01564e-15 5.68107e-19 i
56613.9 9.7041e-16 5.58851e-19 i
56614.9 9.2717e-16 5.51741e-19 i
56615.9 8.85835e-16 5.46304e-19 i
56616.9 8.46325e-16 5.42126e-19 i
56617.9 8.08561e-16 5.38849e-19 i
56618.9 7.72467e-16 5.36174e-19 i
56619.9 7.37972e-16 5.33851e-19 i
56620.9 7.05006e-16 5.31682e-19 i
56621.9 6.73502e-16 5.29507e-19 i
56622.9 6.43396e-16 5.27203e-19 i
56623.9 6.14629e-16 5.24676e-19 i
56624.9 5.8714e-16 5.21859e-19 i
56625.9 5.60874e-16 5.18704e-19 i
56626.9 5.35778e-16 5.15181e-19 i
56627.9 5.11799e-16 5.11272e-19 i
56628.9 4.8889e-16 5.06972e-19 i
56629.9 4.67001e-16 5.02282e-19 i
56630.9 4.46089e-16 4.97213e-19 i
56631.9 4.26111e-16 4.91776e-19 i
56632.9 4.07024e-16 4.85992e-19 i
56633.9 3.88789e-16 4.7988e-19 i
56634.9 3.7137e-16 4.73463e-19 i
56635.9 3.54728e-16 4.66764e-19 i
56636.9 3.38831e-16 4.59809e-19 i
56637.9 3.23645e-16 4.52621e-19 i
56638.9 3.09138e-16 4.45225e-19 i
56639.9 2.95279e-16 4.37647e-19 i
56640.9 2.82041e-16 4.29909e-19 i
56641.9 2.69396e-16 4.22033e-19 i
56642.9 2.57316e-16 4.14043e-19 i
56643.9 2.45778e-16 4.0596e-19 i
56644.9 2.34756e-16 3.97802e-19 i
56645.9 2.24228e-16 3.8959e-19 i
56646.9 2.14171e-16 3.81341e-19 i
56647.9 2.04565e-16 3.73073e-19 i
56648.9 1.9539e-16 3.64799e-19 i
56649.9 1.86625e-16 3.56537e-19 i
56650.9 1.78253e-16 3.48298e-19 i
56651.9 1.70257e-16 3.40096e-19 i
56652.9 1.62619e-16 3.31943e-19 i
56653.9 1.55323e-16 3.23848e-19 i
56654.9 1.48355e-16 3.15823e-19 i
56655.9 1.41699e-16 3.07875e-19 i
56656.9 1.35341e-16 3.00014e-19 i
56657.9 1.29269e-16 2.92246e-19 i
56658.9 1.23469e-16 2.84578e-19 i
56659.9 1.17929e-16 2.77017e-19 i
56660.9 1.12637e-16 2.69566e-19 i
56661.9 1.07583e-16 2.62232e-19 i
56662.9 1.02755e-16 2.55018e-19 i
56663.9 9.81444e-17 2.47927e-19 i
56664.9 9.37403e-17 2.40964e-19 i
56665.9 8.95337e-17 2.34129e-19 i
56666.9 8.55159e-17 2.27425e-19 i
56667.9 8.16783e-17 2.20855e-19 i
56668.9 7.80129e-17 2.14419e-19 i
56669.9 7.4512e-17 2.08118e-19 i
56670.9 7.11681e-17 2.01953e-19 i
56671.9 6.79742e-17 1.95924e-19 i
56672.9 6.49237e-17 1.90031e-19 i
56673.9 6.201e-17 1.84274e-19 i
56674.9 5.92271e-17 1.78653e-19 i
56675.9 5.65691e-17 1.73166e-19 i
56676.9 5.40303e-17 1.67813e-19 i
56677.9 5.16054e-17 1.62593e-19 i
56678.9 4.92894e-17 1.57504e-19 i
56679.9 4.70773e-17 1.52546e-19 i
56680.9 4.49645e-17 1.47716e-19 i
56681.9 4.29464e-17 1.43014e-19 i
56682.9 4.1019e-17 1.38436e-19 i
56683.9 3.9178e-17 1.33982e-19 i
56684.9 3.74197e-17 1.2965e-19 i
56685.9 3.57402e-17 1.25437e-19 i
56686.9 3.41362e-17 1.21342e-19 i
56687.9 3.26041e-17 1.17362e-19 i
56688.9 3.11408e-17 1.13495e-19 i
56689.9 2.97431e-17 1.09739e-19 i
56690.9 2.84082e-17 1.06093e-19 i
56691.9 2.71332e-17 1.02552e-19 i
56692.9 2.59154e-17 9.91166e-20 i
56693.9 2.47523e-17 9.57829e-20 i
56694.9 2.36414e-17 9.2549e-20 i
56485.8 1.55558e-14 1.57919e-17 r
56486.8 1.58035e-14 1.53798e-17 r
56487.8 1.60537e-14 1.49586e-17 r
56488.8 1.63063e-14 1.4529e-17 r
56489.8 1.65614e-14 1.40922e-17 r
56490.8 1.68187e-14 1.36492e-17 r
56491.8 1.70781e-14 1.32014e-17 r
56492.8 1.73395e-14 1.27506e-17 r
56493.8 1.76028e-14 1.22986e-17 r
56494.8 1.78677e-14 1.18476e-17 r
56495.8 1.8134e-14 1.14001e-17 r
56496.8 1.84016e-14 1.0959e-17 r
56497.8 1.86702e-14 1.05278e-17 r
56498.8 1.89395e-14 1.01102e-17 r
56499.8 1.92094e-14 9.71032e-18 r
56500.8 1.94794e-14 9.33301e-18 r
56501.8 1.97492e-14 8.9833e-18 r
56502.8 2.00186e-14 8.66659e-18 r
56503.8 2.02871e-14 8.38835e-18 r
56504.8 2.05543e-14 8.15388e-18 r
56505.8 2.08198e-14 7.96794e-18 r
56506.8 2.10832e-14 7.83436e-18 r
56507.8 2.13438e-14 7.75559e-18 r
56508.8 2.16013e-14 7.73239e-18 r
56509.8 2.18551e-14 7.76364e-18 r
56510.8 2.21045e-14 7.84638e-18 r
56511.8 2.2349e-14 7.97602e-18 r
56512.8 2.25878e-14 8.14665e-18 r
56513.8 2.28204e-14 8.35153e-18 r
56514.8 2.3046e-14 8.58343e-18 r
56515.8 2.32638e-14 8.83502e-18 r
56516.8 2.34731e-14 9.09911e-18 r
56517.8 2.36731e-14 9.36885e-18 r
56518.8 2.3863e-14 9.63781e-18 r
56519.8 2.40419e-14 9.90011e-18 r
56520.8 2.4209e-14 1.01504e-17 r
56521.8 2.43634e-14 1.03838e-17 r
56522.8 2.45042e-14 1.05962e-17 r
56523.8 2.46306e-14 1.07839e-17 r
56524.8 2.47417e-14 1.09437e-17 r
56525.8 2.48366e-14 1.10733e-17 r
56526.8 2.49145e-14 1.11708e-17 r
56527.8 2.49746e-14 1.1235e-17 r
56528.8 2.50161e-14 1.12652e-17 r
56529.8 2.50382e-14 1.12618e-17 r
56530.8 2.50403e-14 1.12254e-17 r
56531.8 2.50217e-14 1.11577e-17 r
56532.8 2.49819e-14 1.1061e-17 r
56533.8 2.49203e-14 1.09384e-17 r
56534.8 2.48367e-14 1.07938e-17 r
56535.8 2.47306e-14 1.06316e-17 r
56536.8 2.46018e-14 1.04569e-17 r
56537.8 2.44503e-14 1.02753e-17 r
56538.8 2.4276e-14 1.00929e-17 r
56539.8 2.4079e-14 9.91582e-18 r
56540.8 2.38597e-14 9.74999e-18 r
56541.8 2.36183e-14 9.60112e-18 r
56542.8 2.33553e-14 9.47413e-18 r
56543.8 2.30713e-14 9.37292e-18 r
56544.8 2.27669e-14 9.30009e-18 r
56545.8 2.2443e-14 9.25676e-18 r
56546.8 2.21006e-14 9.24247e-18 r
56547.8 2.17405e-14 9.25524e-18 r
56548.8 2.13639e-14 9.29176e-18 r
56549.8 2.09719e-14 9.34766e-18 r
56550.8 2.05658e-14 9.41781e-18 r
56551.8 2.01468e-14 9.49671e-18 r
56552.8 1.97163e-14 9.57873e-18 r
56553.8 1.92757e-14 9.65846e-18 r
56554.8 1.88262e-14 9.73085e-18 r
56555.8 1.83693e-14 9.79142e-18 r
56556.8 1.79065e-14 9.8363e-18 r
56557.8 1.74389e-14 9.86232e-18 r
56558.8 1.6968e-14 9.86699e-18 r
56559.8 1.64951e-14 9.84851e-18 r
56560.8 1.60214e-14 9.80571e-18 r
56561.8 1.55481e-14 9.73802e-18 r
56562.8 1.50764e-14 9.64539e-18 r
56563.8 1.46073e-14 9.52825e-18 r
56564.8 1.41419e-14 9.38742e-18 r
56565.8 1.36811e-14 9.22407e-18 r
56566.8 1.32258e-14 9.03964e-18 r
56567.8 1.27768e-14 8.83577e-18 r
56568.8 1.23348e-14 8.61429e-18 r
56569.8 1.19005e-14 8.37713e-18 r
56570.8 1.14744e-14 8.12626e-18 r
56571.8 1.1057e-14 7.8637e-18 r
56572.8 1.06487e-14 7.59147e-18 r
56573.8 1.025e-14 7.31153e-18 r
56574.8 9.86117e-15 7.02577e-18 r
56575.8 9.48238e-15 6.73603e-18 r
56576.8 9.11385e-15 6.44402e-18 r
56577.8 8.75573e-15 6.15136e-18 r
56578.8 8.4081e-15 5.85954e-18 r
56579.8 8.071e-15 5.56993e-18 r
56580.8 7.74443e-15 5.28378e-18 r
56581.8 7.42836e-15 5.00221e-18 r
56582.8 7.12273e-15 4.72622e-18 r
56583.8 6.82742e-15 4.45668e-18 r
56584.8 6.54232e-15 4.19436e-18 r
56585.8 6.26728e-15 3.93991e-18 r
56586.8 6.00213e-15 3.6939e-18 r
56587.8 5.74668e-15 3.45677e-18 r
56588.8 5.50073e-15 3.22891e-18 r
56589.8 5.26407e-15 3.01062e-18 r
56590.8 5.03646e-15 2.80212e-18 r
56591.8 4.81769e-15 2.60357e-18 r
56592.8 4.60751e-15 2.41509e-18 r
56593.8 4.40568e-15 2.23674e-18 r
56594.8 4.21194e-15 2.06857e-18 r
56595.8 4.02606e-15 1.91055e-18 r
56596.8 3.84778e-15 1.76267e-18 r
56597.8 3.67685e-15 1.62488e-18 r
56598.8 3.51302e-15 1.49713e-18 r
56599.8 3.35606e-15 1.37934e-18 r
56600.8 3.20572e-15 1.27143e-18 r
56601.8 3.06176e-15 1.17331e-18 r
56602.8 2.92395e-15 1.08487e-18 r
56603.8 2.79205e-15 1.00594e-18 r
56604.8 2.66585e-15 9.36356e-19 r
56605.8 2.54512e-15 8.75842e-19 r
56606.8 2.42966e-15 8.24058e-19 r
56607.8 2.31924e-15 7.80554e-19 r
56608.8 2.21368e-15 7.44768e-19 r
56609.8 2.11278e-15 7.16026e-19 r
56610.8 2.01634e-15 6.93563e-19 r
56611.8 1.92418e-15 6.76549e-19 r
56612.8 1.83613e-15 6.64131e-19 r
56613.8 1.75201e-15 6.55471e-19 r
56614.8 1.67166e-15 6.49781e-19 r
56615.8 1.59492e-15 6.46344e-19 r
56616.8 1.52163e-15 6.44533e-19 r
56617.8 1.45165e-15 6.43816e-19 r
56618.8 1.38483e-15 6.43748e-19 r
56619.8 1.32104e-15 6.43972e-19 r
56620.8 1.26014e-15 6.44204e-19 r
56621.8 1.20201e-15 6.44223e-19 r
56622.8 1.14653e-15 6.43866e-19 r
56623.8 1.09357e-15 6.43011e-19 r
56624.8 1.04303e-15 6.41576e-19 r
56625.8 9.94806e-16 6.39507e-19 r
56626.8 9.48786e-16 6.36775e-19 r
56627.8 9.04874e-16 6.33368e-19 r
56628.8 8.62977e-16 6.2929e-19 r
56629.8 8.23004e-16 6.24557e-19 r
56630.8 7.84867e-16 6.1919e-19 r
56631.8 7.48485e-16 6.13221e-19 r
56632.8 7.13777e-16 6.06683e-19 r
56633.8 6.80669e-16 5.99612e-19 r
56634.8 6.49087e-16 5.92049e-19 r
56635.8 6.18962e-16 5.84034e-19 r
56636.8 5.90228e-16 5.75606e-19 r
56637.8 5.62821e-16 5.66805e-19 r
56638.8 5.36681e-16 5.57672e-19 r
56639.8 5.11749e-16 5.48245e-19 r
56640.8 4.87971e-16 5.3856e-19 r
56641.8 4.65294e-16 5.28653e-19 r
56642.8 4.43666e-16 5.18558e-19 r
56643.8 4.23041e-16 5.08308e-19 r
56644.8 4.03371e-16 4.97932e-19 r
56645.8 3.84613e-16 4.8746e-19 r
56646.8 3.66726e-16 4.76918e-19 r
56647.8 3.49667e-16 4.66332e-19 r
56648.8 3.33401e-16 4.55725e-19 r
56649.8 3.17889e-16 4.45119e-19 r
56485.9 9.26005e-14 5.6632e-16 u
56486.9 8.7563e-14 5.25946e-16 u
56487.9 8.27979e-14 4.88287e-16 u
56488.9 7.82908e-14 4.53166e-16 u
56489.9 7.40276e-14 4.20421e-16 u
56490.9 6.99952e-14 3.89897e-16 u
56491.9 6.61812e-14 3.6145e-16 u
56492.9 6.25739e-14 3.34946e-16 u
56493.9 5.91621e-14 3.10258e-16 u
56494.9 5.59352e-14 2.87267e-16 u
56495.9 5.28833e-14 2.65862e-16 u
56496.9 4.9997e-14 2.45939e-16 u
56497.9 4.72673e-14 2.27401e-16 u
56498.9 4.46858e-14 2.10156e-16 u
56499.9 4.22444e-14 1.9412e-16 u
56500.9 3.99356e-14 1.79212e-16 u
56501.9 3.77523e-14 1.65356e-16 u
56502.9 3.56876e-14 1.52484e-16 u
56503.9 3.37352e-14 1.4053e-16 u
56504.9 3.18889e-14 1.29431e-16 u
56505.9 3.01431e-14 1.19132e-16 u
56506.9 2.84923e-14 1.09577e-16 u
56507.9 2.69313e-14 1.00717e-16 u
56508.9 2.54554e-14 9.25047e-17 u
56509.9 2.40598e-14 8.48964e-17 u
56510.9 2.27403e-14 7.7851e-17 u
56511.9 2.14927e-14 7.133e-17 u
56512.9 2.03132e-14 6.52978e-17 u
56513.9 1.9198e-14 5.97208e-17 u
56514.9 1.81436e-14 5.45678e-17 u
56515.9 1.71467e-14 4.98097e-17 u
56516.9 1.62043e-14 4.54193e-17 u
56517.9 1.53134e-14 4.13712e-17 u
56518.9 1.44712e-14 3.76419e-17 u
56519.9 1.36749e-14 3.42093e-17 u
56520.9 1.29223e-14 3.10529e-17 u
56521.9 1.22107e-14 2.81537e-17 u
56522.9 1.15381e-14 2.54941e-17 u
56523.9 1.09024e-14 2.30577e-17 u
56524.9 1.03014e-14 2.08292e-17 u
56525.9 9.73335e-15 1.87946e-17 u
56526.9 9.19642e-15 1.69411e-17 u
56527.9 8.68892e-15 1.52566e-17 u
56528.9 8.20924e-15 1.37302e-17 u
56529.9 7.75588e-15 1.2352e-17 u
56530.9 7.32739e-15 1.11127e-17 u
56531.9 6.92241e-15 1.0004e-17 u
56532.9 6.53968e-15 9.01804e-18 u
56533.9 6.17797e-15 8.14781e-18 u
56534.9 5.83613e-15 7.38646e-18 u
56535.9 5.51308e-15 6.72741e-18 u
56536.9 5.2078e-15 6.16397e-18 u
56537.9 4.91931e-15 5.68918e-18 u
56538.9 4.6467e-15 5.29552e-18 u
56539.9 4.38909e-15 4.97482e-18 u
56540.9 4.14567e-15 4.71835e-18 u
56541.9 3.91566e-15 4.51694e-18 u
56542.9 3.69833e-15 4.36139e-18 u
56543.9 3.49298e-15 4.24283e-18 u
56544.9 3.29895e-15 4.15305e-18 u
56545.9 3.11563e-15 4.08483e-18 u
56546.9 2.94243e-15 4.03198e-18 u
56547.9 2.77879e-15 3.98942e-18 u
56548.9 2.6242e-15 3.95312e-18 u
56549.9 2.47814e-15 3.91993e-18 u
56550.9 2.34016e-15 3.88748e-18 u
56551.9 2.20981e-15 3.85406e-18 u
56552.9 2.08667e-15 3.81846e-18 u
56553.9 1.97034e-15 3.77988e-18 u
56554.9 1.86046e-15 3.73782e-18 u
56555.9 1.75666e-15 3.69205e-18 u
56556.9 1.65862e-15 3.6425e-18 u
56557.9 1.56601e-15 3.58925e-18 u
56558.9 1.47853e-15 3.53244e-18 u
56559.9 1.39591e-15 3.47233e-18 u
56560.9 1.31787e-15 3.40918e-18 u
56561.9 1.24417e-15 3.34329e-18 u
56562.9 1.17456e-15 3.275e-18 u
56563.9 1.10882e-15 3.20461e-18 u
56564.9 1.04673e-15 3.13245e-18 u
56565.9 9.88091e-16 3.05884e-18 u
56566.9 9.32718e-16 2.98407e-18 u
56567.9 8.80426e-16 2.90843e-18 u
56568.9 8.31045e-16 2.83218e-18 u
56569.9 7.84415e-16 2.75559e-18 u
56570.9 7.40384e-16 2.67888e-18 u
56571.9 6.98807e-16 2.60227e-18 u
56572.9 6.59548e-16 2.52595e-18 u
56573.9 6.2248e-16 2.45011e-18 u
56574.9 5.8748e-16 2.37491e-18 u
56575.9 5.54435e-16 2.3005e-18 u
56576.9 5.23236e-16 2.227e-18 u
56577.9 4.9378e-16 2.15454e-18 u
56578.9 4.65971e-16 2.08322e-18 u
56579.9 4.39717e-16 2.01313e-18 u
56580.9 4.14932e-16 1.94434e-18 u
56581.9 3.91535e-16 1.87692e-18 u
56582.9 3.69447e-16 1.81093e-18 u
56583.9 3.48597e-16 1.74642e-18 u
56584.9 3.28916e-16 1.68342e-18 u
56585.9 3.10338e-16 1.62196e-18 u
56586.9 2.92802e-16 1.56207e-18 u
56587.9 2.7625e-16 1.50376e-18 u
56588.9 2.60627e-16 1.44703e-18 u
56589.9 2.45882e-16 1.39191e-18 u
56590.9 2.31965e-16 1.33837e-18 u
56591.9 2.1883e-16 1.28642e-18 u
56592.9 2.06434e-16 1.23605e-18 u
56593.9 1.94735e-16 1.18725e-18 u
56594.9 1.83695e-16 1.13998e-18 u
56595.9 1.73276e-16 1.09425e-18 u
56596.9 1.63444e-16 1.05002e-18 u
56597.9 1.54166e-16 1.00727e-18 u
56598.9 1.45411e-16 9.65973e-19 u
56599.9 1.3715e-16 9.26103e-19 u
56600.9 1.29355e-16 8.8763e-19 u
56601.9 1.22e-16 8.50523e-19 u
56602.9 1.1506e-16 8.14751e-19 u
56603.9 1.08512e-16 7.80281e-19 u
56604.9 1.02335e-16 7.47082e-19 u
56605.9 9.65064e-17 7.1512e-19 u
56606.9 9.10077e-17 6.84362e-19 u
56607.9 8.58201e-17 6.54774e-19 u
56608.9 8.09263e-17 6.26322e-19 u
56609.9 7.63096e-17 5.98974e-19 u
56610.9 7.19544e-17 5.72695e-19 u
56611.9 6.78462e-17 5.47454e-19 u
56612.9 6.39709e-17 5.23217e-19 u
56613.9 6.03154e-17 4.99952e-19 u
56614.9 5.68675e-17 4.77626e-19 u
56615.9 5.36153e-17 4.5621e-19 u
56616.9 5.05478e-17 4.35671e-19 u
56617.9 4.76546e-17 4.1598e-19 u
56618.9 4.49259e-17 3.97107e-19 u
56619.9 4.23524e-17 3.79023e-19 u
56620.9 3.99254e-17 3.617e-19 u
56621.9 3.76365e-17 3.45109e-19 u
56622.9 3.54779e-17 3.29225e-19 u
56623.9 3.34423e-17 3.1402e-19 u
56624.9 3.15228e-17 2.9947e-19 u
56625.9 2.97126e-17 2.85548e-19 u
56626.9 2.80058e-17 2.72232e-19 u
56627.9 2.63963e-17 2.59498e-19 u
56628.9 2.48787e-17 2.47322e-19 u
56629.9 2.34478e-17 2.35683e-19 u
56630.9 2.20987e-17 2.2456e-19 u
56631.9 2.08266e-17 2.13931e-19 u
56632.9 1.96273e-17 2.03778e-19 u
56633.9 1.84967e-17 1.94079e-19 u
56634.9 1.74307e-17 1.84818e-19 u
56635.9 1.64258e-17 1.75976e-19 u
56636.9 1.54784e-17 1.67535e-19 u
56637.9 1.45853e-17 1.59478e-19 u
56638.9 1.37434e-17 1.5179e-19 u
56639.9 1.29498e-17 1.44455e-19 u
56640.9 1.22017e-17 1.37457e-19 u
56641.9 1.14966e-17 1.30783e-19 u
56642.9 1.0832e-17 1.24419e-19 u
56643.9 1.02055e-17 1.1835e-19 u
56644.9 9.61502e-18 1.12565e-19 u
