50872.7 2.4434e-15 3.68132e-16 BessellB
50873.7 3.10198e-15 4.35434e-16 BessellB
50874.7 3.93385e-15 5.11518e-16 BessellB
50875.7 4.98132e-15 5.9589e-16 BessellB
50876.7 6.29465e-15 6.87071e-16 BessellB
50877.7 7.93192e-15 7.82168e-16 BessellB
50878.7 9.95735e-15 8.76379e-16 BessellB
50879.7 1.24375e-14 9.62562e-16 BessellB
50880.7 1.54341e-14 1.03106e-15 BessellB
50881.7 1.89918e-14 1.07012e-15 BessellB
50882.7 2.31221e-14 1.06734e-15 BessellB
50883.7 2.77834e-14 1.01249e-15 BessellB
50884.7 3.28623e-14 9.01385e-16 BessellB
50885.7 3.81647e-14 7.40049e-16 BessellB
50886.7 4.34243e-14 5.47312e-16 BessellB
50887.7 4.83354e-14 3.55846e-16 BessellB
50888.7 5.26031e-14 2.18298e-16 BessellB
50889.7 5.59976e-14 1.98366e-16 BessellB
50890.7 5.83907e-14 2.45871e-16 BessellB
50891.7 5.97654e-14 2.80715e-16 BessellB
50892.7 6.01979e-14 2.8651e-16 BessellB
50893.7 5.98247e-14 2.69683e-16 BessellB
50894.7 5.88085e-14 2.4095e-16 BessellB
50895.7 5.7311e-14 2.09634e-16 BessellB
50896.7 5.54766e-14 1.81896e-16 BessellB
50897.7 5.34248e-14 1.60549e-16 BessellB
50898.7 5.12493e-14 1.4566e-16 BessellB
50899.7 4.90207e-14 1.35684e-16 BessellB
50900.7 4.67898e-14 1.28696e-16 BessellB
50901.7 4.45924e-14 1.23166e-16 BessellB
50902.7 4.24524e-14 1.18167e-16 BessellB
50903.7 4.03853e-14 1.13258e-16 BessellB
50904.7 3.84002e-14 1.08293e-16 BessellB
50905.7 3.6502e-14 1.03274e-16 BessellB
50906.7 3.46925e-14 9.82589e-17 BessellB
50907.7 3.29712e-14 9.33144e-17 BessellB
50908.7 3.13365e-14 8.84967e-17 BessellB
50909.7 2.97857e-14 8.38453e-17 BessellB
50910.7 2.83157e-14 7.9385e-17 BessellB
50911.7 2.69229e-14 7.51293e-17 BessellB
50912.7 2.56038e-14 7.10846e-17 BessellB
50913.7 2.43547e-14 6.7253e-17 BessellB
50914.7 2.31719e-14 6.36348e-17 BessellB
50915.7 2.20519e-14 6.02296e-17 BessellB
50916.7 2.09914e-14 5.7037e-17 BessellB
50917.7 1.9987e-14 5.40561e-17 BessellB
50918.7 1.90357e-14 5.12861e-17 BessellB
50919.7 1.81345e-14 4.87249e-17 BessellB
50920.7 1.72806e-14 4.63691e-17 BessellB
50921.7 1.64713e-14 4.42134e-17 BessellB
50922.7 1.57042e-14 4.22505e-17 BessellB
50923.7 1.49768e-14 4.04705e-17 BessellB
50924.7 1.42871e-14 3.88613e-17 BessellB
50925.7 1.36327e-14 3.74087e-17 BessellB
50926.7 1.30119e-14 3.60968e-17 BessellB
50927.7 1.24226e-14 3.49085e-17 BessellB
50928.7 1.18632e-14 3.38262e-17 BessellB
50929.7 1.1332e-14 3.28321e-17 BessellB
50930.7 1.08274e-14 3.19092e-17 BessellB
50931.7 1.0348e-14 3.10414e-17 BessellB
50932.7 9.89234e-15 3.02141e-17 BessellB
50933.7 9.4592e-15 2.94144e-17 BessellB
50934.7 9.0473e-15 2.86311e-17 BessellB
50935.7 8.65551e-15 2.78551e-17 BessellB
50936.7 8.28274e-15 2.70791e-17 BessellB
50937.7 7.92795e-15 2.62976e-17 BessellB
50938.7 7.59019e-15 2.55069e-17 BessellB
50939.7 7.26854e-15 2.47049e-17 BessellB
50940.7 6.96214e-15 2.3891e-17 BessellB
50941.7 6.6702e-15 2.30657e-17 BessellB
50942.7 6.39193e-15 2.22312e-17 BessellB
50943.7 6.12664e-15 2.13904e-17 BessellB
50944.7 5.87363e-15 2.05476e-17 BessellB
50945.7 5.63228e-15 1.97079e-17 BessellB
50946.7 5.40197e-15 1.88774e-17 BessellB
50947.7 5.18214e-15 1.80631e-17 BessellB
50948.7 4.97226e-15 1.7273e-17 BessellB
50949.7 4.77181e-15 1.65157e-17 BessellB
50950.7 4.58032e-15 1.58007e-17 BessellB
50951.7 4.39733e-15 1.51381e-17 BessellB
50952.7 4.22243e-15 1.45382e-17 BessellB
50953.7 4.0552e-15 1.40114e-17 BessellB
50954.7 3.89527e-15 1.35673e-17 BessellB
50955.7 3.74228e-15 1.32144e-17 BessellB
50956.7 3.59589e-15 1.29593e-17 BessellB
50957.7 3.45578e-15 1.28055e-17 BessellB
50958.7 3.32164e-15 1.27539e-17 BessellB
50959.7 3.19318e-15 1.28017e-17 BessellB
50960.7 3.07014e-15 1.29431e-17 BessellB
50961.7 2.95226e-15 1.31699e-17 BessellB
50962.7 2.83929e-15 1.34721e-17 BessellB
50963.7 2.73101e-15 1.38388e-17 BessellB
50964.7 2.62719e-15 1.42588e-17 BessellB
50965.7 2.52762e-15 1.47214e-17 BessellB
50966.7 2.43212e-15 1.52166e-17 BessellB
50967.7 2.3405e-15 1.57353e-17 BessellB
50968.7 2.25258e-15 1.62695e-17 BessellB
50969.7 2.16819e-15 1.68119e-17 BessellB
50970.7 2.08717e-15 1.73567e-17 BessellB
50971.7 2.00938e-15 1.78985e-17 BessellB
50972.7 1.93467e-15 1.84329e-17 BessellB
50973.7 1.8629e-15 1.89561e-17 BessellB
50974.7 1.79396e-15 1.9465e-17 BessellB
50975.7 1.7277e-15 1.99571e-17 BessellB
50976.7 1.66403e-15 2.043e-17 BessellB
50977.7 1.60282e-15 2.08821e-17 BessellB
50978.7 1.54397e-15 2.1312e-17 BessellB
50979.7 1.48738e-15 2.17185e-17 BessellB
50980.7 1.43296e-15 2.21007e-17 BessellB
50981.7 1.38062e-15 2.2458e-17 BessellB
50982.7 1.33027e-15 2.279e-17 BessellB
50983.7 1.28182e-15 2.30964e-17 BessellB
50984.7 1.2352e-15 2.33771e-17 BessellB
50985.7 1.19034e-15 2.3632e-17 BessellB
50986.7 1.14715e-15 2.38614e-17 BessellB
50987.7 1.10558e-15 2.40654e-17 BessellB
50883.1 1.93489e-14 2.13558e-16 BessellI
50884.1 1.9155e-14 2.02792e-16 BessellI
50885.1 1.89582e-14 1.9231e-16 BessellI
50886.1 1.87586e-14 1.82115e-16 BessellI
50887.1 1.85562e-14 1.72211e-16 BessellI
50888.1 1.83511e-14 1.62602e-16 BessellI
50889.1 1.81432e-14 1.53291e-16 BessellI
50890.1 1.79327e-14 1.44283e-16 BessellI
50891.1 1.77196e-14 1.35582e-16 BessellI
50892.1 1.7504e-14 1.27191e-16 BessellI
50893.1 1.72858e-14 1.19117e-16 BessellI
50894.1 1.70653e-14 1.11363e-16 BessellI
50895.1 1.68423e-14 1.03934e-16 BessellI
50896.1 1.66171e-14 9.68376e-17 BessellI
50897.1 1.63896e-14 9.00794e-17 BessellI
50898.1 1.61599e-14 8.36668e-17 BessellI
50899.1 1.59282e-14 7.7608e-17 BessellI
50900.1 1.56944e-14 7.19124e-17 BessellI
50901.1 1.54587e-14 6.659e-17 BessellI
50902.1 1.52212e-14 6.16519e-17 BessellI
50903.1 1.49819e-14 5.71099e-17 BessellI
50904.1 1.47409e-14 5.29759e-17 BessellI
50905.1 1.44984e-14 4.92609e-17 BessellI
50906.1 1.42543e-14 4.59743e-17 BessellI
50907.1 1.4009e-14 4.31212e-17 BessellI
50908.1 1.37623e-14 4.07011e-17 BessellI
50909.1 1.35145e-14 3.87051e-17 BessellI
50910.1 1.32656e-14 3.71147e-17 BessellI
50911.1 1.30158e-14 3.59007e-17 BessellI
50912.1 1.27651e-14 3.50242e-17 BessellI
50913.1 1.25138e-14 3.44382e-17 BessellI
50914.1 1.22619e-14 3.40916e-17 BessellI
50915.1 1.20095e-14 3.39314e-17 BessellI
50916.1 1.17569e-14 3.3907e-17 BessellI
50917.1 1.1504e-14 3.39713e-17 BessellI
50918.1 1.12512e-14 3.4083e-17 BessellI
50919.1 1.09984e-14 3.42064e-17 BessellI
50920.1 1.07459e-14 3.43121e-17 BessellI
50921.1 1.04938e-14 3.43759e-17 BessellI
50922.1 1.02422e-14 3.4379e-17 BessellI
50923.1 9.99133e-15 3.43068e-17 BessellI
50924.1 9.74133e-15 3.41486e-17 BessellI
50925.1 9.49235e-15 3.3897e-17 BessellI
50926.1 9.24456e-15 3.35475e-17 BessellI
50927.1 8.99812e-15 3.30983e-17 BessellI
50928.1 8.7532e-15 3.25495e-17 BessellI
50929.1 8.50997e-15 3.19036e-17 BessellI
50930.1 8.26861e-15 3.1165e-17 BessellI
50931.1 8.02929e-15 3.03397e-17 BessellI
50932.1 7.79219e-15 2.94358e-17 BessellI
50933.1 7.55749e-15 2.84632e-17 BessellI
50934.1 7.32537e-15 2.74338e-17 BessellI
50935.1 7.09601e-15 2.63615e-17 BessellI
50936.1 6.8696e-15 2.52627e-17 BessellI
50937.1 6.64633e-15 2.41561e-17 BessellI
50938.1 6.42638e-15 2.3063e-17 BessellI
50939.1 6.20995e-15 2.20073e-17 BessellI
50940.1 5.99721e-15 2.10154e-17 BessellI
50941.1 5.78837e-15 2.01153e-17 BessellI
50942.1 5.58361e-15 1.93351e-17 BessellI
50943.1 5.38311e-15 1.87016e-17 BessellI
50944.1 5.18708e-15 1.82368e-17 BessellI
50945.1 4.9957e-15 1.79549e-17 BessellI
50946.1 4.80916e-15 1.786e-17 BessellI
50947.1 4.62764e-15 1.7944e-17 BessellI
50948.1 4.45135e-15 1.81874e-17 BessellI
50949.1 4.28045e-15 1.85614e-17 BessellI
50950.1 4.11514e-15 1.90308e-17 BessellI
50951.1 3.95559e-15 1.9557e-17 BessellI
50952.1 3.802e-15 2.01006e-17 BessellI
50953.1 3.65453e-15 2.06233e-17 BessellI
50954.1 3.51336e-15 2.10888e-17 BessellI
50955.1 3.37867e-15 2.14632e-17 BessellI
50956.1 3.25061e-15 2.17159e-17 BessellI
50957.1 3.12937e-15 2.18196e-17 BessellI
50958.1 3.0151e-15 2.1751e-17 BessellI
50959.1 2.90795e-15 2.14922e-17 BessellI
50960.1 2.80809e-15 2.10325e-17 BessellI
50961.1 2.71566e-15 2.03724e-17 BessellI
50962.1 2.6308e-15 1.95294e-17 BessellI
50963.1 2.55366e-15 1.85489e-17 BessellI
50964.1 2.48436e-15 1.75215e-17 BessellI
50965.1 2.42304e-15 1.66078e-17 BessellI
50966.1 2.36982e-15 1.60635e-17 BessellI
50967.1 2.32481e-15 1.62301e-17 BessellI
50968.1 2.28812e-15 1.7444e-17 BessellI
50969.1 2.25987e-15 1.98991e-17 BessellI
50970.1 2.24013e-15 2.3603e-17 BessellI
50971.1 2.22901e-15 2.84626e-17 BessellI
50972.1 2.22658e-15 3.43759e-17 BessellI
50973.1 2.23292e-15 4.12705e-17 BessellI
50974.1 2.2481e-15 4.91062e-17 BessellI
50975.1 2.27218e-15 5.78672e-17 BessellI
50976.1 2.30521e-15 6.75544e-17 BessellI
50977.1 2.34723e-15 7.81795e-17 BessellI
50978.1 2.39829e-15 8.97616e-17 BessellI
50979.1 2.4584e-15 1.02324e-16 BessellI
50980.1 2.52759e-15 1.15895e-16 BessellI
50981.1 2.60587e-15 1.30502e-16 BessellI
50982.1 2.69324e-15 1.46177e-16 BessellI
50983.1 2.7897e-15 1.6295e-16 BessellI
50984.1 2.89523e-15 1.80854e-16 BessellI
50985.1 3.00982e-15 1.99921e-16 BessellI
50986.1 3.13342e-15 2.20183e-16 BessellI
50987.1 3.26601e-15 2.41673e-16 BessellI
50871 2.02326e-14 8.30655e-16 BessellR
50872 2.08149e-14 7.89224e-16 BessellR
50873 2.13887e-14 7.45746e-16 BessellR
50874 2.19512e-14 7.00513e-16 BessellR
50875 2.24994e-14 6.5386e-16 BessellR
50876 2.30302e-14 6.06161e-16 BessellR
50877 2.35407e-14 5.57825e-16 BessellR
50878 2.40276e-14 5.09293e-16 BessellR
50879 2.4488e-14 4.61033e-16 BessellR
50880 2.49188e-14 4.13534e-16 BessellR
50881 2.53171e-14 3.67305e-16 BessellR
50882 2.56803e-14 3.22871e-16 BessellR
50883 2.6006e-14 2.80778e-16 BessellR
50884 2.62917e-14 2.41599e-16 BessellR
50885 2.65357e-14 2.05946e-16 BessellR
50886 2.67362e-14 1.74493e-16 BessellR
50887 2.68922e-14 1.47974e-16 BessellR
50888 2.70026e-14 1.27126e-16 BessellR
50889 2.70671e-14 1.12478e-16 BessellR
50890 2.70856e-14 1.0398e-16 BessellR
50891 2.70585e-14 1.0071e-16 BessellR
50892 2.69864e-14 1.01066e-16 BessellR
50893 2.68704e-14 1.0333e-16 BessellR
50894 2.6712e-14 1.06118e-16 BessellR
50895 2.65129e-14 1.08509e-16 BessellR
50896 2.62751e-14 1.09972e-16 BessellR
50897 2.60008e-14 1.10259e-16 BessellR
50898 2.56925e-14 1.09304e-16 BessellR
50899 2.53527e-14 1.07161e-16 BessellR
50900 2.4984e-14 1.03958e-16 BessellR
50901 2.45892e-14 9.98645e-17 BessellR
50902 2.4171e-14 9.50761e-17 BessellR
50903 2.37322e-14 8.97971e-17 BessellR
50904 2.32754e-14 8.42326e-17 BessellR
50905 2.28033e-14 7.85817e-17 BessellR
50906 2.23184e-14 7.30325e-17 BessellR
50907 2.18231e-14 6.77573e-17 BessellR
50908 2.13198e-14 6.29075e-17 BessellR
50909 2.08105e-14 5.86078e-17 BessellR
50910 2.02973e-14 5.49487e-17 BessellR
50911 1.9782e-14 5.19784e-17 BessellR
50912 1.92664e-14 4.96978e-17 BessellR
50913 1.8752e-14 4.80607e-17 BessellR
50914 1.82403e-14 4.69815e-17 BessellR
50915 1.77324e-14 4.63487e-17 BessellR
50916 1.72296e-14 4.60414e-17 BessellR
50917 1.67328e-14 4.59431e-17 BessellR
50918 1.62429e-14 4.59514e-17 BessellR
50919 1.57606e-14 4.59828e-17 BessellR
50920 1.52867e-14 4.59733e-17 BessellR
50921 1.48216e-14 4.58771e-17 BessellR
50922 1.43659e-14 4.56639e-17 BessellR
50923 1.39199e-14 4.53161e-17 BessellR
50924 1.34838e-14 4.48259e-17 BessellR
50925 1.3058e-14 4.41934e-17 BessellR
50926 1.26425e-14 4.34241e-17 BessellR
50927 1.22375e-14 4.25275e-17 BessellR
50928 1.18431e-14 4.15159e-17 BessellR
50929 1.14593e-14 4.04036e-17 BessellR
50930 1.1086e-14 3.92058e-17 BessellR
50931 1.07231e-14 3.79381e-17 BessellR
50932 1.03707e-14 3.66163e-17 BessellR
50933 1.00285e-14 3.52561e-17 BessellR
50934 9.69652e-15 3.38724e-17 BessellR
50935 9.37447e-15 3.24798e-17 BessellR
50936 9.06223e-15 3.10922e-17 BessellR
50937 8.75962e-15 2.97224e-17 BessellR
50938 8.46644e-15 2.83828e-17 BessellR
50939 8.18248e-15 2.70848e-17 BessellR
50940 7.90754e-15 2.5839e-17 BessellR
50941 7.6414e-15 2.46549e-17 BessellR
50942 7.38384e-15 2.35412e-17 BessellR
50943 7.13463e-15 2.25056e-17 BessellR
50944 6.89356e-15 2.15546e-17 BessellR
50945 6.6604e-15 2.06932e-17 BessellR
50946 6.43493e-15 1.99251e-17 BessellR
50947 6.21693e-15 1.92524e-17 BessellR
50948 6.00618e-15 1.86752e-17 BessellR
50949 5.80247e-15 1.81921e-17 BessellR
50950 5.60558e-15 1.77998e-17 BessellR
50951 5.4153e-15 1.74934e-17 BessellR
50952 5.23143e-15 1.72664e-17 BessellR
50953 5.05377e-15 1.71114e-17 BessellR
50954 4.88212e-15 1.70202e-17 BessellR
50955 4.71629e-15 1.69842e-17 BessellR
50956 4.55609e-15 1.6995e-17 BessellR
50957 4.40133e-15 1.7044e-17 BessellR
50958 4.25185e-15 1.71236e-17 BessellR
50959 4.10746e-15 1.72265e-17 BessellR
50960 3.968e-15 1.73461e-17 BessellR
50961 3.8333e-15 1.74768e-17 BessellR
50962 3.70321e-15 1.76136e-17 BessellR
50963 3.57756e-15 1.77522e-17 BessellR
50964 3.45622e-15 1.7889e-17 BessellR
50965 3.33903e-15 1.80212e-17 BessellR
50966 3.22586e-15 1.81461e-17 BessellR
50967 3.11656e-15 1.82618e-17 BessellR
50968 3.01101e-15 1.83669e-17 BessellR
50969 2.90907e-15 1.84601e-17 BessellR
50970 2.81063e-15 1.85406e-17 BessellR
50971 2.71556e-15 1.86077e-17 BessellR
50972 2.62375e-15 1.86611e-17 BessellR
50973 2.53509e-15 1.87005e-17 BessellR
50974 2.44947e-15 1.8726e-17 BessellR
50975 2.36678e-15 1.87375e-17 BessellR
50976 2.28692e-15 1.87354e-17 BessellR
50977 2.20979e-15 1.87198e-17 BessellR
50978 2.13531e-15 1.86912e-17 BessellR
50979 2.06338e-15 1.86499e-17 BessellR
50980 1.9939e-15 1.85964e-17 BessellR
50981 1.9268e-15 1.85312e-17 BessellR
50982 1.862e-15 1.84548e-17 BessellR
50983 1.79941e-15 1.83676e-17 BessellR
50984 1.73896e-15 1.82703e-17 BessellR
50985 1.68057e-15 1.81634e-17 BessellR
50986 1.62418e-15 1.80473e-17 BessellR
50987 1.5697e-15 1.79227e-17 BessellR
50988 1.51709e-15 1.77901e-17 BessellR
50872.5 4.03978e-14 1.41414e-15 BessellV
50873.5 4.09674e-14 1.32463e-15 BessellV
50874.5 4.14988e-14 1.2334e-15 BessellV
50875.5 4.19881e-14 1.14103e-15 BessellV
50876.5 4.24316e-14 1.04816e-15 BessellV
50877.5 4.28256e-14 9.55477e-16 BessellV
50878.5 4.31664e-14 8.63698e-16 BessellV
50879.5 4.34507e-14 7.73557e-16 BessellV
50880.5 4.36756e-14 6.85806e-16 BessellV
50881.5 4.38383e-14 6.01203e-16 BessellV
50882.5 4.39366e-14 5.20511e-16 BessellV
50883.5 4.39687e-14 4.44505e-16 BessellV
50884.5 4.39332e-14 3.73989e-16 BessellV
50885.5 4.38294e-14 3.0984e-16 BessellV
50886.5 4.36572e-14 2.53082e-16 BessellV
50887.5 4.34168e-14 2.05007e-16 BessellV
50888.5 4.31091e-14 1.67259e-16 BessellV
50889.5 4.27358e-14 1.41583e-16 BessellV
50890.5 4.22988e-14 1.28699e-16 BessellV
50891.5 4.18008e-14 1.26777e-16 BessellV
50892.5 4.12446e-14 1.31767e-16 BessellV
50893.5 4.06339e-14 1.3956e-16 BessellV
50894.5 3.99724e-14 1.47329e-16 BessellV
50895.5 3.92641e-14 1.53511e-16 BessellV
50896.5 3.85135e-14 1.5738e-16 BessellV
50897.5 3.77249e-14 1.58705e-16 BessellV
50898.5 3.69031e-14 1.57539e-16 BessellV
50899.5 3.60525e-14 1.54093e-16 BessellV
50900.5 3.51778e-14 1.4867e-16 BessellV
50901.5 3.42834e-14 1.41616e-16 BessellV
50902.5 3.33737e-14 1.33297e-16 BessellV
50903.5 3.24529e-14 1.24083e-16 BessellV
50904.5 3.1525e-14 1.14331e-16 BessellV
50905.5 3.05936e-14 1.04388e-16 BessellV
50906.5 2.96624e-14 9.45821e-17 BessellV
50907.5 2.87344e-14 8.52253e-17 BessellV
50908.5 2.78126e-14 7.66104e-17 BessellV
50909.5 2.68997e-14 6.90069e-17 BessellV
50910.5 2.59979e-14 6.26458e-17 BessellV
50911.5 2.51096e-14 5.76923e-17 BessellV
50912.5 2.42363e-14 5.42078e-17 BessellV
50913.5 2.33798e-14 5.21206e-17 BessellV
50914.5 2.25414e-14 5.12286e-17 BessellV
50915.5 2.17222e-14 5.12435e-17 BessellV
50916.5 2.09231e-14 5.18538e-17 BessellV
50917.5 2.01447e-14 5.27773e-17 BessellV
50918.5 1.93878e-14 5.37879e-17 BessellV
50919.5 1.86526e-14 5.47198e-17 BessellV
50920.5 1.79393e-14 5.54611e-17 BessellV
50921.5 1.72482e-14 5.59423e-17 BessellV
50922.5 1.65792e-14 5.61262e-17 BessellV
50923.5 1.59321e-14 5.59986e-17 BessellV
50924.5 1.53069e-14 5.5562e-17 BessellV
50925.5 1.47033e-14 5.48301e-17 BessellV
50926.5 1.41209e-14 5.3824e-17 BessellV
50927.5 1.35593e-14 5.25696e-17 BessellV
50928.5 1.30182e-14 5.10959e-17 BessellV
50929.5 1.24971e-14 4.94327e-17 BessellV
50930.5 1.19955e-14 4.76103e-17 BessellV
50931.5 1.15128e-14 4.56586e-17 BessellV
50932.5 1.10487e-14 4.36063e-17 BessellV
50933.5 1.06024e-14 4.14809e-17 BessellV
50934.5 1.01735e-14 3.93083e-17 BessellV
50935.5 9.76149e-15 3.7113e-17 BessellV
50936.5 9.36571e-15 3.49179e-17 BessellV
50937.5 8.98567e-15 3.27444e-17 BessellV
50938.5 8.6208e-15 3.06124e-17 BessellV
50939.5 8.27057e-15 2.85408e-17 BessellV
50940.5 7.93446e-15 2.65474e-17 BessellV
50941.5 7.61195e-15 2.46493e-17 BessellV
50942.5 7.30252e-15 2.28628e-17 BessellV
50943.5 7.00568e-15 2.12037e-17 BessellV
50944.5 6.72095e-15 1.96869e-17 BessellV
50945.5 6.44786e-15 1.83267e-17 BessellV
50946.5 6.18595e-15 1.71355e-17 BessellV
50947.5 5.93478e-15 1.61233e-17 BessellV
50948.5 5.69391e-15 1.5296e-17 BessellV
50949.5 5.46295e-15 1.46544e-17 BessellV
50950.5 5.24149e-15 1.41933e-17 BessellV
50951.5 5.02913e-15 1.39004e-17 BessellV
50952.5 4.82552e-15 1.37582e-17 BessellV
50953.5 4.63029e-15 1.37447e-17 BessellV
50954.5 4.44309e-15 1.38362e-17 BessellV
50955.5 4.26361e-15 1.40087e-17 BessellV
50956.5 4.09151e-15 1.42402e-17 BessellV
50957.5 3.92649e-15 1.4511e-17 BessellV
50958.5 3.76825e-15 1.48047e-17 BessellV
50959.5 3.61652e-15 1.51077e-17 BessellV
50960.5 3.47103e-15 1.54091e-17 BessellV
50961.5 3.33151e-15 1.57005e-17 BessellV
50962.5 3.19771e-15 1.59757e-17 BessellV
50963.5 3.06939e-15 1.62299e-17 BessellV
50964.5 2.94633e-15 1.64598e-17 BessellV
50965.5 2.82831e-15 1.66633e-17 BessellV
50966.5 2.71511e-15 1.68389e-17 BessellV
50967.5 2.60653e-15 1.6986e-17 BessellV
50968.5 2.50239e-15 1.71046e-17 BessellV
50969.5 2.40249e-15 1.71949e-17 BessellV
50970.5 2.30666e-15 1.72576e-17 BessellV
50971.5 2.21472e-15 1.72936e-17 BessellV
50972.5 2.12653e-15 1.73038e-17 BessellV
50973.5 2.04191e-15 1.72896e-17 BessellV
50974.5 1.96072e-15 1.72523e-17 BessellV
50975.5 1.88282e-15 1.71931e-17 BessellV
50976.5 1.80807e-15 1.71135e-17 BessellV
50977.5 1.73635e-15 1.70148e-17 BessellV
50978.5 1.66752e-15 1.68985e-17 BessellV
50979.5 1.60146e-15 1.6766e-17 BessellV
50980.5 1.53807e-15 1.66185e-17 BessellV
50981.5 1.47723e-15 1.64574e-17 BessellV
50982.5 1.41883e-15 1.6284e-17 BessellV
50983.5 1.36278e-15 1.60995e-17 BessellV
50984.5 1.30898e-15 1.5905e-17 BessellV
50985.5 1.25733e-15 1.57017e-17 BessellV
50986.5 1.20775e-15 1.54906e-17 BessellV
50987.5 1.16015e-15 1.52727e-17 BessellV
