56485.9 2.21409e-15 8.41955e-17 BessellU
56486.9 2.77883e-15 9.89185e-17 BessellU
56487.9 3.48501e-15 1.15577e-16 BessellU
56488.9 4.36682e-15 1.34178e-16 BessellU
56489.9 5.46593e-15 1.54604e-16 BessellU
56490.9 6.83262e-15 1.76547e-16 BessellU
56491.9 8.5267e-15 1.9943e-16 BessellU
56492.9 1.06177e-14 2.2231e-16 BessellU
56493.9 1.31837e-14 2.4377e-16 BessellU
56494.9 1.6308e-14 2.61842e-16 BessellU
56495.9 2.00715e-14 2.74014e-16 BessellU
56496.9 2.45385e-14 2.7744e-16 BessellU
56497.9 2.97356e-14 2.69555e-16 BessellU
56498.9 3.56199e-14 2.4938e-16 BessellU
56499.9 4.20431e-14 2.19816e-16 BessellU
56500.9 4.87196e-14 1.90649e-16 BessellU
56501.9 5.52187e-14 1.77767e-16 BessellU
56502.9 6.1004e-14 1.88177e-16 BessellU
56503.9 6.55275e-14 2.07854e-16 BessellU
56504.9 6.83581e-14 2.18393e-16 BessellU
56505.9 6.92909e-14 2.11355e-16 BessellU
56506.9 6.83866e-14 1.88334e-16 BessellU
56507.9 6.59258e-14 1.56333e-16 BessellU
56508.9 6.23111e-14 1.23136e-16 BessellU
56509.9 5.79649e-14 9.44025e-17 BessellU
56510.9 5.3259e-14 7.27136e-17 BessellU
56511.9 4.84812e-14 5.79014e-17 BessellU
56512.9 4.38325e-14 4.81245e-17 BessellU
56513.9 3.94392e-14 4.1257e-17 BessellU
56514.9 3.53711e-14 3.58256e-17 BessellU
56515.9 3.1658e-14 3.11338e-17 BessellU
56516.9 2.83036e-14 2.69757e-17 BessellU
56517.9 2.52956e-14 2.33548e-17 BessellU
56518.9 2.26127e-14 2.03205e-17 BessellU
56519.9 2.02291e-14 1.78928e-17 BessellU
56520.9 1.81173e-14 1.60374e-17 BessellU
56521.9 1.62503e-14 1.46679e-17 BessellU
56522.9 1.46021e-14 1.36675e-17 BessellU
56523.9 1.31487e-14 1.29162e-17 BessellU
56524.9 1.18678e-14 1.23118e-17 BessellU
56525.9 1.07395e-14 1.178e-17 BessellU
56526.9 9.74576e-15 1.12737e-17 BessellU
56527.9 8.87038e-15 1.07675e-17 BessellU
56528.9 8.09901e-15 1.02509e-17 BessellU
56529.9 7.41891e-15 9.72342e-18 BessellU
56530.9 6.81875e-15 9.1897e-18 BessellU
56531.9 6.28858e-15 8.6571e-18 BessellU
56532.9 5.81956e-15 8.13376e-18 BessellU
56533.9 5.40395e-15 7.62748e-18 BessellU
56534.9 5.03494e-15 7.14503e-18 BessellU
56535.9 4.70653e-15 6.69183e-18 BessellU
56536.9 4.41348e-15 6.27174e-18 BessellU
56537.9 4.15119e-15 5.88707e-18 BessellU
56538.9 3.91566e-15 5.5386e-18 BessellU
56539.9 3.70338e-15 5.22575e-18 BessellU
56540.9 3.5113e-15 4.94675e-18 BessellU
56541.9 3.33676e-15 4.6989e-18 BessellU
56542.9 3.17746e-15 4.47882e-18 BessellU
56543.9 3.0314e-15 4.28279e-18 BessellU
56544.9 2.89684e-15 4.10696e-18 BessellU
56545.9 2.7723e-15 3.9476e-18 BessellU
56546.9 2.65648e-15 3.80128e-18 BessellU
56547.9 2.54828e-15 3.66498e-18 BessellU
56548.9 2.44674e-15 3.53615e-18 BessellU
56549.9 2.35105e-15 3.41272e-18 BessellU
56550.9 2.26052e-15 3.29309e-18 BessellU
56551.9 2.17453e-15 3.17609e-18 BessellU
56552.9 2.0926e-15 3.06091e-18 BessellU
56553.9 2.01429e-15 2.94705e-18 BessellU
56554.9 1.93924e-15 2.83429e-18 BessellU
56555.9 1.86713e-15 2.72259e-18 BessellU
56556.9 1.79771e-15 2.61206e-18 BessellU
56557.9 1.73077e-15 2.50295e-18 BessellU
56558.9 1.66612e-15 2.39556e-18 BessellU
56559.9 1.6036e-15 2.29024e-18 BessellU
56560.9 1.54309e-15 2.18739e-18 BessellU
56561.9 1.48448e-15 2.08738e-18 BessellU
56562.9 1.42768e-15 1.99058e-18 BessellU
56563.9 1.37261e-15 1.89736e-18 BessellU
56564.9 1.31921e-15 1.80802e-18 BessellU
56565.9 1.26743e-15 1.72283e-18 BessellU
56566.9 1.21721e-15 1.64203e-18 BessellU
56567.9 1.16852e-15 1.5658e-18 BessellU
56568.9 1.12132e-15 1.49425e-18 BessellU
56569.9 1.07559e-15 1.42744e-18 BessellU
56570.9 1.03128e-15 1.36539e-18 BessellU
56571.9 9.88377e-16 1.30803e-18 BessellU
56572.9 9.46854e-16 1.25526e-18 BessellU
56573.9 9.06685e-16 1.20691e-18 BessellU
56574.9 8.67847e-16 1.16278e-18 BessellU
56575.9 8.30315e-16 1.12262e-18 BessellU
56576.9 7.94067e-16 1.08613e-18 BessellU
56577.9 7.59079e-16 1.05301e-18 BessellU
56578.9 7.25325e-16 1.02293e-18 BessellU
56579.9 6.92783e-16 9.95548e-19 BessellU
56580.9 6.61427e-16 9.70542e-19 BessellU
56581.9 6.31232e-16 9.47585e-19 BessellU
56582.9 6.02172e-16 9.26367e-19 BessellU
56583.9 5.7422e-16 9.06603e-19 BessellU
56584.9 5.47351e-16 8.88029e-19 BessellU
56585.9 5.21537e-16 8.70408e-19 BessellU
56586.9 4.9675e-16 8.53532e-19 BessellU
56587.9 4.72964e-16 8.37218e-19 BessellU
56588.9 4.5015e-16 8.21312e-19 BessellU
56589.9 4.28281e-16 8.05684e-19 BessellU
56590.9 4.07329e-16 7.90227e-19 BessellU
56591.9 3.87265e-16 7.74855e-19 BessellU
56592.9 3.68063e-16 7.59503e-19 BessellU
56593.9 3.49694e-16 7.44121e-19 BessellU
56594.9 3.32132e-16 7.28673e-19 BessellU
56595.9 3.15348e-16 7.13138e-19 BessellU
56596.9 2.99316e-16 6.97503e-19 BessellU
56597.9 2.84009e-16 6.81766e-19 BessellU
56598.9 2.69402e-16 6.65931e-19 BessellU
56599.9 2.55469e-16 6.50008e-19 BessellU
56600.9 2.42184e-16 6.34012e-19 BessellU
56601.9 2.29522e-16 6.17963e-19 BessellU
56602.9 2.1746e-16 6.01881e-19 BessellU
56603.9 2.05974e-16 5.8579e-19 BessellU
56604.9 1.9504e-16 5.69714e-19 BessellU
56605.9 1.84637e-16 5.53678e-19 BessellU
56606.9 1.74742e-16 5.37707e-19 BessellU
56607.9 1.65334e-16 5.21826e-19 BessellU
56608.9 1.56392e-16 5.0606e-19 BessellU
56609.9 1.47897e-16 4.90431e-19 BessellU
56610.9 1.39828e-16 4.74962e-19 BessellU
56611.9 1.32168e-16 4.59674e-19 BessellU
56612.9 1.24897e-16 4.44586e-19 BessellU
56613.9 1.17999e-16 4.29718e-19 BessellU
56614.9 1.11456e-16 4.15085e-19 BessellU
56615.9 1.05252e-16 4.00703e-19 BessellU
56616.9 9.9371e-17 3.86586e-19 BessellU
56617.9 9.37984e-17 3.72746e-19 BessellU
56618.9 8.85194e-17 3.59193e-19 BessellU
56619.9 8.35199e-17 3.45938e-19 BessellU
56620.9 7.87865e-17 3.32987e-19 BessellU
56621.9 7.43063e-17 3.20349e-19 BessellU
56622.9 7.00668e-17 3.08026e-19 BessellU
56623.9 6.60563e-17 2.96025e-19 BessellU
56624.9 6.22634e-17 2.84348e-19 BessellU
56625.9 5.86771e-17 2.72996e-19 BessellU
56626.9 5.52872e-17 2.61972e-19 BessellU
56627.9 5.20835e-17 2.51273e-19 BessellU
56628.9 4.90566e-17 2.40901e-19 BessellU
56485.9 8.89569e-15 9.8305e-18 BessellI
56486.9 9.00386e-15 9.76455e-18 BessellI
56487.9 9.11205e-15 9.69532e-18 BessellI
56488.9 9.2202e-15 9.62285e-18 BessellI
56489.9 9.32825e-15 9.54718e-18 BessellI
56490.9 9.43616e-15 9.46839e-18 BessellI
56491.9 9.54387e-15 9.38655e-18 BessellI
56492.9 9.6513e-15 9.30173e-18 BessellI
56493.9 9.75841e-15 9.21403e-18 BessellI
56494.9 9.86512e-15 9.12356e-18 BessellI
56495.9 9.97138e-15 9.03043e-18 BessellI
56496.9 1.00771e-14 8.93478e-18 BessellI
56497.9 1.01822e-14 8.83676e-18 BessellI
56498.9 1.02867e-14 8.73651e-18 BessellI
56499.9 1.03904e-14 8.63424e-18 BessellI
56500.9 1.04933e-14 8.53011e-18 BessellI
56501.9 1.05953e-14 8.42436e-18 BessellI
56502.9 1.06963e-14 8.31722e-18 BessellI
56503.9 1.07962e-14 8.20892e-18 BessellI
56504.9 1.0895e-14 8.09976e-18 BessellI
56505.9 1.09925e-14 7.99001e-18 BessellI
56506.9 1.10887e-14 7.88e-18 BessellI
56507.9 1.11834e-14 7.77006e-18 BessellI
56508.9 1.12767e-14 7.66055e-18 BessellI
56509.9 1.13683e-14 7.55187e-18 BessellI
56510.9 1.14582e-14 7.44442e-18 BessellI
56511.9 1.15463e-14 7.33863e-18 BessellI
56512.9 1.16324e-14 7.23495e-18 BessellI
56513.9 1.17165e-14 7.13386e-18 BessellI
56514.9 1.17985e-14 7.03586e-18 BessellI
56515.9 1.18782e-14 6.94144e-18 BessellI
56516.9 1.19556e-14 6.85114e-18 BessellI
56517.9 1.20305e-14 6.76548e-18 BessellI
56518.9 1.21027e-14 6.685e-18 BessellI
56519.9 1.21723e-14 6.61022e-18 BessellI
56520.9 1.2239e-14 6.54168e-18 BessellI
56521.9 1.23028e-14 6.47986e-18 BessellI
56522.9 1.23634e-14 6.42525e-18 BessellI
56523.9 1.24209e-14 6.37828e-18 BessellI
56524.9 1.2475e-14 6.33935e-18 BessellI
56525.9 1.25256e-14 6.30881e-18 BessellI
56526.9 1.25727e-14 6.28693e-18 BessellI
56527.9 1.26159e-14 6.27392e-18 BessellI
56528.9 1.26554e-14 6.2699e-18 BessellI
56529.9 1.26908e-14 6.27494e-18 BessellI
56530.9 1.2722e-14 6.28898e-18 BessellI
56531.9 1.27489e-14 6.31191e-18 BessellI
56532.9 1.27715e-14 6.34351e-18 BessellI
56533.9 1.27894e-14 6.38349e-18 BessellI
56534.9 1.28027e-14 6.43147e-18 BessellI
56535.9 1.2811e-14 6.48701e-18 BessellI
56536.9 1.28144e-14 6.54958e-18 BessellI
56537.9 1.28126e-14 6.6186e-18 BessellI
56538.9 1.28056e-14 6.69344e-18 BessellI
56539.9 1.27931e-14 6.77343e-18 BessellI
56540.9 1.2775e-14 6.85786e-18 BessellI
56541.9 1.27512e-14 6.94596e-18 BessellI
56542.9 1.27215e-14 7.03698e-18 BessellI
56543.9 1.26858e-14 7.13011e-18 BessellI
56544.9 1.26439e-14 7.22455e-18 BessellI
56545.9 1.25957e-14 7.31949e-18 BessellI
56546.9 1.25411e-14 7.41408e-18 BessellI
56547.9 1.24799e-14 7.5075e-18 BessellI
56548.9 1.24119e-14 7.59891e-18 BessellI
56549.9 1.2337e-14 7.68747e-18 BessellI
56550.9 1.22552e-14 7.77232e-18 BessellI
56551.9 1.21661e-14 7.85263e-18 BessellI
56552.9 1.20698e-14 7.92756e-18 BessellI
56553.9 1.19661e-14 7.99625e-18 BessellI
56554.9 1.18548e-14 8.05788e-18 BessellI
56555.9 1.17358e-14 8.1116e-18 BessellI
56556.9 1.16091e-14 8.15658e-18 BessellI
56557.9 1.14744e-14 8.19202e-18 BessellI
56558.9 1.13317e-14 8.21711e-18 BessellI
56559.9 1.11809e-14 8.23107e-18 BessellI
56560.9 1.10219e-14 8.23316e-18 BessellI
56561.9 1.08546e-14 8.22265e-18 BessellI
56562.9 1.06789e-14 8.19889e-18 BessellI
56563.9 1.04949e-14 8.16127e-18 BessellI
56564.9 1.03024e-14 8.10924e-18 BessellI
56565.9 1.01014e-14 8.04237e-18 BessellI
56566.9 9.89201e-15 7.96029e-18 BessellI
56567.9 9.67423e-15 7.86278e-18 BessellI
56568.9 9.44815e-15 7.74973e-18 BessellI
56569.9 9.21389e-15 7.62117e-18 BessellI
56570.9 8.97163e-15 7.4773e-18 BessellI
56571.9 8.7216e-15 7.31845e-18 BessellI
56572.9 8.4641e-15 7.14514e-18 BessellI
56573.9 8.19948e-15 6.95803e-18 BessellI
56574.9 7.9282e-15 6.75791e-18 BessellI
56575.9 7.65079e-15 6.54573e-18 BessellI
56576.9 7.36788e-15 6.32253e-18 BessellI
56577.9 7.08021e-15 6.08945e-18 BessellI
56578.9 6.78862e-15 5.84771e-18 BessellI
56579.9 6.49407e-15 5.5986e-18 BessellI
56580.9 6.19763e-15 5.34352e-18 BessellI
56581.9 5.90048e-15 5.084e-18 BessellI
56582.9 5.60389e-15 4.82176e-18 BessellI
56583.9 5.30922e-15 4.55879e-18 BessellI
56584.9 5.01792e-15 4.29744e-18 BessellI
56585.9 4.73146e-15 4.04044e-18 BessellI
56586.9 4.45132e-15 3.79094e-18 BessellI
56587.9 4.17899e-15 3.55241e-18 BessellI
56588.9 3.91587e-15 3.3284e-18 BessellI
56589.9 3.66328e-15 3.12221e-18 BessellI
56590.9 3.42241e-15 2.93636e-18 BessellI
56591.9 3.19427e-15 2.77211e-18 BessellI
56592.9 2.97966e-15 2.629e-18 BessellI
56593.9 2.77918e-15 2.50476e-18 BessellI
56594.9 2.59318e-15 2.39547e-18 BessellI
56595.9 2.42176e-15 2.29617e-18 BessellI
56596.9 2.26481e-15 2.20166e-18 BessellI
56597.9 2.12197e-15 2.10722e-18 BessellI
56598.9 1.9927e-15 2.0092e-18 BessellI
56599.9 1.87629e-15 1.90542e-18 BessellI
56600.9 1.7719e-15 1.79518e-18 BessellI
56601.9 1.67859e-15 1.6792e-18 BessellI
56602.9 1.59536e-15 1.5594e-18 BessellI
56603.9 1.52118e-15 1.4386e-18 BessellI
56604.9 1.45501e-15 1.32021e-18 BessellI
56605.9 1.39585e-15 1.20792e-18 BessellI
56606.9 1.34276e-15 1.10537e-18 BessellI
56607.9 1.29484e-15 1.01577e-18 BessellI
56608.9 1.25127e-15 9.41525e-19 BessellI
56609.9 1.21132e-15 8.83847e-19 BessellI
56610.9 1.17435e-15 8.42517e-19 BessellI
56611.9 1.13977e-15 8.15934e-19 BessellI
56612.9 1.10712e-15 8.01491e-19 BessellI
56613.9 1.07596e-15 7.96166e-19 BessellI
56614.9 1.04597e-15 7.97081e-19 BessellI
56615.9 1.01686e-15 8.01872e-19 BessellI
56616.9 9.8842e-16 8.08837e-19 BessellI
56617.9 9.60471e-16 8.16916e-19 BessellI
56618.9 9.32887e-16 8.2558e-19 BessellI
56619.9 9.05576e-16 8.34684e-19 BessellI
56620.9 8.78477e-16 8.44326e-19 BessellI
56621.9 8.51555e-16 8.54721e-19 BessellI
56622.9 8.24794e-16 8.66107e-19 BessellI
56623.9 7.98194e-16 8.7867e-19 BessellI
56624.9 7.71771e-16 8.92502e-19 BessellI
56625.9 7.45546e-16 9.07584e-19 BessellI
56626.9 7.19549e-16 9.23782e-19 BessellI
56627.9 6.93815e-16 9.40867e-19 BessellI
56628.9 6.68379e-16 9.58533e-19 BessellI
56629.9 6.43281e-16 9.7643e-19 BessellI
56630.9 6.18557e-16 9.94183e-19 BessellI
56631.9 5.94245e-16 1.01142e-18 BessellI
56632.9 5.70377e-16 1.02779e-18 BessellI
56633.9 5.46988e-16 1.04296e-18 BessellI
56634.9 5.24106e-16 1.05665e-18 BessellI
56635.9 5.01758e-16 1.06864e-18 BessellI
56636.9 4.79966e-16 1.07872e-18 BessellI
56637.9 4.58751e-16 1.08674e-18 BessellI
56638.9 4.38128e-16 1.09262e-18 BessellI
56639.9 4.18112e-16 1.09628e-18 BessellI
56640.9 3.98711e-16 1.0977e-18 BessellI
56641.9 3.79934e-16 1.09689e-18 BessellI
56642.9 3.61784e-16 1.09387e-18 BessellI
56643.9 3.44263e-16 1.08872e-18 BessellI
56644.9 3.2737e-16 1.0815e-18 BessellI
56645.9 3.11103e-16 1.07231e-18 BessellI
56646.9 2.95455e-16 1.06125e-18 BessellI
56647.9 2.80421e-16 1.04844e-18 BessellI
56648.9 2.65991e-16 1.03401e-18 BessellI
56649.9 2.52156e-16 1.01808e-18 BessellI
56650.9 2.38904e-16 1.00079e-18 BessellI
56651.9 2.26222e-16 9.82265e-19 BessellI
56652.9 2.14098e-16 9.62636e-19 BessellI
56653.9 2.02517e-16 9.42033e-19 BessellI
56654.9 1.91464e-16 9.20582e-19 BessellI
56655.9 1.80923e-16 8.98407e-19 BessellI
56656.9 1.7088e-16 8.75625e-19 BessellI
56657.9 1.61318e-16 8.52348e-19 BessellI
56483.3 4.05557e-18 1.12609e-19 BessellB
56484.3 6.88698e-18 1.7998e-19 BessellB
56485.3 1.16985e-17 2.86591e-19 BessellB
56486.3 1.98784e-17 4.54431e-19 BessellB
56487.3 3.3791e-17 7.17074e-19 BessellB
56488.3 5.74653e-17 1.12513e-18 BessellB
56489.3 9.77712e-17 1.75364e-18 BessellB
56490.3 1.66425e-16 2.71132e-18 BessellB
56491.3 2.83405e-16 4.15071e-18 BessellB
56492.3 4.82742e-16 6.2755e-18 BessellB
56493.3 8.22237e-16 9.33573e-18 BessellB
56494.3 1.39944e-15 1.35906e-17 BessellB
56495.3 2.37692e-15 1.91995e-17 BessellB
56496.3 4.01872e-15 2.59854e-17 BessellB
56497.3 6.73284e-15 3.3056e-17 BessellB
56498.3 1.1089e-14 3.86036e-17 BessellB
56499.3 1.7723e-14 4.1353e-17 BessellB
56500.3 2.69728e-14 4.56322e-17 BessellB
56501.3 3.82203e-14 5.83811e-17 BessellB
56502.3 4.95019e-14 7.0517e-17 BessellB
56503.3 5.83278e-14 7.1102e-17 BessellB
56504.3 6.32834e-14 6.68968e-17 BessellB
56505.3 6.46064e-14 6.72888e-17 BessellB
56506.3 6.34173e-14 6.92064e-17 BessellB
56507.3 6.08398e-14 6.80237e-17 BessellB
56508.3 5.76534e-14 6.34362e-17 BessellB
56509.3 5.43079e-14 5.69208e-17 BessellB
56510.3 5.10333e-14 4.98902e-17 BessellB
56511.3 4.79346e-14 4.32519e-17 BessellB
56512.3 4.50515e-14 3.74718e-17 BessellB
56513.3 4.2391e-14 3.27186e-17 BessellB
56514.3 3.99451e-14 2.89783e-17 BessellB
56515.3 3.76992e-14 2.61304e-17 BessellB
56516.3 3.56367e-14 2.40014e-17 BessellB
56517.3 3.37407e-14 2.24061e-17 BessellB
56518.3 3.19952e-14 2.11771e-17 BessellB
56519.3 3.03855e-14 2.01803e-17 BessellB
56520.3 2.88981e-14 1.9319e-17 BessellB
56521.3 2.75209e-14 1.85295e-17 BessellB
56522.3 2.62428e-14 1.77741e-17 BessellB
56523.3 2.50541e-14 1.70334e-17 BessellB
56524.3 2.3946e-14 1.63005e-17 BessellB
56525.3 2.29105e-14 1.55761e-17 BessellB
56526.3 2.19406e-14 1.48654e-17 BessellB
56527.3 2.10301e-14 1.41756e-17 BessellB
56528.3 2.01734e-14 1.35146e-17 BessellB
56529.3 1.93654e-14 1.28897e-17 BessellB
56530.3 1.86018e-14 1.23071e-17 BessellB
56531.3 1.78785e-14 1.17716e-17 BessellB
56532.3 1.71921e-14 1.12859e-17 BessellB
56533.3 1.65393e-14 1.08511e-17 BessellB
56534.3 1.59175e-14 1.04663e-17 BessellB
56535.3 1.53241e-14 1.01292e-17 BessellB
56536.3 1.47568e-14 9.83578e-18 BessellB
56537.3 1.42138e-14 9.58131e-18 BessellB
56538.3 1.36932e-14 9.36029e-18 BessellB
56539.3 1.31936e-14 9.16693e-18 BessellB
56540.3 1.27134e-14 8.99551e-18 BessellB
56541.3 1.22516e-14 8.8406e-18 BessellB
56542.3 1.18069e-14 8.69723e-18 BessellB
56543.3 1.13783e-14 8.56106e-18 BessellB
56544.3 1.0965e-14 8.42839e-18 BessellB
56545.3 1.05663e-14 8.29618e-18 BessellB
56546.3 1.01812e-14 8.16203e-18 BessellB
56547.3 9.80933e-15 8.0241e-18 BessellB
56548.3 9.44995e-15 7.8811e-18 BessellB
56549.3 9.10257e-15 7.73215e-18 BessellB
56550.3 8.76671e-15 7.57679e-18 BessellB
56551.3 8.44191e-15 7.41484e-18 BessellB
56552.3 8.12778e-15 7.2464e-18 BessellB
56553.3 7.82395e-15 7.07176e-18 BessellB
56554.3 7.53005e-15 6.89138e-18 BessellB
56555.3 7.24577e-15 6.70583e-18 BessellB
56556.3 6.97081e-15 6.51576e-18 BessellB
56557.3 6.70488e-15 6.32188e-18 BessellB
56558.3 6.44771e-15 6.12492e-18 BessellB
56559.3 6.19905e-15 5.92565e-18 BessellB
56560.3 5.95865e-15 5.72482e-18 BessellB
56561.3 5.72628e-15 5.52314e-18 BessellB
56562.3 5.50171e-15 5.32134e-18 BessellB
56563.3 5.28474e-15 5.12009e-18 BessellB
56564.3 5.07515e-15 4.92002e-18 BessellB
56565.3 4.87274e-15 4.72173e-18 BessellB
56566.3 4.67731e-15 4.52578e-18 BessellB
56567.3 4.48868e-15 4.33266e-18 BessellB
56568.3 4.30665e-15 4.14284e-18 BessellB
56569.3 4.13104e-15 3.95673e-18 BessellB
56570.3 3.96167e-15 3.77469e-18 BessellB
56571.3 3.79837e-15 3.59706e-18 BessellB
56572.3 3.64096e-15 3.4241e-18 BessellB
56573.3 3.48928e-15 3.25607e-18 BessellB
56574.3 3.34316e-15 3.09316e-18 BessellB
56575.3 3.20244e-15 2.93554e-18 BessellB
56576.3 3.06696e-15 2.78335e-18 BessellB
56577.3 2.93655e-15 2.63668e-18 BessellB
56578.3 2.81108e-15 2.49561e-18 BessellB
56579.3 2.69038e-15 2.36018e-18 BessellB
56580.3 2.5743e-15 2.23041e-18 BessellB
56581.3 2.46272e-15 2.10631e-18 BessellB
56582.3 2.35547e-15 1.98784e-18 BessellB
56583.3 2.25242e-15 1.87498e-18 BessellB
56584.3 2.15344e-15 1.76766e-18 BessellB
56585.3 2.05838e-15 1.6658e-18 BessellB
56586.3 1.96713e-15 1.56933e-18 BessellB
56587.3 1.87955e-15 1.47815e-18 BessellB
56588.3 1.79551e-15 1.39214e-18 BessellB
56589.3 1.7149e-15 1.31119e-18 BessellB
56590.3 1.6376e-15 1.23517e-18 BessellB
56591.3 1.56348e-15 1.16393e-18 BessellB
56592.3 1.49244e-15 1.09734e-18 BessellB
56593.3 1.42436e-15 1.03524e-18 BessellB
56594.3 1.35915e-15 9.77469e-19 BessellB
56595.3 1.29668e-15 9.23858e-19 BessellB
56596.3 1.23687e-15 8.74232e-19 BessellB
56597.3 1.17961e-15 8.28408e-19 BessellB
56598.3 1.12481e-15 7.86196e-19 BessellB
56599.3 1.07237e-15 7.47401e-19 BessellB
56600.3 1.0222e-15 7.11822e-19 BessellB
56601.3 9.74222e-16 6.79253e-19 BessellB
56602.3 9.28342e-16 6.49485e-19 BessellB
56603.3 8.8448e-16 6.22309e-19 BessellB
56604.3 8.42557e-16 5.97516e-19 BessellB
56605.3 8.02495e-16 5.74896e-19 BessellB
56606.3 7.64219e-16 5.54247e-19 BessellB
56607.3 7.27659e-16 5.35372e-19 BessellB
56608.3 6.92743e-16 5.18082e-19 BessellB
56609.3 6.59405e-16 5.02198e-19 BessellB
56610.3 6.2758e-16 4.87551e-19 BessellB
56611.3 5.97204e-16 4.73987e-19 BessellB
56612.3 5.68218e-16 4.61362e-19 BessellB
56613.3 5.40562e-16 4.49548e-19 BessellB
56614.3 5.14182e-16 4.38426e-19 BessellB
56615.3 4.89022e-16 4.27895e-19 BessellB
56616.3 4.6503e-16 4.17862e-19 BessellB
56617.3 4.42157e-16 4.08249e-19 BessellB
56618.3 4.20354e-16 3.98987e-19 BessellB
56619.3 3.99574e-16 3.90018e-19 BessellB
56620.3 3.79773e-16 3.81292e-19 BessellB
56621.3 3.60907e-16 3.72767e-19 BessellB
56622.3 3.42937e-16 3.64411e-19 BessellB
56623.3 3.25821e-16 3.56194e-19 BessellB
56624.3 3.09522e-16 3.48096e-19 BessellB
56625.3 2.94003e-16 3.40099e-19 BessellB
56626.3 2.79229e-16 3.32189e-19 BessellB
56627.3 2.65167e-16 3.24358e-19 BessellB
56628.3 2.51784e-16 3.16599e-19 BessellB
56629.3 2.39049e-16 3.08907e-19 BessellB
56630.3 2.26934e-16 3.01281e-19 BessellB
56631.3 2.15408e-16 2.9372e-19 BessellB
56632.3 2.04446e-16 2.86226e-19 BessellB
56633.3 1.9402e-16 2.788e-19 BessellB
56634.3 1.84107e-16 2.71445e-19 BessellB
56635.3 1.74682e-16 2.64165e-19 BessellB
56636.3 1.65722e-16 2.56963e-19 BessellB
56637.3 1.57206e-16 2.49844e-19 BessellB
56638.3 1.49112e-16 2.42812e-19 BessellB
56639.3 1.41421e-16 2.35871e-19 BessellB
56640.3 1.34113e-16 2.29026e-19 BessellB
56641.3 1.27171e-16 2.2228e-19 BessellB
56642.3 1.20576e-16 2.15638e-19 BessellB
56643.3 1.14313e-16 2.09104e-19 BessellB
56644.3 1.08365e-16 2.0268e-19 BessellB
56645.3 1.02717e-16 1.96371e-19 BessellB
56646.3 9.73539e-17 1.90178e-19 BessellB
56647.3 9.22629e-17 1.84105e-19 BessellB
56648.3 8.74303e-17 1.78154e-19 BessellB
56649.3 8.28435e-17 1.72327e-19 BessellB
56650.3 7.84905e-17 1.66625e-19 BessellB
56651.3 7.43599e-17 1.61051e-19 BessellB
56652.3 7.04406e-17 1.55604e-19 BessellB
56653.3 6.67223e-17 1.50286e-19 BessellB
56654.3 6.31951e-17 1.45097e-19 BessellB
56655.3 5.98494e-17 1.40037e-19 BessellB
56656.3 5.66762e-17 1.35106e-19 BessellB
56657.3 5.3667e-17 1.30305e-19 BessellB
56658.3 5.08135e-17 1.25632e-19 BessellB
56659.3 4.8108e-17 1.21087e-19 BessellB
56660.3 4.5543e-17 1.16668e-19 BessellB
56661.3 4.31114e-17 1.12375e-19 BessellB
56662.3 4.08066e-17 1.08206e-19 BessellB
56663.3 3.86222e-17 1.04161e-19 BessellB
56664.3 3.65519e-17 1.00236e-19 BessellB
56665.3 3.45901e-17 9.64313e-20 BessellB
56666.3 3.27312e-17 9.27441e-20 BessellB
56667.3 3.097e-17 8.91729e-20 BessellB
56668.3 2.93015e-17 8.57154e-20 BessellB
56669.3 2.7721e-17 8.23696e-20 BessellB
56670.3 2.62239e-17 7.91333e-20 BessellB
56671.3 2.48059e-17 7.60043e-20 BessellB
56672.3 2.34631e-17 7.29802e-20 BessellB
56673.3 2.21914e-17 7.00589e-20 BessellB
56674.3 2.09873e-17 6.72379e-20 BessellB
56675.3 1.98472e-17 6.45148e-20 BessellB
56676.3 1.87678e-17 6.18872e-20 BessellB
56677.3 1.7746e-17 5.93528e-20 BessellB
56678.3 1.67787e-17 5.6909e-20 BessellB
56679.3 1.58632e-17 5.45536e-20 BessellB
56680.3 1.49967e-17 5.22841e-20 BessellB
56681.3 1.41767e-17 5.0098e-20 BessellB
56682.3 1.34007e-17 4.79931e-20 BessellB
56683.3 1.26664e-17 4.5967e-20 BessellB
56684.3 1.19716e-17 4.40173e-20 BessellB
56685.3 1.13142e-17 4.21417e-20 BessellB
56686.3 1.06924e-17 4.0338e-20 BessellB
56687.3 1.01041e-17 3.86039e-20 BessellB
56688.3 9.54764e-18 3.69372e-20 BessellB
56689.3 9.02133e-18 3.53357e-20 BessellB
56690.3 8.52354e-18 3.37974e-20 BessellB
56691.3 8.05278e-18 3.23201e-20 BessellB
56692.3 7.6076e-18 3.09018e-20 BessellB
56693.3 7.18663e-18 2.95404e-20 BessellB
56483.3 1.33276e-19 4.36538e-21 BessellR
56484.3 2.59672e-19 7.99991e-21 BessellR
56485.3 5.06049e-19 1.45971e-20 BessellR
56486.3 9.86686e-19 2.65051e-20 BessellR
56487.3 1.92542e-18 4.78595e-20 BessellR
56488.3 3.76182e-18 8.58534e-20 BessellR
56489.3 7.36171e-18 1.52793e-19 BessellR
56490.3 1.44367e-17 2.69251e-19 BessellR
56491.3 2.83843e-17 4.68448e-19 BessellR
56492.3 5.59755e-17 8.01118e-19 BessellR
56493.3 1.10755e-16 1.33722e-18 BessellR
56494.3 2.19865e-16 2.15307e-18 BessellR
56495.3 4.37518e-16 3.2743e-18 BessellR
56496.3 8.70434e-16 4.5173e-18 BessellR
56497.3 1.72039e-15 5.21862e-18 BessellR
56498.3 3.33285e-15 4.8955e-18 BessellR
56499.3 6.16964e-15 9.62969e-18 BessellR
56500.3 1.0492e-14 2.05762e-17 BessellR
56501.3 1.57178e-14 2.53728e-17 BessellR
56502.3 2.03879e-14 2.50124e-17 BessellR
56503.3 2.34152e-14 3.84845e-17 BessellR
56504.3 2.48496e-14 5.12059e-17 BessellR
56505.3 2.52927e-14 5.45739e-17 BessellR
56506.3 2.52667e-14 5.11915e-17 BessellR
56507.3 2.50707e-14 4.48317e-17 BessellR
56508.3 2.48448e-14 3.79395e-17 BessellR
56509.3 2.46457e-14 3.17812e-17 BessellR
56510.3 2.44906e-14 2.6922e-17 BessellR
56511.3 2.438e-14 2.35206e-17 BessellR
56512.3 2.43078e-14 2.14584e-17 BessellR
56513.3 2.42657e-14 2.04284e-17 BessellR
56514.3 2.42452e-14 2.00557e-17 BessellR
56515.3 2.42386e-14 2.00131e-17 BessellR
56516.3 2.4239e-14 2.00722e-17 BessellR
56517.3 2.42405e-14 2.00978e-17 BessellR
56518.3 2.42379e-14 2.00225e-17 BessellR
56519.3 2.42272e-14 1.98212e-17 BessellR
56520.3 2.4205e-14 1.94935e-17 BessellR
56521.3 2.41685e-14 1.90529e-17 BessellR
56522.3 2.41156e-14 1.85194e-17 BessellR
56523.3 2.40447e-14 1.79158e-17 BessellR
56524.3 2.39546e-14 1.72655e-17 BessellR
56525.3 2.38447e-14 1.65907e-17 BessellR
56526.3 2.37144e-14 1.59117e-17 BessellR
56527.3 2.35637e-14 1.52468e-17 BessellR
56528.3 2.33928e-14 1.46113e-17 BessellR
56529.3 2.32019e-14 1.40177e-17 BessellR
56530.3 2.29915e-14 1.34757e-17 BessellR
56531.3 2.27625e-14 1.29916e-17 BessellR
56532.3 2.25155e-14 1.25688e-17 BessellR
56533.3 2.22515e-14 1.22077e-17 BessellR
56534.3 2.19714e-14 1.1906e-17 BessellR
56535.3 2.16762e-14 1.16594e-17 BessellR
56536.3 2.13671e-14 1.14617e-17 BessellR
56537.3 2.1045e-14 1.13057e-17 BessellR
56538.3 2.07111e-14 1.11835e-17 BessellR
56539.3 2.03664e-14 1.10875e-17 BessellR
56540.3 2.00122e-14 1.10101e-17 BessellR
56541.3 1.96493e-14 1.09446e-17 BessellR
56542.3 1.9279e-14 1.0885e-17 BessellR
56543.3 1.89022e-14 1.08261e-17 BessellR
56544.3 1.852e-14 1.07638e-17 BessellR
56545.3 1.81332e-14 1.06947e-17 BessellR
56546.3 1.77429e-14 1.06163e-17 BessellR
56547.3 1.73499e-14 1.05266e-17 BessellR
56548.3 1.6955e-14 1.04246e-17 BessellR
56549.3 1.65591e-14 1.03093e-17 BessellR
56550.3 1.61629e-14 1.01806e-17 BessellR
56551.3 1.57672e-14 1.00385e-17 BessellR
56552.3 1.53726e-14 9.88322e-18 BessellR
56553.3 1.49797e-14 9.71547e-18 BessellR
56554.3 1.45892e-14 9.53592e-18 BessellR
56555.3 1.42015e-14 9.34546e-18 BessellR
56556.3 1.38172e-14 9.14505e-18 BessellR
56557.3 1.34367e-14 8.9357e-18 BessellR
56558.3 1.30605e-14 8.71847e-18 BessellR
56559.3 1.2689e-14 8.49444e-18 BessellR
56560.3 1.23225e-14 8.26469e-18 BessellR
56561.3 1.19613e-14 8.03025e-18 BessellR
56562.3 1.16058e-14 7.79216e-18 BessellR
56563.3 1.12561e-14 7.55141e-18 BessellR
56564.3 1.09125e-14 7.30895e-18 BessellR
56565.3 1.05752e-14 7.06566e-18 BessellR
56566.3 1.02443e-14 6.82241e-18 BessellR
56567.3 9.92007e-15 6.57998e-18 BessellR
56568.3 9.60255e-15 6.3391e-18 BessellR
56569.3 9.29185e-15 6.10047e-18 BessellR
56570.3 8.98805e-15 5.86471e-18 BessellR
56571.3 8.6912e-15 5.63238e-18 BessellR
56572.3 8.40135e-15 5.40402e-18 BessellR
56573.3 8.1185e-15 5.18008e-18 BessellR
56574.3 7.84268e-15 4.96099e-18 BessellR
56575.3 7.57385e-15 4.74711e-18 BessellR
56576.3 7.31202e-15 4.53878e-18 BessellR
56577.3 7.05713e-15 4.33626e-18 BessellR
56578.3 6.80913e-15 4.13982e-18 BessellR
56579.3 6.56798e-15 3.94963e-18 BessellR
56580.3 6.3336e-15 3.76589e-18 BessellR
56581.3 6.10592e-15 3.58871e-18 BessellR
56582.3 5.88485e-15 3.4182e-18 BessellR
56583.3 5.6703e-15 3.25442e-18 BessellR
56584.3 5.46218e-15 3.09743e-18 BessellR
56585.3 5.26038e-15 2.94725e-18 BessellR
56586.3 5.06479e-15 2.80385e-18 BessellR
56587.3 4.8753e-15 2.66722e-18 BessellR
56588.3 4.69179e-15 2.53731e-18 BessellR
56589.3 4.51415e-15 2.41404e-18 BessellR
56590.3 4.34225e-15 2.29733e-18 BessellR
56591.3 4.17597e-15 2.18706e-18 BessellR
56592.3 4.01519e-15 2.0831e-18 BessellR
56593.3 3.85978e-15 1.98532e-18 BessellR
56594.3 3.7096e-15 1.89356e-18 BessellR
56595.3 3.56454e-15 1.80762e-18 BessellR
56596.3 3.42446e-15 1.72733e-18 BessellR
56597.3 3.28924e-15 1.65247e-18 BessellR
56598.3 3.15875e-15 1.58283e-18 BessellR
56599.3 3.03285e-15 1.51816e-18 BessellR
56600.3 2.91144e-15 1.45822e-18 BessellR
56601.3 2.79437e-15 1.40276e-18 BessellR
56602.3 2.68152e-15 1.3515e-18 BessellR
56603.3 2.57278e-15 1.30418e-18 BessellR
56604.3 2.46802e-15 1.26053e-18 BessellR
56605.3 2.36712e-15 1.22026e-18 BessellR
56606.3 2.26997e-15 1.1831e-18 BessellR
56607.3 2.17645e-15 1.14879e-18 BessellR
56608.3 2.08644e-15 1.11706e-18 BessellR
56609.3 1.99984e-15 1.08765e-18 BessellR
56610.3 1.91653e-15 1.06033e-18 BessellR
56611.3 1.83641e-15 1.03487e-18 BessellR
56612.3 1.75937e-15 1.01106e-18 BessellR
56613.3 1.68532e-15 9.88686e-19 BessellR
56614.3 1.61415e-15 9.67576e-19 BessellR
56615.3 1.54576e-15 9.47559e-19 BessellR
56616.3 1.48006e-15 9.28486e-19 BessellR
56617.3 1.41695e-15 9.1022e-19 BessellR
56618.3 1.35635e-15 8.92642e-19 BessellR
56619.3 1.29817e-15 8.75645e-19 BessellR
56620.3 1.24231e-15 8.59137e-19 BessellR
56621.3 1.18871e-15 8.43036e-19 BessellR
56622.3 1.13727e-15 8.27275e-19 BessellR
56623.3 1.08792e-15 8.11794e-19 BessellR
56624.3 1.04058e-15 7.96545e-19 BessellR
56625.3 9.95184e-16 7.81486e-19 BessellR
56626.3 9.5165e-16 7.66584e-19 BessellR
56627.3 9.09912e-16 7.51814e-19 BessellR
56628.3 8.69903e-16 7.37154e-19 BessellR
56629.3 8.31556e-16 7.22588e-19 BessellR
56630.3 7.9481e-16 7.08105e-19 BessellR
56631.3 7.59602e-16 6.93699e-19 BessellR
56632.3 7.25874e-16 6.79364e-19 BessellR
56633.3 6.93567e-16 6.65099e-19 BessellR
56634.3 6.62628e-16 6.50905e-19 BessellR
56635.3 6.33001e-16 6.36785e-19 BessellR
56636.3 6.04636e-16 6.22742e-19 BessellR
56637.3 5.77483e-16 6.08783e-19 BessellR
56638.3 5.51493e-16 5.94913e-19 BessellR
56639.3 5.2662e-16 5.81139e-19 BessellR
56640.3 5.02819e-16 5.6747e-19 BessellR
56641.3 4.80047e-16 5.53912e-19 BessellR
56642.3 4.58262e-16 5.40474e-19 BessellR
56643.3 4.37425e-16 5.27164e-19 BessellR
56644.3 4.17496e-16 5.1399e-19 BessellR
56645.3 3.98438e-16 5.00959e-19 BessellR
56646.3 3.80215e-16 4.88079e-19 BessellR
56647.3 3.62794e-16 4.75358e-19 BessellR
56648.3 3.4614e-16 4.62802e-19 BessellR
56649.3 3.30221e-16 4.50418e-19 BessellR
56650.3 3.15007e-16 4.38212e-19 BessellR
56651.3 3.00469e-16 4.2619e-19 BessellR
56652.3 2.86577e-16 4.14356e-19 BessellR
56653.3 2.73305e-16 4.02715e-19 BessellR
56654.3 2.60626e-16 3.91273e-19 BessellR
56655.3 2.48516e-16 3.80032e-19 BessellR
56656.3 2.36949e-16 3.68996e-19 BessellR
56657.3 2.25902e-16 3.58167e-19 BessellR
56658.3 2.15354e-16 3.47549e-19 BessellR
56483.3 2.85321e-18 2.10848e-19 BessellV
56484.3 4.76912e-18 3.32047e-19 BessellV
56485.3 7.97554e-18 5.20923e-19 BessellV
56486.3 1.33481e-17 8.1375e-19 BessellV
56487.3 2.23642e-17 1.26499e-18 BessellV
56488.3 3.75239e-17 1.95524e-18 BessellV
56489.3 6.30733e-17 3.00137e-18 BessellV
56490.3 1.06248e-16 4.56795e-18 BessellV
56491.3 1.79423e-16 6.87607e-18 BessellV
56492.3 3.03809e-16 1.01993e-17 BessellV
56493.3 5.15773e-16 1.48225e-17 BessellV
56494.3 8.77392e-16 2.09121e-17 BessellV
56495.3 1.4932e-15 2.82075e-17 BessellV
56496.3 2.53373e-15 3.54279e-17 BessellV
56497.3 4.25911e-15 3.95196e-17 BessellV
56498.3 7.01282e-15 3.61436e-17 BessellV
56499.3 1.11132e-14 2.84405e-17 BessellV
56500.3 1.65642e-14 4.21556e-17 BessellV
56501.3 2.27142e-14 6.12901e-17 BessellV
56502.3 2.83606e-14 5.55463e-17 BessellV
56503.3 3.24919e-14 3.82204e-17 BessellV
56504.3 3.48731e-14 5.19191e-17 BessellV
56505.3 3.58806e-14 7.26079e-17 BessellV
56506.3 3.60388e-14 8.09236e-17 BessellV
56507.3 3.57573e-14 7.82382e-17 BessellV
56508.3 3.52876e-14 6.93262e-17 BessellV
56509.3 3.47636e-14 5.81095e-17 BessellV
56510.3 3.42487e-14 4.71317e-17 BessellV
56511.3 3.37683e-14 3.79108e-17 BessellV
56512.3 3.33281e-14 3.12918e-17 BessellV
56513.3 3.29253e-14 2.75245e-17 BessellV
56514.3 3.2553e-14 2.6172e-17 BessellV
56515.3 3.22034e-14 2.63171e-17 BessellV
56516.3 3.18689e-14 2.70721e-17 BessellV
56517.3 3.15425e-14 2.78637e-17 BessellV
56518.3 3.12184e-14 2.84081e-17 BessellV
56519.3 3.08916e-14 2.86011e-17 BessellV
56520.3 3.05582e-14 2.84336e-17 BessellV
56521.3 3.0215e-14 2.79425e-17 BessellV
56522.3 2.98597e-14 2.71854e-17 BessellV
56523.3 2.94905e-14 2.62261e-17 BessellV
56524.3 2.91064e-14 2.51285e-17 BessellV
56525.3 2.87068e-14 2.39528e-17 BessellV
56526.3 2.82914e-14 2.27539e-17 BessellV
56527.3 2.78604e-14 2.15801e-17 BessellV
56528.3 2.74141e-14 2.04726e-17 BessellV
56529.3 2.69532e-14 1.94651e-17 BessellV
56530.3 2.64786e-14 1.85825e-17 BessellV
56531.3 2.59912e-14 1.78408e-17 BessellV
56532.3 2.54922e-14 1.72462e-17 BessellV
56533.3 2.49826e-14 1.6796e-17 BessellV
56534.3 2.44638e-14 1.64793e-17 BessellV
56535.3 2.39369e-14 1.62789e-17 BessellV
56536.3 2.34033e-14 1.61738e-17 BessellV
56537.3 2.28642e-14 1.61416e-17 BessellV
56538.3 2.23209e-14 1.61601e-17 BessellV
56539.3 2.17745e-14 1.62092e-17 BessellV
56540.3 2.12263e-14 1.62714e-17 BessellV
56541.3 2.06775e-14 1.63322e-17 BessellV
56542.3 2.0129e-14 1.63801e-17 BessellV
56543.3 1.9582e-14 1.64065e-17 BessellV
56544.3 1.90375e-14 1.64051e-17 BessellV
56545.3 1.84963e-14 1.63716e-17 BessellV
56546.3 1.79593e-14 1.63036e-17 BessellV
56547.3 1.74274e-14 1.62e-17 BessellV
56548.3 1.69012e-14 1.60606e-17 BessellV
56549.3 1.63815e-14 1.58863e-17 BessellV
56550.3 1.58688e-14 1.56785e-17 BessellV
56551.3 1.53638e-14 1.54393e-17 BessellV
56552.3 1.4867e-14 1.51707e-17 BessellV
56553.3 1.43787e-14 1.48754e-17 BessellV
56554.3 1.38994e-14 1.4556e-17 BessellV
56555.3 1.34295e-14 1.42151e-17 BessellV
56556.3 1.29692e-14 1.38555e-17 BessellV
56557.3 1.25188e-14 1.34798e-17 BessellV
56558.3 1.20785e-14 1.30906e-17 BessellV
56559.3 1.16485e-14 1.26905e-17 BessellV
56560.3 1.12289e-14 1.22819e-17 BessellV
56561.3 1.08199e-14 1.18668e-17 BessellV
56562.3 1.04214e-14 1.14476e-17 BessellV
56563.3 1.00336e-14 1.10262e-17 BessellV
56564.3 9.65636e-15 1.06043e-17 BessellV
56565.3 9.28975e-15 1.01837e-17 BessellV
56566.3 8.93371e-15 9.76586e-18 BessellV
56567.3 8.58816e-15 9.35221e-18 BessellV
56568.3 8.25303e-15 8.94398e-18 BessellV
56569.3 7.9282e-15 8.54229e-18 BessellV
56570.3 7.61356e-15 8.14812e-18 BessellV
56571.3 7.30896e-15 7.76235e-18 BessellV
56572.3 7.01427e-15 7.38573e-18 BessellV
56573.3 6.72931e-15 7.0189e-18 BessellV
56574.3 6.45391e-15 6.66242e-18 BessellV
56575.3 6.18791e-15 6.31674e-18 BessellV
56576.3 5.9311e-15 5.98224e-18 BessellV
56577.3 5.68329e-15 5.6592e-18 BessellV
56578.3 5.44428e-15 5.34784e-18 BessellV
56579.3 5.21388e-15 5.04833e-18 BessellV
56580.3 4.99186e-15 4.76075e-18 BessellV
56581.3 4.77801e-15 4.48515e-18 BessellV
56582.3 4.57214e-15 4.22151e-18 BessellV
56583.3 4.37401e-15 3.96979e-18 BessellV
56584.3 4.18342e-15 3.72991e-18 BessellV
56585.3 4.00016e-15 3.50173e-18 BessellV
56586.3 3.824e-15 3.2851e-18 BessellV
56587.3 3.65473e-15 3.07985e-18 BessellV
56588.3 3.49216e-15 2.88578e-18 BessellV
56589.3 3.33605e-15 2.70267e-18 BessellV
56590.3 3.18622e-15 2.53027e-18 BessellV
56591.3 3.04246e-15 2.36835e-18 BessellV
56592.3 2.90456e-15 2.21663e-18 BessellV
56593.3 2.77234e-15 2.07485e-18 BessellV
56594.3 2.64558e-15 1.9427e-18 BessellV
56595.3 2.52412e-15 1.8199e-18 BessellV
56596.3 2.40775e-15 1.70613e-18 BessellV
56597.3 2.29631e-15 1.60108e-18 BessellV
56598.3 2.18961e-15 1.50441e-18 BessellV
56599.3 2.08747e-15 1.41577e-18 BessellV
56600.3 1.98973e-15 1.3348e-18 BessellV
56601.3 1.89623e-15 1.26111e-18 BessellV
56602.3 1.8068e-15 1.19431e-18 BessellV
56603.3 1.72129e-15 1.13397e-18 BessellV
56604.3 1.63954e-15 1.07967e-18 BessellV
56605.3 1.56142e-15 1.03095e-18 BessellV
56606.3 1.48677e-15 9.87358e-19 BessellV
56607.3 1.41546e-15 9.4843e-19 BessellV
56608.3 1.34736e-15 9.13702e-19 BessellV
56609.3 1.28233e-15 8.8272e-19 BessellV
56610.3 1.22026e-15 8.55042e-19 BessellV
56611.3 1.16101e-15 8.30246e-19 BessellV
56612.3 1.10447e-15 8.07936e-19 BessellV
56613.3 1.05054e-15 7.87745e-19 BessellV
56614.3 9.9909e-16 7.69338e-19 BessellV
56615.3 9.50028e-16 7.52413e-19 BessellV
56616.3 9.03249e-16 7.36702e-19 BessellV
56617.3 8.58655e-16 7.21971e-19 BessellV
56618.3 8.16153e-16 7.08017e-19 BessellV
56619.3 7.75651e-16 6.94668e-19 BessellV
56620.3 7.37063e-16 6.81779e-19 BessellV
56621.3 7.00304e-16 6.69228e-19 BessellV
56622.3 6.65294e-16 6.56918e-19 BessellV
56623.3 6.31955e-16 6.44767e-19 BessellV
56624.3 6.00213e-16 6.32715e-19 BessellV
56625.3 5.69996e-16 6.20713e-19 BessellV
56626.3 5.41235e-16 6.08726e-19 BessellV
56627.3 5.13866e-16 5.96728e-19 BessellV
56628.3 4.87823e-16 5.84703e-19 BessellV
56629.3 4.63048e-16 5.72642e-19 BessellV
56630.3 4.39481e-16 5.60543e-19 BessellV
56631.3 4.17068e-16 5.48407e-19 BessellV
56632.3 3.95754e-16 5.36239e-19 BessellV
56633.3 3.75489e-16 5.24049e-19 BessellV
56634.3 3.56224e-16 5.11846e-19 BessellV
56635.3 3.37912e-16 4.99643e-19 BessellV
56636.3 3.20508e-16 4.87455e-19 BessellV
56637.3 3.03969e-16 4.75295e-19 BessellV
56638.3 2.88255e-16 4.63178e-19 BessellV
56639.3 2.73326e-16 4.5112e-19 BessellV
56640.3 2.59145e-16 4.39134e-19 BessellV
56641.3 2.45676e-16 4.27235e-19 BessellV
56642.3 2.32885e-16 4.15437e-19 BessellV
56643.3 2.20739e-16 4.03753e-19 BessellV
56644.3 2.09207e-16 3.92196e-19 BessellV
56645.3 1.98259e-16 3.80777e-19 BessellV
56646.3 1.87868e-16 3.69508e-19 BessellV
56647.3 1.78005e-16 3.58399e-19 BessellV
56648.3 1.68645e-16 3.47459e-19 BessellV
56649.3 1.59764e-16 3.36697e-19 BessellV
56650.3 1.51337e-16 3.2612e-19 BessellV
56651.3 1.43342e-16 3.15734e-19 BessellV
56652.3 1.35759e-16 3.05547e-19 BessellV
56653.3 1.28566e-16 2.95562e-19 BessellV
56654.3 1.21744e-16 2.85786e-19 BessellV
56655.3 1.15275e-16 2.7622e-19 BessellV
56656.3 1.09141e-16 2.66869e-19 BessellV
56657.3 1.03326e-16 2.57734e-19 BessellV
56658.3 9.78122e-17 2.48817e-19 BessellV
56659.3 9.25859e-17 2.4012e-19 BessellV
56660.3 8.76323e-17 2.31643e-19 BessellV
56661.3 8.29375e-17 2.23385e-19 BessellV
56662.3 7.84884e-17 2.15348e-19 BessellV
56663.3 7.42725e-17 2.07529e-19 BessellV
56664.3 7.02781e-17 1.99928e-19 BessellV
56665.3 6.64937e-17 1.92542e-19 BessellV
56666.3 6.29086e-17 1.85371e-19 BessellV
56667.3 5.95127e-17 1.78411e-19 BessellV
56668.3 5.62963e-17 1.7166e-19 BessellV
56669.3 5.325e-17 1.65115e-19 BessellV
56670.3 5.03652e-17 1.58774e-19 BessellV
56671.3 4.76336e-17 1.52633e-19 BessellV
56672.3 4.50471e-17 1.46688e-19 BessellV
56673.3 4.25983e-17 1.40936e-19 BessellV
56674.3 4.028e-17 1.35373e-19 BessellV
56675.3 3.80854e-17 1.29996e-19 BessellV
56676.3 3.60082e-17 1.248e-19 BessellV
56677.3 3.40421e-17 1.19781e-19 BessellV
56678.3 3.21814e-17 1.14936e-19 BessellV
56679.3 3.04206e-17 1.1026e-19 BessellV
56680.3 2.87544e-17 1.05749e-19 BessellV
56681.3 2.71778e-17 1.01398e-19 BessellV
56682.3 2.56861e-17 9.72047e-20 BessellV
56683.3 2.42749e-17 9.31636e-20 BessellV
56684.3 2.29399e-17 8.92707e-20 BessellV
56685.3 2.16771e-17 8.5522e-20 BessellV
56686.3 2.04826e-17 8.19132e-20 BessellV
56687.3 1.93529e-17 7.84403e-20 BessellV
56688.3 1.82845e-17 7.50992e-20 BessellV
56689.3 1.72741e-17 7.18859e-20 BessellV
56690.3 1.63187e-17 6.87965e-20 BessellV
56691.3 1.54153e-17 6.5827e-20 BessellV
56692.3 1.45611e-17 6.29736e-20 BessellV
56693.3 1.37535e-17 6.02325e-20 BessellV
56694.3 1.29901e-17 5.76002e-20 BessellV
56695.3 1.22684e-17 5.50728e-20 BessellV
56696.3 1.15862e-17 5.2647e-20 BessellV
56697.3 1.09413e-17 5.03191e-20 BessellV
56698.3 1.03319e-17 4.80858e-20 BessellV
56699.3 9.75591e-18 4.59439e-20 BessellV
56700.3 9.21158e-18 4.389e-20 BessellV
56701.3 8.69721e-18 4.1921e-20 BessellV
56702.3 8.21116e-18 4.00338e-20 BessellV
56703.3 7.7519e-18 3.82255e-20 BessellV
56704.3 7.31799e-18 3.64932e-20 BessellV
56705.3 6.90804e-18 3.4834e-20 BessellV
56706.3 6.52075e-18 3.32451e-20 BessellV
56707.3 6.1549e-18 3.1724e-20 BessellV
56708.3 5.8093e-18 3.02679e-20 BessellV
56709.3 5.48287e-18 2.88745e-20 BessellV
56710.3 5.17455e-18 2.75414e-20 BessellV
56711.3 4.88335e-18 2.6266e-20 BessellV
56712.3 4.60834e-18 2.50462e-20 BessellV
56713.3 4.34862e-18 2.38798e-20 BessellV
56714.3 4.10337e-18 2.27646e-20 BessellV
56715.3 3.87178e-18 2.16987e-20 BessellV
56716.3 3.65311e-18 2.06799e-20 BessellV
56717.3 3.44665e-18 1.97064e-20 BessellV
56718.3 3.25172e-18 1.87763e-20 BessellV
56719.3 3.06769e-18 1.78879e-20 BessellV
56720.3 2.89395e-18 1.70394e-20 BessellV
56721.3 2.72995e-18 1.62291e-20 BessellV
56722.3 2.57514e-18 1.54555e-20 BessellV
56723.3 2.42901e-18 1.4717e-20 BessellV
56724.3 2.29108e-18 1.40122e-20 BessellV
56725.3 2.1609e-18 1.33396e-20 BessellV
56726.3 2.03804e-18 1.26978e-20 BessellV
56727.3 1.92209e-18 1.20855e-20 BessellV
56728.3 1.81267e-18 1.15015e-20 BessellV
56729.3 1.70941e-18 1.09444e-20 BessellV
56730.3 1.61198e-18 1.04133e-20 BessellV
56731.3 1.52004e-18 9.9068e-21 BessellV
56732.3 1.43329e-18 9.42397e-21 BessellV
56733.3 1.35145e-18 8.96373e-21 BessellV
56734.3 1.27423e-18 8.52509e-21 BessellV
56735.3 1.20138e-18 8.10709e-21 BessellV
56736.3 1.13266e-18 7.7088e-21 BessellV
56737.3 1.06783e-18 7.32935e-21 BessellV
56738.3 1.00668e-18 6.9679e-21 BessellV
56739.3 9.48992e-19 6.62362e-21 BessellV
56740.3 8.94582e-19 6.29575e-21 BessellV
56741.3 8.43263e-19 5.98354e-21 BessellV
56742.3 7.94861e-19 5.68629e-21 BessellV
56743.3 7.49212e-19 5.40329e-21 BessellV
56744.3 7.06162e-19 5.13392e-21 BessellV
56745.3 6.65563e-19 4.87753e-21 BessellV
56746.3 6.27278e-19 4.63352e-21 BessellV
56747.3 5.91176e-19 4.40134e-21 BessellV
56748.3 5.57134e-19 4.18043e-21 BessellV
56749.3 5.25036e-19 3.97026e-21 BessellV
56750.3 4.94771e-19 3.77033e-21 BessellV
56751.3 4.66236e-19 3.58017e-21 BessellV
56752.3 4.39333e-19 3.39931e-21 BessellV
56753.3 4.1397e-19 3.22733e-21 BessellV
56754.3 3.90059e-19 3.06379e-21 BessellV
56755.3 3.67518e-19 2.90831e-21 BessellV
56756.3 3.46269e-19 2.7605e-21 BessellV
56757.3 3.26239e-19 2.61999e-21 BessellV
56758.3 3.07358e-19 2.48644e-21 BessellV
56759.3 2.89562e-19 2.35951e-21 BessellV
56760.3 2.72788e-19 2.23889e-21 BessellV
56761.3 2.56978e-19 2.12428e-21 BessellV
56762.3 2.42078e-19 2.01538e-21 BessellV
56763.3 2.28035e-19 1.91193e-21 BessellV
56764.3 2.148e-19 1.81365e-21 BessellV
56765.3 2.02328e-19 1.72029e-21 BessellV
56766.3 1.90575e-19 1.63163e-21 BessellV
56767.3 1.79499e-19 1.54742e-21 BessellV
56768.3 1.69063e-19 1.46746e-21 BessellV
56769.3 1.59229e-19 1.39153e-21 BessellV
56770.3 1.49963e-19 1.31944e-21 BessellV
56771.3 1.41232e-19 1.251e-21 BessellV
56772.3 1.33006e-19 1.18603e-21 BessellV
56773.3 1.25256e-19 1.12435e-21 BessellV
56774.3 1.17954e-19 1.06582e-21 BessellV
56775.3 1.11076e-19 1.01026e-21 BessellV
56776.3 1.04595e-19 9.5754e-22 BessellV
56777.3 9.84902e-20 9.0751e-22 BessellV
56778.3 9.27392e-20 8.6004e-22 BessellV
56779.3 8.73218e-20 8.15001e-22 BessellV
56780.3 8.22188e-20 7.72273e-22 BessellV
56781.3 7.7412e-20 7.31739e-22 BessellV
56782.3 7.28845e-20 6.9329e-22 BessellV
56783.3 6.86201e-20 6.56821e-22 BessellV
56784.3 6.46035e-20 6.22234e-22 BessellV
56785.3 6.08206e-20 5.89432e-22 BessellV
56786.3 5.72579e-20 5.58326e-22 BessellV
56787.3 5.39025e-20 5.28831e-22 BessellV
56788.3 5.07425e-20 5.00865e-22 BessellV
56789.3 4.77667e-20 4.7435e-22 BessellV
56790.3 4.49643e-20 4.49214e-22 BessellV
56791.3 4.23253e-20 4.25385e-22 BessellV
56792.3 3.98403e-20 4.02798e-22 BessellV
56793.3 3.75004e-20 3.81389e-22 BessellV
56794.3 3.5297e-20 3.61098e-22 BessellV
56795.3 3.32224e-20 3.41868e-22 BessellV
56796.3 3.1269e-20 3.23644e-22 BessellV
56797.3 2.94297e-20 3.06376e-22 BessellV
56798.3 2.76981e-20 2.90013e-22 BessellV
56799.3 2.60677e-20 2.7451e-22 BessellV
56800.3 2.45328e-20 2.59822e-22 BessellV
56801.3 2.30878e-20 2.45907e-22 BessellV
56802.3 2.17274e-20 2.32726e-22 BessellV
56803.3 2.04467e-20 2.20239e-22 BessellV
56804.3 1.92411e-20 2.08413e-22 BessellV
56805.3 1.81062e-20 1.97211e-22 BessellV
56806.3 1.70378e-20 1.86602e-22 BessellV
56807.3 1.60322e-20 1.76555e-22 BessellV
56808.3 1.50856e-20 1.67041e-22 BessellV
56809.3 1.41946e-20 1.58032e-22 BessellV
56810.3 1.3356e-20 1.49502e-22 BessellV
56811.3 1.25666e-20 1.41425e-22 BessellV
56812.3 1.18237e-20 1.33779e-22 BessellV
56813.3 1.11244e-20 1.2654e-22 BessellV
56814.3 1.04663e-20 1.19687e-22 BessellV
56815.3 9.84695e-21 1.132e-22 BessellV
56816.3 9.26404e-21 1.0706e-22 BessellV
56817.3 8.71548e-21 1.01248e-22 BessellV
56818.3 8.19923e-21 9.57472e-23 BessellV
56819.3 7.71341e-21 9.05414e-23 BessellV
56820.3 7.25624e-21 8.56148e-23 BessellV
56821.3 6.82603e-21 8.09527e-23 BessellV
56822.3 6.42121e-21 7.65412e-23 BessellV
56823.3 6.04028e-21 7.23669e-23 BessellV
56824.3 5.68184e-21 6.84174e-23 BessellV
56825.3 5.34457e-21 6.46807e-23 BessellV
56826.3 5.02722e-21 6.11454e-23 BessellV
56827.3 4.72863e-21 5.7801e-23 BessellV
56828.3 4.4477e-21 5.46372e-23 BessellV
56829.3 4.18338e-21 5.16445e-23 BessellV
56830.3 3.93469e-21 4.88137e-23 BessellV
56831.3 3.70072e-21 4.61361e-23 BessellV
56832.3 3.4806e-21 4.36037e-23 BessellV
56833.3 3.27352e-21 4.12087e-23 BessellV
56834.3 3.0787e-21 3.89436e-23 BessellV
56835.3 2.89542e-21 3.68016e-23 BessellV
56836.3 2.72301e-21 3.47761e-23 BessellV
56837.3 2.56081e-21 3.28607e-23 BessellV
56838.3 2.40824e-21 3.10497e-23 BessellV
56839.3 2.26472e-21 2.93373e-23 BessellV
56840.3 2.12971e-21 2.77184e-23 BessellV
56841.3 2.00272e-21 2.61877e-23 BessellV
56842.3 1.88327e-21 2.47407e-23 BessellV
56843.3 1.77092e-21 2.33728e-23 BessellV
56844.3 1.66523e-21 2.20796e-23 BessellV
56845.3 1.56583e-21 2.08573e-23 BessellV
56846.3 1.47234e-21 1.97019e-23 BessellV
56847.3 1.38441e-21 1.86098e-23 BessellV
56848.3 1.30171e-21 1.75777e-23 BessellV
56849.3 1.22393e-21 1.66022e-23 BessellV
56850.3 1.15077e-21 1.56803e-23 BessellV
56851.3 1.08197e-21 1.4809e-23 BessellV
56852.3 1.01727e-21 1.39857e-23 BessellV
56853.3 9.56426e-22 1.32077e-23 BessellV
56854.3 8.99204e-22 1.24725e-23 BessellV
56855.3 8.45392e-22 1.17779e-23 BessellV
56856.3 7.94788e-22 1.11216e-23 BessellV
56857.3 7.47201e-22 1.05014e-23 BessellV
56858.3 7.02453e-22 9.91558e-24 BessellV
56859.3 6.60374e-22 9.36209e-24 BessellV
56860.3 6.20807e-22 8.8392e-24 BessellV
56861.3 5.83601e-22 8.34524e-24 BessellV
56862.3 5.48617e-22 7.87863e-24 BessellV
56863.3 5.15722e-22 7.43787e-24 BessellV
56864.3 4.84792e-22 7.02154e-24 BessellV
56865.3 4.5571e-22 6.6283e-24 BessellV
56866.3 4.28367e-22 6.25689e-24 BessellV
56867.3 4.02658e-22 5.9061e-24 BessellV
56868.3 3.78487e-22 5.57481e-24 BessellV
56869.3 3.55761e-22 5.26193e-24 BessellV
56870.3 3.34395e-22 4.96647e-24 BessellV
56871.3 3.14308e-22 4.68744e-24 BessellV
56872.3 2.95423e-22 4.42396e-24 BessellV
56873.3 2.77669e-22 4.17517e-24 BessellV
56874.3 2.60978e-22 3.94024e-24 BessellV
56875.3 2.45287e-22 3.71843e-24 BessellV
56876.3 2.30536e-22 3.509e-24 BessellV
56877.3 2.16669e-22 3.31126e-24 BessellV
56878.3 2.03634e-22 3.12458e-24 BessellV
56879.3 1.9138e-22 2.94833e-24 BessellV
56880.3 1.79861e-22 2.78195e-24 BessellV
56881.3 1.69032e-22 2.62488e-24 BessellV
56882.3 1.58854e-22 2.47661e-24 BessellV
56883.3 1.49287e-22 2.33664e-24 BessellV
56884.3 1.40294e-22 2.20453e-24 BessellV
56885.3 1.3184e-22 2.07982e-24 BessellV
56886.3 1.23895e-22 1.96212e-24 BessellV
56887.3 1.16427e-22 1.85102e-24 BessellV
56888.3 1.09407e-22 1.74617e-24 BessellV
56889.3 1.0281e-22 1.64721e-24 BessellV
56890.3 9.66086e-23 1.55382e-24 BessellV
56891.3 9.07804e-23 1.46568e-24 BessellV
56892.3 8.53028e-23 1.38251e-24 BessellV
56893.3 8.01546e-23 1.30402e-24 BessellV
56894.3 7.53161e-23 1.22995e-24 BessellV
56895.3 7.07688e-23 1.16006e-24 BessellV
56896.3 6.64952e-23 1.09412e-24 BessellV
56897.3 6.24789e-23 1.03189e-24 BessellV
56898.3 5.87045e-23 9.7318e-25 BessellV
56899.3 5.51574e-23 9.17785e-25 BessellV
56900.3 5.18239e-23 8.65522e-25 BessellV
56901.3 4.86913e-23 8.16214e-25 BessellV
56902.3 4.57475e-23 7.69695e-25 BessellV
56903.3 4.29812e-23 7.2581e-25 BessellV
56904.3 4.03816e-23 6.84409e-25 BessellV
56905.3 3.79388e-23 6.45354e-25 BessellV
56485.9 9.73019e-15 7.68606e-18 i
56486.9 9.84763e-15 7.62796e-18 i
56487.9 9.96507e-15 7.56737e-18 i
56488.9 1.00825e-14 7.50437e-18 i
56489.9 1.01998e-14 7.43902e-18 i
56490.9 1.03169e-14 7.3714e-18 i
56491.9 1.04337e-14 7.30161e-18 i
56492.9 1.05503e-14 7.22975e-18 i
56493.9 1.06665e-14 7.15594e-18 i
56494.9 1.07823e-14 7.0803e-18 i
56495.9 1.08976e-14 7.00299e-18 i
56496.9 1.10123e-14 6.92417e-18 i
56497.9 1.11263e-14 6.844e-18 i
56498.9 1.12396e-14 6.7627e-18 i
56499.9 1.1352e-14 6.68046e-18 i
56500.9 1.14636e-14 6.59753e-18 i
56501.9 1.15742e-14 6.51416e-18 i
56502.9 1.16836e-14 6.43062e-18 i
56503.9 1.1792e-14 6.34722e-18 i
56504.9 1.1899e-14 6.26427e-18 i
56505.9 1.20047e-14 6.18212e-18 i
56506.9 1.2109e-14 6.10113e-18 i
56507.9 1.22116e-14 6.02171e-18 i
56508.9 1.23126e-14 5.94426e-18 i
56509.9 1.24119e-14 5.86923e-18 i
56510.9 1.25092e-14 5.79707e-18 i
56511.9 1.26046e-14 5.72826e-18 i
56512.9 1.26979e-14 5.6633e-18 i
56513.9 1.27889e-14 5.60269e-18 i
56514.9 1.28776e-14 5.54693e-18 i
56515.9 1.29638e-14 5.49654e-18 i
56516.9 1.30475e-14 5.45202e-18 i
56517.9 1.31284e-14 5.41384e-18 i
56518.9 1.32064e-14 5.38249e-18 i
56519.9 1.32815e-14 5.35837e-18 i
56520.9 1.33534e-14 5.34188e-18 i
56521.9 1.34221e-14 5.33335e-18 i
56522.9 1.34874e-14 5.33304e-18 i
56523.9 1.35491e-14 5.34116e-18 i
56524.9 1.36072e-14 5.35782e-18 i
56525.9 1.36614e-14 5.38306e-18 i
56526.9 1.37116e-14 5.41684e-18 i
56527.9 1.37576e-14 5.45903e-18 i
56528.9 1.37993e-14 5.5094e-18 i
56529.9 1.38365e-14 5.56766e-18 i
56530.9 1.38691e-14 5.63343e-18 i
56531.9 1.38969e-14 5.70624e-18 i
56532.9 1.39197e-14 5.78557e-18 i
56533.9 1.39373e-14 5.87083e-18 i
56534.9 1.39496e-14 5.96139e-18 i
56535.9 1.39564e-14 6.05653e-18 i
56536.9 1.39574e-14 6.15554e-18 i
56537.9 1.39526e-14 6.25763e-18 i
56538.9 1.39417e-14 6.36199e-18 i
56539.9 1.39245e-14 6.4678e-18 i
56540.9 1.39009e-14 6.57418e-18 i
56541.9 1.38706e-14 6.68026e-18 i
56542.9 1.38334e-14 6.78514e-18 i
56543.9 1.37891e-14 6.8879e-18 i
56544.9 1.37375e-14 6.98763e-18 i
56545.9 1.36784e-14 7.0834e-18 i
56546.9 1.36116e-14 7.17426e-18 i
56547.9 1.35368e-14 7.2593e-18 i
56548.9 1.34539e-14 7.33759e-18 i
56549.9 1.33626e-14 7.40823e-18 i
56550.9 1.32627e-14 7.47035e-18 i
56551.9 1.31539e-14 7.52309e-18 i
56552.9 1.3036e-14 7.56569e-18 i
56553.9 1.29089e-14 7.5974e-18 i
56554.9 1.27723e-14 7.61758e-18 i
56555.9 1.26259e-14 7.6257e-18 i
56556.9 1.24697e-14 7.62133e-18 i
56557.9 1.23033e-14 7.60419e-18 i
56558.9 1.21266e-14 7.57417e-18 i
56559.9 1.19394e-14 7.53136e-18 i
56560.9 1.17417e-14 7.47604e-18 i
56561.9 1.15332e-14 7.40874e-18 i
56562.9 1.13139e-14 7.3302e-18 i
56563.9 1.10838e-14 7.24141e-18 i
56564.9 1.08429e-14 7.14356e-18 i
56565.9 1.05912e-14 7.03803e-18 i
56566.9 1.03288e-14 6.9263e-18 i
56567.9 1.00561e-14 6.80992e-18 i
56568.9 9.77315e-15 6.69032e-18 i
56569.9 9.48048e-15 6.56877e-18 i
56570.9 9.17855e-15 6.44617e-18 i
56571.9 8.86795e-15 6.32297e-18 i
56572.9 8.54941e-15 6.19901e-18 i
56573.9 8.22378e-15 6.0735e-18 i
56574.9 7.89205e-15 5.94495e-18 i
56575.9 7.55535e-15 5.81132e-18 i
56576.9 7.21492e-15 5.67009e-18 i
56577.9 6.87215e-15 5.51857e-18 i
56578.9 6.52852e-15 5.3541e-18 i
56579.9 6.18563e-15 5.17444e-18 i
56580.9 5.84513e-15 4.97802e-18 i
56581.9 5.50872e-15 4.76427e-18 i
56582.9 5.17813e-15 4.53379e-18 i
56583.9 4.85504e-15 4.28853e-18 i
56584.9 4.54109e-15 4.03175e-18 i
56585.9 4.23782e-15 3.768e-18 i
56586.9 3.94662e-15 3.50285e-18 i
56587.9 3.66873e-15 3.24258e-18 i
56588.9 3.40519e-15 2.99366e-18 i
56589.9 3.15682e-15 2.76219e-18 i
56590.9 2.9242e-15 2.55317e-18 i
56591.9 2.70769e-15 2.36983e-18 i
56592.9 2.5074e-15 2.21309e-18 i
56593.9 2.32323e-15 2.08141e-18 i
56594.9 2.15487e-15 1.97101e-18 i
56595.9 2.00181e-15 1.87669e-18 i
56596.9 1.8634e-15 1.79273e-18 i
56597.9 1.73886e-15 1.71381e-18 i
56598.9 1.62731e-15 1.63564e-18 i
56599.9 1.52778e-15 1.55525e-18 i
56600.9 1.4393e-15 1.47103e-18 i
56601.9 1.36084e-15 1.38256e-18 i
56602.9 1.29142e-15 1.29042e-18 i
56603.9 1.23004e-15 1.1959e-18 i
56604.9 1.17579e-15 1.10078e-18 i
56605.9 1.12777e-15 1.00714e-18 i
56606.9 1.08516e-15 9.17191e-19 i
56607.9 1.04719e-15 8.33152e-19 i
56608.9 1.0132e-15 7.5711e-19 i
56609.9 9.8254e-16 6.90898e-19 i
56610.9 9.54674e-16 6.3591e-19 i
56611.9 9.2911e-16 5.92913e-19 i
56612.9 9.05424e-16 5.61862e-19 i
56613.9 8.8325e-16 5.41858e-19 i
56614.9 8.62276e-16 5.31285e-19 i
56615.9 8.42235e-16 5.28131e-19 i
56616.9 8.22909e-16 5.30342e-19 i
56617.9 8.04116e-16 5.36102e-19 i
56618.9 7.85709e-16 5.43979e-19 i
56619.9 7.67572e-16 5.52947e-19 i
56620.9 7.49615e-16 5.62347e-19 i
56621.9 7.3177e-16 5.71807e-19 i
56622.9 7.1399e-16 5.81167e-19 i
56623.9 6.96242e-16 5.90408e-19 i
56624.9 6.78507e-16 5.99592e-19 i
56625.9 6.60778e-16 6.08815e-19 i
56626.9 6.43057e-16 6.18178e-19 i
56627.9 6.25352e-16 6.27762e-19 i
56628.9 6.07677e-16 6.37611e-19 i
56629.9 5.90051e-16 6.47734e-19 i
56630.9 5.72495e-16 6.58098e-19 i
56631.9 5.55032e-16 6.68632e-19 i
56632.9 5.37687e-16 6.79238e-19 i
56633.9 5.20484e-16 6.89797e-19 i
56634.9 5.03449e-16 7.00173e-19 i
56635.9 4.86605e-16 7.10228e-19 i
56636.9 4.69977e-16 7.19821e-19 i
56637.9 4.53585e-16 7.28819e-19 i
56638.9 4.37452e-16 7.37099e-19 i
56639.9 4.21596e-16 7.44551e-19 i
56640.9 4.06035e-16 7.5108e-19 i
56641.9 3.90784e-16 7.56606e-19 i
56642.9 3.75858e-16 7.61067e-19 i
56643.9 3.61268e-16 7.64416e-19 i
56644.9 3.47026e-16 7.6662e-19 i
56645.9 3.3314e-16 7.67661e-19 i
56646.9 3.19618e-16 7.67537e-19 i
56647.9 3.06464e-16 7.66252e-19 i
56648.9 2.93683e-16 7.63826e-19 i
56649.9 2.81278e-16 7.60285e-19 i
56650.9 2.69251e-16 7.55664e-19 i
56651.9 2.576e-16 7.50004e-19 i
56652.9 2.46326e-16 7.43353e-19 i
56653.9 2.35426e-16 7.35761e-19 i
56654.9 2.24897e-16 7.27283e-19 i
56655.9 2.14736e-16 7.17977e-19 i
56656.9 2.04938e-16 7.07901e-19 i
56657.9 1.95497e-16 6.97118e-19 i
56658.9 1.86408e-16 6.85686e-19 i
56659.9 1.77663e-16 6.73666e-19 i
56660.9 1.69257e-16 6.61119e-19 i
56661.9 1.61182e-16 6.48103e-19 i
56662.9 1.5343e-16 6.34676e-19 i
56663.9 1.45993e-16 6.20893e-19 i
56664.9 1.38863e-16 6.0681e-19 i
56665.9 1.32031e-16 5.92476e-19 i
56666.9 1.25489e-16 5.77943e-19 i
56667.9 1.19228e-16 5.63257e-19 i
56668.9 1.1324e-16 5.48463e-19 i
56669.9 1.07515e-16 5.33603e-19 i
56670.9 1.02046e-16 5.18716e-19 i
56671.9 9.68232e-17 5.03841e-19 i
56672.9 9.18381e-17 4.8901e-19 i
56673.9 8.70823e-17 4.74257e-19 i
56674.9 8.25475e-17 4.59611e-19 i
56675.9 7.82254e-17 4.45098e-19 i
56676.9 7.41078e-17 4.30744e-19 i
56677.9 7.01867e-17 4.16571e-19 i
56678.9 6.64544e-17 4.02599e-19 i
56679.9 6.29033e-17 3.88847e-19 i
56680.9 5.95258e-17 3.75331e-19 i
56681.9 5.63149e-17 3.62064e-19 i
56682.9 5.32633e-17 3.49061e-19 i
56683.9 5.03644e-17 3.36331e-19 i
56684.9 4.76114e-17 3.23884e-19 i
56685.9 4.4998e-17 3.11727e-19 i
56686.9 4.25179e-17 2.99866e-19 i
56687.9 4.01651e-17 2.88308e-19 i
56688.9 3.79338e-17 2.77054e-19 i
56689.9 3.58185e-17 2.66108e-19 i
56690.9 3.38136e-17 2.55471e-19 i
56691.9 3.19141e-17 2.45144e-19 i
56692.9 3.01149e-17 2.35127e-19 i
56693.9 2.84112e-17 2.25417e-19 i
56694.9 2.67984e-17 2.16014e-19 i
56485.8 7.13108e-15 1.40922e-17 r
56486.8 7.61278e-15 1.42078e-17 r
56487.8 8.12066e-15 1.42747e-17 r
56488.8 8.6554e-15 1.42886e-17 r
56489.8 9.21758e-15 1.42456e-17 r
56490.8 9.80768e-15 1.41421e-17 r
56491.8 1.0426e-14 1.3975e-17 r
56492.8 1.10729e-14 1.37424e-17 r
56493.8 1.17482e-14 1.34434e-17 r
56494.8 1.24517e-14 1.3079e-17 r
56495.8 1.31831e-14 1.26527e-17 r
56496.8 1.39416e-14 1.2171e-17 r
56497.8 1.47262e-14 1.16446e-17 r
56498.8 1.55354e-14 1.10902e-17 r
56499.8 1.63674e-14 1.05312e-17 r
56500.8 1.72199e-14 9.99974e-18 r
56501.8 1.809e-14 9.53681e-18 r
56502.8 1.89742e-14 9.19045e-18 r
56503.8 1.98685e-14 9.00925e-18 r
56504.8 2.07678e-14 9.03105e-18 r
56505.8 2.16665e-14 9.27024e-18 r
56506.8 2.25579e-14 9.71058e-18 r
56507.8 2.34344e-14 1.03077e-17 r
56508.8 2.42874e-14 1.09986e-17 r
56509.8 2.51072e-14 1.17115e-17 r
56510.8 2.58832e-14 1.2373e-17 r
56511.8 2.66037e-14 1.29135e-17 r
56512.8 2.72561e-14 1.32713e-17 r
56513.8 2.78276e-14 1.33987e-17 r
56514.8 2.83048e-14 1.32709e-17 r
56515.8 2.86749e-14 1.29003e-17 r
56516.8 2.89258e-14 1.23554e-17 r
56517.8 2.90475e-14 1.1783e-17 r
56518.8 2.90328e-14 1.14158e-17 r
56519.8 2.8878e-14 1.15213e-17 r
56520.8 2.85845e-14 1.22671e-17 r
56521.8 2.8159e-14 1.36009e-17 r
56522.8 2.76141e-14 1.52812e-17 r
56523.8 2.69683e-14 1.70022e-17 r
56524.8 2.62448e-14 1.84867e-17 r
56525.8 2.54709e-14 1.95276e-17 r
56526.8 2.46754e-14 2.00048e-17 r
56527.8 2.38869e-14 1.98902e-17 r
56528.8 2.31319e-14 1.92438e-17 r
56529.8 2.24324e-14 1.82011e-17 r
56530.8 2.18053e-14 1.69512e-17 r
56531.8 2.12616e-14 1.57064e-17 r
56532.8 2.08061e-14 1.46614e-17 r
56533.8 2.04386e-14 1.39474e-17 r
56534.8 2.01543e-14 1.35965e-17 r
56535.8 1.99451e-14 1.35445e-17 r
56536.8 1.98008e-14 1.36728e-17 r
56537.8 1.97099e-14 1.38596e-17 r
56538.8 1.96605e-14 1.40113e-17 r
56539.8 1.9641e-14 1.40709e-17 r
56540.8 1.96406e-14 1.40134e-17 r
56541.8 1.96495e-14 1.3837e-17 r
56542.8 1.96593e-14 1.35544e-17 r
56543.8 1.96626e-14 1.31867e-17 r
56544.8 1.96535e-14 1.27584e-17 r
56545.8 1.96273e-14 1.22939e-17 r
56546.8 1.95802e-14 1.18159e-17 r
56547.8 1.95096e-14 1.1344e-17 r
56548.8 1.94136e-14 1.08935e-17 r
56549.8 1.92912e-14 1.04758e-17 r
56550.8 1.91421e-14 1.00976e-17 r
56551.8 1.89662e-14 9.76203e-18 r
56552.8 1.87643e-14 9.46862e-18 r
56553.8 1.85372e-14 9.21421e-18 r
56554.8 1.82862e-14 8.99375e-18 r
56555.8 1.80126e-14 8.80105e-18 r
56556.8 1.77181e-14 8.62949e-18 r
56557.8 1.74044e-14 8.47261e-18 r
56558.8 1.70733e-14 8.32449e-18 r
56559.8 1.67265e-14 8.18001e-18 r
56560.8 1.63659e-14 8.03496e-18 r
56561.8 1.59933e-14 7.88606e-18 r
56562.8 1.56105e-14 7.7309e-18 r
56563.8 1.52192e-14 7.56788e-18 r
56564.8 1.4821e-14 7.39605e-18 r
56565.8 1.44177e-14 7.21506e-18 r
56566.8 1.40105e-14 7.025e-18 r
56567.8 1.36011e-14 6.82634e-18 r
56568.8 1.31906e-14 6.6198e-18 r
56569.8 1.27804e-14 6.40633e-18 r
56570.8 1.23716e-14 6.18699e-18 r
56571.8 1.19652e-14 5.96292e-18 r
56572.8 1.15623e-14 5.73532e-18 r
56573.8 1.11637e-14 5.50537e-18 r
56574.8 1.07701e-14 5.27425e-18 r
56575.8 1.03823e-14 5.04309e-18 r
56576.8 1.0001e-14 4.81295e-18 r
56577.8 9.6267e-15 4.58485e-18 r
56578.8 9.25985e-15 4.3597e-18 r
56579.8 8.9009e-15 4.13837e-18 r
56580.8 8.5502e-15 3.9216e-18 r
56581.8 8.20806e-15 3.7101e-18 r
56582.8 7.87471e-15 3.50446e-18 r
56583.8 7.55034e-15 3.3052e-18 r
56584.8 7.2351e-15 3.11278e-18 r
56585.8 6.92909e-15 2.92757e-18 r
56586.8 6.63237e-15 2.74989e-18 r
56587.8 6.34496e-15 2.57998e-18 r
56588.8 6.06685e-15 2.41803e-18 r
56589.8 5.798e-15 2.26418e-18 r
56590.8 5.53835e-15 2.11852e-18 r
56591.8 5.28781e-15 1.98109e-18 r
56592.8 5.04626e-15 1.85188e-18 r
56593.8 4.81358e-15 1.73086e-18 r
56594.8 4.5896e-15 1.61794e-18 r
56595.8 4.37419e-15 1.51301e-18 r
56596.8 4.16714e-15 1.41592e-18 r
56597.8 3.9683e-15 1.32649e-18 r
56598.8 3.77745e-15 1.24449e-18 r
56599.8 3.59439e-15 1.16966e-18 r
56600.8 3.41893e-15 1.10172e-18 r
56601.8 3.25085e-15 1.04034e-18 r
56602.8 3.08992e-15 9.85134e-19 r
56603.8 2.93595e-15 9.35721e-19 r
56604.8 2.7887e-15 8.91668e-19 r
56605.8 2.64796e-15 8.52523e-19 r
56606.8 2.51351e-15 8.1782e-19 r
56607.8 2.38514e-15 7.87087e-19 r
56608.8 2.26262e-15 7.59854e-19 r
56609.8 2.14576e-15 7.35664e-19 r
56610.8 2.03433e-15 7.14082e-19 r
56611.8 1.92813e-15 6.94703e-19 r
56612.8 1.82697e-15 6.77153e-19 r
56613.8 1.73064e-15 6.61099e-19 r
56614.8 1.63894e-15 6.46243e-19 r
56615.8 1.5517e-15 6.3233e-19 r
56616.8 1.46872e-15 6.1914e-19 r
56617.8 1.38983e-15 6.06488e-19 r
56618.8 1.31486e-15 5.94222e-19 r
56619.8 1.24363e-15 5.82219e-19 r
56620.8 1.17598e-15 5.7038e-19 r
56621.8 1.11175e-15 5.58631e-19 r
56622.8 1.0508e-15 5.46915e-19 r
56623.8 9.9296e-16 5.3519e-19 r
56624.8 9.38105e-16 5.23431e-19 r
56625.8 8.8609e-16 5.1162e-19 r
56626.8 8.36785e-16 4.99751e-19 r
56627.8 7.90062e-16 4.87825e-19 r
56628.8 7.45797e-16 4.75846e-19 r
56629.8 7.03874e-16 4.63827e-19 r
56630.8 6.64179e-16 4.5178e-19 r
56631.8 6.26604e-16 4.39721e-19 r
56632.8 5.91044e-16 4.27669e-19 r
56633.8 5.574e-16 4.15641e-19 r
56634.8 5.25578e-16 4.03658e-19 r
56635.8 4.95484e-16 3.91738e-19 r
56636.8 4.67033e-16 3.799e-19 r
56637.8 4.40141e-16 3.68163e-19 r
56638.8 4.14728e-16 3.56543e-19 r
56639.8 3.90719e-16 3.45058e-19 r
56640.8 3.6804e-16 3.33722e-19 r
56641.8 3.46622e-16 3.22551e-19 r
56642.8 3.264e-16 3.11556e-19 r
56643.8 3.07311e-16 3.00751e-19 r
56644.8 2.89295e-16 2.90145e-19 r
56645.8 2.72294e-16 2.79749e-19 r
56646.8 2.56256e-16 2.6957e-19 r
56647.8 2.41127e-16 2.59615e-19 r
56648.8 2.2686e-16 2.49892e-19 r
56649.8 2.13408e-16 2.40404e-19 r
56485.9 1.84663e-13 9.4294e-16 u
56486.9 1.73064e-13 8.64618e-16 u
56487.9 1.62147e-13 7.92224e-16 u
56488.9 1.51873e-13 7.25348e-16 u
56489.9 1.42208e-13 6.63609e-16 u
56490.9 1.33118e-13 6.06649e-16 u
56491.9 1.2457e-13 5.54134e-16 u
56492.9 1.16535e-13 5.05748e-16 u
56493.9 1.08984e-13 4.612e-16 u
56494.9 1.0189e-13 4.20215e-16 u
56495.9 9.52264e-14 3.82537e-16 u
56496.9 8.89702e-14 3.47927e-16 u
56497.9 8.30976e-14 3.1616e-16 u
56498.9 7.75869e-14 2.87028e-16 u
56499.9 7.24175e-14 2.60335e-16 u
56500.9 6.75697e-14 2.359e-16 u
56501.9 6.30251e-14 2.13554e-16 u
56502.9 5.87661e-14 1.93137e-16 u
56503.9 5.47761e-14 1.74504e-16 u
56504.9 5.10395e-14 1.57515e-16 u
56505.9 4.75414e-14 1.42044e-16 u
56506.9 4.42678e-14 1.27972e-16 u
56507.9 4.12054e-14 1.15189e-16 u
56508.9 3.83417e-14 1.0359e-16 u
56509.9 3.5665e-14 9.30812e-17 u
56510.9 3.31639e-14 8.35734e-17 u
56511.9 3.08279e-14 7.49841e-17 u
56512.9 2.86471e-14 6.72369e-17 u
56513.9 2.6612e-14 6.02608e-17 u
56514.9 2.47137e-14 5.39899e-17 u
56515.9 2.29439e-14 4.8363e-17 u
56516.9 2.12946e-14 4.33234e-17 u
56517.9 1.97583e-14 3.88186e-17 u
56518.9 1.83281e-14 3.47997e-17 u
56519.9 1.69972e-14 3.12215e-17 u
56520.9 1.57594e-14 2.80418e-17 u
56521.9 1.46089e-14 2.52217e-17 u
56522.9 1.35399e-14 2.27249e-17 u
56523.9 1.25474e-14 2.05177e-17 u
56524.9 1.16264e-14 1.85691e-17 u
56525.9 1.07722e-14 1.68502e-17 u
56526.9 9.98052e-15 1.53347e-17 u
56527.9 9.2472e-15 1.39983e-17 u
56528.9 8.56838e-15 1.28188e-17 u
56529.9 7.94045e-15 1.17765e-17 u
56530.9 7.35998e-15 1.08536e-17 u
56531.9 6.82376e-15 1.00343e-17 u
56532.9 6.3288e-15 9.30491e-18 u
56533.9 5.87225e-15 8.65362e-18 u
56534.9 5.45146e-15 8.0703e-18 u
56535.9 5.06394e-15 7.54639e-18 u
56536.9 4.70736e-15 7.07478e-18 u
56537.9 4.37952e-15 6.64955e-18 u
56538.9 4.07838e-15 6.26579e-18 u
56539.9 3.802e-15 5.91948e-18 u
56540.9 3.54859e-15 5.60722e-18 u
56541.9 3.31646e-15 5.32615e-18 u
56542.9 3.10403e-15 5.07376e-18 u
56543.9 2.90983e-15 4.8478e-18 u
56544.9 2.73248e-15 4.64617e-18 u
56545.9 2.57069e-15 4.46684e-18 u
56546.9 2.42327e-15 4.30784e-18 u
56547.9 2.28907e-15 4.1672e-18 u
56548.9 2.16707e-15 4.04294e-18 u
56549.9 2.05628e-15 3.93313e-18 u
56550.9 1.95579e-15 3.83588e-18 u
56551.9 1.86476e-15 3.74936e-18 u
56552.9 1.7824e-15 3.67185e-18 u
56553.9 1.70797e-15 3.6018e-18 u
56554.9 1.64079e-15 3.53776e-18 u
56555.9 1.58024e-15 3.47852e-18 u
56556.9 1.52571e-15 3.42301e-18 u
56557.9 1.47668e-15 3.37038e-18 u
56558.9 1.43263e-15 3.31996e-18 u
56559.9 1.3931e-15 3.27128e-18 u
56560.9 1.35765e-15 3.22403e-18 u
56561.9 1.32589e-15 3.17807e-18 u
56562.9 1.29745e-15 3.13341e-18 u
56563.9 1.27199e-15 3.0902e-18 u
56564.9 1.24919e-15 3.04869e-18 u
56565.9 1.22877e-15 3.00924e-18 u
56566.9 1.21046e-15 2.9723e-18 u
56567.9 1.19402e-15 2.93837e-18 u
56568.9 1.17923e-15 2.90799e-18 u
56569.9 1.16589e-15 2.88171e-18 u
56570.9 1.1538e-15 2.8601e-18 u
56571.9 1.1428e-15 2.84366e-18 u
56572.9 1.13273e-15 2.83288e-18 u
56573.9 1.12346e-15 2.82815e-18 u
56574.9 1.11486e-15 2.82979e-18 u
56575.9 1.1068e-15 2.83801e-18 u
56576.9 1.0992e-15 2.85291e-18 u
56577.9 1.09195e-15 2.87447e-18 u
56578.9 1.08497e-15 2.90258e-18 u
56579.9 1.07818e-15 2.937e-18 u
56580.9 1.07153e-15 2.97742e-18 u
56581.9 1.06495e-15 3.02344e-18 u
56582.9 1.05839e-15 3.07459e-18 u
56583.9 1.0518e-15 3.13036e-18 u
56584.9 1.04514e-15 3.19023e-18 u
56585.9 1.03839e-15 3.25363e-18 u
56586.9 1.0315e-15 3.32e-18 u
56587.9 1.02447e-15 3.38879e-18 u
56588.9 1.01726e-15 3.45947e-18 u
56589.9 1.00985e-15 3.53151e-18 u
56590.9 1.00225e-15 3.60442e-18 u
56591.9 9.94427e-16 3.67774e-18 u
56592.9 9.86384e-16 3.75103e-18 u
56593.9 9.78115e-16 3.82391e-18 u
56594.9 9.69617e-16 3.89599e-18 u
56595.9 9.60889e-16 3.96694e-18 u
56596.9 9.51933e-16 4.03646e-18 u
56597.9 9.4275e-16 4.10427e-18 u
56598.9 9.33347e-16 4.17012e-18 u
56599.9 9.23728e-16 4.23379e-18 u
56600.9 9.13899e-16 4.29508e-18 u
56601.9 9.03869e-16 4.35383e-18 u
56602.9 8.93647e-16 4.40988e-18 u
56603.9 8.8324e-16 4.46311e-18 u
56604.9 8.72659e-16 4.5134e-18 u
56605.9 8.61915e-16 4.56067e-18 u
56606.9 8.51017e-16 4.60484e-18 u
56607.9 8.39976e-16 4.64586e-18 u
56608.9 8.28804e-16 4.68368e-18 u
56609.9 8.17513e-16 4.71828e-18 u
56610.9 8.06112e-16 4.74963e-18 u
56611.9 7.94614e-16 4.77772e-18 u
56612.9 7.8303e-16 4.80257e-18 u
56613.9 7.71371e-16 4.82419e-18 u
56614.9 7.59649e-16 4.8426e-18 u
56615.9 7.47874e-16 4.85783e-18 u
56616.9 7.36057e-16 4.86991e-18 u
56617.9 7.24209e-16 4.8789e-18 u
56618.9 7.1234e-16 4.88484e-18 u
56619.9 7.00461e-16 4.8878e-18 u
56620.9 6.8858e-16 4.88782e-18 u
56621.9 6.76708e-16 4.88498e-18 u
56622.9 6.64855e-16 4.87934e-18 u
56623.9 6.53027e-16 4.87097e-18 u
56624.9 6.41236e-16 4.85996e-18 u
56625.9 6.29487e-16 4.84637e-18 u
56626.9 6.17791e-16 4.8303e-18 u
56627.9 6.06153e-16 4.8118e-18 u
56628.9 5.94582e-16 4.79098e-18 u
56629.9 5.83084e-16 4.76792e-18 u
56630.9 5.71665e-16 4.74269e-18 u
56631.9 5.60333e-16 4.71538e-18 u
56632.9 5.49092e-16 4.68608e-18 u
56633.9 5.37948e-16 4.65488e-18 u
56634.9 5.26907e-16 4.62185e-18 u
56635.9 5.15973e-16 4.58709e-18 u
56636.9 5.05152e-16 4.55067e-18 u
56637.9 4.94446e-16 4.51269e-18 u
56638.9 4.8386e-16 4.47321e-18 u
56639.9 4.73398e-16 4.43234e-18 u
56640.9 4.63063e-16 4.39013e-18 u
56641.9 4.52859e-16 4.34669e-18 u
56642.9 4.42787e-16 4.30207e-18 u
56643.9 4.3285e-16 4.25636e-18 u
56644.9 4.23052e-16 4.20964e-18 u
