54842.5 4.24617e-17 4.64808e-19 BessellB
54843.5 4.41523e-17 4.77795e-19 BessellB
54844.5 4.59034e-17 4.91006e-19 BessellB
54845.5 4.77166e-17 5.04437e-19 BessellB
54846.5 4.95939e-17 5.18083e-19 BessellB
54847.5 5.15369e-17 5.31938e-19 BessellB
54848.5 5.35475e-17 5.45997e-19 BessellB
54849.5 5.56275e-17 5.60252e-19 BessellB
54850.5 5.77788e-17 5.74695e-19 BessellB
54851.5 6.00031e-17 5.89318e-19 BessellB
54852.5 6.23024e-17 6.04111e-19 BessellB
54853.5 6.46786e-17 6.19064e-19 BessellB
54854.5 6.71334e-17 6.34166e-19 BessellB
54855.5 6.96687e-17 6.49404e-19 BessellB
54856.5 7.22865e-17 6.64766e-19 BessellB
54857.5 7.49885e-17 6.80236e-19 BessellB
54858.5 7.77766e-17 6.958e-19 BessellB
54859.5 8.06526e-17 7.11441e-19 BessellB
54860.5 8.36183e-17 7.27142e-19 BessellB
54861.5 8.66755e-17 7.42883e-19 BessellB
54862.5 8.98258e-17 7.58645e-19 BessellB
54863.5 9.30709e-17 7.74406e-19 BessellB
54864.5 9.64124e-17 7.90143e-19 BessellB
54865.5 9.9852e-17 8.05833e-19 BessellB
54866.5 1.03391e-16 8.2145e-19 BessellB
54867.5 1.07031e-16 8.36967e-19 BessellB
54868.5 1.10773e-16 8.52357e-19 BessellB
54869.5 1.14618e-16 8.67588e-19 BessellB
54870.5 1.18568e-16 8.82631e-19 BessellB
54871.5 1.22624e-16 8.97453e-19 BessellB
54872.5 1.26786e-16 9.12018e-19 BessellB
54873.5 1.31054e-16 9.26292e-19 BessellB
54874.5 1.35431e-16 9.40237e-19 BessellB
54875.5 1.39915e-16 9.53814e-19 BessellB
54876.5 1.44508e-16 9.66983e-19 BessellB
54877.5 1.49208e-16 9.79702e-19 BessellB
54878.5 1.54016e-16 9.91928e-19 BessellB
54879.5 1.58932e-16 1.00361e-18 BessellB
54880.5 1.63954e-16 1.01472e-18 BessellB
54881.5 1.69082e-16 1.02518e-18 BessellB
54882.5 1.74314e-16 1.03497e-18 BessellB
54883.5 1.79649e-16 1.04402e-18 BessellB
54884.5 1.85084e-16 1.05229e-18 BessellB
54885.5 1.90618e-16 1.05972e-18 BessellB
54886.5 1.96247e-16 1.06626e-18 BessellB
54887.5 2.01969e-16 1.07186e-18 BessellB
54888.5 2.0778e-16 1.07645e-18 BessellB
54889.5 2.13675e-16 1.07998e-18 BessellB
54890.5 2.19651e-16 1.0824e-18 BessellB
54891.5 2.25703e-16 1.08365e-18 BessellB
54892.5 2.31824e-16 1.08366e-18 BessellB
54893.5 2.38009e-16 1.0824e-18 BessellB
54894.5 2.44251e-16 1.07979e-18 BessellB
54895.5 2.50542e-16 1.07579e-18 BessellB
54896.5 2.56876e-16 1.07034e-18 BessellB
54897.5 2.63242e-16 1.06339e-18 BessellB
54898.5 2.69633e-16 1.05489e-18 BessellB
54899.5 2.76037e-16 1.0448e-18 BessellB
54900.5 2.82443e-16 1.03308e-18 BessellB
54901.5 2.88841e-16 1.01968e-18 BessellB
54902.5 2.95218e-16 1.00457e-18 BessellB
54903.5 3.01559e-16 9.87741e-19 BessellB
54904.5 3.07852e-16 9.69162e-19 BessellB
54905.5 3.1408e-16 9.48827e-19 BessellB
54906.5 3.20228e-16 9.26738e-19 BessellB
54907.5 3.26278e-16 9.0291e-19 BessellB
54908.5 3.32212e-16 8.77372e-19 BessellB
54909.5 3.38012e-16 8.50168e-19 BessellB
54910.5 3.43657e-16 8.21362e-19 BessellB
54911.5 3.49125e-16 7.91041e-19 BessellB
54912.5 3.54394e-16 7.59318e-19 BessellB
54913.5 3.59441e-16 7.26333e-19 BessellB
54914.5 3.64241e-16 6.92261e-19 BessellB
54915.5 3.68768e-16 6.57317e-19 BessellB
54916.5 3.72994e-16 6.2176e-19 BessellB
54917.5 3.76893e-16 5.85896e-19 BessellB
54918.5 3.80434e-16 5.50091e-19 BessellB
54919.5 3.83586e-16 5.14767e-19 BessellB
54920.5 3.86319e-16 4.80409e-19 BessellB
54921.5 3.88598e-16 4.47561e-19 BessellB
54922.5 3.9039e-16 4.16812e-19 BessellB
54923.5 3.9166e-16 3.88766e-19 BessellB
54924.5 3.92371e-16 3.63995e-19 BessellB
54925.5 3.92486e-16 3.42969e-19 BessellB
54926.5 3.91968e-16 3.25962e-19 BessellB
54927.5 3.90779e-16 3.12979e-19 BessellB
54928.5 3.8888e-16 3.03715e-19 BessellB
54929.5 3.86232e-16 2.97592e-19 BessellB
54930.5 3.82798e-16 2.93865e-19 BessellB
54931.5 3.78542e-16 2.91783e-19 BessellB
54932.5 3.73429e-16 2.90764e-19 BessellB
54933.5 3.67429e-16 2.90538e-19 BessellB
54934.5 3.60515e-16 2.91256e-19 BessellB
54935.5 3.52666e-16 2.93509e-19 BessellB
54936.5 3.43869e-16 2.98241e-19 BessellB
54937.5 3.34123e-16 3.06497e-19 BessellB
54938.5 3.23437e-16 3.19037e-19 BessellB
54939.5 3.11838e-16 3.3593e-19 BessellB
54940.5 2.99368e-16 3.56299e-19 BessellB
54941.5 2.86094e-16 3.78311e-19 BessellB
54942.5 2.72104e-16 3.99411e-19 BessellB
54943.5 2.57514e-16 4.16662e-19 BessellB
54944.5 2.42464e-16 4.27145e-19 BessellB
54945.5 2.2712e-16 4.2835e-19 BessellB
54946.5 2.11671e-16 4.18565e-19 BessellB
54947.5 1.96324e-16 3.9723e-19 BessellB
54948.5 1.81293e-16 3.65221e-19 BessellB
54949.5 1.66795e-16 3.25026e-19 BessellB
54950.5 1.53034e-16 2.80781e-19 BessellB
54951.5 1.40192e-16 2.38045e-19 BessellB
54952.5 1.28417e-16 2.03e-19 BessellB
54953.5 1.17815e-16 1.80322e-19 BessellB
54954.5 1.08448e-16 1.70067e-19 BessellB
54955.5 1.00327e-16 1.67204e-19 BessellB
54956.5 9.34205e-17 1.65509e-19 BessellB
54957.5 8.76556e-17 1.6128e-19 BessellB
54958.5 8.29296e-17 1.54294e-19 BessellB
54959.5 7.91184e-17 1.47226e-19 BessellB
54960.5 7.60861e-17 1.44283e-19 BessellB
54961.5 7.3694e-17 1.48837e-19 BessellB
54962.5 7.18076e-17 1.61157e-19 BessellB
54963.5 7.03027e-17 1.78586e-19 BessellB
54964.5 6.90682e-17 1.97638e-19 BessellB
54965.5 6.8009e-17 2.15565e-19 BessellB
54966.5 6.70457e-17 2.30799e-19 BessellB
54967.5 6.61151e-17 2.42877e-19 BessellB
54968.5 6.51682e-17 2.52237e-19 BessellB
54969.5 6.41693e-17 2.59984e-19 BessellB
54970.5 6.30939e-17 2.67633e-19 BessellB
54971.5 6.1927e-17 2.76799e-19 BessellB
54972.5 6.06612e-17 2.88867e-19 BessellB
54973.5 5.92953e-17 3.04715e-19 BessellB
54974.5 5.78328e-17 3.24582e-19 BessellB
54975.5 5.62805e-17 3.48118e-19 BessellB
54976.5 5.46478e-17 3.74568e-19 BessellB
54977.5 5.29457e-17 4.02973e-19 BessellB
54978.5 5.1186e-17 4.32341e-19 BessellB
54979.5 4.93809e-17 4.61752e-19 BessellB
54980.5 4.75426e-17 4.90405e-19 BessellB
54981.5 4.56829e-17 5.17641e-19 BessellB
54982.5 4.38129e-17 5.42937e-19 BessellB
54983.5 4.19431e-17 5.65899e-19 BessellB
54984.5 4.00831e-17 5.86245e-19 BessellB
54985.5 3.82415e-17 6.03792e-19 BessellB
54986.5 3.6426e-17 6.18437e-19 BessellB
54987.5 3.46434e-17 6.30147e-19 BessellB
54988.5 3.28996e-17 6.38947e-19 BessellB
54989.5 3.11995e-17 6.44906e-19 BessellB
54990.5 2.95473e-17 6.48132e-19 BessellB
54991.5 2.79464e-17 6.48758e-19 BessellB
54992.5 2.63994e-17 6.46941e-19 BessellB
54993.5 2.49084e-17 6.42851e-19 BessellB
54994.5 2.34748e-17 6.36669e-19 BessellB
54995.5 2.20994e-17 6.28581e-19 BessellB
54996.5 2.07827e-17 6.18775e-19 BessellB
54997.5 1.95247e-17 6.07437e-19 BessellB
54998.5 1.8325e-17 5.9475e-19 BessellB
54999.5 1.71829e-17 5.80891e-19 BessellB
55000.5 1.60974e-17 5.66031e-19 BessellB
55001.5 1.50675e-17 5.50331e-19 BessellB
54842.5 2.10351e-17 2.43121e-19 BessellI
54843.5 2.20901e-17 2.52081e-19 BessellI
54844.5 2.31951e-17 2.61296e-19 BessellI
54845.5 2.43524e-17 2.70766e-19 BessellI
54846.5 2.55641e-17 2.80495e-19 BessellI
54847.5 2.68326e-17 2.90483e-19 BessellI
54848.5 2.81603e-17 3.00732e-19 BessellI
54849.5 2.95498e-17 3.11241e-19 BessellI
54850.5 3.10036e-17 3.2201e-19 BessellI
54851.5 3.25244e-17 3.33039e-19 BessellI
54852.5 3.4115e-17 3.44325e-19 BessellI
54853.5 3.57784e-17 3.55868e-19 BessellI
54854.5 3.75174e-17 3.67663e-19 BessellI
54855.5 3.93351e-17 3.79707e-19 BessellI
54856.5 4.12348e-17 3.91995e-19 BessellI
54857.5 4.32196e-17 4.04521e-19 BessellI
54858.5 4.5293e-17 4.1728e-19 BessellI
54859.5 4.74584e-17 4.30262e-19 BessellI
54860.5 4.97193e-17 4.43459e-19 BessellI
54861.5 5.20796e-17 4.56861e-19 BessellI
54862.5 5.45428e-17 4.70456e-19 BessellI
54863.5 5.7113e-17 4.84232e-19 BessellI
54864.5 5.9794e-17 4.98173e-19 BessellI
54865.5 6.25899e-17 5.12265e-19 BessellI
54866.5 6.55049e-17 5.26488e-19 BessellI
54867.5 6.85433e-17 5.40824e-19 BessellI
54868.5 7.17093e-17 5.55252e-19 BessellI
54869.5 7.50074e-17 5.69748e-19 BessellI
54870.5 7.84422e-17 5.84286e-19 BessellI
54871.5 8.20181e-17 5.9884e-19 BessellI
54872.5 8.57398e-17 6.1338e-19 BessellI
54873.5 8.9612e-17 6.27874e-19 BessellI
54874.5 9.36394e-17 6.42286e-19 BessellI
54875.5 9.78269e-17 6.56581e-19 BessellI
54876.5 1.02179e-16 6.70717e-19 BessellI
54877.5 1.06701e-16 6.84653e-19 BessellI
54878.5 1.11397e-16 6.98344e-19 BessellI
54879.5 1.16273e-16 7.1174e-19 BessellI
54880.5 1.21332e-16 7.24792e-19 BessellI
54881.5 1.26579e-16 7.37443e-19 BessellI
54882.5 1.3202e-16 7.49637e-19 BessellI
54883.5 1.37658e-16 7.61313e-19 BessellI
54884.5 1.43497e-16 7.72407e-19 BessellI
54885.5 1.49542e-16 7.82853e-19 BessellI
54886.5 1.55797e-16 7.92579e-19 BessellI
54887.5 1.62263e-16 8.01513e-19 BessellI
54888.5 1.68946e-16 8.09579e-19 BessellI
54889.5 1.75846e-16 8.16698e-19 BessellI
54890.5 1.82967e-16 8.22788e-19 BessellI
54891.5 1.90309e-16 8.27765e-19 BessellI
54892.5 1.97874e-16 8.31544e-19 BessellI
54893.5 2.05661e-16 8.34037e-19 BessellI
54894.5 2.13669e-16 8.35156e-19 BessellI
54895.5 2.21897e-16 8.34813e-19 BessellI
54896.5 2.30342e-16 8.32919e-19 BessellI
54897.5 2.38999e-16 8.29389e-19 BessellI
54898.5 2.47862e-16 8.24137e-19 BessellI
54899.5 2.56924e-16 8.17084e-19 BessellI
54900.5 2.66175e-16 8.08154e-19 BessellI
54901.5 2.75604e-16 7.97279e-19 BessellI
54902.5 2.85199e-16 7.844e-19 BessellI
54903.5 2.94942e-16 7.69468e-19 BessellI
54904.5 3.04815e-16 7.52449e-19 BessellI
54905.5 3.14796e-16 7.33323e-19 BessellI
54906.5 3.24862e-16 7.12092e-19 BessellI
54907.5 3.34983e-16 6.88778e-19 BessellI
54908.5 3.45128e-16 6.63432e-19 BessellI
54909.5 3.55261e-16 6.36134e-19 BessellI
54910.5 3.65343e-16 6.07001e-19 BessellI
54911.5 3.7533e-16 5.76189e-19 BessellI
54912.5 3.85173e-16 5.43904e-19 BessellI
54913.5 3.94822e-16 5.10401e-19 BessellI
54914.5 4.04219e-16 4.76002e-19 BessellI
54915.5 4.13304e-16 4.41097e-19 BessellI
54916.5 4.22014e-16 4.06165e-19 BessellI
54917.5 4.3028e-16 3.71778e-19 BessellI
54918.5 4.38033e-16 3.38628e-19 BessellI
54919.5 4.45202e-16 3.07531e-19 BessellI
54920.5 4.51714e-16 2.7943e-19 BessellI
54921.5 4.57498e-16 2.55352e-19 BessellI
54922.5 4.62483e-16 2.36301e-19 BessellI
54923.5 4.66603e-16 2.23042e-19 BessellI
54924.5 4.69796e-16 2.15838e-19 BessellI
54925.5 4.72006e-16 2.14261e-19 BessellI
54926.5 4.73187e-16 2.17245e-19 BessellI
54927.5 4.73302e-16 2.23358e-19 BessellI
54928.5 4.72326e-16 2.31119e-19 BessellI
54929.5 4.70247e-16 2.39222e-19 BessellI
54930.5 4.67068e-16 2.46626e-19 BessellI
54931.5 4.62805e-16 2.52563e-19 BessellI
54932.5 4.57491e-16 2.56507e-19 BessellI
54933.5 4.51171e-16 2.58139e-19 BessellI
54934.5 4.43907e-16 2.57308e-19 BessellI
54935.5 4.35771e-16 2.54001e-19 BessellI
54936.5 4.26849e-16 2.48325e-19 BessellI
54937.5 4.17236e-16 2.40479e-19 BessellI
54938.5 4.0703e-16 2.30743e-19 BessellI
54939.5 3.96339e-16 2.19464e-19 BessellI
54940.5 3.85269e-16 2.07037e-19 BessellI
54941.5 3.73929e-16 1.93903e-19 BessellI
54942.5 3.62422e-16 1.80526e-19 BessellI
54943.5 3.5085e-16 1.6739e-19 BessellI
54944.5 3.39305e-16 1.54975e-19 BessellI
54945.5 3.27875e-16 1.43739e-19 BessellI
54946.5 3.16636e-16 1.34077e-19 BessellI
54947.5 3.05659e-16 1.26277e-19 BessellI
54948.5 2.95e-16 1.20476e-19 BessellI
54949.5 2.8471e-16 1.16624e-19 BessellI
54950.5 2.74829e-16 1.14491e-19 BessellI
54951.5 2.65386e-16 1.13717e-19 BessellI
54952.5 2.56404e-16 1.13882e-19 BessellI
54953.5 2.47898e-16 1.14569e-19 BessellI
54954.5 2.39876e-16 1.1542e-19 BessellI
54955.5 2.32338e-16 1.16154e-19 BessellI
54956.5 2.25281e-16 1.16569e-19 BessellI
54957.5 2.18696e-16 1.16541e-19 BessellI
54958.5 2.12572e-16 1.16009e-19 BessellI
54959.5 2.06893e-16 1.14966e-19 BessellI
54960.5 2.01641e-16 1.13449e-19 BessellI
54961.5 1.96796e-16 1.11526e-19 BessellI
54962.5 1.92338e-16 1.09295e-19 BessellI
54963.5 1.88244e-16 1.06872e-19 BessellI
54964.5 1.84492e-16 1.04387e-19 BessellI
54965.5 1.8106e-16 1.01977e-19 BessellI
54966.5 1.77925e-16 9.97821e-20 BessellI
54967.5 1.75065e-16 9.79337e-20 BessellI
54968.5 1.72459e-16 9.65495e-20 BessellI
54969.5 1.70084e-16 9.57238e-20 BessellI
54970.5 1.67922e-16 9.55204e-20 BessellI
54971.5 1.65952e-16 9.59681e-20 BessellI
54972.5 1.64157e-16 9.70604e-20 BessellI
54973.5 1.62518e-16 9.87584e-20 BessellI
54974.5 1.61019e-16 1.00998e-19 BessellI
54975.5 1.59645e-16 1.03697e-19 BessellI
54976.5 1.58382e-16 1.06765e-19 BessellI
54977.5 1.57215e-16 1.1011e-19 BessellI
54978.5 1.56131e-16 1.13643e-19 BessellI
54979.5 1.5512e-16 1.17282e-19 BessellI
54980.5 1.54171e-16 1.20953e-19 BessellI
54981.5 1.53272e-16 1.24592e-19 BessellI
54982.5 1.52416e-16 1.28145e-19 BessellI
54983.5 1.51594e-16 1.31567e-19 BessellI
54984.5 1.50798e-16 1.3482e-19 BessellI
54985.5 1.50022e-16 1.37875e-19 BessellI
54986.5 1.49258e-16 1.40709e-19 BessellI
54987.5 1.48502e-16 1.43303e-19 BessellI
54988.5 1.47748e-16 1.45647e-19 BessellI
54989.5 1.46991e-16 1.47733e-19 BessellI
54990.5 1.46228e-16 1.49556e-19 BessellI
54991.5 1.45456e-16 1.51116e-19 BessellI
54992.5 1.4467e-16 1.52415e-19 BessellI
54993.5 1.43869e-16 1.53459e-19 BessellI
54994.5 1.4305e-16 1.54253e-19 BessellI
54995.5 1.4221e-16 1.54806e-19 BessellI
54996.5 1.41349e-16 1.55129e-19 BessellI
54997.5 1.40465e-16 1.55233e-19 BessellI
54998.5 1.39557e-16 1.5513e-19 BessellI
54999.5 1.38624e-16 1.54833e-19 BessellI
55000.5 1.37665e-16 1.54356e-19 BessellI
55001.5 1.36681e-16 1.53715e-19 BessellI
55002.5 1.35671e-16 1.52923e-19 BessellI
55003.5 1.34634e-16 1.51995e-19 BessellI
55004.5 1.33571e-16 1.50947e-19 BessellI
55005.5 1.32483e-16 1.49795e-19 BessellI
55006.5 1.31369e-16 1.48553e-19 BessellI
55007.5 1.30231e-16 1.47236e-19 BessellI
55008.5 1.29068e-16 1.45859e-19 BessellI
55009.5 1.27882e-16 1.44436e-19 BessellI
55010.5 1.26674e-16 1.42983e-19 BessellI
55011.5 1.25443e-16 1.41511e-19 BessellI
55012.5 1.24192e-16 1.40034e-19 BessellI
55013.5 1.2292e-16 1.38566e-19 BessellI
55014.5 1.2163e-16 1.37116e-19 BessellI
55015.5 1.20322e-16 1.35697e-19 BessellI
55016.5 1.18996e-16 1.34317e-19 BessellI
55017.5 1.17655e-16 1.32988e-19 BessellI
55018.5 1.16299e-16 1.31716e-19 BessellI
55019.5 1.1493e-16 1.3051e-19 BessellI
55020.5 1.13548e-16 1.29375e-19 BessellI
55021.5 1.12155e-16 1.28317e-19 BessellI
55022.5 1.10751e-16 1.2734e-19 BessellI
55023.5 1.09339e-16 1.26447e-19 BessellI
55024.5 1.07918e-16 1.25641e-19 BessellI
55025.5 1.0649e-16 1.24922e-19 BessellI
55026.5 1.05057e-16 1.24292e-19 BessellI
55027.5 1.03618e-16 1.23748e-19 BessellI
55028.5 1.02176e-16 1.2329e-19 BessellI
55029.5 1.0073e-16 1.22914e-19 BessellI
55030.5 9.92831e-17 1.22619e-19 BessellI
55031.5 9.7835e-17 1.224e-19 BessellI
55032.5 9.6387e-17 1.22252e-19 BessellI
55033.5 9.49399e-17 1.22172e-19 BessellI
55034.5 9.34947e-17 1.22153e-19 BessellI
55035.5 9.20521e-17 1.22191e-19 BessellI
55036.5 9.0613e-17 1.22279e-19 BessellI
55037.5 8.91781e-17 1.22413e-19 BessellI
55038.5 8.77484e-17 1.22585e-19 BessellI
55039.5 8.63244e-17 1.22791e-19 BessellI
55040.5 8.49069e-17 1.23025e-19 BessellI
55041.5 8.34966e-17 1.23281e-19 BessellI
55042.5 8.20941e-17 1.23553e-19 BessellI
55043.5 8.07001e-17 1.23837e-19 BessellI
55044.5 7.9315e-17 1.24127e-19 BessellI
55045.5 7.79396e-17 1.24418e-19 BessellI
55046.5 7.65743e-17 1.24707e-19 BessellI
55047.5 7.52196e-17 1.24989e-19 BessellI
55048.5 7.3876e-17 1.2526e-19 BessellI
55049.5 7.25439e-17 1.25516e-19 BessellI
55050.5 7.12238e-17 1.25754e-19 BessellI
55051.5 6.99161e-17 1.25971e-19 BessellI
55052.5 6.86211e-17 1.26164e-19 BessellI
55053.5 6.73391e-17 1.2633e-19 BessellI
55054.5 6.60706e-17 1.26469e-19 BessellI
55055.5 6.48158e-17 1.26576e-19 BessellI
55056.5 6.35749e-17 1.26652e-19 BessellI
55057.5 6.23483e-17 1.26693e-19 BessellI
55058.5 6.11362e-17 1.267e-19 BessellI
55059.5 5.99387e-17 1.2667e-19 BessellI
55060.5 5.8756e-17 1.26604e-19 BessellI
55061.5 5.75884e-17 1.26499e-19 BessellI
55062.5 5.64359e-17 1.26357e-19 BessellI
55063.5 5.52988e-17 1.26175e-19 BessellI
55064.5 5.41771e-17 1.25955e-19 BessellI
55065.5 5.30709e-17 1.25696e-19 BessellI
55066.5 5.19803e-17 1.25399e-19 BessellI
55067.5 5.09053e-17 1.25062e-19 BessellI
55068.5 4.98461e-17 1.24688e-19 BessellI
55069.5 4.88026e-17 1.24275e-19 BessellI
55070.5 4.77749e-17 1.23825e-19 BessellI
55071.5 4.6763e-17 1.23338e-19 BessellI
55072.5 4.57668e-17 1.22815e-19 BessellI
55073.5 4.47865e-17 1.22256e-19 BessellI
55074.5 4.38218e-17 1.21663e-19 BessellI
55075.5 4.28728e-17 1.21036e-19 BessellI
55076.5 4.19395e-17 1.20375e-19 BessellI
55077.5 4.10217e-17 1.19683e-19 BessellI
55078.5 4.01195e-17 1.18959e-19 BessellI
55079.5 3.92326e-17 1.18205e-19 BessellI
55080.5 3.83612e-17 1.17422e-19 BessellI
55081.5 3.75049e-17 1.1661e-19 BessellI
55082.5 3.66639e-17 1.15772e-19 BessellI
55083.5 3.58378e-17 1.14907e-19 BessellI
55084.5 3.50267e-17 1.14017e-19 BessellI
55085.5 3.42304e-17 1.13104e-19 BessellI
55086.5 3.34488e-17 1.12168e-19 BessellI
55087.5 3.26817e-17 1.1121e-19 BessellI
55088.5 3.19289e-17 1.10231e-19 BessellI
55089.5 3.11905e-17 1.09233e-19 BessellI
55090.5 3.04662e-17 1.08216e-19 BessellI
55091.5 2.97558e-17 1.07182e-19 BessellI
55092.5 2.90592e-17 1.06131e-19 BessellI
55093.5 2.83763e-17 1.05065e-19 BessellI
55094.5 2.77068e-17 1.03985e-19 BessellI
55095.5 2.70507e-17 1.02892e-19 BessellI
55096.5 2.64077e-17 1.01786e-19 BessellI
55097.5 2.57777e-17 1.00669e-19 BessellI
55098.5 2.51605e-17 9.95416e-20 BessellI
54819.1 1.01966e-16 2.11284e-19 BessellR
54820.1 1.04561e-16 2.12804e-19 BessellR
54821.1 1.07212e-16 2.14313e-19 BessellR
54822.1 1.09919e-16 2.15815e-19 BessellR
54823.1 1.12683e-16 2.17313e-19 BessellR
54824.1 1.15504e-16 2.18809e-19 BessellR
54825.1 1.18383e-16 2.20309e-19 BessellR
54826.1 1.2132e-16 2.21817e-19 BessellR
54827.1 1.24318e-16 2.23336e-19 BessellR
54828.1 1.27375e-16 2.24872e-19 BessellR
54829.1 1.30494e-16 2.26431e-19 BessellR
54830.1 1.33674e-16 2.28018e-19 BessellR
54831.1 1.36916e-16 2.2964e-19 BessellR
54832.1 1.4022e-16 2.31302e-19 BessellR
54833.1 1.43588e-16 2.33012e-19 BessellR
54834.1 1.4702e-16 2.34777e-19 BessellR
54835.1 1.50517e-16 2.36604e-19 BessellR
54836.1 1.54078e-16 2.385e-19 BessellR
54837.1 1.57705e-16 2.40474e-19 BessellR
54838.1 1.61398e-16 2.42534e-19 BessellR
54839.1 1.65158e-16 2.44686e-19 BessellR
54840.1 1.68985e-16 2.46939e-19 BessellR
54841.1 1.72878e-16 2.49301e-19 BessellR
54842.1 1.7684e-16 2.5178e-19 BessellR
54843.1 1.8087e-16 2.54383e-19 BessellR
54844.1 1.84968e-16 2.57116e-19 BessellR
54845.1 1.89135e-16 2.59987e-19 BessellR
54846.1 1.93372e-16 2.63002e-19 BessellR
54847.1 1.97677e-16 2.66165e-19 BessellR
54848.1 2.02052e-16 2.69483e-19 BessellR
54849.1 2.06497e-16 2.72958e-19 BessellR
54850.1 2.11012e-16 2.76594e-19 BessellR
54851.1 2.15597e-16 2.80393e-19 BessellR
54852.1 2.20252e-16 2.84356e-19 BessellR
54853.1 2.24977e-16 2.88482e-19 BessellR
54854.1 2.29772e-16 2.92771e-19 BessellR
54855.1 2.34638e-16 2.9722e-19 BessellR
54856.1 2.39574e-16 3.01824e-19 BessellR
54857.1 2.44581e-16 3.0658e-19 BessellR
54858.1 2.49658e-16 3.11479e-19 BessellR
54859.1 2.54804e-16 3.16515e-19 BessellR
54860.1 2.60021e-16 3.21677e-19 BessellR
54861.1 2.65308e-16 3.26955e-19 BessellR
54862.1 2.70664e-16 3.32337e-19 BessellR
54863.1 2.76091e-16 3.37809e-19 BessellR
54864.1 2.81586e-16 3.43357e-19 BessellR
54865.1 2.87151e-16 3.48963e-19 BessellR
54866.1 2.92785e-16 3.54611e-19 BessellR
54867.1 2.98488e-16 3.60281e-19 BessellR
54868.1 3.04259e-16 3.65955e-19 BessellR
54869.1 3.10099e-16 3.71609e-19 BessellR
54870.1 3.16007e-16 3.77223e-19 BessellR
54871.1 3.21983e-16 3.82774e-19 BessellR
54872.1 3.28028e-16 3.88236e-19 BessellR
54873.1 3.3414e-16 3.93586e-19 BessellR
54874.1 3.40319e-16 3.98798e-19 BessellR
54875.1 3.46567e-16 4.03846e-19 BessellR
54876.1 3.52882e-16 4.08704e-19 BessellR
54877.1 3.59265e-16 4.13345e-19 BessellR
54878.1 3.65715e-16 4.17742e-19 BessellR
54879.1 3.72233e-16 4.21871e-19 BessellR
54880.1 3.78819e-16 4.25704e-19 BessellR
54881.1 3.85473e-16 4.29216e-19 BessellR
54882.1 3.92196e-16 4.32385e-19 BessellR
54883.1 3.98986e-16 4.35186e-19 BessellR
54884.1 4.05846e-16 4.37599e-19 BessellR
54885.1 4.12775e-16 4.39605e-19 BessellR
54886.1 4.19774e-16 4.41188e-19 BessellR
54887.1 4.26842e-16 4.42334e-19 BessellR
54888.1 4.33981e-16 4.43033e-19 BessellR
54889.1 4.41191e-16 4.43279e-19 BessellR
54890.1 4.48472e-16 4.4307e-19 BessellR
54891.1 4.55824e-16 4.4241e-19 BessellR
54892.1 4.63248e-16 4.41306e-19 BessellR
54893.1 4.70744e-16 4.39773e-19 BessellR
54894.1 4.78311e-16 4.37832e-19 BessellR
54895.1 4.85948e-16 4.35509e-19 BessellR
54896.1 4.93655e-16 4.32837e-19 BessellR
54897.1 5.01431e-16 4.29856e-19 BessellR
54898.1 5.09273e-16 4.26612e-19 BessellR
54899.1 5.17178e-16 4.23154e-19 BessellR
54900.1 5.25143e-16 4.19538e-19 BessellR
54901.1 5.33164e-16 4.15819e-19 BessellR
54902.1 5.41233e-16 4.12054e-19 BessellR
54903.1 5.49345e-16 4.08296e-19 BessellR
54904.1 5.57488e-16 4.04594e-19 BessellR
54905.1 5.65653e-16 4.00984e-19 BessellR
54906.1 5.73825e-16 3.97491e-19 BessellR
54907.1 5.81988e-16 3.94123e-19 BessellR
54908.1 5.90123e-16 3.90866e-19 BessellR
54909.1 5.98207e-16 3.87684e-19 BessellR
54910.1 6.06214e-16 3.84516e-19 BessellR
54911.1 6.14113e-16 3.81279e-19 BessellR
54912.1 6.21868e-16 3.77865e-19 BessellR
54913.1 6.2944e-16 3.74151e-19 BessellR
54914.1 6.36783e-16 3.70002e-19 BessellR
54915.1 6.43847e-16 3.6528e-19 BessellR
54916.1 6.50575e-16 3.59856e-19 BessellR
54917.1 6.56907e-16 3.5362e-19 BessellR
54918.1 6.62775e-16 3.46498e-19 BessellR
54919.1 6.68108e-16 3.38461e-19 BessellR
54920.1 6.7283e-16 3.29547e-19 BessellR
54921.1 6.76862e-16 3.19867e-19 BessellR
54922.1 6.80123e-16 3.09618e-19 BessellR
54923.1 6.82532e-16 2.99089e-19 BessellR
54924.1 6.84009e-16 2.88654e-19 BessellR
54925.1 6.84477e-16 2.78755e-19 BessellR
54926.1 6.83865e-16 2.6987e-19 BessellR
54927.1 6.82111e-16 2.62453e-19 BessellR
54928.1 6.79161e-16 2.56868e-19 BessellR
54929.1 6.74977e-16 2.53318e-19 BessellR
54930.1 6.69534e-16 2.51795e-19 BessellR
54931.1 6.62823e-16 2.52066e-19 BessellR
54932.1 6.54853e-16 2.53703e-19 BessellR
54933.1 6.45652e-16 2.56154e-19 BessellR
54934.1 6.35266e-16 2.5882e-19 BessellR
54935.1 6.23755e-16 2.61125e-19 BessellR
54936.1 6.112e-16 2.62571e-19 BessellR
54937.1 5.97692e-16 2.62768e-19 BessellR
54938.1 5.83333e-16 2.61448e-19 BessellR
54939.1 5.68236e-16 2.58467e-19 BessellR
54940.1 5.52517e-16 2.5379e-19 BessellR
54941.1 5.36295e-16 2.47482e-19 BessellR
54942.1 5.19688e-16 2.39689e-19 BessellR
54943.1 5.02813e-16 2.30621e-19 BessellR
54944.1 4.8578e-16 2.20536e-19 BessellR
54945.1 4.6869e-16 2.09725e-19 BessellR
54946.1 4.51641e-16 1.985e-19 BessellR
54947.1 4.34715e-16 1.87181e-19 BessellR
54948.1 4.17991e-16 1.76092e-19 BessellR
54949.1 4.01531e-16 1.65548e-19 BessellR
54950.1 3.85394e-16 1.55844e-19 BessellR
54951.1 3.69623e-16 1.47246e-19 BessellR
54952.1 3.54258e-16 1.39972e-19 BessellR
54953.1 3.39327e-16 1.34177e-19 BessellR
54954.1 3.24852e-16 1.29932e-19 BessellR
54955.1 3.10848e-16 1.27221e-19 BessellR
54956.1 2.97324e-16 1.25939e-19 BessellR
54957.1 2.84285e-16 1.25908e-19 BessellR
54958.1 2.71731e-16 1.2691e-19 BessellR
54959.1 2.59659e-16 1.28708e-19 BessellR
54960.1 2.48062e-16 1.31072e-19 BessellR
54961.1 2.36932e-16 1.33796e-19 BessellR
54962.1 2.26259e-16 1.36705e-19 BessellR
54963.1 2.1603e-16 1.39655e-19 BessellR
54964.1 2.06232e-16 1.42535e-19 BessellR
54965.1 1.96852e-16 1.4526e-19 BessellR
54966.1 1.87876e-16 1.47769e-19 BessellR
54967.1 1.79288e-16 1.50019e-19 BessellR
54968.1 1.71075e-16 1.51983e-19 BessellR
54969.1 1.63222e-16 1.53646e-19 BessellR
54970.1 1.55715e-16 1.54999e-19 BessellR
54971.1 1.4854e-16 1.56046e-19 BessellR
54972.1 1.41682e-16 1.5679e-19 BessellR
54973.1 1.35129e-16 1.57241e-19 BessellR
54974.1 1.28867e-16 1.57412e-19 BessellR
54975.1 1.22884e-16 1.57316e-19 BessellR
54976.1 1.17169e-16 1.5697e-19 BessellR
54977.1 1.11709e-16 1.56388e-19 BessellR
54978.1 1.06493e-16 1.55586e-19 BessellR
54979.1 1.01511e-16 1.5458e-19 BessellR
54980.1 9.67519e-17 1.53387e-19 BessellR
54981.1 9.22068e-17 1.5202e-19 BessellR
54982.1 8.78659e-17 1.50496e-19 BessellR
54983.1 8.37203e-17 1.48826e-19 BessellR
54984.1 7.97616e-17 1.47025e-19 BessellR
54985.1 7.59814e-17 1.45106e-19 BessellR
54986.1 7.2372e-17 1.43079e-19 BessellR
54987.1 6.89259e-17 1.40957e-19 BessellR
54988.1 6.5636e-17 1.38749e-19 BessellR
54989.1 6.24954e-17 1.36465e-19 BessellR
54990.1 5.94977e-17 1.34115e-19 BessellR
54991.1 5.66366e-17 1.31707e-19 BessellR
54992.1 5.39062e-17 1.29248e-19 BessellR
54993.1 5.13007e-17 1.26748e-19 BessellR
54994.1 4.88148e-17 1.24212e-19 BessellR
54995.1 4.64431e-17 1.21647e-19 BessellR
54996.1 4.41807e-17 1.19059e-19 BessellR
54997.1 4.20229e-17 1.16455e-19 BessellR
54998.1 3.9965e-17 1.13839e-19 BessellR
54999.1 3.80026e-17 1.11216e-19 BessellR
55000.1 3.61317e-17 1.08591e-19 BessellR
55001.1 3.43481e-17 1.05969e-19 BessellR
55002.1 3.2648e-17 1.03354e-19 BessellR
55003.1 3.10278e-17 1.00749e-19 BessellR
55004.1 2.94839e-17 9.81579e-20 BessellR
55005.1 2.80129e-17 9.5584e-20 BessellR
55006.1 2.66115e-17 9.30306e-20 BessellR
55007.1 2.52768e-17 9.05003e-20 BessellR
55008.1 2.40057e-17 8.79958e-20 BessellR
55009.1 2.27953e-17 8.55195e-20 BessellR
55010.1 2.1643e-17 8.30737e-20 BessellR
55011.1 2.0546e-17 8.06604e-20 BessellR
55012.1 1.9502e-17 7.82814e-20 BessellR
55013.1 1.85085e-17 7.59386e-20 BessellR
55014.1 1.75633e-17 7.36332e-20 BessellR
54825.3 9.27452e-18 2.06168e-19 BessellV
54826.3 9.80714e-18 2.15547e-19 BessellV
54827.3 1.0369e-17 2.25295e-19 BessellV
54828.3 1.09616e-17 2.35425e-19 BessellV
54829.3 1.15866e-17 2.45945e-19 BessellV
54830.3 1.22456e-17 2.56867e-19 BessellV
54831.3 1.29402e-17 2.68201e-19 BessellV
54832.3 1.36724e-17 2.79958e-19 BessellV
54833.3 1.4444e-17 2.92149e-19 BessellV
54834.3 1.52569e-17 3.04783e-19 BessellV
54835.3 1.61133e-17 3.1787e-19 BessellV
54836.3 1.70152e-17 3.31422e-19 BessellV
54837.3 1.79649e-17 3.45446e-19 BessellV
54838.3 1.89648e-17 3.59952e-19 BessellV
54839.3 2.00172e-17 3.74949e-19 BessellV
54840.3 2.11247e-17 3.90446e-19 BessellV
54841.3 2.229e-17 4.0645e-19 BessellV
54842.3 2.35158e-17 4.22968e-19 BessellV
54843.3 2.48048e-17 4.40008e-19 BessellV
54844.3 2.61603e-17 4.57575e-19 BessellV
54845.3 2.75851e-17 4.75674e-19 BessellV
54846.3 2.90825e-17 4.9431e-19 BessellV
54847.3 3.06558e-17 5.13486e-19 BessellV
54848.3 3.23086e-17 5.33204e-19 BessellV
54849.3 3.40443e-17 5.53464e-19 BessellV
54850.3 3.58667e-17 5.74268e-19 BessellV
54851.3 3.77797e-17 5.95614e-19 BessellV
54852.3 3.97872e-17 6.17497e-19 BessellV
54853.3 4.18933e-17 6.39915e-19 BessellV
54854.3 4.41023e-17 6.6286e-19 BessellV
54855.3 4.64185e-17 6.86324e-19 BessellV
54856.3 4.88466e-17 7.10298e-19 BessellV
54857.3 5.13912e-17 7.34769e-19 BessellV
54858.3 5.4057e-17 7.59723e-19 BessellV
54859.3 5.68492e-17 7.85143e-19 BessellV
54860.3 5.97727e-17 8.11011e-19 BessellV
54861.3 6.28328e-17 8.37303e-19 BessellV
54862.3 6.6035e-17 8.63995e-19 BessellV
54863.3 6.93846e-17 8.91061e-19 BessellV
54864.3 7.28875e-17 9.18469e-19 BessellV
54865.3 7.65494e-17 9.46186e-19 BessellV
54866.3 8.03762e-17 9.74173e-19 BessellV
54867.3 8.4374e-17 1.00239e-18 BessellV
54868.3 8.85489e-17 1.0308e-18 BessellV
54869.3 9.29074e-17 1.05934e-18 BessellV
54870.3 9.74557e-17 1.08796e-18 BessellV
54871.3 1.02201e-16 1.11662e-18 BessellV
54872.3 1.07148e-16 1.14525e-18 BessellV
54873.3 1.12306e-16 1.17377e-18 BessellV
54874.3 1.1768e-16 1.20213e-18 BessellV
54875.3 1.23278e-16 1.23026e-18 BessellV
54876.3 1.29106e-16 1.25806e-18 BessellV
54877.3 1.35172e-16 1.28545e-18 BessellV
54878.3 1.41482e-16 1.31236e-18 BessellV
54879.3 1.48043e-16 1.33868e-18 BessellV
54880.3 1.54863e-16 1.36431e-18 BessellV
54881.3 1.61949e-16 1.38915e-18 BessellV
54882.3 1.69308e-16 1.4131e-18 BessellV
54883.3 1.76947e-16 1.43603e-18 BessellV
54884.3 1.84872e-16 1.45782e-18 BessellV
54885.3 1.93092e-16 1.47836e-18 BessellV
54886.3 2.01612e-16 1.4975e-18 BessellV
54887.3 2.10439e-16 1.51512e-18 BessellV
54888.3 2.1958e-16 1.53107e-18 BessellV
54889.3 2.29042e-16 1.5452e-18 BessellV
54890.3 2.3883e-16 1.55737e-18 BessellV
54891.3 2.48951e-16 1.56742e-18 BessellV
54892.3 2.59411e-16 1.57519e-18 BessellV
54893.3 2.70214e-16 1.58051e-18 BessellV
54894.3 2.81366e-16 1.58322e-18 BessellV
54895.3 2.92872e-16 1.58315e-18 BessellV
54896.3 3.04735e-16 1.58011e-18 BessellV
54897.3 3.1696e-16 1.57394e-18 BessellV
54898.3 3.29549e-16 1.56446e-18 BessellV
54899.3 3.42504e-16 1.5515e-18 BessellV
54900.3 3.55827e-16 1.53487e-18 BessellV
54901.3 3.69518e-16 1.51442e-18 BessellV
54902.3 3.83574e-16 1.48998e-18 BessellV
54903.3 3.97995e-16 1.4614e-18 BessellV
54904.3 4.12773e-16 1.42854e-18 BessellV
54905.3 4.27903e-16 1.39129e-18 BessellV
54906.3 4.43374e-16 1.34955e-18 BessellV
54907.3 4.59172e-16 1.30327e-18 BessellV
54908.3 4.75279e-16 1.25243e-18 BessellV
54909.3 4.91673e-16 1.1971e-18 BessellV
54910.3 5.08325e-16 1.13738e-18 BessellV
54911.3 5.25198e-16 1.07349e-18 BessellV
54912.3 5.42248e-16 1.00578e-18 BessellV
54913.3 5.59418e-16 9.34727e-19 BessellV
54914.3 5.76642e-16 8.61034e-19 BessellV
54915.3 5.93839e-16 7.85646e-19 BessellV
54916.3 6.1091e-16 7.09844e-19 BessellV
54917.3 6.27739e-16 6.35341e-19 BessellV
54918.3 6.44191e-16 5.64398e-19 BessellV
54919.3 6.60106e-16 4.99931e-19 BessellV
54920.3 6.75302e-16 4.45469e-19 BessellV
54921.3 6.89573e-16 4.04711e-19 BessellV
54922.3 7.0269e-16 3.80363e-19 BessellV
54923.3 7.14404e-16 3.72541e-19 BessellV
54924.3 7.24449e-16 3.78045e-19 BessellV
54925.3 7.32551e-16 3.91453e-19 BessellV
54926.3 7.38438e-16 4.07025e-19 BessellV
54927.3 7.4185e-16 4.20005e-19 BessellV
54928.3 7.42557e-16 4.27066e-19 BessellV
54929.3 7.40373e-16 4.26318e-19 BessellV
54930.3 7.35172e-16 4.17207e-19 BessellV
54931.3 7.26902e-16 4.004e-19 BessellV
54932.3 7.15594e-16 3.77682e-19 BessellV
54933.3 7.01368e-16 3.51807e-19 BessellV
54934.3 6.84433e-16 3.26228e-19 BessellV
54935.3 6.65071e-16 3.04582e-19 BessellV
54936.3 6.43632e-16 2.89823e-19 BessellV
54937.3 6.20507e-16 2.83214e-19 BessellV
54938.3 5.96109e-16 2.83825e-19 BessellV
54939.3 5.70855e-16 2.89046e-19 BessellV
54940.3 5.45139e-16 2.95733e-19 BessellV
54941.3 5.19325e-16 3.01159e-19 BessellV
54942.3 4.93728e-16 3.03435e-19 BessellV
54943.3 4.68615e-16 3.0153e-19 BessellV
54944.3 4.44198e-16 2.95125e-19 BessellV
54945.3 4.20639e-16 2.84433e-19 BessellV
54946.3 3.98051e-16 2.70023e-19 BessellV
54947.3 3.76507e-16 2.52693e-19 BessellV
54948.3 3.56044e-16 2.33373e-19 BessellV
54949.3 3.36671e-16 2.13055e-19 BessellV
54950.3 3.18376e-16 1.92761e-19 BessellV
54951.3 3.01128e-16 1.7352e-19 BessellV
54952.3 2.84886e-16 1.56348e-19 BessellV
54953.3 2.69603e-16 1.42203e-19 BessellV
54954.3 2.55224e-16 1.31871e-19 BessellV
54955.3 2.41696e-16 1.25786e-19 BessellV
54956.3 2.28962e-16 1.23862e-19 BessellV
54957.3 2.1697e-16 1.255e-19 BessellV
54958.3 2.05667e-16 1.29783e-19 BessellV
54959.3 1.95006e-16 1.35754e-19 BessellV
54960.3 1.8494e-16 1.4259e-19 BessellV
54961.3 1.75428e-16 1.49673e-19 BessellV
54962.3 1.66431e-16 1.56574e-19 BessellV
54963.3 1.57913e-16 1.63014e-19 BessellV
54964.3 1.49843e-16 1.68827e-19 BessellV
54965.3 1.42189e-16 1.73921e-19 BessellV
54966.3 1.34926e-16 1.7826e-19 BessellV
54967.3 1.28029e-16 1.81842e-19 BessellV
54968.3 1.21475e-16 1.84691e-19 BessellV
54969.3 1.15246e-16 1.8684e-19 BessellV
54970.3 1.09321e-16 1.88336e-19 BessellV
54971.3 1.03684e-16 1.89227e-19 BessellV
54972.3 9.83205e-17 1.89562e-19 BessellV
54973.3 9.32152e-17 1.89391e-19 BessellV
54974.3 8.83553e-17 1.88761e-19 BessellV
54975.3 8.37287e-17 1.87717e-19 BessellV
54976.3 7.93241e-17 1.863e-19 BessellV
54977.3 7.51311e-17 1.8455e-19 BessellV
54978.3 7.11398e-17 1.82502e-19 BessellV
54979.3 6.7341e-17 1.80188e-19 BessellV
54980.3 6.3726e-17 1.77637e-19 BessellV
54981.3 6.02868e-17 1.74877e-19 BessellV
54982.3 5.70154e-17 1.71932e-19 BessellV
54983.3 5.39045e-17 1.68824e-19 BessellV
54984.3 5.0947e-17 1.65575e-19 BessellV
54985.3 4.81363e-17 1.62202e-19 BessellV
54986.3 4.5466e-17 1.58724e-19 BessellV
54987.3 4.29298e-17 1.55155e-19 BessellV
54988.3 4.05219e-17 1.51512e-19 BessellV
54989.3 3.82366e-17 1.47807e-19 BessellV
54990.3 3.60684e-17 1.44054e-19 BessellV
54991.3 3.40122e-17 1.40264e-19 BessellV
54992.3 3.2063e-17 1.36448e-19 BessellV
54993.3 3.02157e-17 1.32617e-19 BessellV
54994.3 2.84658e-17 1.28781e-19 BessellV
54995.3 2.68089e-17 1.24949e-19 BessellV
54996.3 2.52405e-17 1.21129e-19 BessellV
54997.3 2.37565e-17 1.17329e-19 BessellV
54998.3 2.23529e-17 1.13557e-19 BessellV
54999.3 2.10259e-17 1.09819e-19 BessellV
55000.3 1.97718e-17 1.06122e-19 BessellV
55001.3 1.8587e-17 1.02471e-19 BessellV
