52685.1 5.4711e-17 4.46822e-18 BessellB
52686.1 7.11541e-17 5.44369e-18 BessellB
52687.1 9.25094e-17 6.5997e-18 BessellB
52688.1 1.20227e-16 7.95618e-18 BessellB
52689.1 1.56175e-16 9.52879e-18 BessellB
52690.1 2.02747e-16 1.13247e-17 BessellB
52691.1 2.63003e-16 1.33369e-17 BessellB
52692.1 3.40823e-16 1.55357e-17 BessellB
52693.1 4.41083e-16 1.78591e-17 BessellB
52694.1 5.6984e-16 2.02009e-17 BessellB
52695.1 7.34478e-16 2.24015e-17 BessellB
52696.1 9.43772e-16 2.42472e-17 BessellB
52697.1 1.20777e-15 2.54953e-17 BessellB
52698.1 1.53734e-15 2.59591e-17 BessellB
52699.1 1.94314e-15 2.57139e-17 BessellB
52700.1 2.43388e-15 2.54775e-17 BessellB
52701.1 3.01365e-15 2.68877e-17 BessellB
52702.1 3.67855e-15 3.15566e-17 BessellB
52703.1 4.41326e-15 3.91152e-17 BessellB
52704.1 5.18903e-15 4.71625e-17 BessellB
52705.1 5.96467e-15 5.26635e-17 BessellB
52706.1 6.69176e-15 5.30634e-17 BessellB
52707.1 7.3232e-15 4.70986e-17 BessellB
52708.1 7.8224e-15 3.52559e-17 BessellB
52709.1 8.16957e-15 1.99786e-17 BessellB
52710.1 8.36294e-15 1.04091e-17 BessellB
52711.1 8.4155e-15 2.18914e-17 BessellB
52712.1 8.34934e-15 3.64539e-17 BessellB
52713.1 8.18995e-15 4.84987e-17 BessellB
52714.1 7.9621e-15 5.72756e-17 BessellB
52715.1 7.68737e-15 6.28949e-17 BessellB
52716.1 7.38328e-15 6.57931e-17 BessellB
52717.1 7.06333e-15 6.65126e-17 BessellB
52718.1 6.73746e-15 6.55848e-17 BessellB
52719.1 6.41278e-15 6.34753e-17 BessellB
52720.1 6.09415e-15 6.05655e-17 BessellB
52721.1 5.78484e-15 5.71534e-17 BessellB
52722.1 5.48688e-15 5.34641e-17 BessellB
52723.1 5.20148e-15 4.96628e-17 BessellB
52724.1 4.92926e-15 4.58675e-17 BessellB
52725.1 4.67041e-15 4.21603e-17 BessellB
52726.1 4.42487e-15 3.85966e-17 BessellB
52727.1 4.19237e-15 3.52123e-17 BessellB
52728.1 3.97253e-15 3.2029e-17 BessellB
52729.1 3.76492e-15 2.90588e-17 BessellB
52730.1 3.56904e-15 2.63067e-17 BessellB
52731.1 3.38437e-15 2.37736e-17 BessellB
52732.1 3.21041e-15 2.14573e-17 BessellB
52733.1 3.04663e-15 1.93542e-17 BessellB
52734.1 2.89253e-15 1.746e-17 BessellB
52735.1 2.74763e-15 1.577e-17 BessellB
52736.1 2.61144e-15 1.42798e-17 BessellB
52737.1 2.48351e-15 1.2985e-17 BessellB
52738.1 2.36341e-15 1.1881e-17 BessellB
52739.1 2.2507e-15 1.0962e-17 BessellB
52740.1 2.145e-15 1.02206e-17 BessellB
52741.1 2.04592e-15 9.64651e-18 BessellB
52742.1 1.9531e-15 9.22623e-18 BessellB
52743.1 1.86618e-15 8.94294e-18 BessellB
52744.1 1.78483e-15 8.77745e-18 BessellB
52745.1 1.70875e-15 8.70946e-18 BessellB
52746.1 1.63763e-15 8.71915e-18 BessellB
52747.1 1.57119e-15 8.78833e-18 BessellB
52748.1 1.50916e-15 8.90125e-18 BessellB
52749.1 1.45127e-15 9.04485e-18 BessellB
52750.1 1.39729e-15 9.2087e-18 BessellB
52751.1 1.34698e-15 9.38468e-18 BessellB
52752.1 1.30012e-15 9.56666e-18 BessellB
52753.1 1.25651e-15 9.75008e-18 BessellB
52754.1 1.21594e-15 9.93163e-18 BessellB
52755.1 1.17823e-15 1.01089e-17 BessellB
52756.1 1.1432e-15 1.02804e-17 BessellB
52757.1 1.11068e-15 1.04449e-17 BessellB
52758.1 1.0805e-15 1.06017e-17 BessellB
52759.1 1.05253e-15 1.07504e-17 BessellB
52760.1 1.02661e-15 1.08909e-17 BessellB
52761.1 1.00261e-15 1.1023e-17 BessellB
52762.1 9.80401e-16 1.11467e-17 BessellB
52763.1 9.59861e-16 1.12621e-17 BessellB
52764.1 9.40876e-16 1.13694e-17 BessellB
52765.1 9.23337e-16 1.14686e-17 BessellB
52766.1 9.07142e-16 1.156e-17 BessellB
52767.1 8.92194e-16 1.16435e-17 BessellB
52768.1 8.78403e-16 1.17194e-17 BessellB
52769.1 8.65681e-16 1.17877e-17 BessellB
52770.1 8.53949e-16 1.18487e-17 BessellB
52771.1 8.4313e-16 1.19023e-17 BessellB
52772.1 8.33152e-16 1.19486e-17 BessellB
52773.1 8.23947e-16 1.19878e-17 BessellB
52774.1 8.15453e-16 1.20199e-17 BessellB
52775.1 8.07609e-16 1.2045e-17 BessellB
52776.1 8.00359e-16 1.20632e-17 BessellB
52777.1 7.93652e-16 1.20745e-17 BessellB
52778.1 7.87437e-16 1.2079e-17 BessellB
52779.1 7.81668e-16 1.20768e-17 BessellB
52780.1 7.76303e-16 1.20679e-17 BessellB
52781.1 7.713e-16 1.20525e-17 BessellB
52782.1 7.66623e-16 1.20307e-17 BessellB
52783.1 7.62235e-16 1.20024e-17 BessellB
52784.1 7.58105e-16 1.19679e-17 BessellB
52785.1 7.54202e-16 1.19273e-17 BessellB
52786.1 7.50496e-16 1.18806e-17 BessellB
52787.1 7.46962e-16 1.1828e-17 BessellB
52788.1 7.43575e-16 1.17696e-17 BessellB
52789.1 7.40313e-16 1.17055e-17 BessellB
52790.1 7.37154e-16 1.16359e-17 BessellB
52791.1 7.34079e-16 1.1561e-17 BessellB
52792.1 7.31071e-16 1.14809e-17 BessellB
52793.1 7.28112e-16 1.13957e-17 BessellB
52794.1 7.25188e-16 1.13057e-17 BessellB
52795.1 7.22285e-16 1.12109e-17 BessellB
52796.1 7.1939e-16 1.11117e-17 BessellB
52797.1 7.16491e-16 1.1008e-17 BessellB
52798.1 7.1358e-16 1.09002e-17 BessellB
52799.1 7.10645e-16 1.07884e-17 BessellB
52800.1 7.07678e-16 1.06729e-17 BessellB
52801.1 7.04673e-16 1.05536e-17 BessellB
52802.1 7.01621e-16 1.0431e-17 BessellB
52803.1 6.98518e-16 1.03051e-17 BessellB
52804.1 6.95357e-16 1.01762e-17 BessellB
52805.1 6.92134e-16 1.00444e-17 BessellB
52806.1 6.88846e-16 9.90991e-18 BessellB
52807.1 6.85488e-16 9.77294e-18 BessellB
52808.1 6.82058e-16 9.63368e-18 BessellB
52809.1 6.78554e-16 9.49229e-18 BessellB
52810.1 6.74973e-16 9.34897e-18 BessellB
52811.1 6.71315e-16 9.20389e-18 BessellB
52812.1 6.67578e-16 9.05723e-18 BessellB
52813.1 6.63761e-16 8.90916e-18 BessellB
52814.1 6.59865e-16 8.75986e-18 BessellB
52815.1 6.55889e-16 8.60949e-18 BessellB
52816.1 6.51835e-16 8.45822e-18 BessellB
52817.1 6.47701e-16 8.3062e-18 BessellB
52818.1 6.4349e-16 8.15361e-18 BessellB
52819.1 6.39202e-16 8.00058e-18 BessellB
52820.1 6.34838e-16 7.84728e-18 BessellB
52821.1 6.30401e-16 7.69384e-18 BessellB
52822.1 6.25891e-16 7.54042e-18 BessellB
52823.1 6.21311e-16 7.38714e-18 BessellB
52824.1 6.16663e-16 7.23415e-18 BessellB
52825.1 6.11948e-16 7.08157e-18 BessellB
52826.1 6.07169e-16 6.92953e-18 BessellB
52827.1 6.02328e-16 6.77815e-18 BessellB
52828.1 5.97427e-16 6.62756e-18 BessellB
52829.1 5.9247e-16 6.47786e-18 BessellB
52830.1 5.87457e-16 6.32916e-18 BessellB
52831.1 5.82393e-16 6.18158e-18 BessellB
52832.1 5.77279e-16 6.03521e-18 BessellB
52833.1 5.72118e-16 5.89015e-18 BessellB
52834.1 5.66913e-16 5.7465e-18 BessellB
52835.1 5.61666e-16 5.60435e-18 BessellB
52836.1 5.56381e-16 5.46379e-18 BessellB
52837.1 5.51059e-16 5.32491e-18 BessellB
52838.1 5.45704e-16 5.18777e-18 BessellB
52839.1 5.40317e-16 5.05247e-18 BessellB
52840.1 5.34903e-16 4.91907e-18 BessellB
52841.1 5.29463e-16 4.78765e-18 BessellB
52842.1 5.24e-16 4.65828e-18 BessellB
52843.1 5.18516e-16 4.53102e-18 BessellB
52844.1 5.13015e-16 4.40594e-18 BessellB
52845.1 5.07498e-16 4.28309e-18 BessellB
52846.1 5.01968e-16 4.16254e-18 BessellB
52847.1 4.96428e-16 4.04434e-18 BessellB
52848.1 4.9088e-16 3.92855e-18 BessellB
52849.1 4.85327e-16 3.81521e-18 BessellB
52850.1 4.79769e-16 3.70438e-18 BessellB
52851.1 4.74211e-16 3.5961e-18 BessellB
52852.1 4.68654e-16 3.49042e-18 BessellB
52853.1 4.631e-16 3.38738e-18 BessellB
52854.1 4.57551e-16 3.28703e-18 BessellB
52855.1 4.5201e-16 3.1894e-18 BessellB
52856.1 4.46478e-16 3.09454e-18 BessellB
52857.1 4.40957e-16 3.00247e-18 BessellB
52858.1 4.3545e-16 2.91324e-18 BessellB
52859.1 4.29958e-16 2.82687e-18 BessellB
52860.1 4.24482e-16 2.7434e-18 BessellB
52861.1 4.19025e-16 2.66285e-18 BessellB
52862.1 4.13588e-16 2.58526e-18 BessellB
52863.1 4.08173e-16 2.51063e-18 BessellB
52864.1 4.02781e-16 2.43899e-18 BessellB
52865.1 3.97414e-16 2.37036e-18 BessellB
52866.1 3.92074e-16 2.30474e-18 BessellB
52867.1 3.86761e-16 2.24214e-18 BessellB
52868.1 3.81477e-16 2.18257e-18 BessellB
52869.1 3.76223e-16 2.12602e-18 BessellB
52870.1 3.71001e-16 2.07248e-18 BessellB
52871.1 3.65811e-16 2.02192e-18 BessellB
52872.1 3.60655e-16 1.97434e-18 BessellB
52873.1 3.55534e-16 1.92969e-18 BessellB
52874.1 3.50449e-16 1.88793e-18 BessellB
52875.1 3.45401e-16 1.84902e-18 BessellB
52876.1 3.4039e-16 1.8129e-18 BessellB
52877.1 3.35418e-16 1.7795e-18 BessellB
52878.1 3.30485e-16 1.74874e-18 BessellB
52879.1 3.25593e-16 1.72055e-18 BessellB
52880.1 3.20742e-16 1.69484e-18 BessellB
52881.1 3.15932e-16 1.6715e-18 BessellB
52882.1 3.11164e-16 1.65043e-18 BessellB
52883.1 3.0644e-16 1.63151e-18 BessellB
52884.1 3.01758e-16 1.61464e-18 BessellB
52885.1 2.97121e-16 1.5997e-18 BessellB
52886.1 2.92528e-16 1.58656e-18 BessellB
52887.1 2.8798e-16 1.5751e-18 BessellB
52888.1 2.83478e-16 1.56519e-18 BessellB
52889.1 2.79021e-16 1.55672e-18 BessellB
52890.1 2.7461e-16 1.54956e-18 BessellB
52891.1 2.70246e-16 1.54359e-18 BessellB
52892.1 2.65928e-16 1.53869e-18 BessellB
52893.1 2.61657e-16 1.53476e-18 BessellB
52894.1 2.57433e-16 1.53169e-18 BessellB
52895.1 2.53256e-16 1.52937e-18 BessellB
52896.1 2.49126e-16 1.5277e-18 BessellB
52897.1 2.45044e-16 1.5266e-18 BessellB
52898.1 2.4101e-16 1.52598e-18 BessellB
52899.1 2.37023e-16 1.52575e-18 BessellB
52900.1 2.33084e-16 1.52584e-18 BessellB
52901.1 2.29192e-16 1.52618e-18 BessellB
52902.1 2.25349e-16 1.5267e-18 BessellB
52903.1 2.21553e-16 1.52735e-18 BessellB
52904.1 2.17804e-16 1.52806e-18 BessellB
52905.1 2.14103e-16 1.5288e-18 BessellB
52906.1 2.1045e-16 1.52951e-18 BessellB
52907.1 2.06844e-16 1.53015e-18 BessellB
52908.1 2.03285e-16 1.53069e-18 BessellB
52909.1 1.99773e-16 1.5311e-18 BessellB
52910.1 1.96308e-16 1.53133e-18 BessellB
52911.1 1.92889e-16 1.53138e-18 BessellB
52912.1 1.89517e-16 1.53121e-18 BessellB
52913.1 1.86191e-16 1.5308e-18 BessellB
52914.1 1.82912e-16 1.53014e-18 BessellB
52915.1 1.79678e-16 1.52921e-18 BessellB
52916.1 1.76489e-16 1.52799e-18 BessellB
52917.1 1.73346e-16 1.52649e-18 BessellB
52918.1 1.70248e-16 1.52469e-18 BessellB
52919.1 1.67194e-16 1.52257e-18 BessellB
52920.1 1.64185e-16 1.52015e-18 BessellB
52921.1 1.6122e-16 1.51741e-18 BessellB
52922.1 1.58299e-16 1.51434e-18 BessellB
52923.1 1.5542e-16 1.51096e-18 BessellB
52924.1 1.52585e-16 1.50726e-18 BessellB
52925.1 1.49793e-16 1.50323e-18 BessellB
52926.1 1.47043e-16 1.49889e-18 BessellB
52927.1 1.44335e-16 1.49424e-18 BessellB
52928.1 1.41668e-16 1.48927e-18 BessellB
52929.1 1.39043e-16 1.48399e-18 BessellB
52930.1 1.36459e-16 1.47841e-18 BessellB
52931.1 1.33915e-16 1.47254e-18 BessellB
52932.1 1.31411e-16 1.46637e-18 BessellB
52933.1 1.28946e-16 1.45991e-18 BessellB
52934.1 1.26521e-16 1.45318e-18 BessellB
52935.1 1.24135e-16 1.44617e-18 BessellB
52936.1 1.21787e-16 1.43889e-18 BessellB
52937.1 1.19477e-16 1.43136e-18 BessellB
52938.1 1.17205e-16 1.42358e-18 BessellB
52939.1 1.1497e-16 1.41555e-18 BessellB
52940.1 1.12771e-16 1.40729e-18 BessellB
52941.1 1.10609e-16 1.3988e-18 BessellB
52942.1 1.08483e-16 1.39009e-18 BessellB
52943.1 1.06392e-16 1.38117e-18 BessellB
52944.1 1.04337e-16 1.37205e-18 BessellB
52945.1 1.02316e-16 1.36273e-18 BessellB
52946.1 1.00329e-16 1.35322e-18 BessellB
52947.1 9.83759e-17 1.34354e-18 BessellB
52948.1 9.64562e-17 1.33368e-18 BessellB
52949.1 9.45695e-17 1.32367e-18 BessellB
52950.1 9.27153e-17 1.31349e-18 BessellB
52951.1 9.08931e-17 1.30317e-18 BessellB
52952.1 8.91026e-17 1.29271e-18 BessellB
52953.1 8.73434e-17 1.28212e-18 BessellB
52954.1 8.5615e-17 1.27141e-18 BessellB
52955.1 8.39169e-17 1.26058e-18 BessellB
52956.1 8.22489e-17 1.24964e-18 BessellB
52957.1 8.06104e-17 1.23859e-18 BessellB
52958.1 7.9001e-17 1.22746e-18 BessellB
52959.1 7.74204e-17 1.21623e-18 BessellB
52960.1 7.58681e-17 1.20493e-18 BessellB
52961.1 7.43438e-17 1.19355e-18 BessellB
52962.1 7.28469e-17 1.1821e-18 BessellB
52963.1 7.13772e-17 1.17059e-18 BessellB
52964.1 6.99342e-17 1.15903e-18 BessellB
52965.1 6.85176e-17 1.14742e-18 BessellB
52966.1 6.71268e-17 1.13577e-18 BessellB
52967.1 6.57616e-17 1.12408e-18 BessellB
52968.1 6.44216e-17 1.11236e-18 BessellB
52969.1 6.31063e-17 1.10061e-18 BessellB
52970.1 6.18154e-17 1.08884e-18 BessellB
52971.1 6.05486e-17 1.07706e-18 BessellB
52972.1 5.93053e-17 1.06527e-18 BessellB
52973.1 5.80854e-17 1.05348e-18 BessellB
52974.1 5.68883e-17 1.04168e-18 BessellB
52975.1 5.57138e-17 1.02989e-18 BessellB
52976.1 5.45615e-17 1.01811e-18 BessellB
52977.1 5.3431e-17 1.00634e-18 BessellB
52978.1 5.2322e-17 9.94593e-19 BessellB
52979.1 5.12341e-17 9.82866e-19 BessellB
52980.1 5.0167e-17 9.71165e-19 BessellB
52981.1 4.91203e-17 9.59495e-19 BessellB
52982.1 4.80937e-17 9.47857e-19 BessellB
52983.1 4.70869e-17 9.36257e-19 BessellB
52984.1 4.60996e-17 9.24698e-19 BessellB
52985.1 4.51313e-17 9.13182e-19 BessellB
52986.1 4.41819e-17 9.01714e-19 BessellB
52695 1.0028e-15 6.93685e-16 BessellI
52696 1.06231e-15 7.00315e-16 BessellI
52697 1.12646e-15 7.05199e-16 BessellI
52698 1.19571e-15 7.07901e-16 BessellI
52699 1.27053e-15 7.07877e-16 BessellI
52700 1.35149e-15 7.04445e-16 BessellI
52701 1.43917e-15 6.96738e-16 BessellI
52702 1.53426e-15 6.83647e-16 BessellI
52703 1.63748e-15 6.63736e-16 BessellI
52704 1.74965e-15 6.35109e-16 BessellI
52705 1.87167e-15 5.9522e-16 BessellI
52706 2.00452e-15 5.40508e-16 BessellI
52707 2.14927e-15 4.6567e-16 BessellI
52708 2.30697e-15 3.62357e-16 BessellI
52709 2.47808e-15 2.18626e-16 BessellI
52710 2.66015e-15 5.6389e-17 BessellI
52711 2.8384e-15 2.2498e-16 BessellI
52712 2.99386e-15 3.715e-16 BessellI
52713 3.12159e-15 4.6427e-16 BessellI
52714 3.22217e-15 5.1703e-16 BessellI
52715 3.29796e-15 5.41421e-16 BessellI
52716 3.35172e-15 5.45665e-16 BessellI
52717 3.38622e-15 5.35685e-16 BessellI
52718 3.40408e-15 5.15881e-16 BessellI
52719 3.40766e-15 4.89538e-16 BessellI
52720 3.39909e-15 4.59097e-16 BessellI
52721 3.38025e-15 4.26357e-16 BessellI
52722 3.35277e-15 3.92641e-16 BessellI
52723 3.31812e-15 3.58913e-16 BessellI
52724 3.27754e-15 3.25868e-16 BessellI
52725 3.23214e-15 2.94002e-16 BessellI
52726 3.18287e-15 2.63657e-16 BessellI
52727 3.13056e-15 2.35059e-16 BessellI
52728 3.07593e-15 2.08345e-16 BessellI
52729 3.01958e-15 1.83587e-16 BessellI
52730 2.96207e-15 1.60803e-16 BessellI
52731 2.90383e-15 1.39975e-16 BessellI
52732 2.84527e-15 1.21053e-16 BessellI
52733 2.78671e-15 1.03971e-16 BessellI
52734 2.72844e-15 8.8644e-17 BessellI
52735 2.67069e-15 7.49811e-17 BessellI
52736 2.61366e-15 6.28843e-17 BessellI
52737 2.55751e-15 5.22549e-17 BessellI
52738 2.50238e-15 4.29958e-17 BessellI
52739 2.44838e-15 3.5016e-17 BessellI
52740 2.39559e-15 2.82349e-17 BessellI
52741 2.34407e-15 2.25881e-17 BessellI
52742 2.29389e-15 1.80351e-17 BessellI
52743 2.24507e-15 1.45636e-17 BessellI
52744 2.19763e-15 1.21766e-17 BessellI
52745 2.15158e-15 1.08412e-17 BessellI
52746 2.10694e-15 1.04141e-17 BessellI
52747 2.06368e-15 1.06442e-17 BessellI
52748 2.0218e-15 1.12732e-17 BessellI
52749 1.98128e-15 1.2117e-17 BessellI
52750 1.94209e-15 1.30736e-17 BessellI
52751 1.90421e-15 1.40962e-17 BessellI
52752 1.86761e-15 1.51678e-17 BessellI
52753 1.83225e-15 1.62844e-17 BessellI
52754 1.7981e-15 1.74457e-17 BessellI
52755 1.76512e-15 1.86501e-17 BessellI
52756 1.73328e-15 1.98935e-17 BessellI
52757 1.70252e-15 2.11687e-17 BessellI
52758 1.67283e-15 2.24659e-17 BessellI
52759 1.64414e-15 2.37738e-17 BessellI
52760 1.61643e-15 2.50801e-17 BessellI
52761 1.58966e-15 2.63724e-17 BessellI
52762 1.56379e-15 2.76385e-17 BessellI
52763 1.53878e-15 2.88674e-17 BessellI
52764 1.51458e-15 3.00487e-17 BessellI
52765 1.49118e-15 3.11734e-17 BessellI
52766 1.46852e-15 3.22336e-17 BessellI
52767 1.44657e-15 3.32229e-17 BessellI
52768 1.42531e-15 3.4136e-17 BessellI
52769 1.4047e-15 3.49686e-17 BessellI
52770 1.3847e-15 3.57177e-17 BessellI
52771 1.36528e-15 3.63813e-17 BessellI
52772 1.34643e-15 3.69583e-17 BessellI
52773 1.3281e-15 3.74483e-17 BessellI
52774 1.31027e-15 3.78518e-17 BessellI
52775 1.29292e-15 3.817e-17 BessellI
52776 1.27601e-15 3.84043e-17 BessellI
52777 1.25954e-15 3.85571e-17 BessellI
52778 1.24346e-15 3.86308e-17 BessellI
52779 1.22777e-15 3.86283e-17 BessellI
52780 1.21244e-15 3.8553e-17 BessellI
52781 1.19745e-15 3.84081e-17 BessellI
52782 1.18279e-15 3.81973e-17 BessellI
52783 1.16843e-15 3.79244e-17 BessellI
52784 1.15436e-15 3.75931e-17 BessellI
52785 1.14056e-15 3.72073e-17 BessellI
52786 1.12702e-15 3.67709e-17 BessellI
52787 1.11372e-15 3.62879e-17 BessellI
52788 1.10066e-15 3.57619e-17 BessellI
52789 1.08781e-15 3.51969e-17 BessellI
52790 1.07517e-15 3.45964e-17 BessellI
52791 1.06272e-15 3.39641e-17 BessellI
52792 1.05046e-15 3.33036e-17 BessellI
52793 1.03838e-15 3.26181e-17 BessellI
52794 1.02646e-15 3.19109e-17 BessellI
52795 1.0147e-15 3.11852e-17 BessellI
52796 1.00309e-15 3.04439e-17 BessellI
52797 9.91618e-16 2.96898e-17 BessellI
52798 9.80285e-16 2.89257e-17 BessellI
52799 9.6908e-16 2.81541e-17 BessellI
52800 9.57999e-16 2.73773e-17 BessellI
52801 9.47035e-16 2.65976e-17 BessellI
52802 9.36183e-16 2.58172e-17 BessellI
52803 9.25439e-16 2.5038e-17 BessellI
52804 9.14798e-16 2.42618e-17 BessellI
52805 9.04257e-16 2.34904e-17 BessellI
52806 8.93811e-16 2.27254e-17 BessellI
52807 8.83457e-16 2.19681e-17 BessellI
52808 8.73192e-16 2.122e-17 BessellI
52809 8.63014e-16 2.04822e-17 BessellI
52810 8.52919e-16 1.97559e-17 BessellI
52811 8.42905e-16 1.9042e-17 BessellI
52812 8.32971e-16 1.83415e-17 BessellI
52813 8.23114e-16 1.76552e-17 BessellI
52814 8.13332e-16 1.69838e-17 BessellI
52815 8.03625e-16 1.63279e-17 BessellI
52816 7.9399e-16 1.56881e-17 BessellI
52817 7.84427e-16 1.50649e-17 BessellI
52818 7.74934e-16 1.44587e-17 BessellI
52819 7.6551e-16 1.38698e-17 BessellI
52820 7.56155e-16 1.32985e-17 BessellI
52821 7.46868e-16 1.27449e-17 BessellI
52822 7.37649e-16 1.22094e-17 BessellI
52823 7.28496e-16 1.16919e-17 BessellI
52824 7.1941e-16 1.11926e-17 BessellI
52825 7.1039e-16 1.07114e-17 BessellI
52826 7.01436e-16 1.02483e-17 BessellI
52827 6.92547e-16 9.80324e-18 BessellI
52828 6.83725e-16 9.37607e-18 BessellI
52829 6.74967e-16 8.96666e-18 BessellI
52830 6.66276e-16 8.57481e-18 BessellI
52831 6.57649e-16 8.20031e-18 BessellI
52832 6.49089e-16 7.84289e-18 BessellI
52833 6.40594e-16 7.50227e-18 BessellI
52834 6.32165e-16 7.17812e-18 BessellI
52835 6.23802e-16 6.87012e-18 BessellI
52836 6.15505e-16 6.57787e-18 BessellI
52837 6.07274e-16 6.30097e-18 BessellI
52838 5.9911e-16 6.03901e-18 BessellI
52839 5.91012e-16 5.79151e-18 BessellI
52840 5.82982e-16 5.55801e-18 BessellI
52841 5.75019e-16 5.338e-18 BessellI
52842 5.67123e-16 5.13096e-18 BessellI
52843 5.59295e-16 4.93635e-18 BessellI
52844 5.51534e-16 4.75361e-18 BessellI
52845 5.43842e-16 4.58216e-18 BessellI
52846 5.36218e-16 4.42142e-18 BessellI
52847 5.28663e-16 4.27081e-18 BessellI
52848 5.21176e-16 4.12973e-18 BessellI
52849 5.13758e-16 3.99759e-18 BessellI
52850 5.0641e-16 3.87379e-18 BessellI
52851 4.9913e-16 3.75776e-18 BessellI
52852 4.9192e-16 3.64894e-18 BessellI
52853 4.8478e-16 3.54678e-18 BessellI
52854 4.77709e-16 3.45075e-18 BessellI
52855 4.70708e-16 3.36035e-18 BessellI
52856 4.63777e-16 3.2751e-18 BessellI
52857 4.56916e-16 3.19456e-18 BessellI
52858 4.50125e-16 3.1183e-18 BessellI
52859 4.43405e-16 3.04596e-18 BessellI
52860 4.36754e-16 2.97717e-18 BessellI
52861 4.30173e-16 2.91163e-18 BessellI
52862 4.23663e-16 2.84904e-18 BessellI
52863 4.17223e-16 2.78917e-18 BessellI
52864 4.10853e-16 2.73178e-18 BessellI
52865 4.04553e-16 2.67669e-18 BessellI
52866 3.98322e-16 2.62375e-18 BessellI
52867 3.92162e-16 2.57282e-18 BessellI
52868 3.86072e-16 2.52379e-18 BessellI
52869 3.80051e-16 2.47658e-18 BessellI
52870 3.74099e-16 2.43113e-18 BessellI
52871 3.68217e-16 2.3874e-18 BessellI
52872 3.62404e-16 2.34536e-18 BessellI
52873 3.5666e-16 2.30501e-18 BessellI
52874 3.50985e-16 2.26636e-18 BessellI
52875 3.45378e-16 2.22942e-18 BessellI
52876 3.39839e-16 2.19422e-18 BessellI
52877 3.34369e-16 2.16079e-18 BessellI
52878 3.28966e-16 2.12918e-18 BessellI
52879 3.2363e-16 2.09942e-18 BessellI
52880 3.18362e-16 2.07157e-18 BessellI
52881 3.1316e-16 2.04566e-18 BessellI
52882 3.08025e-16 2.02175e-18 BessellI
52883 3.02956e-16 1.99986e-18 BessellI
52884 2.97953e-16 1.98003e-18 BessellI
52885 2.93015e-16 1.9623e-18 BessellI
52886 2.88142e-16 1.94666e-18 BessellI
52887 2.83334e-16 1.93314e-18 BessellI
52888 2.7859e-16 1.92172e-18 BessellI
52889 2.7391e-16 1.9124e-18 BessellI
52890 2.69293e-16 1.90516e-18 BessellI
52891 2.64739e-16 1.89995e-18 BessellI
52892 2.60248e-16 1.89673e-18 BessellI
52893 2.55818e-16 1.89544e-18 BessellI
52894 2.5145e-16 1.89602e-18 BessellI
52895 2.47144e-16 1.89839e-18 BessellI
52896 2.42897e-16 1.90246e-18 BessellI
52897 2.38711e-16 1.90815e-18 BessellI
52898 2.34585e-16 1.91535e-18 BessellI
52899 2.30518e-16 1.92397e-18 BessellI
52900 2.26509e-16 1.93391e-18 BessellI
52901 2.22559e-16 1.94504e-18 BessellI
52902 2.18666e-16 1.95728e-18 BessellI
52903 2.1483e-16 1.9705e-18 BessellI
52904 2.11051e-16 1.9846e-18 BessellI
52905 2.07327e-16 1.99948e-18 BessellI
52906 2.0366e-16 2.01503e-18 BessellI
52907 2.00047e-16 2.03115e-18 BessellI
52908 1.96488e-16 2.04775e-18 BessellI
52909 1.92984e-16 2.06472e-18 BessellI
52910 1.89533e-16 2.08199e-18 BessellI
52911 1.86134e-16 2.09947e-18 BessellI
52912 1.82788e-16 2.11707e-18 BessellI
52913 1.79493e-16 2.13471e-18 BessellI
52914 1.7625e-16 2.15234e-18 BessellI
52915 1.73057e-16 2.16988e-18 BessellI
52916 1.69914e-16 2.18726e-18 BessellI
52917 1.6682e-16 2.20443e-18 BessellI
52918 1.63775e-16 2.22133e-18 BessellI
52919 1.60779e-16 2.23792e-18 BessellI
52920 1.5783e-16 2.25415e-18 BessellI
52921 1.54929e-16 2.26997e-18 BessellI
52922 1.52074e-16 2.28535e-18 BessellI
52923 1.49265e-16 2.30025e-18 BessellI
52924 1.46502e-16 2.31464e-18 BessellI
52925 1.43783e-16 2.32848e-18 BessellI
52685.7 6.44936e-16 3.4333e-16 BessellR
52686.7 6.88715e-16 3.49642e-16 BessellR
52687.7 7.35752e-16 3.54986e-16 BessellR
52688.7 7.86304e-16 3.59096e-16 BessellR
52689.7 8.40652e-16 3.61648e-16 BessellR
52690.7 8.99098e-16 3.62246e-16 BessellR
52691.7 9.61971e-16 3.60401e-16 BessellR
52692.7 1.02963e-15 3.55501e-16 BessellR
52693.7 1.10247e-15 3.4677e-16 BessellR
52694.7 1.18092e-15 3.33202e-16 BessellR
52695.7 1.26545e-15 3.13443e-16 BessellR
52696.7 1.35662e-15 2.85614e-16 BessellR
52697.7 1.45502e-15 2.47039e-16 BessellR
52698.7 1.56129e-15 1.93936e-16 BessellR
52699.7 1.67609e-15 1.20476e-16 BessellR
52700.7 1.8005e-15 1.2992e-17 BessellR
52701.7 1.92997e-15 1.48143e-16 BessellR
52702.7 2.05456e-15 2.48385e-16 BessellR
52703.7 2.17214e-15 3.25477e-16 BessellR
52704.7 2.28144e-15 3.83143e-16 BessellR
52705.7 2.38191e-15 4.24293e-16 BessellR
52706.7 2.47348e-15 4.52126e-16 BessellR
52707.7 2.55632e-15 4.69321e-16 BessellR
52708.7 2.6307e-15 4.77962e-16 BessellR
52709.7 2.69695e-15 4.79677e-16 BessellR
52710.7 2.75545e-15 4.75776e-16 BessellR
52711.7 2.80659e-15 4.67339e-16 BessellR
52712.7 2.85077e-15 4.55269e-16 BessellR
52713.7 2.88842e-15 4.40329e-16 BessellR
52714.7 2.91994e-15 4.23165e-16 BessellR
52715.7 2.94574e-15 4.04325e-16 BessellR
52716.7 2.96619e-15 3.84273e-16 BessellR
52717.7 2.98168e-15 3.63399e-16 BessellR
52718.7 2.99258e-15 3.42034e-16 BessellR
52719.7 2.99921e-15 3.20452e-16 BessellR
52720.7 3.00192e-15 2.98886e-16 BessellR
52721.7 3.00102e-15 2.77525e-16 BessellR
52722.7 2.9968e-15 2.56527e-16 BessellR
52723.7 2.98954e-15 2.36019e-16 BessellR
52724.7 2.9795e-15 2.16106e-16 BessellR
52725.7 2.96692e-15 1.96869e-16 BessellR
52726.7 2.95205e-15 1.78371e-16 BessellR
52727.7 2.93508e-15 1.60661e-16 BessellR
52728.7 2.91623e-15 1.43774e-16 BessellR
52729.7 2.89568e-15 1.27737e-16 BessellR
52730.7 2.87361e-15 1.12566e-16 BessellR
52731.7 2.85018e-15 9.82753e-17 BessellR
52732.7 2.82554e-15 8.4874e-17 BessellR
52733.7 2.79983e-15 7.23744e-17 BessellR
52734.7 2.77317e-15 6.0797e-17 BessellR
52735.7 2.7457e-15 5.01806e-17 BessellR
52736.7 2.71751e-15 4.06037e-17 BessellR
52737.7 2.68871e-15 3.22246e-17 BessellR
52738.7 2.6594e-15 2.53583e-17 BessellR
52739.7 2.62965e-15 2.05718e-17 BessellR
52740.7 2.59956e-15 1.85562e-17 BessellR
52741.7 2.56918e-15 1.93997e-17 BessellR
52742.7 2.53859e-15 2.22094e-17 BessellR
52743.7 2.50785e-15 2.5939e-17 BessellR
52744.7 2.47701e-15 2.99375e-17 BessellR
52745.7 2.44613e-15 3.38789e-17 BessellR
52746.7 2.41524e-15 3.76082e-17 BessellR
52747.7 2.38439e-15 4.1054e-17 BessellR
52748.7 2.35363e-15 4.41865e-17 BessellR
52749.7 2.32297e-15 4.69974e-17 BessellR
52750.7 2.29246e-15 4.94901e-17 BessellR
52751.7 2.26212e-15 5.16746e-17 BessellR
52752.7 2.23197e-15 5.35646e-17 BessellR
52753.7 2.20204e-15 5.51755e-17 BessellR
52754.7 2.17235e-15 5.65239e-17 BessellR
52755.7 2.14291e-15 5.76267e-17 BessellR
52756.7 2.11374e-15 5.85006e-17 BessellR
52757.7 2.08486e-15 5.91623e-17 BessellR
52758.7 2.05627e-15 5.96277e-17 BessellR
52759.7 2.02799e-15 5.99123e-17 BessellR
52760.7 2.00002e-15 6.00308e-17 BessellR
52761.7 1.97238e-15 5.99975e-17 BessellR
52762.7 1.94506e-15 5.98257e-17 BessellR
52763.7 1.91808e-15 5.9528e-17 BessellR
52764.7 1.89144e-15 5.91165e-17 BessellR
52765.7 1.86514e-15 5.86024e-17 BessellR
52766.7 1.83918e-15 5.79962e-17 BessellR
52767.7 1.81357e-15 5.73079e-17 BessellR
52768.7 1.7883e-15 5.65466e-17 BessellR
52769.7 1.76339e-15 5.57211e-17 BessellR
52770.7 1.73882e-15 5.48392e-17 BessellR
52771.7 1.71459e-15 5.39086e-17 BessellR
52772.7 1.69072e-15 5.2936e-17 BessellR
52773.7 1.66718e-15 5.19278e-17 BessellR
52774.7 1.64399e-15 5.089e-17 BessellR
52775.7 1.62114e-15 4.98279e-17 BessellR
52776.7 1.59863e-15 4.87465e-17 BessellR
52777.7 1.57644e-15 4.76504e-17 BessellR
52778.7 1.5546e-15 4.65437e-17 BessellR
52779.7 1.53307e-15 4.54303e-17 BessellR
52780.7 1.51188e-15 4.43136e-17 BessellR
52781.7 1.491e-15 4.31967e-17 BessellR
52782.7 1.47045e-15 4.20825e-17 BessellR
52783.7 1.4502e-15 4.09735e-17 BessellR
52784.7 1.43027e-15 3.9872e-17 BessellR
52785.7 1.41064e-15 3.87801e-17 BessellR
52786.7 1.39131e-15 3.76996e-17 BessellR
52787.7 1.37228e-15 3.6632e-17 BessellR
52788.7 1.35354e-15 3.55789e-17 BessellR
52789.7 1.3351e-15 3.45415e-17 BessellR
52790.7 1.31693e-15 3.35208e-17 BessellR
52791.7 1.29905e-15 3.25177e-17 BessellR
52792.7 1.28144e-15 3.15332e-17 BessellR
52793.7 1.26411e-15 3.05677e-17 BessellR
52794.7 1.24704e-15 2.96219e-17 BessellR
52795.7 1.23024e-15 2.86963e-17 BessellR
52796.7 1.2137e-15 2.7791e-17 BessellR
52797.7 1.19741e-15 2.69065e-17 BessellR
52798.7 1.18138e-15 2.60429e-17 BessellR
52799.7 1.16559e-15 2.52003e-17 BessellR
52800.7 1.15004e-15 2.43787e-17 BessellR
52801.7 1.13473e-15 2.35782e-17 BessellR
52802.7 1.11966e-15 2.27986e-17 BessellR
52803.7 1.10482e-15 2.20398e-17 BessellR
52804.7 1.09021e-15 2.13018e-17 BessellR
52805.7 1.07582e-15 2.05843e-17 BessellR
52806.7 1.06165e-15 1.9887e-17 BessellR
52807.7 1.04769e-15 1.92099e-17 BessellR
52808.7 1.03395e-15 1.85525e-17 BessellR
52809.7 1.02041e-15 1.79146e-17 BessellR
52810.7 1.00709e-15 1.72959e-17 BessellR
52811.7 9.93958e-16 1.66961e-17 BessellR
52812.7 9.81029e-16 1.61148e-17 BessellR
52813.7 9.68294e-16 1.55518e-17 BessellR
52814.7 9.55751e-16 1.50067e-17 BessellR
52815.7 9.43395e-16 1.44791e-17 BessellR
52816.7 9.31225e-16 1.39687e-17 BessellR
52817.7 9.19236e-16 1.34751e-17 BessellR
52818.7 9.07425e-16 1.29981e-17 BessellR
52819.7 8.9579e-16 1.25372e-17 BessellR
52820.7 8.84327e-16 1.20921e-17 BessellR
52821.7 8.73033e-16 1.16624e-17 BessellR
52822.7 8.61906e-16 1.12479e-17 BessellR
52823.7 8.50943e-16 1.08482e-17 BessellR
52824.7 8.4014e-16 1.0463e-17 BessellR
52825.7 8.29495e-16 1.00919e-17 BessellR
52826.7 8.19006e-16 9.73472e-18 BessellR
52827.7 8.08669e-16 9.39104e-18 BessellR
52828.7 7.98482e-16 9.06059e-18 BessellR
52829.7 7.88443e-16 8.74308e-18 BessellR
52830.7 7.78549e-16 8.43822e-18 BessellR
52831.7 7.68797e-16 8.14574e-18 BessellR
52832.7 7.59185e-16 7.86534e-18 BessellR
52833.7 7.49711e-16 7.59676e-18 BessellR
52834.7 7.40372e-16 7.33972e-18 BessellR
52835.7 7.31166e-16 7.09397e-18 BessellR
52836.7 7.22091e-16 6.85924e-18 BessellR
52837.7 7.13144e-16 6.63526e-18 BessellR
52838.7 7.04324e-16 6.42179e-18 BessellR
52839.7 6.95629e-16 6.21855e-18 BessellR
52840.7 6.87055e-16 6.0253e-18 BessellR
52841.7 6.78602e-16 5.84177e-18 BessellR
52842.7 6.70267e-16 5.6677e-18 BessellR
52843.7 6.62048e-16 5.50281e-18 BessellR
52844.7 6.53943e-16 5.34685e-18 BessellR
52845.7 6.4595e-16 5.19953e-18 BessellR
52846.7 6.38069e-16 5.06058e-18 BessellR
52847.7 6.30296e-16 4.92971e-18 BessellR
52848.7 6.22629e-16 4.80662e-18 BessellR
52849.7 6.15068e-16 4.69103e-18 BessellR
52850.7 6.07611e-16 4.58263e-18 BessellR
52851.7 6.00255e-16 4.48111e-18 BessellR
52852.7 5.93e-16 4.38615e-18 BessellR
52853.7 5.85842e-16 4.29744e-18 BessellR
52854.7 5.78782e-16 4.21466e-18 BessellR
52855.7 5.71817e-16 4.1375e-18 BessellR
52856.7 5.64946e-16 4.06561e-18 BessellR
52857.7 5.58167e-16 3.9987e-18 BessellR
52858.7 5.51479e-16 3.93643e-18 BessellR
52859.7 5.44881e-16 3.87848e-18 BessellR
52860.7 5.3837e-16 3.82456e-18 BessellR
52861.7 5.31946e-16 3.77435e-18 BessellR
52862.7 5.25607e-16 3.72757e-18 BessellR
52863.7 5.19352e-16 3.68391e-18 BessellR
52864.7 5.1318e-16 3.64311e-18 BessellR
52865.7 5.07089e-16 3.60489e-18 BessellR
52866.7 5.01077e-16 3.56901e-18 BessellR
52867.7 4.95145e-16 3.53522e-18 BessellR
52868.7 4.8929e-16 3.50328e-18 BessellR
52869.7 4.83511e-16 3.47299e-18 BessellR
52870.7 4.77808e-16 3.44414e-18 BessellR
52871.7 4.72178e-16 3.41653e-18 BessellR
52872.7 4.66622e-16 3.39e-18 BessellR
52873.7 4.61137e-16 3.36436e-18 BessellR
52874.7 4.55722e-16 3.33948e-18 BessellR
52875.7 4.50378e-16 3.31521e-18 BessellR
52876.7 4.45101e-16 3.29142e-18 BessellR
52877.7 4.39893e-16 3.26799e-18 BessellR
52878.7 4.34751e-16 3.24482e-18 BessellR
52879.7 4.29674e-16 3.22181e-18 BessellR
52880.7 4.24662e-16 3.19888e-18 BessellR
52881.7 4.19713e-16 3.17594e-18 BessellR
52882.7 4.14827e-16 3.15294e-18 BessellR
52883.7 4.10002e-16 3.12981e-18 BessellR
52884.7 4.05239e-16 3.1065e-18 BessellR
52885.7 4.00535e-16 3.08296e-18 BessellR
52886.7 3.9589e-16 3.05916e-18 BessellR
52887.7 3.91303e-16 3.03508e-18 BessellR
52888.7 3.86774e-16 3.01067e-18 BessellR
52889.7 3.82301e-16 2.98594e-18 BessellR
52890.7 3.77884e-16 2.96086e-18 BessellR
52891.7 3.73521e-16 2.93542e-18 BessellR
52892.7 3.69213e-16 2.90963e-18 BessellR
52893.7 3.64957e-16 2.88348e-18 BessellR
52894.7 3.60754e-16 2.85698e-18 BessellR
52895.7 3.56603e-16 2.83015e-18 BessellR
52896.7 3.52503e-16 2.80299e-18 BessellR
52897.7 3.48454e-16 2.77551e-18 BessellR
52898.7 3.44454e-16 2.74776e-18 BessellR
52899.7 3.40502e-16 2.71973e-18 BessellR
52900.7 3.36599e-16 2.69147e-18 BessellR
52901.7 3.32744e-16 2.663e-18 BessellR
52902.7 3.28935e-16 2.63436e-18 BessellR
52903.7 3.25172e-16 2.60557e-18 BessellR
52904.7 3.21455e-16 2.57668e-18 BessellR
52905.7 3.17783e-16 2.54773e-18 BessellR
52906.7 3.14156e-16 2.51875e-18 BessellR
52907.7 3.10572e-16 2.4898e-18 BessellR
52908.7 3.07031e-16 2.46091e-18 BessellR
52909.7 3.03532e-16 2.43214e-18 BessellR
52910.7 3.00076e-16 2.40353e-18 BessellR
52911.7 2.96661e-16 2.37514e-18 BessellR
52912.7 2.93286e-16 2.34702e-18 BessellR
52913.7 2.89952e-16 2.31922e-18 BessellR
52914.7 2.86658e-16 2.2918e-18 BessellR
52915.7 2.83403e-16 2.26482e-18 BessellR
52916.7 2.80186e-16 2.23833e-18 BessellR
52917.7 2.77008e-16 2.2124e-18 BessellR
52918.7 2.73867e-16 2.18708e-18 BessellR
52919.7 2.70763e-16 2.16244e-18 BessellR
52920.7 2.67696e-16 2.13853e-18 BessellR
52921.7 2.64665e-16 2.11542e-18 BessellR
52922.7 2.6167e-16 2.09317e-18 BessellR
52923.7 2.5871e-16 2.07183e-18 BessellR
52924.7 2.55785e-16 2.05147e-18 BessellR
52925.7 2.52894e-16 2.03214e-18 BessellR
52926.7 2.50036e-16 2.0139e-18 BessellR
52927.7 2.47213e-16 1.9968e-18 BessellR
52928.7 2.44422e-16 1.9809e-18 BessellR
52929.7 2.41663e-16 1.96625e-18 BessellR
52930.7 2.38937e-16 1.95289e-18 BessellR
52931.7 2.36243e-16 1.94085e-18 BessellR
52932.7 2.3358e-16 1.93019e-18 BessellR
52933.7 2.30947e-16 1.92093e-18 BessellR
52934.7 2.28346e-16 1.91311e-18 BessellR
52935.7 2.25774e-16 1.90674e-18 BessellR
52936.7 2.23232e-16 1.90185e-18 BessellR
52937.7 2.2072e-16 1.89844e-18 BessellR
52938.7 2.18236e-16 1.89653e-18 BessellR
52939.7 2.15781e-16 1.89611e-18 BessellR
52940.7 2.13354e-16 1.89719e-18 BessellR
52941.7 2.10956e-16 1.89975e-18 BessellR
52942.7 2.08584e-16 1.90378e-18 BessellR
52943.7 2.0624e-16 1.90926e-18 BessellR
52944.7 2.03923e-16 1.91615e-18 BessellR
52945.7 2.01633e-16 1.92444e-18 BessellR
52946.7 1.99368e-16 1.93409e-18 BessellR
52947.7 1.9713e-16 1.94506e-18 BessellR
52948.7 1.94917e-16 1.95731e-18 BessellR
52949.7 1.92729e-16 1.97079e-18 BessellR
52950.7 1.90566e-16 1.98545e-18 BessellR
52951.7 1.88428e-16 2.00126e-18 BessellR
52952.7 1.86314e-16 2.01815e-18 BessellR
52953.7 1.84224e-16 2.03607e-18 BessellR
52954.7 1.82158e-16 2.05498e-18 BessellR
52955.7 1.80116e-16 2.07481e-18 BessellR
52956.7 1.78096e-16 2.09552e-18 BessellR
52957.7 1.761e-16 2.11705e-18 BessellR
52958.7 1.74126e-16 2.13934e-18 BessellR
52959.7 1.72174e-16 2.16234e-18 BessellR
52960.7 1.70245e-16 2.18601e-18 BessellR
52961.7 1.68337e-16 2.21029e-18 BessellR
52962.7 1.66451e-16 2.23513e-18 BessellR
52963.7 1.64586e-16 2.26048e-18 BessellR
52964.7 1.62742e-16 2.28629e-18 BessellR
52965.7 1.60919e-16 2.31252e-18 BessellR
52966.7 1.59117e-16 2.33913e-18 BessellR
52967.7 1.57335e-16 2.36607e-18 BessellR
52968.7 1.55572e-16 2.39329e-18 BessellR
52969.7 1.5383e-16 2.42077e-18 BessellR
52970.7 1.52107e-16 2.44846e-18 BessellR
52687 8.36256e-15 1.18713e-16 BessellV
52688 8.28688e-15 1.11826e-16 BessellV
52689 8.21021e-15 1.05102e-16 BessellV
52690 8.13255e-15 9.85441e-17 BessellV
52691 8.05391e-15 9.21538e-17 BessellV
52692 7.97429e-15 8.59334e-17 BessellV
52693 7.89369e-15 7.9885e-17 BessellV
52694 7.81212e-15 7.40113e-17 BessellV
52695 7.72958e-15 6.83147e-17 BessellV
52696 7.64609e-15 6.27983e-17 BessellV
52697 7.56163e-15 5.74654e-17 BessellV
52698 7.47623e-15 5.23198e-17 BessellV
52699 7.38989e-15 4.73664e-17 BessellV
52700 7.30262e-15 4.26108e-17 BessellV
52701 7.21442e-15 3.80607e-17 BessellV
52702 7.12531e-15 3.3726e-17 BessellV
52703 7.03529e-15 2.96205e-17 BessellV
52704 6.94438e-15 2.5764e-17 BessellV
52705 6.85259e-15 2.21856e-17 BessellV
52706 6.75993e-15 1.89296e-17 BessellV
52707 6.66641e-15 1.60635e-17 BessellV
52708 6.57204e-15 1.36886e-17 BessellV
52709 6.47685e-15 1.1941e-17 BessellV
52710 6.38085e-15 1.09587e-17 BessellV
52711 6.28406e-15 1.0794e-17 BessellV
52712 6.18648e-15 1.13428e-17 BessellV
52713 6.08815e-15 1.23918e-17 BessellV
52714 5.98908e-15 1.37269e-17 BessellV
52715 5.8893e-15 1.5189e-17 BessellV
52716 5.78882e-15 1.66743e-17 BessellV
52717 5.68767e-15 1.8118e-17 BessellV
52718 5.58587e-15 1.94799e-17 BessellV
52719 5.48346e-15 2.07346e-17 BessellV
52720 5.38046e-15 2.18662e-17 BessellV
52721 5.2769e-15 2.28648e-17 BessellV
52722 5.1728e-15 2.37242e-17 BessellV
52723 5.06821e-15 2.44412e-17 BessellV
52724 4.96316e-15 2.50147e-17 BessellV
52725 4.85768e-15 2.54449e-17 BessellV
52726 4.75182e-15 2.57336e-17 BessellV
52727 4.6456e-15 2.58837e-17 BessellV
52728 4.53907e-15 2.58989e-17 BessellV
52729 4.43228e-15 2.57845e-17 BessellV
52730 4.32527e-15 2.55465e-17 BessellV
52731 4.21809e-15 2.51924e-17 BessellV
52732 4.11079e-15 2.47311e-17 BessellV
52733 4.00342e-15 2.4173e-17 BessellV
52734 3.89602e-15 2.35307e-17 BessellV
52735 3.78867e-15 2.2819e-17 BessellV
52736 3.68141e-15 2.20555e-17 BessellV
52737 3.57431e-15 2.12614e-17 BessellV
52738 3.46743e-15 2.04617e-17 BessellV
52739 3.36082e-15 1.9686e-17 BessellV
52740 3.25457e-15 1.89688e-17 BessellV
52741 3.14874e-15 1.83491e-17 BessellV
52742 3.04339e-15 1.7869e-17 BessellV
52743 2.93861e-15 1.75708e-17 BessellV
52744 2.83446e-15 1.74929e-17 BessellV
52745 2.73103e-15 1.76643e-17 BessellV
52746 2.62838e-15 1.81004e-17 BessellV
52747 2.52661e-15 1.88012e-17 BessellV
52748 2.42579e-15 1.97524e-17 BessellV
52749 2.32601e-15 2.09295e-17 BessellV
52750 2.22735e-15 2.23021e-17 BessellV
52751 2.1299e-15 2.38379e-17 BessellV
52752 2.03374e-15 2.55055e-17 BessellV
52753 1.93896e-15 2.72755e-17 BessellV
52754 1.84565e-15 2.91211e-17 BessellV
52755 1.75389e-15 3.10187e-17 BessellV
52756 1.66378e-15 3.29468e-17 BessellV
52757 1.5754e-15 3.48865e-17 BessellV
52758 1.48883e-15 3.68205e-17 BessellV
52759 1.40417e-15 3.87333e-17 BessellV
52760 1.32149e-15 4.06109e-17 BessellV
52761 1.24088e-15 4.24403e-17 BessellV
52762 1.16242e-15 4.42098e-17 BessellV
52763 1.08618e-15 4.59086e-17 BessellV
52764 1.01224e-15 4.75268e-17 BessellV
52765 9.40666e-16 4.90555e-17 BessellV
52766 8.71529e-16 5.04866e-17 BessellV
52767 8.0489e-16 5.18128e-17 BessellV
52768 7.40806e-16 5.30276e-17 BessellV
52769 6.79331e-16 5.41254e-17 BessellV
52770 6.20512e-16 5.51015e-17 BessellV
52771 5.6439e-16 5.59518e-17 BessellV
52772 5.11002e-16 5.66734e-17 BessellV
52773 4.60376e-16 5.72639e-17 BessellV
52774 4.12536e-16 5.77218e-17 BessellV
52775 3.67496e-16 5.80467e-17 BessellV
52776 3.25266e-16 5.82387e-17 BessellV
52777 2.85848e-16 5.82988e-17 BessellV
52778 2.49234e-16 5.82289e-17 BessellV
52779 2.15413e-16 5.80315e-17 BessellV
52780 1.84364e-16 5.77099e-17 BessellV
52781 1.56058e-16 5.7268e-17 BessellV
52782 1.3046e-16 5.67105e-17 BessellV
52783 1.07529e-16 5.60426e-17 BessellV
52784 8.72139e-17 5.52699e-17 BessellV
52785 6.94598e-17 5.43987e-17 BessellV
52786 5.42039e-17 5.34356e-17 BessellV
52787 4.13778e-17 5.23877e-17 BessellV
52788 3.09071e-17 5.12621e-17 BessellV
52789 2.27123e-17 5.00665e-17 BessellV
52790 1.67088e-17 4.88084e-17 BessellV
52791 1.28078e-17 4.74956e-17 BessellV
52792 1.09164e-17 4.6136e-17 BessellV
52793 1.09383e-17 4.47373e-17 BessellV
52794 1.27744e-17 4.33072e-17 BessellV
52795 1.6323e-17 4.18531e-17 BessellV
52796 2.14808e-17 4.03825e-17 BessellV
52797 2.8143e-17 3.89024e-17 BessellV
52798 3.62042e-17 3.74197e-17 BessellV
52799 4.55585e-17 3.59406e-17 BessellV
52800 5.61004e-17 3.44715e-17 BessellV
52801 6.7725e-17 3.30178e-17 BessellV
52802 8.03284e-17 3.1585e-17 BessellV
52803 9.38086e-17 3.01778e-17 BessellV
52804 1.08065e-16 2.88005e-17 BessellV
52805 1.23001e-16 2.74571e-17 BessellV
52806 1.3852e-16 2.6151e-17 BessellV
52807 1.54529e-16 2.48851e-17 BessellV
52808 1.70942e-16 2.36619e-17 BessellV
52809 1.8767e-16 2.24834e-17 BessellV
52810 2.04633e-16 2.13512e-17 BessellV
52811 2.21753e-16 2.02662e-17 BessellV
52812 2.38956e-16 1.92293e-17 BessellV
52813 2.5617e-16 1.82406e-17 BessellV
52814 2.73331e-16 1.73001e-17 BessellV
52815 2.90377e-16 1.64072e-17 BessellV
52816 3.07249e-16 1.55613e-17 BessellV
52817 3.23895e-16 1.47612e-17 BessellV
52818 3.40264e-16 1.40056e-17 BessellV
52819 3.56312e-16 1.32929e-17 BessellV
52820 3.71998e-16 1.26214e-17 BessellV
52821 3.87283e-16 1.19892e-17 BessellV
52822 4.02133e-16 1.13942e-17 BessellV
52823 4.1652e-16 1.08345e-17 BessellV
52824 4.30417e-16 1.03079e-17 BessellV
52825 4.43799e-16 9.81219e-18 BessellV
52826 4.56648e-16 9.34544e-18 BessellV
52827 4.68947e-16 8.90556e-18 BessellV
52828 4.80681e-16 8.49064e-18 BessellV
52829 4.9184e-16 8.09882e-18 BessellV
52830 5.02415e-16 7.7284e-18 BessellV
52831 5.124e-16 7.37779e-18 BessellV
52832 5.21791e-16 7.04553e-18 BessellV
52833 5.30587e-16 6.73031e-18 BessellV
52834 5.38789e-16 6.43097e-18 BessellV
52835 5.46397e-16 6.14647e-18 BessellV
52836 5.53417e-16 5.87591e-18 BessellV
52837 5.59853e-16 5.6185e-18 BessellV
52838 5.65713e-16 5.37359e-18 BessellV
52839 5.71005e-16 5.1406e-18 BessellV
52840 5.75737e-16 4.91907e-18 BessellV
52841 5.79921e-16 4.70859e-18 BessellV
52842 5.83568e-16 4.50886e-18 BessellV
52843 5.86689e-16 4.31959e-18 BessellV
52844 5.89297e-16 4.14056e-18 BessellV
52845 5.91406e-16 3.97158e-18 BessellV
52846 5.9303e-16 3.81247e-18 BessellV
52847 5.94183e-16 3.66307e-18 BessellV
52848 5.9488e-16 3.52321e-18 BessellV
52849 5.95135e-16 3.39271e-18 BessellV
52850 5.94964e-16 3.27138e-18 BessellV
52851 5.94383e-16 3.159e-18 BessellV
52852 5.93406e-16 3.0553e-18 BessellV
52853 5.92049e-16 2.96001e-18 BessellV
52854 5.90328e-16 2.87279e-18 BessellV
52855 5.88257e-16 2.79326e-18 BessellV
52856 5.85853e-16 2.72102e-18 BessellV
52857 5.83131e-16 2.65563e-18 BessellV
52858 5.80105e-16 2.59661e-18 BessellV
52859 5.76791e-16 2.54345e-18 BessellV
52860 5.73203e-16 2.49566e-18 BessellV
52861 5.69355e-16 2.45271e-18 BessellV
52862 5.65261e-16 2.41407e-18 BessellV
52863 5.60936e-16 2.37923e-18 BessellV
52864 5.56392e-16 2.34771e-18 BessellV
52865 5.51644e-16 2.31902e-18 BessellV
52866 5.46703e-16 2.2927e-18 BessellV
52867 5.41583e-16 2.26836e-18 BessellV
52868 5.36296e-16 2.24559e-18 BessellV
52869 5.30853e-16 2.22404e-18 BessellV
52870 5.25266e-16 2.2034e-18 BessellV
52871 5.19546e-16 2.18338e-18 BessellV
52872 5.13704e-16 2.16373e-18 BessellV
52873 5.0775e-16 2.14425e-18 BessellV
52874 5.01695e-16 2.12473e-18 BessellV
52875 4.95548e-16 2.10502e-18 BessellV
52876 4.89319e-16 2.08499e-18 BessellV
52877 4.83016e-16 2.06453e-18 BessellV
52878 4.76648e-16 2.04355e-18 BessellV
52879 4.70225e-16 2.02199e-18 BessellV
52880 4.63752e-16 1.9998e-18 BessellV
52881 4.57239e-16 1.97693e-18 BessellV
52882 4.50693e-16 1.95339e-18 BessellV
52883 4.4412e-16 1.92914e-18 BessellV
52884 4.37528e-16 1.9042e-18 BessellV
52885 4.30923e-16 1.87858e-18 BessellV
52886 4.2431e-16 1.85229e-18 BessellV
52887 4.17697e-16 1.82536e-18 BessellV
52888 4.11087e-16 1.79782e-18 BessellV
52889 4.04488e-16 1.76971e-18 BessellV
52890 3.97903e-16 1.74106e-18 BessellV
52891 3.91337e-16 1.71191e-18 BessellV
52892 3.84795e-16 1.6823e-18 BessellV
52893 3.78281e-16 1.65229e-18 BessellV
52894 3.71799e-16 1.62191e-18 BessellV
52895 3.65353e-16 1.59121e-18 BessellV
52896 3.58947e-16 1.56023e-18 BessellV
52897 3.52583e-16 1.52903e-18 BessellV
52898 3.46266e-16 1.49765e-18 BessellV
52899 3.39997e-16 1.46613e-18 BessellV
52900 3.33779e-16 1.43451e-18 BessellV
52901 3.27616e-16 1.40284e-18 BessellV
52902 3.2151e-16 1.37116e-18 BessellV
52903 3.15462e-16 1.3395e-18 BessellV
52904 3.09474e-16 1.30792e-18 BessellV
52905 3.0355e-16 1.27643e-18 BessellV
52906 2.97689e-16 1.24508e-18 BessellV
52907 2.91895e-16 1.21391e-18 BessellV
52908 2.86168e-16 1.18293e-18 BessellV
52909 2.8051e-16 1.15219e-18 BessellV
52910 2.74921e-16 1.12171e-18 BessellV
52911 2.69403e-16 1.09151e-18 BessellV
52912 2.63957e-16 1.06163e-18 BessellV
52913 2.58584e-16 1.03208e-18 BessellV
52914 2.53284e-16 1.00288e-18 BessellV
52915 2.48058e-16 9.7406e-19 BessellV
52916 2.42906e-16 9.45634e-19 BessellV
52917 2.3783e-16 9.17618e-19 BessellV
52918 2.32828e-16 8.90029e-19 BessellV
52919 2.27902e-16 8.62879e-19 BessellV
52920 2.23051e-16 8.36182e-19 BessellV
52921 2.18276e-16 8.09949e-19 BessellV
52922 2.13577e-16 7.84189e-19 BessellV
52923 2.08954e-16 7.58912e-19 BessellV
52924 2.04406e-16 7.34126e-19 BessellV
52925 1.99933e-16 7.09837e-19 BessellV
52926 1.95535e-16 6.8605e-19 BessellV
52927 1.91212e-16 6.62771e-19 BessellV
52928 1.86964e-16 6.40003e-19 BessellV
52929 1.8279e-16 6.17749e-19 BessellV
52930 1.78689e-16 5.96011e-19 BessellV
52931 1.74661e-16 5.7479e-19 BessellV
52932 1.70707e-16 5.54087e-19 BessellV
52933 1.66824e-16 5.33901e-19 BessellV
52934 1.63013e-16 5.14233e-19 BessellV
52935 1.59272e-16 4.9508e-19 BessellV
52936 1.55602e-16 4.7644e-19 BessellV
52937 1.52002e-16 4.58312e-19 BessellV
52938 1.4847e-16 4.40693e-19 BessellV
52939 1.45007e-16 4.23579e-19 BessellV
52940 1.41611e-16 4.06967e-19 BessellV
52941 1.38281e-16 3.90852e-19 BessellV
52942 1.35018e-16 3.75232e-19 BessellV
52943 1.3182e-16 3.601e-19 BessellV
52944 1.28686e-16 3.45453e-19 BessellV
52945 1.25615e-16 3.31286e-19 BessellV
52946 1.22607e-16 3.17593e-19 BessellV
52947 1.19661e-16 3.0437e-19 BessellV
52948 1.16775e-16 2.9161e-19 BessellV
52949 1.1395e-16 2.7931e-19 BessellV
52950 1.11184e-16 2.67462e-19 BessellV
52951 1.08476e-16 2.56062e-19 BessellV
52952 1.05826e-16 2.45104e-19 BessellV
52953 1.03232e-16 2.34583e-19 BessellV
52954 1.00694e-16 2.24493e-19 BessellV
52955 9.82107e-17 2.14828e-19 BessellV
52956 9.57814e-17 2.05583e-19 BessellV
52957 9.34052e-17 1.96752e-19 BessellV
52958 9.10811e-17 1.8833e-19 BessellV
52959 8.88083e-17 1.8031e-19 BessellV
52960 8.6586e-17 1.72688e-19 BessellV
52961 8.44132e-17 1.65456e-19 BessellV
52962 8.22892e-17 1.58609e-19 BessellV
52963 8.02129e-17 1.52141e-19 BessellV
52964 7.81837e-17 1.46045e-19 BessellV
52965 7.62005e-17 1.40314e-19 BessellV
52966 7.42627e-17 1.34941e-19 BessellV
52967 7.23693e-17 1.29916e-19 BessellV
52968 7.05195e-17 1.25233e-19 BessellV
52969 6.87126e-17 1.20882e-19 BessellV
52970 6.69476e-17 1.16853e-19 BessellV
52971 6.52238e-17 1.13135e-19 BessellV
52972 6.35404e-17 1.09716e-19 BessellV
52973 6.18966e-17 1.06584e-19 BessellV
52974 6.02916e-17 1.03727e-19 BessellV
52975 5.87246e-17 1.0113e-19 BessellV
52976 5.7195e-17 9.87781e-20 BessellV
52977 5.57018e-17 9.66572e-20 BessellV
52978 5.42445e-17 9.47513e-20 BessellV
52979 5.28222e-17 9.30448e-20 BessellV
52980 5.14342e-17 9.15218e-20 BessellV
52981 5.00798e-17 9.01666e-20 BessellV
52982 4.87584e-17 8.89637e-20 BessellV
52983 4.74692e-17 8.78978e-20 BessellV
52984 4.62115e-17 8.69543e-20 BessellV
52985 4.49847e-17 8.61193e-20 BessellV
52986 4.3788e-17 8.53794e-20 BessellV
52987 4.2621e-17 8.4722e-20 BessellV
52988 4.14828e-17 8.41357e-20 BessellV
52989 4.03729e-17 8.36094e-20 BessellV
52990 3.92907e-17 8.31334e-20 BessellV
52991 3.82356e-17 8.26985e-20 BessellV
52992 3.72068e-17 8.22965e-20 BessellV
52993 3.6204e-17 8.192e-20 BessellV
52994 3.52264e-17 8.15624e-20 BessellV
52995 3.42735e-17 8.12178e-20 BessellV
52996 3.33448e-17 8.08809e-20 BessellV
52997 3.24396e-17 8.05472e-20 BessellV
52998 3.15576e-17 8.02128e-20 BessellV
52999 3.0698e-17 7.98741e-20 BessellV
53000 2.98605e-17 7.95283e-20 BessellV
53001 2.90445e-17 7.91727e-20 BessellV
53002 2.82494e-17 7.88054e-20 BessellV
53003 2.74749e-17 7.84246e-20 BessellV
53004 2.67204e-17 7.80289e-20 BessellV
53005 2.59855e-17 7.76171e-20 BessellV
53006 2.52696e-17 7.71885e-20 BessellV
53007 2.45725e-17 7.67423e-20 BessellV
53008 2.38935e-17 7.62782e-20 BessellV
53009 2.32322e-17 7.5796e-20 BessellV
