50872.7 1.39441e-16 5.82096e-17 BessellB
50873.7 2.12447e-16 8.25288e-17 BessellB
50874.7 3.23797e-16 1.16494e-16 BessellB
50875.7 4.93606e-16 1.6353e-16 BessellB
50876.7 7.52404e-16 2.27944e-16 BessellB
50877.7 1.14627e-15 3.14836e-16 BessellB
50878.7 1.74415e-15 4.29606e-16 BessellB
50879.7 2.64756e-15 5.76661e-16 BessellB
50880.7 4.00236e-15 7.56662e-16 BessellB
50881.7 6.00929e-15 9.61534e-16 BessellB
50882.7 8.92501e-15 1.16701e-15 BessellB
50883.7 1.30356e-14 1.32498e-15 BessellB
50884.7 1.85753e-14 1.36414e-15 BessellB
50885.7 2.5572e-14 1.21449e-15 BessellB
50886.7 3.36607e-14 8.66054e-16 BessellB
50887.7 4.20131e-14 4.52387e-16 BessellB
50888.7 4.95508e-14 3.78792e-16 BessellB
50889.7 5.53791e-14 5.67154e-16 BessellB
50890.7 5.9117e-14 6.34959e-16 BessellB
50891.7 6.0895e-14 5.82361e-16 BessellB
50892.7 6.1127e-14 4.85968e-16 BessellB
50893.7 6.02798e-14 4.07183e-16 BessellB
50894.7 5.8748e-14 3.68734e-16 BessellB
50895.7 5.68194e-14 3.59685e-16 BessellB
50896.7 5.46867e-14 3.60517e-16 BessellB
50897.7 5.24719e-14 3.59769e-16 BessellB
50898.7 5.02491e-14 3.53895e-16 BessellB
50899.7 4.8062e-14 3.43078e-16 BessellB
50900.7 4.59351e-14 3.28645e-16 BessellB
50901.7 4.38814e-14 3.11999e-16 BessellB
50902.7 4.1907e-14 2.94271e-16 BessellB
50903.7 4.0014e-14 2.76277e-16 BessellB
50904.7 3.82021e-14 2.58562e-16 BessellB
50905.7 3.64696e-14 2.41475e-16 BessellB
50906.7 3.48141e-14 2.2522e-16 BessellB
50907.7 3.32328e-14 2.09907e-16 BessellB
50908.7 3.17228e-14 1.95584e-16 BessellB
50909.7 3.0281e-14 1.8226e-16 BessellB
50910.7 2.89046e-14 1.69918e-16 BessellB
50911.7 2.75906e-14 1.58526e-16 BessellB
50912.7 2.63363e-14 1.48045e-16 BessellB
50913.7 2.51389e-14 1.3843e-16 BessellB
50914.7 2.3996e-14 1.29634e-16 BessellB
50915.7 2.2905e-14 1.21609e-16 BessellB
50916.7 2.18636e-14 1.14307e-16 BessellB
50917.7 2.08696e-14 1.0768e-16 BessellB
50918.7 1.99207e-14 1.01681e-16 BessellB
50919.7 1.9015e-14 9.62631e-17 BessellB
50920.7 1.81505e-14 9.13808e-17 BessellB
50921.7 1.73252e-14 8.69893e-17 BessellB
50922.7 1.65375e-14 8.30449e-17 BessellB
50923.7 1.57856e-14 7.95053e-17 BessellB
50924.7 1.50679e-14 7.63297e-17 BessellB
50925.7 1.43828e-14 7.3479e-17 BessellB
50926.7 1.37289e-14 7.09165e-17 BessellB
50927.7 1.31047e-14 6.86076e-17 BessellB
50928.7 1.25089e-14 6.65201e-17 BessellB
50929.7 1.19402e-14 6.46247e-17 BessellB
50930.7 1.13973e-14 6.28946e-17 BessellB
50931.7 1.08791e-14 6.13057e-17 BessellB
50932.7 1.03845e-14 5.98366e-17 BessellB
50933.7 9.91238e-15 5.84685e-17 BessellB
50934.7 9.46171e-15 5.71848e-17 BessellB
50935.7 9.03154e-15 5.59712e-17 BessellB
50936.7 8.62092e-15 5.48156e-17 BessellB
50937.7 8.22897e-15 5.37075e-17 BessellB
50938.7 7.85484e-15 5.26381e-17 BessellB
50939.7 7.49772e-15 5.16003e-17 BessellB
50940.7 7.15684e-15 5.05879e-17 BessellB
50941.7 6.83146e-15 4.95961e-17 BessellB
50942.7 6.52087e-15 4.86209e-17 BessellB
50943.7 6.2244e-15 4.76591e-17 BessellB
50944.7 5.94141e-15 4.67084e-17 BessellB
50945.7 5.67129e-15 4.57668e-17 BessellB
50946.7 5.41345e-15 4.4833e-17 BessellB
50947.7 5.16733e-15 4.39061e-17 BessellB
50948.7 4.9324e-15 4.29854e-17 BessellB
50949.7 4.70815e-15 4.20706e-17 BessellB
50950.7 4.4941e-15 4.11616e-17 BessellB
50951.7 4.28978e-15 4.02585e-17 BessellB
50952.7 4.09475e-15 3.93615e-17 BessellB
50953.7 3.90859e-15 3.84708e-17 BessellB
50954.7 3.73089e-15 3.75868e-17 BessellB
50955.7 3.56127e-15 3.67101e-17 BessellB
50956.7 3.39936e-15 3.5841e-17 BessellB
50957.7 3.24481e-15 3.49802e-17 BessellB
50958.7 3.09729e-15 3.4128e-17 BessellB
50959.7 2.95648e-15 3.32851e-17 BessellB
50960.7 2.82207e-15 3.24519e-17 BessellB
50961.7 2.69377e-15 3.16288e-17 BessellB
50962.7 2.5713e-15 3.08165e-17 BessellB
50963.7 2.4544e-15 3.00152e-17 BessellB
50964.7 2.34282e-15 2.92254e-17 BessellB
50965.7 2.2363e-15 2.84475e-17 BessellB
50966.7 2.13464e-15 2.76819e-17 BessellB
50967.7 2.03759e-15 2.69287e-17 BessellB
50968.7 1.94495e-15 2.61884e-17 BessellB
50969.7 1.85653e-15 2.54611e-17 BessellB
50970.7 1.77213e-15 2.47471e-17 BessellB
50971.7 1.69156e-15 2.40465e-17 BessellB
50972.7 1.61466e-15 2.33595e-17 BessellB
50973.7 1.54125e-15 2.26862e-17 BessellB
50974.7 1.47118e-15 2.20267e-17 BessellB
50975.7 1.4043e-15 2.13811e-17 BessellB
50976.7 1.34046e-15 2.07493e-17 BessellB
50977.7 1.27952e-15 2.01314e-17 BessellB
50978.7 1.22135e-15 1.95274e-17 BessellB
50979.7 1.16582e-15 1.89372e-17 BessellB
50980.7 1.11282e-15 1.83608e-17 BessellB
50981.7 1.06223e-15 1.77981e-17 BessellB
50982.7 1.01394e-15 1.7249e-17 BessellB
50983.7 9.67846e-16 1.67135e-17 BessellB
50984.7 9.23846e-16 1.61913e-17 BessellB
50985.7 8.81846e-16 1.56823e-17 BessellB
50986.7 8.41756e-16 1.51865e-17 BessellB
50987.7 8.03489e-16 1.47035e-17 BessellB
50883.1 1.77905e-14 1.05654e-15 BessellI
50884.1 1.77405e-14 9.88159e-16 BessellI
50885.1 1.76813e-14 9.21502e-16 BessellI
50886.1 1.76127e-14 8.56699e-16 BessellI
50887.1 1.75346e-14 7.9388e-16 BessellI
50888.1 1.7447e-14 7.33167e-16 BessellI
50889.1 1.73497e-14 6.7468e-16 BessellI
50890.1 1.72429e-14 6.1853e-16 BessellI
50891.1 1.71264e-14 5.6482e-16 BessellI
50892.1 1.70004e-14 5.13649e-16 BessellI
50893.1 1.68649e-14 4.65106e-16 BessellI
50894.1 1.67201e-14 4.19275e-16 BessellI
50895.1 1.65661e-14 3.76237e-16 BessellI
50896.1 1.6403e-14 3.36065e-16 BessellI
50897.1 1.62312e-14 2.98836e-16 BessellI
50898.1 1.60507e-14 2.64626e-16 BessellI
50899.1 1.58619e-14 2.33516e-16 BessellI
50900.1 1.56652e-14 2.05596e-16 BessellI
50901.1 1.54608e-14 1.80962e-16 BessellI
50902.1 1.5249e-14 1.59712e-16 BessellI
50903.1 1.50303e-14 1.41926e-16 BessellI
50904.1 1.48051e-14 1.27631e-16 BessellI
50905.1 1.45738e-14 1.1675e-16 BessellI
50906.1 1.43368e-14 1.09049e-16 BessellI
50907.1 1.40946e-14 1.04119e-16 BessellI
50908.1 1.38476e-14 1.0141e-16 BessellI
50909.1 1.35964e-14 1.00311e-16 BessellI
50910.1 1.33413e-14 1.00245e-16 BessellI
50911.1 1.30829e-14 1.00726e-16 BessellI
50912.1 1.28217e-14 1.0138e-16 BessellI
50913.1 1.25581e-14 1.01942e-16 BessellI
50914.1 1.22927e-14 1.0224e-16 BessellI
50915.1 1.20258e-14 1.02169e-16 BessellI
50916.1 1.1758e-14 1.01678e-16 BessellI
50917.1 1.14896e-14 1.00752e-16 BessellI
50918.1 1.12212e-14 9.9403e-17 BessellI
50919.1 1.09532e-14 9.766e-17 BessellI
50920.1 1.06859e-14 9.55634e-17 BessellI
50921.1 1.04197e-14 9.31605e-17 BessellI
50922.1 1.0155e-14 9.05026e-17 BessellI
50923.1 9.89226e-15 8.76419e-17 BessellI
50924.1 9.63167e-15 8.46306e-17 BessellI
50925.1 9.37357e-15 8.15187e-17 BessellI
50926.1 9.11826e-15 7.83541e-17 BessellI
50927.1 8.866e-15 7.5181e-17 BessellI
50928.1 8.61705e-15 7.20399e-17 BessellI
50929.1 8.37161e-15 6.89675e-17 BessellI
50930.1 8.12991e-15 6.59958e-17 BessellI
50931.1 7.89212e-15 6.31524e-17 BessellI
50932.1 7.6584e-15 6.04604e-17 BessellI
50933.1 7.4289e-15 5.7938e-17 BessellI
50934.1 7.20375e-15 5.55988e-17 BessellI
50935.1 6.98306e-15 5.34518e-17 BessellI
50936.1 6.76691e-15 5.15011e-17 BessellI
50937.1 6.55538e-15 4.9747e-17 BessellI
50938.1 6.34853e-15 4.81853e-17 BessellI
50939.1 6.1464e-15 4.68087e-17 BessellI
50940.1 5.94903e-15 4.56067e-17 BessellI
50941.1 5.75644e-15 4.45664e-17 BessellI
50942.1 5.56862e-15 4.36736e-17 BessellI
50943.1 5.38558e-15 4.29128e-17 BessellI
50944.1 5.2073e-15 4.22683e-17 BessellI
50945.1 5.03375e-15 4.17246e-17 BessellI
50946.1 4.86491e-15 4.12669e-17 BessellI
50947.1 4.70072e-15 4.08814e-17 BessellI
50948.1 4.54114e-15 4.05555e-17 BessellI
50949.1 4.38612e-15 4.02778e-17 BessellI
50950.1 4.23559e-15 4.00386e-17 BessellI
50951.1 4.08949e-15 3.98292e-17 BessellI
50952.1 3.94775e-15 3.96423e-17 BessellI
50953.1 3.81028e-15 3.94718e-17 BessellI
50954.1 3.67702e-15 3.93126e-17 BessellI
50955.1 3.54789e-15 3.91604e-17 BessellI
50956.1 3.42279e-15 3.90118e-17 BessellI
50957.1 3.30164e-15 3.88641e-17 BessellI
50958.1 3.18435e-15 3.8715e-17 BessellI
50959.1 3.07085e-15 3.85628e-17 BessellI
50960.1 2.96103e-15 3.8406e-17 BessellI
50961.1 2.8548e-15 3.82434e-17 BessellI
50962.1 2.75208e-15 3.80743e-17 BessellI
50963.1 2.65278e-15 3.7898e-17 BessellI
50964.1 2.5568e-15 3.77138e-17 BessellI
50965.1 2.46405e-15 3.75213e-17 BessellI
50966.1 2.37445e-15 3.73202e-17 BessellI
50967.1 2.28791e-15 3.71102e-17 BessellI
50968.1 2.20433e-15 3.68912e-17 BessellI
50969.1 2.12364e-15 3.66628e-17 BessellI
50970.1 2.04575e-15 3.64251e-17 BessellI
50971.1 1.97057e-15 3.61779e-17 BessellI
50972.1 1.89802e-15 3.59211e-17 BessellI
50973.1 1.82802e-15 3.56547e-17 BessellI
50974.1 1.76049e-15 3.53788e-17 BessellI
50975.1 1.69535e-15 3.50934e-17 BessellI
50976.1 1.63253e-15 3.47986e-17 BessellI
50977.1 1.57195e-15 3.44943e-17 BessellI
50978.1 1.51355e-15 3.41809e-17 BessellI
50979.1 1.45723e-15 3.38585e-17 BessellI
50980.1 1.40295e-15 3.35272e-17 BessellI
50981.1 1.35063e-15 3.31873e-17 BessellI
50982.1 1.3002e-15 3.2839e-17 BessellI
50983.1 1.25161e-15 3.24826e-17 BessellI
50984.1 1.20479e-15 3.21184e-17 BessellI
50985.1 1.15967e-15 3.17468e-17 BessellI
50986.1 1.1162e-15 3.1368e-17 BessellI
50987.1 1.07433e-15 3.09825e-17 BessellI
50871 2.09473e-14 1.72203e-15 BessellR
50872 2.14869e-14 1.64284e-15 BessellR
50873 2.20162e-14 1.55977e-15 BessellR
50874 2.25327e-14 1.47331e-15 BessellR
50875 2.30337e-14 1.38402e-15 BessellR
50876 2.35165e-14 1.29254e-15 BessellR
50877 2.39785e-14 1.19955e-15 BessellR
50878 2.44169e-14 1.10579e-15 BessellR
50879 2.4829e-14 1.01207e-15 BessellR
50880 2.52123e-14 9.19219e-16 BessellR
50881 2.55643e-14 8.2809e-16 BessellR
50882 2.58827e-14 7.3957e-16 BessellR
50883 2.61654e-14 6.54564e-16 BessellR
50884 2.64104e-14 5.73993e-16 BessellR
50885 2.66163e-14 4.98808e-16 BessellR
50886 2.67816e-14 4.30002e-16 BessellR
50887 2.69054e-14 3.68631e-16 BessellR
50888 2.6987e-14 3.15816e-16 BessellR
50889 2.7026e-14 2.7268e-16 BessellR
50890 2.70225e-14 2.40124e-16 BessellR
50891 2.69769e-14 2.18393e-16 BessellR
50892 2.68898e-14 2.06593e-16 BessellR
50893 2.67622e-14 2.02634e-16 BessellR
50894 2.65955e-14 2.03799e-16 BessellR
50895 2.63911e-14 2.07519e-16 BessellR
50896 2.61509e-14 2.11818e-16 BessellR
50897 2.58769e-14 2.15391e-16 BessellR
50898 2.55712e-14 2.17482e-16 BessellR
50899 2.52361e-14 2.1773e-16 BessellR
50900 2.4874e-14 2.16041e-16 BessellR
50901 2.44873e-14 2.12491e-16 BessellR
50902 2.40786e-14 2.07265e-16 BessellR
50903 2.36502e-14 2.00612e-16 BessellR
50904 2.32046e-14 1.92814e-16 BessellR
50905 2.27441e-14 1.84162e-16 BessellR
50906 2.22712e-14 1.74947e-16 BessellR
50907 2.1788e-14 1.65446e-16 BessellR
50908 2.12966e-14 1.55917e-16 BessellR
50909 2.0799e-14 1.46592e-16 BessellR
50910 2.02971e-14 1.37672e-16 BessellR
50911 1.97926e-14 1.29326e-16 BessellR
50912 1.92872e-14 1.21689e-16 BessellR
50913 1.87824e-14 1.14851e-16 BessellR
50914 1.82795e-14 1.08867e-16 BessellR
50915 1.77796e-14 1.03746e-16 BessellR
50916 1.72841e-14 9.94581e-17 BessellR
50917 1.67937e-14 9.59405e-17 BessellR
50918 1.63095e-14 9.31022e-17 BessellR
50919 1.58321e-14 9.08364e-17 BessellR
50920 1.53623e-14 8.90291e-17 BessellR
50921 1.49005e-14 8.75691e-17 BessellR
50922 1.44474e-14 8.6354e-17 BessellR
50923 1.40033e-14 8.5295e-17 BessellR
50924 1.35685e-14 8.43187e-17 BessellR
50925 1.31434e-14 8.33673e-17 BessellR
50926 1.2728e-14 8.23977e-17 BessellR
50927 1.23226e-14 8.13797e-17 BessellR
50928 1.19273e-14 8.0294e-17 BessellR
50929 1.15421e-14 7.91304e-17 BessellR
50930 1.1167e-14 7.7886e-17 BessellR
50931 1.08021e-14 7.65632e-17 BessellR
50932 1.04472e-14 7.51686e-17 BessellR
50933 1.01023e-14 7.37118e-17 BessellR
50934 9.76729e-15 7.22043e-17 BessellR
50935 9.44204e-15 7.06586e-17 BessellR
50936 9.12642e-15 6.9088e-17 BessellR
50937 8.82027e-15 6.75056e-17 BessellR
50938 8.52341e-15 6.59242e-17 BessellR
50939 8.23568e-15 6.43558e-17 BessellR
50940 7.95689e-15 6.28115e-17 BessellR
50941 7.68683e-15 6.13014e-17 BessellR
50942 7.42532e-15 5.98343e-17 BessellR
50943 7.17215e-15 5.84178e-17 BessellR
50944 6.92711e-15 5.70579e-17 BessellR
50945 6.68999e-15 5.57597e-17 BessellR
50946 6.46059e-15 5.45266e-17 BessellR
50947 6.2387e-15 5.33609e-17 BessellR
50948 6.02412e-15 5.22637e-17 BessellR
50949 5.81662e-15 5.1235e-17 BessellR
50950 5.61602e-15 5.02737e-17 BessellR
50951 5.42211e-15 4.9378e-17 BessellR
50952 5.23469e-15 4.8545e-17 BessellR
50953 5.05357e-15 4.77717e-17 BessellR
50954 4.87855e-15 4.7054e-17 BessellR
50955 4.70944e-15 4.6388e-17 BessellR
50956 4.54607e-15 4.57691e-17 BessellR
50957 4.38825e-15 4.51927e-17 BessellR
50958 4.23581e-15 4.46544e-17 BessellR
50959 4.08856e-15 4.41496e-17 BessellR
50960 3.94636e-15 4.36738e-17 BessellR
50961 3.80903e-15 4.32228e-17 BessellR
50962 3.67641e-15 4.27927e-17 BessellR
50963 3.54834e-15 4.23796e-17 BessellR
50964 3.42469e-15 4.19802e-17 BessellR
50965 3.3053e-15 4.15914e-17 BessellR
50966 3.19003e-15 4.12103e-17 BessellR
50967 3.07874e-15 4.08343e-17 BessellR
50968 2.97131e-15 4.04613e-17 BessellR
50969 2.86759e-15 4.00893e-17 BessellR
50970 2.76746e-15 3.97166e-17 BessellR
50971 2.67081e-15 3.93419e-17 BessellR
50972 2.57752e-15 3.8964e-17 BessellR
50973 2.48746e-15 3.85818e-17 BessellR
50974 2.40053e-15 3.81946e-17 BessellR
50975 2.31663e-15 3.78019e-17 BessellR
50976 2.23564e-15 3.74032e-17 BessellR
50977 2.15748e-15 3.69982e-17 BessellR
50978 2.08204e-15 3.65868e-17 BessellR
50979 2.00922e-15 3.6169e-17 BessellR
50980 1.93895e-15 3.57447e-17 BessellR
50981 1.87112e-15 3.53141e-17 BessellR
50982 1.80566e-15 3.48775e-17 BessellR
50983 1.74249e-15 3.4435e-17 BessellR
50984 1.68152e-15 3.39871e-17 BessellR
50985 1.62268e-15 3.3534e-17 BessellR
50986 1.56589e-15 3.30761e-17 BessellR
50987 1.51109e-15 3.2614e-17 BessellR
50988 1.4582e-15 3.21479e-17 BessellR
50872.5 4.69658e-14 2.19345e-15 BessellV
50873.5 4.70577e-14 2.05293e-15 BessellV
50874.5 4.71108e-14 1.91416e-15 BessellV
50875.5 4.7124e-14 1.77766e-15 BessellV
50876.5 4.70959e-14 1.64397e-15 BessellV
50877.5 4.70258e-14 1.51362e-15 BessellV
50878.5 4.69127e-14 1.38712e-15 BessellV
50879.5 4.67561e-14 1.26498e-15 BessellV
50880.5 4.65555e-14 1.14768e-15 BessellV
50881.5 4.63107e-14 1.0357e-15 BessellV
50882.5 4.60217e-14 9.29478e-16 BessellV
50883.5 4.56888e-14 8.29452e-16 BessellV
50884.5 4.53124e-14 7.36031e-16 BessellV
50885.5 4.48933e-14 6.49617e-16 BessellV
50886.5 4.44323e-14 5.70609e-16 BessellV
50887.5 4.39305e-14 4.99405e-16 BessellV
50888.5 4.33894e-14 4.36409e-16 BessellV
50889.5 4.28105e-14 3.82011e-16 BessellV
50890.5 4.21956e-14 3.36541e-16 BessellV
50891.5 4.15466e-14 3.00163e-16 BessellV
50892.5 4.08656e-14 2.72722e-16 BessellV
50893.5 4.01548e-14 2.53576e-16 BessellV
50894.5 3.94166e-14 2.41546e-16 BessellV
50895.5 3.86535e-14 2.35044e-16 BessellV
50896.5 3.78679e-14 2.32348e-16 BessellV
50897.5 3.70623e-14 2.31884e-16 BessellV
50898.5 3.62395e-14 2.32382e-16 BessellV
50899.5 3.5402e-14 2.3292e-16 BessellV
50900.5 3.45523e-14 2.32888e-16 BessellV
50901.5 3.36931e-14 2.31921e-16 BessellV
50902.5 3.28267e-14 2.29837e-16 BessellV
50903.5 3.19556e-14 2.26585e-16 BessellV
50904.5 3.10822e-14 2.22199e-16 BessellV
50905.5 3.02085e-14 2.1677e-16 BessellV
50906.5 2.93369e-14 2.10427e-16 BessellV
50907.5 2.84692e-14 2.03316e-16 BessellV
50908.5 2.76073e-14 1.95592e-16 BessellV
50909.5 2.6753e-14 1.87412e-16 BessellV
50910.5 2.59079e-14 1.78924e-16 BessellV
50911.5 2.50733e-14 1.70272e-16 BessellV
50912.5 2.42507e-14 1.61586e-16 BessellV
50913.5 2.34413e-14 1.52982e-16 BessellV
50914.5 2.26461e-14 1.44564e-16 BessellV
50915.5 2.1866e-14 1.3642e-16 BessellV
50916.5 2.11018e-14 1.28627e-16 BessellV
50917.5 2.03544e-14 1.21243e-16 BessellV
50918.5 1.96241e-14 1.14315e-16 BessellV
50919.5 1.89116e-14 1.07877e-16 BessellV
50920.5 1.82171e-14 1.01949e-16 BessellV
50921.5 1.75411e-14 9.65369e-17 BessellV
50922.5 1.68835e-14 9.1638e-17 BessellV
50923.5 1.62447e-14 8.72376e-17 BessellV
50924.5 1.56246e-14 8.3312e-17 BessellV
50925.5 1.50232e-14 7.98298e-17 BessellV
50926.5 1.44404e-14 7.6754e-17 BessellV
50927.5 1.38761e-14 7.40434e-17 BessellV
50928.5 1.33301e-14 7.1655e-17 BessellV
50929.5 1.28022e-14 6.95456e-17 BessellV
50930.5 1.22921e-14 6.76734e-17 BessellV
50931.5 1.17995e-14 6.59991e-17 BessellV
50932.5 1.13241e-14 6.44869e-17 BessellV
50933.5 1.08656e-14 6.31051e-17 BessellV
50934.5 1.04235e-14 6.18261e-17 BessellV
50935.5 9.9975e-15 6.06265e-17 BessellV
50936.5 9.58722e-15 5.94871e-17 BessellV
50937.5 9.19222e-15 5.83922e-17 BessellV
50938.5 8.8121e-15 5.73291e-17 BessellV
50939.5 8.44643e-15 5.62884e-17 BessellV
50940.5 8.0948e-15 5.52627e-17 BessellV
50941.5 7.75677e-15 5.42468e-17 BessellV
50942.5 7.43193e-15 5.32371e-17 BessellV
50943.5 7.11985e-15 5.22312e-17 BessellV
50944.5 6.82012e-15 5.12279e-17 BessellV
50945.5 6.53233e-15 5.02266e-17 BessellV
50946.5 6.25606e-15 4.92275e-17 BessellV
50947.5 5.99093e-15 4.8231e-17 BessellV
50948.5 5.73653e-15 4.7238e-17 BessellV
50949.5 5.49249e-15 4.62495e-17 BessellV
50950.5 5.25842e-15 4.52665e-17 BessellV
50951.5 5.03396e-15 4.42902e-17 BessellV
50952.5 4.81876e-15 4.33216e-17 BessellV
50953.5 4.61246e-15 4.2362e-17 BessellV
50954.5 4.41473e-15 4.14122e-17 BessellV
50955.5 4.22524e-15 4.04732e-17 BessellV
50956.5 4.04367e-15 3.95457e-17 BessellV
50957.5 3.8697e-15 3.86306e-17 BessellV
50958.5 3.70305e-15 3.77284e-17 BessellV
50959.5 3.54342e-15 3.68396e-17 BessellV
50960.5 3.39053e-15 3.59648e-17 BessellV
50961.5 3.24411e-15 3.51041e-17 BessellV
50962.5 3.1039e-15 3.42579e-17 BessellV
50963.5 2.96965e-15 3.34263e-17 BessellV
50964.5 2.84111e-15 3.26095e-17 BessellV
50965.5 2.71806e-15 3.18076e-17 BessellV
50966.5 2.60026e-15 3.10205e-17 BessellV
50967.5 2.4875e-15 3.02483e-17 BessellV
50968.5 2.37957e-15 2.94908e-17 BessellV
50969.5 2.27628e-15 2.8748e-17 BessellV
50970.5 2.17741e-15 2.80199e-17 BessellV
50971.5 2.0828e-15 2.73061e-17 BessellV
50972.5 1.99226e-15 2.66067e-17 BessellV
50973.5 1.90562e-15 2.59214e-17 BessellV
50974.5 1.82272e-15 2.52501e-17 BessellV
50975.5 1.7434e-15 2.45926e-17 BessellV
50976.5 1.6675e-15 2.39486e-17 BessellV
50977.5 1.59489e-15 2.33181e-17 BessellV
50978.5 1.52542e-15 2.27009e-17 BessellV
50979.5 1.45895e-15 2.20967e-17 BessellV
50980.5 1.39537e-15 2.15053e-17 BessellV
50981.5 1.33454e-15 2.09267e-17 BessellV
50982.5 1.27635e-15 2.03605e-17 BessellV
50983.5 1.22069e-15 1.98067e-17 BessellV
50984.5 1.16744e-15 1.92649e-17 BessellV
50985.5 1.11651e-15 1.87352e-17 BessellV
50986.5 1.06779e-15 1.82172e-17 BessellV
50987.5 1.02118e-15 1.77108e-17 BessellV
