51463.9 1.17564e-15 1.32904e-16 BessellB
51464.9 1.25828e-15 1.31298e-16 BessellB
51465.9 1.34542e-15 1.28893e-16 BessellB
51466.9 1.43699e-15 1.25647e-16 BessellB
51467.9 1.53287e-15 1.21533e-16 BessellB
51468.9 1.63283e-15 1.1654e-16 BessellB
51469.9 1.73656e-15 1.10685e-16 BessellB
51470.9 1.8436e-15 1.0401e-16 BessellB
51471.9 1.95338e-15 9.65952e-17 BessellB
51472.9 2.0652e-15 8.85547e-17 BessellB
51473.9 2.17818e-15 8.00447e-17 BessellB
51474.9 2.29132e-15 7.12627e-17 BessellB
51475.9 2.40346e-15 6.24468e-17 BessellB
51476.9 2.51333e-15 5.38731e-17 BessellB
51477.9 2.61954e-15 4.58509e-17 BessellB
51478.9 2.72064e-15 3.8713e-17 BessellB
51479.9 2.81513e-15 3.27952e-17 BessellB
51480.9 2.90154e-15 2.83845e-17 BessellB
51481.9 2.9785e-15 2.56243e-17 BessellB
51482.9 3.04473e-15 2.4421e-17 BessellB
51483.9 3.09914e-15 2.44742e-17 BessellB
51484.9 3.14089e-15 2.54432e-17 BessellB
51485.9 3.16939e-15 2.70894e-17 BessellB
51486.9 3.18433e-15 2.92934e-17 BessellB
51487.9 3.18569e-15 3.19897e-17 BessellB
51488.9 3.17374e-15 3.50997e-17 BessellB
51489.9 3.14903e-15 3.84993e-17 BessellB
51490.9 3.11232e-15 4.20222e-17 BessellB
51491.9 3.06455e-15 4.54822e-17 BessellB
51492.9 3.00683e-15 4.86975e-17 BessellB
51493.9 2.94035e-15 5.15104e-17 BessellB
51494.9 2.86633e-15 5.37985e-17 BessellB
51495.9 2.78604e-15 5.54797e-17 BessellB
51496.9 2.70069e-15 5.65123e-17 BessellB
51497.9 2.61145e-15 5.6891e-17 BessellB
51498.9 2.5194e-15 5.6642e-17 BessellB
51499.9 2.42554e-15 5.58164e-17 BessellB
51500.9 2.33075e-15 5.4484e-17 BessellB
51501.9 2.23584e-15 5.27268e-17 BessellB
51502.9 2.14147e-15 5.06345e-17 BessellB
51503.9 2.04824e-15 4.82996e-17 BessellB
51504.9 1.95662e-15 4.58139e-17 BessellB
51505.9 1.86701e-15 4.32661e-17 BessellB
51506.9 1.77973e-15 4.07395e-17 BessellB
51507.9 1.69502e-15 3.83104e-17 BessellB
51508.9 1.61307e-15 3.6046e-17 BessellB
51509.9 1.53401e-15 3.40029e-17 BessellB
51510.9 1.45792e-15 3.22248e-17 BessellB
51511.9 1.38484e-15 3.07406e-17 BessellB
51512.9 1.31479e-15 2.95622e-17 BessellB
51513.9 1.24775e-15 2.86846e-17 BessellB
51514.9 1.18369e-15 2.80869e-17 BessellB
51515.9 1.12254e-15 2.77354e-17 BessellB
51516.9 1.06424e-15 2.75886e-17 BessellB
51517.9 1.00872e-15 2.76016e-17 BessellB
51518.9 9.55873e-16 2.77306e-17 BessellB
51519.9 9.05621e-16 2.79355e-17 BessellB
51520.9 8.57866e-16 2.81818e-17 BessellB
51521.9 8.12507e-16 2.84413e-17 BessellB
51522.9 7.69448e-16 2.86916e-17 BessellB
51523.9 7.28589e-16 2.89157e-17 BessellB
51524.9 6.89832e-16 2.91014e-17 BessellB
51525.9 6.53082e-16 2.92402e-17 BessellB
51526.9 6.18244e-16 2.93267e-17 BessellB
51527.9 5.85229e-16 2.93581e-17 BessellB
51528.9 5.53946e-16 2.93333e-17 BessellB
51529.9 5.24312e-16 2.92529e-17 BessellB
51530.9 4.96244e-16 2.91185e-17 BessellB
51531.9 4.69664e-16 2.89323e-17 BessellB
51532.9 4.44494e-16 2.86974e-17 BessellB
51533.9 4.20664e-16 2.84169e-17 BessellB
51534.9 3.98105e-16 2.80944e-17 BessellB
51535.9 3.76749e-16 2.77336e-17 BessellB
51536.9 3.56535e-16 2.73379e-17 BessellB
51537.9 3.37402e-16 2.69111e-17 BessellB
51538.9 3.19294e-16 2.64567e-17 BessellB
51539.9 3.02157e-16 2.59781e-17 BessellB
51540.9 2.85938e-16 2.54784e-17 BessellB
51541.9 2.7059e-16 2.49608e-17 BessellB
51542.9 2.56066e-16 2.44282e-17 BessellB
51543.9 2.42322e-16 2.38832e-17 BessellB
51544.9 2.29316e-16 2.33285e-17 BessellB
51545.9 2.17009e-16 2.27663e-17 BessellB
51546.9 2.05364e-16 2.21988e-17 BessellB
51547.9 1.94344e-16 2.1628e-17 BessellB
51548.9 1.83918e-16 2.10558e-17 BessellB
51549.9 1.74051e-16 2.04837e-17 BessellB
51550.9 1.64715e-16 1.99134e-17 BessellB
51551.9 1.55881e-16 1.93461e-17 BessellB
51552.9 1.47522e-16 1.87832e-17 BessellB
51553.9 1.39613e-16 1.82256e-17 BessellB
51554.9 1.32129e-16 1.76744e-17 BessellB
51555.9 1.25047e-16 1.71305e-17 BessellB
51556.9 1.18345e-16 1.65945e-17 BessellB
51557.9 1.12004e-16 1.60673e-17 BessellB
51558.9 1.06004e-16 1.55493e-17 BessellB
51559.9 1.00326e-16 1.5041e-17 BessellB
51560.9 9.4953e-17 1.4543e-17 BessellB
51561.9 8.98688e-17 1.40554e-17 BessellB
51562.9 8.50576e-17 1.35786e-17 BessellB
51563.9 8.05049e-17 1.31129e-17 BessellB
51564.9 7.61966e-17 1.26584e-17 BessellB
51565.9 7.21196e-17 1.22152e-17 BessellB
51566.9 6.82615e-17 1.17834e-17 BessellB
51567.9 6.46104e-17 1.1363e-17 BessellB
51568.9 6.11553e-17 1.09541e-17 BessellB
51569.9 5.78855e-17 1.05567e-17 BessellB
51570.9 5.47911e-17 1.01706e-17 BessellB
51571.9 5.18627e-17 9.79572e-18 BessellB
51572.9 4.90913e-17 9.43205e-18 BessellB
51573.9 4.64685e-17 9.07943e-18 BessellB
51574.9 4.39863e-17 8.7377e-18 BessellB
51575.9 4.16371e-17 8.40671e-18 BessellB
51576.9 3.94138e-17 8.08628e-18 BessellB
51577.9 3.73096e-17 7.77622e-18 BessellB
51578.9 3.53182e-17 7.47634e-18 BessellB
51579.9 3.34333e-17 7.18644e-18 BessellB
51580.9 3.16494e-17 6.90628e-18 BessellB
51581.9 2.9961e-17 6.63567e-18 BessellB
51582.9 2.8363e-17 6.37438e-18 BessellB
51583.9 2.68505e-17 6.12218e-18 BessellB
51584.9 2.54189e-17 5.87884e-18 BessellB
51585.9 2.40639e-17 5.64413e-18 BessellB
51586.9 2.27814e-17 5.41782e-18 BessellB
51587.9 2.15674e-17 5.19969e-18 BessellB
51588.9 2.04184e-17 4.98949e-18 BessellB
51589.9 1.93307e-17 4.78701e-18 BessellB
51590.9 1.83013e-17 4.59201e-18 BessellB
51591.9 1.73268e-17 4.40428e-18 BessellB
51592.9 1.64043e-17 4.22358e-18 BessellB
51593.9 1.55312e-17 4.0497e-18 BessellB
51594.9 1.47047e-17 3.88243e-18 BessellB
51595.9 1.39223e-17 3.72155e-18 BessellB
51596.9 1.31816e-17 3.56686e-18 BessellB
51597.9 1.24805e-17 3.41815e-18 BessellB
51598.9 1.18169e-17 3.27521e-18 BessellB
51599.9 1.11886e-17 3.13787e-18 BessellB
51600.9 1.05938e-17 3.00591e-18 BessellB
51601.9 1.00308e-17 2.87917e-18 BessellB
51602.9 9.49777e-18 2.75745e-18 BessellB
51603.9 8.99318e-18 2.64058e-18 BessellB
51604.9 8.51548e-18 2.52838e-18 BessellB
51605.9 8.06323e-18 2.42069e-18 BessellB
51606.9 7.63509e-18 2.31735e-18 BessellB
51607.9 7.22975e-18 2.21819e-18 BessellB
51608.9 6.84601e-18 2.12306e-18 BessellB
51609.9 6.4827e-18 2.03182e-18 BessellB
51610.9 6.13873e-18 1.94431e-18 BessellB
51611.9 5.81308e-18 1.8604e-18 BessellB
51612.9 5.50475e-18 1.77995e-18 BessellB
51613.9 5.21284e-18 1.70282e-18 BessellB
51614.9 4.93646e-18 1.6289e-18 BessellB
51615.9 4.67477e-18 1.55806e-18 BessellB
51616.9 4.42701e-18 1.49017e-18 BessellB
51617.9 4.19242e-18 1.42512e-18 BessellB
51618.9 3.9703e-18 1.36281e-18 BessellB
51619.9 3.75999e-18 1.30312e-18 BessellB
51620.9 3.56086e-18 1.24596e-18 BessellB
51621.9 3.3723e-18 1.19121e-18 BessellB
51622.9 3.19377e-18 1.13878e-18 BessellB
51623.9 3.02471e-18 1.08859e-18 BessellB
51463.9 1.09435e-15 1.28763e-18 BessellI
51464.9 1.14607e-15 1.26618e-18 BessellI
51465.9 1.19941e-15 1.24022e-18 BessellI
51466.9 1.25432e-15 1.20962e-18 BessellI
51467.9 1.31068e-15 1.17429e-18 BessellI
51468.9 1.36839e-15 1.13422e-18 BessellI
51469.9 1.4273e-15 1.08941e-18 BessellI
51470.9 1.48723e-15 1.03996e-18 BessellI
51471.9 1.54798e-15 9.8605e-19 BessellI
51472.9 1.60932e-15 9.27922e-19 BessellI
51473.9 1.67097e-15 8.65927e-19 BessellI
51474.9 1.73264e-15 8.00519e-19 BessellI
51475.9 1.79399e-15 7.32274e-19 BessellI
51476.9 1.85466e-15 6.61909e-19 BessellI
51477.9 1.91426e-15 5.90321e-19 BessellI
51478.9 1.97237e-15 5.18653e-19 BessellI
51479.9 2.02855e-15 4.48416e-19 BessellI
51480.9 2.08236e-15 3.8172e-19 BessellI
51481.9 2.13332e-15 3.21678e-19 BessellI
51482.9 2.18099e-15 2.72965e-19 BessellI
51483.9 2.22491e-15 2.41878e-19 BessellI
51484.9 2.26465e-15 2.3399e-19 BessellI
51485.9 2.29982e-15 2.4937e-19 BessellI
51486.9 2.33005e-15 2.81877e-19 BessellI
51487.9 2.35504e-15 3.24028e-19 BessellI
51488.9 2.37451e-15 3.70273e-19 BessellI
51489.9 2.38828e-15 4.17149e-19 BessellI
51490.9 2.39623e-15 4.62559e-19 BessellI
51491.9 2.39828e-15 5.05207e-19 BessellI
51492.9 2.39448e-15 5.44263e-19 BessellI
51493.9 2.38489e-15 5.7918e-19 BessellI
51494.9 2.36967e-15 6.09598e-19 BessellI
51495.9 2.34905e-15 6.35284e-19 BessellI
51496.9 2.32331e-15 6.56103e-19 BessellI
51497.9 2.29275e-15 6.72003e-19 BessellI
51498.9 2.25776e-15 6.83005e-19 BessellI
51499.9 2.21871e-15 6.89196e-19 BessellI
51500.9 2.17602e-15 6.9073e-19 BessellI
51501.9 2.13013e-15 6.8782e-19 BessellI
51502.9 2.08146e-15 6.80738e-19 BessellI
51503.9 2.03044e-15 6.69806e-19 BessellI
51504.9 1.97748e-15 6.55392e-19 BessellI
51505.9 1.92298e-15 6.37901e-19 BessellI
51506.9 1.86732e-15 6.17768e-19 BessellI
51507.9 1.81086e-15 5.9545e-19 BessellI
51508.9 1.75391e-15 5.71416e-19 BessellI
51509.9 1.69679e-15 5.46142e-19 BessellI
51510.9 1.63976e-15 5.201e-19 BessellI
51511.9 1.58307e-15 4.93757e-19 BessellI
51512.9 1.52692e-15 4.67569e-19 BessellI
51513.9 1.4715e-15 4.41973e-19 BessellI
51514.9 1.41698e-15 4.17383e-19 BessellI
51515.9 1.36349e-15 3.94187e-19 BessellI
51516.9 1.31115e-15 3.72736e-19 BessellI
51517.9 1.26004e-15 3.53337e-19 BessellI
51518.9 1.21024e-15 3.36238e-19 BessellI
51519.9 1.16182e-15 3.21616e-19 BessellI
51520.9 1.1148e-15 3.09565e-19 BessellI
51521.9 1.06923e-15 3.00085e-19 BessellI
51522.9 1.02512e-15 2.93083e-19 BessellI
51523.9 9.82482e-16 2.88378e-19 BessellI
51524.9 9.41306e-16 2.85718e-19 BessellI
51525.9 9.01586e-16 2.84806e-19 BessellI
51526.9 8.63308e-16 2.85321e-19 BessellI
51527.9 8.26451e-16 2.86945e-19 BessellI
51528.9 7.90989e-16 2.89378e-19 BessellI
51529.9 7.56895e-16 2.92349e-19 BessellI
51530.9 7.24135e-16 2.95626e-19 BessellI
51531.9 6.92676e-16 2.99011e-19 BessellI
51532.9 6.62482e-16 3.02345e-19 BessellI
51533.9 6.33516e-16 3.05501e-19 BessellI
51534.9 6.0574e-16 3.08381e-19 BessellI
51535.9 5.79115e-16 3.10912e-19 BessellI
51536.9 5.53602e-16 3.13042e-19 BessellI
51537.9 5.29164e-16 3.14735e-19 BessellI
51538.9 5.05761e-16 3.15971e-19 BessellI
51539.9 4.83355e-16 3.16739e-19 BessellI
51540.9 4.61909e-16 3.1704e-19 BessellI
51541.9 4.41387e-16 3.16879e-19 BessellI
51542.9 4.21752e-16 3.16268e-19 BessellI
51543.9 4.02969e-16 3.15224e-19 BessellI
51544.9 3.85004e-16 3.13765e-19 BessellI
51545.9 3.67824e-16 3.11913e-19 BessellI
51546.9 3.51397e-16 3.09691e-19 BessellI
51547.9 3.35692e-16 3.07123e-19 BessellI
51548.9 3.20679e-16 3.04233e-19 BessellI
51549.9 3.06328e-16 3.01045e-19 BessellI
51550.9 2.92611e-16 2.97583e-19 BessellI
51551.9 2.79502e-16 2.93873e-19 BessellI
51552.9 2.66975e-16 2.89936e-19 BessellI
51553.9 2.55004e-16 2.85795e-19 BessellI
51554.9 2.43565e-16 2.81472e-19 BessellI
51555.9 2.32636e-16 2.76988e-19 BessellI
51556.9 2.22194e-16 2.72362e-19 BessellI
51557.9 2.12218e-16 2.67613e-19 BessellI
51558.9 2.02687e-16 2.62759e-19 BessellI
51559.9 1.93582e-16 2.57817e-19 BessellI
51560.9 1.84885e-16 2.52802e-19 BessellI
51561.9 1.76577e-16 2.47729e-19 BessellI
51562.9 1.6864e-16 2.42613e-19 BessellI
51563.9 1.61059e-16 2.37465e-19 BessellI
51564.9 1.53818e-16 2.32298e-19 BessellI
51565.9 1.46902e-16 2.27123e-19 BessellI
51566.9 1.40296e-16 2.21951e-19 BessellI
51567.9 1.33986e-16 2.1679e-19 BessellI
51568.9 1.2796e-16 2.1165e-19 BessellI
51569.9 1.22204e-16 2.06538e-19 BessellI
51570.9 1.16706e-16 2.01462e-19 BessellI
51571.9 1.11456e-16 1.96428e-19 BessellI
51572.9 1.06441e-16 1.91443e-19 BessellI
51573.9 1.01652e-16 1.86512e-19 BessellI
51574.9 9.70778e-17 1.8164e-19 BessellI
51575.9 9.27094e-17 1.76831e-19 BessellI
51576.9 8.85374e-17 1.72089e-19 BessellI
51577.9 8.4553e-17 1.67418e-19 BessellI
51578.9 8.07477e-17 1.6282e-19 BessellI
51579.9 7.71136e-17 1.58299e-19 BessellI
51580.9 7.3643e-17 1.53856e-19 BessellI
51581.9 7.03285e-17 1.49494e-19 BessellI
51582.9 6.7163e-17 1.45214e-19 BessellI
51583.9 6.414e-17 1.41017e-19 BessellI
51584.9 6.1253e-17 1.36905e-19 BessellI
51585.9 5.84959e-17 1.32879e-19 BessellI
51586.9 5.58629e-17 1.28938e-19 BessellI
51587.9 5.33483e-17 1.25083e-19 BessellI
51588.9 5.09469e-17 1.21315e-19 BessellI
51589.9 4.86536e-17 1.17634e-19 BessellI
51590.9 4.64634e-17 1.14038e-19 BessellI
51591.9 4.43719e-17 1.10528e-19 BessellI
51592.9 4.23745e-17 1.07104e-19 BessellI
51593.9 4.04669e-17 1.03764e-19 BessellI
51594.9 3.86453e-17 1.00509e-19 BessellI
51595.9 3.69056e-17 9.73363e-20 BessellI
51596.9 3.52442e-17 9.42461e-20 BessellI
51597.9 3.36576e-17 9.12372e-20 BessellI
51598.9 3.21425e-17 8.83084e-20 BessellI
51599.9 3.06955e-17 8.54587e-20 BessellI
51600.9 2.93137e-17 8.26868e-20 BessellI
51601.9 2.7994e-17 7.99914e-20 BessellI
51602.9 2.67338e-17 7.73714e-20 BessellI
51603.9 2.55303e-17 7.48253e-20 BessellI
51604.9 2.4381e-17 7.23518e-20 BessellI
51605.9 2.32834e-17 6.99495e-20 BessellI
51606.9 2.22352e-17 6.7617e-20 BessellI
51607.9 2.12342e-17 6.53529e-20 BessellI
51608.9 2.02783e-17 6.31557e-20 BessellI
51609.9 1.93654e-17 6.1024e-20 BessellI
51610.9 1.84936e-17 5.89563e-20 BessellI
51611.9 1.7661e-17 5.69512e-20 BessellI
51612.9 1.68659e-17 5.50072e-20 BessellI
51613.9 1.61067e-17 5.31229e-20 BessellI
51614.9 1.53816e-17 5.12969e-20 BessellI
51615.9 1.46891e-17 4.95277e-20 BessellI
51616.9 1.40278e-17 4.78138e-20 BessellI
51617.9 1.33963e-17 4.6154e-20 BessellI
51618.9 1.27932e-17 4.45467e-20 BessellI
51619.9 1.22173e-17 4.29907e-20 BessellI
51620.9 1.16673e-17 4.14845e-20 BessellI
51621.9 1.1142e-17 4.00268e-20 BessellI
51622.9 1.06404e-17 3.86164e-20 BessellI
51623.9 1.01614e-17 3.72518e-20 BessellI
51463.9 4.24614e-16 1.35789e-17 BessellR
51464.9 4.75401e-16 1.45057e-17 BessellR
51465.9 5.31939e-16 1.54492e-17 BessellR
51466.9 5.9478e-16 1.63989e-17 BessellR
51467.9 6.64492e-16 1.7342e-17 BessellR
51468.9 7.41657e-16 1.82628e-17 BessellR
51469.9 8.26852e-16 1.91426e-17 BessellR
51470.9 9.2063e-16 1.99598e-17 BessellR
51471.9 1.02349e-15 2.06901e-17 BessellR
51472.9 1.13586e-15 2.13066e-17 BessellR
51473.9 1.25804e-15 2.1781e-17 BessellR
51474.9 1.39016e-15 2.20845e-17 BessellR
51475.9 1.53212e-15 2.21898e-17 BessellR
51476.9 1.68356e-15 2.20739e-17 BessellR
51477.9 1.84377e-15 2.17201e-17 BessellR
51478.9 2.01164e-15 2.11228e-17 BessellR
51479.9 2.18564e-15 2.02901e-17 BessellR
51480.9 2.36377e-15 1.92479e-17 BessellR
51481.9 2.54359e-15 1.80425e-17 BessellR
51482.9 2.72223e-15 1.67411e-17 BessellR
51483.9 2.89651e-15 1.54294e-17 BessellR
51484.9 3.06304e-15 1.4203e-17 BessellR
51485.9 3.2184e-15 1.31522e-17 BessellR
51486.9 3.35931e-15 1.23397e-17 BessellR
51487.9 3.48283e-15 1.17804e-17 BessellR
51488.9 3.58654e-15 1.14353e-17 BessellR
51489.9 3.66867e-15 1.12269e-17 BessellR
51490.9 3.72819e-15 1.1068e-17 BessellR
51491.9 3.76482e-15 1.08858e-17 BessellR
51492.9 3.779e-15 1.06339e-17 BessellR
51493.9 3.77182e-15 1.02927e-17 BessellR
51494.9 3.74487e-15 9.86411e-18 BessellR
51495.9 3.70011e-15 9.3639e-18 BessellR
51496.9 3.63976e-15 8.81481e-18 BessellR
51497.9 3.5661e-15 8.24105e-18 BessellR
51498.9 3.48143e-15 7.66447e-18 BessellR
51499.9 3.38794e-15 7.10251e-18 BessellR
51500.9 3.28766e-15 6.56733e-18 BessellR
51501.9 3.18244e-15 6.06601e-18 BessellR
51502.9 3.0739e-15 5.60138e-18 BessellR
51503.9 2.96344e-15 5.17307e-18 BessellR
51504.9 2.85225e-15 4.77868e-18 BessellR
51505.9 2.74134e-15 4.4148e-18 BessellR
51506.9 2.63151e-15 4.07774e-18 BessellR
51507.9 2.52341e-15 3.76407e-18 BessellR
51508.9 2.41756e-15 3.47089e-18 BessellR
51509.9 2.31434e-15 3.19596e-18 BessellR
51510.9 2.21406e-15 2.93766e-18 BessellR
51511.9 2.11692e-15 2.69495e-18 BessellR
51512.9 2.02306e-15 2.46723e-18 BessellR
51513.9 1.93256e-15 2.25427e-18 BessellR
51514.9 1.84545e-15 2.05611e-18 BessellR
51515.9 1.76175e-15 1.87297e-18 BessellR
51516.9 1.6814e-15 1.70522e-18 BessellR
51517.9 1.60438e-15 1.5533e-18 BessellR
51518.9 1.5306e-15 1.41768e-18 BessellR
51519.9 1.45998e-15 1.29882e-18 BessellR
51520.9 1.39243e-15 1.19702e-18 BessellR
51521.9 1.32786e-15 1.11239e-18 BessellR
51522.9 1.26616e-15 1.04465e-18 BessellR
51523.9 1.20722e-15 9.93084e-19 BessellR
51524.9 1.15095e-15 9.56422e-19 BessellR
51525.9 1.09724e-15 9.32928e-19 BessellR
51526.9 1.04599e-15 9.20524e-19 BessellR
51527.9 9.9708e-16 9.16986e-19 BessellR
51528.9 9.50427e-16 9.20144e-19 BessellR
51529.9 9.05929e-16 9.28027e-19 BessellR
51530.9 8.63492e-16 9.38949e-19 BessellR
51531.9 8.23025e-16 9.51534e-19 BessellR
51532.9 7.84439e-16 9.64699e-19 BessellR
51533.9 7.47651e-16 9.77623e-19 BessellR
51534.9 7.12578e-16 9.89701e-19 BessellR
51535.9 6.79143e-16 1.00051e-18 BessellR
51536.9 6.47271e-16 1.00975e-18 BessellR
51537.9 6.16889e-16 1.01724e-18 BessellR
51538.9 5.87929e-16 1.02289e-18 BessellR
51539.9 5.60325e-16 1.02665e-18 BessellR
51540.9 5.34015e-16 1.02853e-18 BessellR
51541.9 5.08938e-16 1.02858e-18 BessellR
51542.9 4.85036e-16 1.02685e-18 BessellR
51543.9 4.62256e-16 1.02344e-18 BessellR
51544.9 4.40545e-16 1.01843e-18 BessellR
51545.9 4.19852e-16 1.01193e-18 BessellR
51546.9 4.00131e-16 1.00404e-18 BessellR
51547.9 3.81335e-16 9.94865e-19 BessellR
51548.9 3.63422e-16 9.84517e-19 BessellR
51549.9 3.4635e-16 9.73097e-19 BessellR
51550.9 3.30079e-16 9.60707e-19 BessellR
51551.9 3.14573e-16 9.47445e-19 BessellR
51552.9 2.99795e-16 9.33404e-19 BessellR
51553.9 2.85711e-16 9.18674e-19 BessellR
51554.9 2.72288e-16 9.03339e-19 BessellR
51555.9 2.59496e-16 8.87479e-19 BessellR
51556.9 2.47305e-16 8.71169e-19 BessellR
51557.9 2.35687e-16 8.5448e-19 BessellR
51558.9 2.24614e-16 8.37476e-19 BessellR
51559.9 2.14061e-16 8.2022e-19 BessellR
51560.9 2.04004e-16 8.02768e-19 BessellR
51561.9 1.9442e-16 7.85173e-19 BessellR
51562.9 1.85286e-16 7.67483e-19 BessellR
51563.9 1.76581e-16 7.49744e-19 BessellR
51564.9 1.68285e-16 7.31996e-19 BessellR
51565.9 1.60379e-16 7.14278e-19 BessellR
51566.9 1.52844e-16 6.96624e-19 BessellR
51567.9 1.45663e-16 6.79065e-19 BessellR
51568.9 1.38819e-16 6.6163e-19 BessellR
51569.9 1.32297e-16 6.44345e-19 BessellR
51570.9 1.26082e-16 6.27233e-19 BessellR
51571.9 1.20158e-16 6.10315e-19 BessellR
51572.9 1.14513e-16 5.93609e-19 BessellR
51573.9 1.09133e-16 5.77133e-19 BessellR
51574.9 1.04006e-16 5.60901e-19 BessellR
51575.9 9.91194e-17 5.44925e-19 BessellR
51576.9 9.44626e-17 5.29217e-19 BessellR
51577.9 9.00246e-17 5.13787e-19 BessellR
51578.9 8.57951e-17 4.98642e-19 BessellR
51579.9 8.17642e-17 4.8379e-19 BessellR
51580.9 7.79228e-17 4.69236e-19 BessellR
51581.9 7.42619e-17 4.54985e-19 BessellR
51582.9 7.07729e-17 4.41039e-19 BessellR
51583.9 6.74479e-17 4.27402e-19 BessellR
51584.9 6.4279e-17 4.14075e-19 BessellR
51585.9 6.12591e-17 4.01059e-19 BessellR
51586.9 5.8381e-17 3.88354e-19 BessellR
51587.9 5.56382e-17 3.75959e-19 BessellR
51588.9 5.30242e-17 3.63872e-19 BessellR
51589.9 5.05331e-17 3.52093e-19 BessellR
51590.9 4.81589e-17 3.40619e-19 BessellR
51591.9 4.58963e-17 3.29447e-19 BessellR
51592.9 4.374e-17 3.18574e-19 BessellR
51593.9 4.16851e-17 3.07996e-19 BessellR
51465.1 3.51863e-16 1.28011e-16 BessellV
51466.1 4.21016e-16 1.41563e-16 BessellV
51467.1 5.0325e-16 1.55468e-16 BessellV
51468.1 6.00698e-16 1.69319e-16 BessellV
51469.1 7.15649e-16 1.82551e-16 BessellV
51470.1 8.50464e-16 1.94424e-16 BessellV
51471.1 1.00741e-15 2.0402e-16 BessellV
51472.1 1.18845e-15 2.10262e-16 BessellV
51473.1 1.39486e-15 2.11996e-16 BessellV
51474.1 1.62688e-15 2.08119e-16 BessellV
51475.1 1.88316e-15 1.97801e-16 BessellV
51476.1 2.16034e-15 1.80765e-16 BessellV
51477.1 2.45268e-15 1.5759e-16 BessellV
51478.1 2.75204e-15 1.29963e-16 BessellV
51479.1 3.04822e-15 1.00818e-16 BessellV
51480.1 3.32989e-15 7.43395e-17 BessellV
51481.1 3.58582e-15 5.56093e-17 BessellV
51482.1 3.80629e-15 4.79175e-17 BessellV
51483.1 3.98423e-15 4.77416e-17 BessellV
51484.1 4.11584e-15 4.828e-17 BessellV
51485.1 4.20066e-15 4.6066e-17 BessellV
51486.1 4.24105e-15 4.09622e-17 BessellV
51487.1 4.2414e-15 3.46937e-17 BessellV
51488.1 4.20728e-15 3.01738e-17 BessellV
51489.1 4.14472e-15 3.03394e-17 BessellV
51490.1 4.05958e-15 3.53919e-17 BessellV
51491.1 3.95725e-15 4.30478e-17 BessellV
51492.1 3.84242e-15 5.13482e-17 BessellV
51493.1 3.71904e-15 5.93079e-17 BessellV
51494.1 3.59033e-15 6.65296e-17 BessellV
51495.1 3.45887e-15 7.29048e-17 BessellV
51496.1 3.32666e-15 7.84588e-17 BessellV
51497.1 3.19521e-15 8.3272e-17 BessellV
51498.1 3.06568e-15 8.74407e-17 BessellV
51499.1 2.93889e-15 9.10563e-17 BessellV
51500.1 2.81544e-15 9.41976e-17 BessellV
51501.1 2.69572e-15 9.69277e-17 BessellV
51502.1 2.57999e-15 9.9296e-17 BessellV
51503.1 2.4684e-15 1.01339e-16 BessellV
51504.1 2.361e-15 1.03086e-16 BessellV
51505.1 2.2578e-15 1.04557e-16 BessellV
51506.1 2.15876e-15 1.0577e-16 BessellV
51507.1 2.0638e-15 1.06738e-16 BessellV
51508.1 1.97281e-15 1.07474e-16 BessellV
51509.1 1.88569e-15 1.07988e-16 BessellV
51510.1 1.80231e-15 1.08293e-16 BessellV
51511.1 1.72253e-15 1.08398e-16 BessellV
51512.1 1.64624e-15 1.08315e-16 BessellV
51513.1 1.57328e-15 1.08054e-16 BessellV
51514.1 1.50353e-15 1.07628e-16 BessellV
51515.1 1.43685e-15 1.07046e-16 BessellV
51516.1 1.37312e-15 1.0632e-16 BessellV
51517.1 1.31222e-15 1.05461e-16 BessellV
51518.1 1.25401e-15 1.04479e-16 BessellV
51519.1 1.19839e-15 1.03386e-16 BessellV
51520.1 1.14523e-15 1.0219e-16 BessellV
51521.1 1.09444e-15 1.00901e-16 BessellV
51522.1 1.04591e-15 9.95301e-17 BessellV
51523.1 9.99541e-16 9.80847e-17 BessellV
51524.1 9.55232e-16 9.65736e-17 BessellV
51525.1 9.12895e-16 9.50048e-17 BessellV
51526.1 8.72442e-16 9.33859e-17 BessellV
51527.1 8.33788e-16 9.1724e-17 BessellV
51528.1 7.96855e-16 9.00257e-17 BessellV
51529.1 7.61564e-16 8.82973e-17 BessellV
51530.1 7.27844e-16 8.65447e-17 BessellV
51531.1 6.95623e-16 8.47731e-17 BessellV
51532.1 6.64835e-16 8.29877e-17 BessellV
51533.1 6.35416e-16 8.11931e-17 BessellV
51534.1 6.07305e-16 7.93935e-17 BessellV
51535.1 5.80443e-16 7.7593e-17 BessellV
51536.1 5.54775e-16 7.5795e-17 BessellV
51537.1 5.30247e-16 7.40031e-17 BessellV
51538.1 5.06808e-16 7.22201e-17 BessellV
51539.1 4.84411e-16 7.04489e-17 BessellV
51540.1 4.63007e-16 6.8692e-17 BessellV
51541.1 4.42554e-16 6.69515e-17 BessellV
51542.1 4.23009e-16 6.52296e-17 BessellV
51543.1 4.0433e-16 6.3528e-17 BessellV
51544.1 3.86481e-16 6.18485e-17 BessellV
51545.1 3.69422e-16 6.01924e-17 BessellV
51546.1 3.53121e-16 5.8561e-17 BessellV
51547.1 3.37541e-16 5.69554e-17 BessellV
51548.1 3.22653e-16 5.53766e-17 BessellV
51549.1 3.08424e-16 5.38254e-17 BessellV
51550.1 2.94825e-16 5.23026e-17 BessellV
51551.1 2.81829e-16 5.08086e-17 BessellV
51552.1 2.69408e-16 4.9344e-17 BessellV
51553.1 2.57537e-16 4.79091e-17 BessellV
51554.1 2.46191e-16 4.65042e-17 BessellV
51555.1 2.35347e-16 4.51295e-17 BessellV
51556.1 2.24984e-16 4.37852e-17 BessellV
51557.1 2.15078e-16 4.24712e-17 BessellV
51558.1 2.05611e-16 4.11875e-17 BessellV
51559.1 1.96562e-16 3.99341e-17 BessellV
51560.1 1.87913e-16 3.87108e-17 BessellV
51561.1 1.79646e-16 3.75175e-17 BessellV
51562.1 1.71745e-16 3.63538e-17 BessellV
51563.1 1.64193e-16 3.52196e-17 BessellV
51564.1 1.56974e-16 3.41146e-17 BessellV
51565.1 1.50074e-16 3.30383e-17 BessellV
51566.1 1.43479e-16 3.19904e-17 BessellV
51567.1 1.37174e-16 3.09706e-17 BessellV
51568.1 1.31148e-16 2.99784e-17 BessellV
51569.1 1.25388e-16 2.90134e-17 BessellV
51570.1 1.19882e-16 2.80752e-17 BessellV
51571.1 1.14618e-16 2.71632e-17 BessellV
51572.1 1.09587e-16 2.62769e-17 BessellV
51573.1 1.04778e-16 2.54161e-17 BessellV
51574.1 1.0018e-16 2.458e-17 BessellV
51575.1 9.57852e-17 2.37682e-17 BessellV
51576.1 9.15839e-17 2.29802e-17 BessellV
51577.1 8.75676e-17 2.22155e-17 BessellV
51578.1 8.37282e-17 2.14736e-17 BessellV
51579.1 8.00578e-17 2.0754e-17 BessellV
51580.1 7.6549e-17 2.00561e-17 BessellV
51581.1 7.31947e-17 1.93794e-17 BessellV
51582.1 6.99879e-17 1.87235e-17 BessellV
51583.1 6.69222e-17 1.80877e-17 BessellV
51584.1 6.39914e-17 1.74717e-17 BessellV
51585.1 6.11894e-17 1.6875e-17 BessellV
51586.1 5.85106e-17 1.62969e-17 BessellV
51587.1 5.59496e-17 1.57371e-17 BessellV
51588.1 5.35011e-17 1.5195e-17 BessellV
51589.1 5.11602e-17 1.46703e-17 BessellV
51590.1 4.89222e-17 1.41623e-17 BessellV
51591.1 4.67825e-17 1.36707e-17 BessellV
51592.1 4.47367e-17 1.31949e-17 BessellV
51593.1 4.27807e-17 1.27347e-17 BessellV
51594.1 4.09106e-17 1.22894e-17 BessellV
51595.1 3.91226e-17 1.18588e-17 BessellV
51596.1 3.74131e-17 1.14423e-17 BessellV
51597.1 3.57785e-17 1.10395e-17 BessellV
51598.1 3.42157e-17 1.06502e-17 BessellV
51599.1 3.27213e-17 1.02737e-17 BessellV
51600.1 3.12925e-17 9.90987e-18 BessellV
51601.1 2.99264e-17 9.55821e-18 BessellV
51602.1 2.86201e-17 9.21837e-18 BessellV
51603.1 2.73711e-17 8.89e-18 BessellV
51604.1 2.61767e-17 8.57274e-18 BessellV
51605.1 2.50347e-17 8.26625e-18 BessellV
51606.1 2.39428e-17 7.97021e-18 BessellV
51607.1 2.28986e-17 7.68427e-18 BessellV
51608.1 2.19002e-17 7.40813e-18 BessellV
51609.1 2.09454e-17 7.14148e-18 BessellV
51610.1 2.00325e-17 6.88401e-18 BessellV
51611.1 1.91594e-17 6.63543e-18 BessellV
51612.1 1.83246e-17 6.39546e-18 BessellV
51613.1 1.75263e-17 6.16382e-18 BessellV
51614.1 1.67629e-17 5.94024e-18 BessellV
51615.1 1.60329e-17 5.72446e-18 BessellV
51616.1 1.53348e-17 5.51622e-18 BessellV
51617.1 1.46672e-17 5.31528e-18 BessellV
51618.1 1.40288e-17 5.1214e-18 BessellV
51619.1 1.34183e-17 4.93434e-18 BessellV
51620.1 1.28344e-17 4.75388e-18 BessellV
51621.1 1.22761e-17 4.5798e-18 BessellV
51622.1 1.17421e-17 4.41188e-18 BessellV
51623.1 1.12315e-17 4.24992e-18 BessellV
