53539.4 1.17591e-15 4.89063e-17 BessellB
53540.4 1.17583e-15 4.67462e-17 BessellB
53541.4 1.17553e-15 4.46343e-17 BessellB
53542.4 1.17503e-15 4.25725e-17 BessellB
53543.4 1.17431e-15 4.05624e-17 BessellB
53544.4 1.17338e-15 3.86055e-17 BessellB
53545.4 1.17222e-15 3.67034e-17 BessellB
53546.4 1.17086e-15 3.48576e-17 BessellB
53547.4 1.16927e-15 3.30696e-17 BessellB
53548.4 1.16747e-15 3.13406e-17 BessellB
53549.4 1.16544e-15 2.96721e-17 BessellB
53550.4 1.16319e-15 2.80652e-17 BessellB
53551.4 1.16073e-15 2.65212e-17 BessellB
53552.4 1.15805e-15 2.50411e-17 BessellB
53553.4 1.15514e-15 2.36261e-17 BessellB
53554.4 1.15202e-15 2.22771e-17 BessellB
53555.4 1.14868e-15 2.09949e-17 BessellB
53556.4 1.14512e-15 1.97803e-17 BessellB
53557.4 1.14135e-15 1.86339e-17 BessellB
53558.4 1.13736e-15 1.75564e-17 BessellB
53559.4 1.13317e-15 1.65478e-17 BessellB
53560.4 1.12876e-15 1.56083e-17 BessellB
53561.4 1.12414e-15 1.47378e-17 BessellB
53562.4 1.11932e-15 1.39356e-17 BessellB
53563.4 1.1143e-15 1.32009e-17 BessellB
53564.4 1.10908e-15 1.25322e-17 BessellB
53565.4 1.10366e-15 1.19276e-17 BessellB
53566.4 1.09805e-15 1.13848e-17 BessellB
53567.4 1.09225e-15 1.09008e-17 BessellB
53568.4 1.08627e-15 1.04719e-17 BessellB
53569.4 1.0801e-15 1.00942e-17 BessellB
53570.4 1.07376e-15 9.76316e-18 BessellB
53571.4 1.06724e-15 9.474e-18 BessellB
53572.4 1.06055e-15 9.22177e-18 BessellB
53573.4 1.0537e-15 9.00147e-18 BessellB
53574.4 1.04669e-15 8.80818e-18 BessellB
53575.4 1.03952e-15 8.63722e-18 BessellB
53576.4 1.0322e-15 8.48422e-18 BessellB
53577.4 1.02474e-15 8.34521e-18 BessellB
53578.4 1.01714e-15 8.21665e-18 BessellB
53579.4 1.0094e-15 8.09548e-18 BessellB
53580.4 1.00153e-15 7.97912e-18 BessellB
53581.4 9.93538e-16 7.86542e-18 BessellB
53582.4 9.85427e-16 7.7527e-18 BessellB
53583.4 9.77202e-16 7.63967e-18 BessellB
53584.4 9.68868e-16 7.52541e-18 BessellB
53585.4 9.60432e-16 7.40933e-18 BessellB
53586.4 9.51899e-16 7.29117e-18 BessellB
53587.4 9.43274e-16 7.17091e-18 BessellB
53588.4 9.34563e-16 7.04877e-18 BessellB
53589.4 9.2577e-16 6.92517e-18 BessellB
53590.4 9.16903e-16 6.80072e-18 BessellB
53591.4 9.07966e-16 6.67615e-18 BessellB
53592.4 8.98964e-16 6.55234e-18 BessellB
53593.4 8.89903e-16 6.43026e-18 BessellB
53594.4 8.80789e-16 6.31093e-18 BessellB
53595.4 8.71626e-16 6.19545e-18 BessellB
53596.4 8.6242e-16 6.08492e-18 BessellB
53597.4 8.53176e-16 5.98047e-18 BessellB
53598.4 8.43898e-16 5.88316e-18 BessellB
53599.4 8.34593e-16 5.79403e-18 BessellB
53600.4 8.25264e-16 5.71403e-18 BessellB
53601.4 8.15917e-16 5.64397e-18 BessellB
53602.4 8.06557e-16 5.58458e-18 BessellB
53603.4 7.97187e-16 5.5364e-18 BessellB
53604.4 7.87813e-16 5.4998e-18 BessellB
53605.4 7.78439e-16 5.47498e-18 BessellB
53606.4 7.69068e-16 5.46195e-18 BessellB
53607.4 7.59707e-16 5.46053e-18 BessellB
53608.4 7.50357e-16 5.47037e-18 BessellB
53609.4 7.41024e-16 5.49096e-18 BessellB
53610.4 7.31711e-16 5.52167e-18 BessellB
53611.4 7.22422e-16 5.56174e-18 BessellB
53612.4 7.13161e-16 5.61034e-18 BessellB
53613.4 7.0393e-16 5.66656e-18 BessellB
53614.4 6.94734e-16 5.72948e-18 BessellB
53615.4 6.85576e-16 5.79816e-18 BessellB
53616.4 6.76458e-16 5.87167e-18 BessellB
53617.4 6.67384e-16 5.94909e-18 BessellB
53618.4 6.58356e-16 6.02955e-18 BessellB
53619.4 6.49378e-16 6.11224e-18 BessellB
53620.4 6.40452e-16 6.19637e-18 BessellB
53621.4 6.3158e-16 6.28124e-18 BessellB
53622.4 6.22765e-16 6.36619e-18 BessellB
53623.4 6.14009e-16 6.45062e-18 BessellB
53624.4 6.05314e-16 6.53401e-18 BessellB
53625.4 5.96683e-16 6.61587e-18 BessellB
53626.4 5.88117e-16 6.69579e-18 BessellB
53627.4 5.79619e-16 6.7734e-18 BessellB
53628.4 5.71189e-16 6.84838e-18 BessellB
53629.4 5.6283e-16 6.92047e-18 BessellB
53630.4 5.54542e-16 6.98944e-18 BessellB
53631.4 5.46329e-16 7.0551e-18 BessellB
53632.4 5.3819e-16 7.11731e-18 BessellB
53633.4 5.30127e-16 7.17594e-18 BessellB
53634.4 5.22141e-16 7.23093e-18 BessellB
53635.4 5.14233e-16 7.28222e-18 BessellB
53636.4 5.06405e-16 7.32977e-18 BessellB
53637.4 4.98657e-16 7.37358e-18 BessellB
53638.4 4.90989e-16 7.41367e-18 BessellB
53639.4 4.83404e-16 7.45007e-18 BessellB
53640.4 4.759e-16 7.48283e-18 BessellB
53641.4 4.68479e-16 7.51203e-18 BessellB
53642.4 4.61141e-16 7.53772e-18 BessellB
53643.4 4.53887e-16 7.56002e-18 BessellB
53644.4 4.46717e-16 7.579e-18 BessellB
53645.4 4.39631e-16 7.59479e-18 BessellB
53646.4 4.3263e-16 7.60749e-18 BessellB
53647.4 4.25714e-16 7.61723e-18 BessellB
53648.4 4.18882e-16 7.62412e-18 BessellB
53649.4 4.12135e-16 7.62829e-18 BessellB
53650.4 4.05473e-16 7.62988e-18 BessellB
53651.4 3.98895e-16 7.62901e-18 BessellB
53652.4 3.92402e-16 7.62581e-18 BessellB
53653.4 3.85994e-16 7.62042e-18 BessellB
53654.4 3.7967e-16 7.61296e-18 BessellB
53655.4 3.7343e-16 7.60357e-18 BessellB
53656.4 3.67273e-16 7.59236e-18 BessellB
53657.4 3.612e-16 7.57947e-18 BessellB
53658.4 3.5521e-16 7.565e-18 BessellB
53659.4 3.49303e-16 7.54909e-18 BessellB
53660.4 3.43478e-16 7.53184e-18 BessellB
53661.4 3.37735e-16 7.51336e-18 BessellB
53662.4 3.32073e-16 7.49376e-18 BessellB
53663.4 3.26492e-16 7.47314e-18 BessellB
53664.4 3.20991e-16 7.45158e-18 BessellB
53665.4 3.15569e-16 7.4292e-18 BessellB
53666.4 3.10227e-16 7.40606e-18 BessellB
53667.4 3.04963e-16 7.38225e-18 BessellB
53668.4 2.99777e-16 7.35785e-18 BessellB
53669.4 2.94668e-16 7.33293e-18 BessellB
53670.4 2.89635e-16 7.30755e-18 BessellB
53671.4 2.84679e-16 7.28177e-18 BessellB
53672.4 2.79797e-16 7.25565e-18 BessellB
53673.4 2.7499e-16 7.22924e-18 BessellB
53674.4 2.70256e-16 7.20259e-18 BessellB
53675.4 2.65595e-16 7.17574e-18 BessellB
53676.4 2.61007e-16 7.14872e-18 BessellB
53677.4 2.5649e-16 7.12158e-18 BessellB
53678.4 2.52043e-16 7.09433e-18 BessellB
53679.4 2.47666e-16 7.067e-18 BessellB
53680.4 2.43359e-16 7.03962e-18 BessellB
53681.4 2.39119e-16 7.01221e-18 BessellB
53682.4 2.34948e-16 6.98477e-18 BessellB
53683.4 2.30843e-16 6.95732e-18 BessellB
53684.4 2.26803e-16 6.92987e-18 BessellB
53685.4 2.22829e-16 6.90243e-18 BessellB
53686.4 2.18919e-16 6.87499e-18 BessellB
53687.4 2.15073e-16 6.84756e-18 BessellB
53688.4 2.11289e-16 6.82015e-18 BessellB
53689.4 2.07568e-16 6.79274e-18 BessellB
53690.4 2.03907e-16 6.76533e-18 BessellB
53691.4 2.00307e-16 6.73792e-18 BessellB
53692.4 1.96766e-16 6.71051e-18 BessellB
53693.4 1.93283e-16 6.68307e-18 BessellB
53694.4 1.89859e-16 6.65561e-18 BessellB
53695.4 1.86492e-16 6.62811e-18 BessellB
53696.4 1.83181e-16 6.60057e-18 BessellB
53697.4 1.79925e-16 6.57297e-18 BessellB
53698.4 1.76724e-16 6.5453e-18 BessellB
53699.4 1.73578e-16 6.51755e-18 BessellB
53700.4 1.70484e-16 6.48971e-18 BessellB
53701.4 1.67443e-16 6.46176e-18 BessellB
53702.4 1.64453e-16 6.4337e-18 BessellB
53703.4 1.61514e-16 6.40552e-18 BessellB
53704.4 1.58625e-16 6.37719e-18 BessellB
53705.4 1.55786e-16 6.34872e-18 BessellB
53706.4 1.52996e-16 6.32009e-18 BessellB
53707.4 1.50253e-16 6.29129e-18 BessellB
53708.4 1.47557e-16 6.26231e-18 BessellB
53709.4 1.44908e-16 6.23314e-18 BessellB
53710.4 1.42305e-16 6.20377e-18 BessellB
53711.4 1.39746e-16 6.1742e-18 BessellB
53712.4 1.37232e-16 6.14442e-18 BessellB
53713.4 1.34762e-16 6.11442e-18 BessellB
53714.4 1.32334e-16 6.08419e-18 BessellB
53715.4 1.29949e-16 6.05373e-18 BessellB
53716.4 1.27606e-16 6.02304e-18 BessellB
53717.4 1.25303e-16 5.9921e-18 BessellB
53718.4 1.23041e-16 5.96092e-18 BessellB
53539.4 1.68744e-16 2.06722e-17 BessellI
53540.4 1.73511e-16 2.01787e-17 BessellI
53541.4 1.78344e-16 1.96541e-17 BessellI
53542.4 1.83238e-16 1.90996e-17 BessellI
53543.4 1.88187e-16 1.85173e-17 BessellI
53544.4 1.93187e-16 1.79093e-17 BessellI
53545.4 1.98232e-16 1.72782e-17 BessellI
53546.4 2.03315e-16 1.66272e-17 BessellI
53547.4 2.08429e-16 1.596e-17 BessellI
53548.4 2.13568e-16 1.52809e-17 BessellI
53549.4 2.18725e-16 1.45948e-17 BessellI
53550.4 2.23891e-16 1.39073e-17 BessellI
53551.4 2.29058e-16 1.32249e-17 BessellI
53552.4 2.34219e-16 1.25548e-17 BessellI
53553.4 2.39364e-16 1.1905e-17 BessellI
53554.4 2.44484e-16 1.12846e-17 BessellI
53555.4 2.49572e-16 1.07032e-17 BessellI
53556.4 2.54617e-16 1.01712e-17 BessellI
53557.4 2.5961e-16 9.69899e-18 BessellI
53558.4 2.64543e-16 9.29664e-18 BessellI
53559.4 2.69406e-16 8.97286e-18 BessellI
53560.4 2.7419e-16 8.73404e-18 BessellI
53561.4 2.78887e-16 8.58329e-18 BessellI
53562.4 2.83486e-16 8.51975e-18 BessellI
53563.4 2.87981e-16 8.53849e-18 BessellI
53564.4 2.92362e-16 8.63102e-18 BessellI
53565.4 2.96623e-16 8.78623e-18 BessellI
53566.4 3.00755e-16 8.99161e-18 BessellI
53567.4 3.04751e-16 9.23432e-18 BessellI
53568.4 3.08605e-16 9.50205e-18 BessellI
53569.4 3.12312e-16 9.78356e-18 BessellI
53570.4 3.15865e-16 1.00689e-17 BessellI
53571.4 3.19259e-16 1.03497e-17 BessellI
53572.4 3.2249e-16 1.06188e-17 BessellI
53573.4 3.25555e-16 1.08704e-17 BessellI
53574.4 3.2845e-16 1.10999e-17 BessellI
53575.4 3.31173e-16 1.13038e-17 BessellI
53576.4 3.33721e-16 1.14792e-17 BessellI
53577.4 3.36094e-16 1.16244e-17 BessellI
53578.4 3.38289e-16 1.1738e-17 BessellI
53579.4 3.40308e-16 1.18196e-17 BessellI
53580.4 3.4215e-16 1.18688e-17 BessellI
53581.4 3.43816e-16 1.18861e-17 BessellI
53582.4 3.45308e-16 1.18722e-17 BessellI
53583.4 3.46626e-16 1.18279e-17 BessellI
53584.4 3.47773e-16 1.17547e-17 BessellI
53585.4 3.48752e-16 1.1654e-17 BessellI
53586.4 3.49564e-16 1.15273e-17 BessellI
53587.4 3.50215e-16 1.13766e-17 BessellI
53588.4 3.50706e-16 1.12038e-17 BessellI
53589.4 3.51042e-16 1.10107e-17 BessellI
53590.4 3.51227e-16 1.07996e-17 BessellI
53591.4 3.51265e-16 1.05723e-17 BessellI
53592.4 3.51159e-16 1.03311e-17 BessellI
53593.4 3.50916e-16 1.00779e-17 BessellI
53594.4 3.50539e-16 9.81492e-18 BessellI
53595.4 3.50032e-16 9.54403e-18 BessellI
53596.4 3.49402e-16 9.26723e-18 BessellI
53597.4 3.48652e-16 8.98644e-18 BessellI
53598.4 3.47787e-16 8.70349e-18 BessellI
53599.4 3.46813e-16 8.42016e-18 BessellI
53600.4 3.45733e-16 8.13813e-18 BessellI
53601.4 3.44554e-16 7.85902e-18 BessellI
53602.4 3.43278e-16 7.58435e-18 BessellI
53603.4 3.41912e-16 7.31555e-18 BessellI
53604.4 3.4046e-16 7.05395e-18 BessellI
53605.4 3.38926e-16 6.8008e-18 BessellI
53606.4 3.37315e-16 6.55721e-18 BessellI
53607.4 3.35631e-16 6.3242e-18 BessellI
53608.4 3.33878e-16 6.10265e-18 BessellI
53609.4 3.3206e-16 5.89334e-18 BessellI
53610.4 3.30182e-16 5.69688e-18 BessellI
53611.4 3.28247e-16 5.51375e-18 BessellI
53612.4 3.26259e-16 5.34429e-18 BessellI
53613.4 3.24221e-16 5.18865e-18 BessellI
53614.4 3.22138e-16 5.04684e-18 BessellI
53615.4 3.20012e-16 4.9187e-18 BessellI
53616.4 3.17847e-16 4.80391e-18 BessellI
53617.4 3.15646e-16 4.702e-18 BessellI
53618.4 3.13412e-16 4.61237e-18 BessellI
53619.4 3.11147e-16 4.53429e-18 BessellI
53620.4 3.08855e-16 4.46694e-18 BessellI
53621.4 3.06538e-16 4.40941e-18 BessellI
53622.4 3.04199e-16 4.36075e-18 BessellI
53623.4 3.0184e-16 4.31999e-18 BessellI
53624.4 2.99463e-16 4.28615e-18 BessellI
53625.4 2.97071e-16 4.25826e-18 BessellI
53626.4 2.94666e-16 4.23539e-18 BessellI
53627.4 2.9225e-16 4.21665e-18 BessellI
53628.4 2.89824e-16 4.20124e-18 BessellI
53629.4 2.8739e-16 4.18838e-18 BessellI
53630.4 2.8495e-16 4.17739e-18 BessellI
53631.4 2.82506e-16 4.16765e-18 BessellI
53632.4 2.8006e-16 4.15862e-18 BessellI
53633.4 2.77612e-16 4.14982e-18 BessellI
53634.4 2.75164e-16 4.14085e-18 BessellI
53635.4 2.72717e-16 4.13134e-18 BessellI
53636.4 2.70273e-16 4.12103e-18 BessellI
53637.4 2.67833e-16 4.10966e-18 BessellI
53638.4 2.65397e-16 4.09704e-18 BessellI
53639.4 2.62967e-16 4.08305e-18 BessellI
53640.4 2.60544e-16 4.06756e-18 BessellI
53641.4 2.58128e-16 4.05052e-18 BessellI
53642.4 2.55721e-16 4.03188e-18 BessellI
53643.4 2.53323e-16 4.01164e-18 BessellI
53644.4 2.50935e-16 3.9898e-18 BessellI
53645.4 2.48558e-16 3.9664e-18 BessellI
53646.4 2.46192e-16 3.9415e-18 BessellI
53647.4 2.43838e-16 3.91517e-18 BessellI
53648.4 2.41497e-16 3.88748e-18 BessellI
53649.4 2.39168e-16 3.85853e-18 BessellI
53650.4 2.36853e-16 3.82843e-18 BessellI
53651.4 2.34551e-16 3.79728e-18 BessellI
53652.4 2.32264e-16 3.76521e-18 BessellI
53653.4 2.29992e-16 3.73233e-18 BessellI
53654.4 2.27734e-16 3.69877e-18 BessellI
53655.4 2.25492e-16 3.66467e-18 BessellI
53656.4 2.23265e-16 3.63015e-18 BessellI
53657.4 2.21055e-16 3.59534e-18 BessellI
53658.4 2.1886e-16 3.56037e-18 BessellI
53659.4 2.16682e-16 3.52538e-18 BessellI
53660.4 2.1452e-16 3.4905e-18 BessellI
53661.4 2.12375e-16 3.45584e-18 BessellI
53662.4 2.10246e-16 3.42155e-18 BessellI
53663.4 2.08135e-16 3.38772e-18 BessellI
53664.4 2.0604e-16 3.35449e-18 BessellI
53665.4 2.03963e-16 3.32196e-18 BessellI
53666.4 2.01903e-16 3.29024e-18 BessellI
53667.4 1.9986e-16 3.25944e-18 BessellI
53668.4 1.97834e-16 3.22964e-18 BessellI
53669.4 1.95826e-16 3.20094e-18 BessellI
53670.4 1.93836e-16 3.17343e-18 BessellI
53671.4 1.91862e-16 3.14717e-18 BessellI
53672.4 1.89906e-16 3.12224e-18 BessellI
53673.4 1.87968e-16 3.09869e-18 BessellI
53674.4 1.86047e-16 3.07659e-18 BessellI
53675.4 1.84143e-16 3.05598e-18 BessellI
53676.4 1.82257e-16 3.03689e-18 BessellI
53677.4 1.80388e-16 3.01936e-18 BessellI
53678.4 1.78536e-16 3.0034e-18 BessellI
53679.4 1.76702e-16 2.98904e-18 BessellI
53680.4 1.74885e-16 2.97628e-18 BessellI
53681.4 1.73084e-16 2.96511e-18 BessellI
53682.4 1.71301e-16 2.95553e-18 BessellI
53683.4 1.69535e-16 2.94752e-18 BessellI
53684.4 1.67786e-16 2.94107e-18 BessellI
53685.4 1.66053e-16 2.93614e-18 BessellI
53686.4 1.64337e-16 2.93269e-18 BessellI
53687.4 1.62638e-16 2.93069e-18 BessellI
53688.4 1.60955e-16 2.9301e-18 BessellI
53689.4 1.59288e-16 2.93086e-18 BessellI
53690.4 1.57638e-16 2.93293e-18 BessellI
53691.4 1.56004e-16 2.93624e-18 BessellI
53692.4 1.54386e-16 2.94075e-18 BessellI
53693.4 1.52784e-16 2.94638e-18 BessellI
53694.4 1.51198e-16 2.95308e-18 BessellI
53695.4 1.49628e-16 2.96079e-18 BessellI
53696.4 1.48073e-16 2.96944e-18 BessellI
53697.4 1.46534e-16 2.97896e-18 BessellI
53698.4 1.45011e-16 2.9893e-18 BessellI
53699.4 1.43502e-16 3.00039e-18 BessellI
53700.4 1.42009e-16 3.01217e-18 BessellI
53701.4 1.40531e-16 3.02458e-18 BessellI
53702.4 1.39067e-16 3.03755e-18 BessellI
53703.4 1.37619e-16 3.05103e-18 BessellI
53704.4 1.36185e-16 3.06496e-18 BessellI
53705.4 1.34765e-16 3.07928e-18 BessellI
53706.4 1.33361e-16 3.09395e-18 BessellI
53707.4 1.3197e-16 3.1089e-18 BessellI
53708.4 1.30593e-16 3.12409e-18 BessellI
53709.4 1.29231e-16 3.13948e-18 BessellI
53710.4 1.27883e-16 3.15502e-18 BessellI
53711.4 1.26548e-16 3.17066e-18 BessellI
53712.4 1.25227e-16 3.18636e-18 BessellI
53713.4 1.23919e-16 3.20209e-18 BessellI
53714.4 1.22625e-16 3.21781e-18 BessellI
53715.4 1.21345e-16 3.23348e-18 BessellI
53716.4 1.20077e-16 3.24907e-18 BessellI
53717.4 1.18822e-16 3.26456e-18 BessellI
53718.4 1.17581e-16 3.2799e-18 BessellI
53539.4 3.03423e-16 3.718e-17 BessellR
53540.4 3.12292e-16 3.58766e-17 BessellR
53541.4 3.21265e-16 3.44896e-17 BessellR
53542.4 3.30329e-16 3.30226e-17 BessellR
53543.4 3.3947e-16 3.14808e-17 BessellR
53544.4 3.48674e-16 2.98701e-17 BessellR
53545.4 3.57925e-16 2.81982e-17 BessellR
53546.4 3.67207e-16 2.64738e-17 BessellR
53547.4 3.76502e-16 2.47077e-17 BessellR
53548.4 3.85792e-16 2.29121e-17 BessellR
53549.4 3.95058e-16 2.11019e-17 BessellR
53550.4 4.0428e-16 1.92944e-17 BessellR
53551.4 4.13439e-16 1.75104e-17 BessellR
53552.4 4.22513e-16 1.57753e-17 BessellR
53553.4 4.31483e-16 1.41208e-17 BessellR
53554.4 4.40326e-16 1.25864e-17 BessellR
53555.4 4.49023e-16 1.12222e-17 BessellR
53556.4 4.57552e-16 1.00884e-17 BessellR
53557.4 4.65893e-16 9.25115e-18 BessellR
53558.4 4.74028e-16 8.76579e-18 BessellR
53559.4 4.81936e-16 8.65331e-18 BessellR
53560.4 4.89601e-16 8.88392e-18 BessellR
53561.4 4.97004e-16 9.38617e-18 BessellR
53562.4 5.0413e-16 1.00736e-17 BessellR
53563.4 5.10964e-16 1.08672e-17 BessellR
53564.4 5.17493e-16 1.17049e-17 BessellR
53565.4 5.23705e-16 1.2541e-17 BessellR
53566.4 5.29589e-16 1.33435e-17 BessellR
53567.4 5.35136e-16 1.40901e-17 BessellR
53568.4 5.40339e-16 1.47659e-17 BessellR
53569.4 5.45192e-16 1.5361e-17 BessellR
53570.4 5.4969e-16 1.58694e-17 BessellR
53571.4 5.53829e-16 1.6288e-17 BessellR
53572.4 5.5761e-16 1.6616e-17 BessellR
53573.4 5.6103e-16 1.68542e-17 BessellR
53574.4 5.64092e-16 1.70049e-17 BessellR
53575.4 5.66797e-16 1.70712e-17 BessellR
53576.4 5.69149e-16 1.70573e-17 BessellR
53577.4 5.71153e-16 1.69679e-17 BessellR
53578.4 5.72814e-16 1.68082e-17 BessellR
53579.4 5.74138e-16 1.65836e-17 BessellR
53580.4 5.75133e-16 1.63e-17 BessellR
53581.4 5.75806e-16 1.59631e-17 BessellR
53582.4 5.76167e-16 1.5579e-17 BessellR
53583.4 5.76224e-16 1.51534e-17 BessellR
53584.4 5.75987e-16 1.46922e-17 BessellR
53585.4 5.75465e-16 1.4201e-17 BessellR
53586.4 5.74669e-16 1.36853e-17 BessellR
53587.4 5.7361e-16 1.31505e-17 BessellR
53588.4 5.72298e-16 1.26016e-17 BessellR
53589.4 5.70744e-16 1.20435e-17 BessellR
53590.4 5.68959e-16 1.14809e-17 BessellR
53591.4 5.66953e-16 1.09182e-17 BessellR
53592.4 5.64738e-16 1.03594e-17 BessellR
53593.4 5.62324e-16 9.80868e-18 BessellR
53594.4 5.59721e-16 9.26964e-18 BessellR
53595.4 5.5694e-16 8.74586e-18 BessellR
53596.4 5.53992e-16 8.24067e-18 BessellR
53597.4 5.50886e-16 7.75724e-18 BessellR
53598.4 5.47631e-16 7.29853e-18 BessellR
53599.4 5.44239e-16 6.86731e-18 BessellR
53600.4 5.40716e-16 6.46614e-18 BessellR
53601.4 5.37074e-16 6.09731e-18 BessellR
53602.4 5.3332e-16 5.76276e-18 BessellR
53603.4 5.29462e-16 5.46402e-18 BessellR
53604.4 5.2551e-16 5.2021e-18 BessellR
53605.4 5.21469e-16 4.97734e-18 BessellR
53606.4 5.17349e-16 4.78936e-18 BessellR
53607.4 5.13156e-16 4.63696e-18 BessellR
53608.4 5.08897e-16 4.51815e-18 BessellR
53609.4 5.04578e-16 4.43022e-18 BessellR
53610.4 5.00207e-16 4.36988e-18 BessellR
53611.4 4.95787e-16 4.33347e-18 BessellR
53612.4 4.91327e-16 4.31715e-18 BessellR
53613.4 4.8683e-16 4.31712e-18 BessellR
53614.4 4.82302e-16 4.32977e-18 BessellR
53615.4 4.77747e-16 4.35181e-18 BessellR
53616.4 4.73171e-16 4.38032e-18 BessellR
53617.4 4.68578e-16 4.4128e-18 BessellR
53618.4 4.63971e-16 4.44716e-18 BessellR
53619.4 4.59355e-16 4.48168e-18 BessellR
53620.4 4.54734e-16 4.51502e-18 BessellR
53621.4 4.5011e-16 4.54612e-18 BessellR
53622.4 4.45487e-16 4.57423e-18 BessellR
53623.4 4.40869e-16 4.59882e-18 BessellR
53624.4 4.36257e-16 4.61955e-18 BessellR
53625.4 4.31654e-16 4.63628e-18 BessellR
53626.4 4.27064e-16 4.64899e-18 BessellR
53627.4 4.22488e-16 4.65778e-18 BessellR
53628.4 4.17929e-16 4.66285e-18 BessellR
53629.4 4.13388e-16 4.6645e-18 BessellR
53630.4 4.08868e-16 4.66307e-18 BessellR
53631.4 4.0437e-16 4.65895e-18 BessellR
53632.4 3.99896e-16 4.65259e-18 BessellR
53633.4 3.95448e-16 4.64445e-18 BessellR
53634.4 3.91026e-16 4.63503e-18 BessellR
53635.4 3.86632e-16 4.62481e-18 BessellR
53636.4 3.82267e-16 4.61429e-18 BessellR
53637.4 3.77933e-16 4.60399e-18 BessellR
53638.4 3.73629e-16 4.59438e-18 BessellR
53639.4 3.69358e-16 4.58593e-18 BessellR
53640.4 3.6512e-16 4.57911e-18 BessellR
53641.4 3.60916e-16 4.57431e-18 BessellR
53642.4 3.56746e-16 4.57195e-18 BessellR
53643.4 3.52611e-16 4.57237e-18 BessellR
53644.4 3.48512e-16 4.5759e-18 BessellR
53645.4 3.44448e-16 4.58279e-18 BessellR
53646.4 3.40421e-16 4.59329e-18 BessellR
53647.4 3.36431e-16 4.60758e-18 BessellR
53648.4 3.32478e-16 4.62579e-18 BessellR
53649.4 3.28562e-16 4.64801e-18 BessellR
53650.4 3.24683e-16 4.6743e-18 BessellR
53651.4 3.20842e-16 4.70465e-18 BessellR
53652.4 3.1704e-16 4.73904e-18 BessellR
53653.4 3.13275e-16 4.77739e-18 BessellR
53654.4 3.09548e-16 4.81959e-18 BessellR
53655.4 3.05859e-16 4.8655e-18 BessellR
53656.4 3.02208e-16 4.91498e-18 BessellR
53657.4 2.98595e-16 4.96783e-18 BessellR
53658.4 2.9502e-16 5.02385e-18 BessellR
53659.4 2.91483e-16 5.08284e-18 BessellR
53660.4 2.87984e-16 5.14456e-18 BessellR
53661.4 2.84523e-16 5.20878e-18 BessellR
53662.4 2.81099e-16 5.27529e-18 BessellR
53663.4 2.77712e-16 5.34382e-18 BessellR
53664.4 2.74363e-16 5.41417e-18 BessellR
53665.4 2.71051e-16 5.48608e-18 BessellR
53666.4 2.67775e-16 5.55935e-18 BessellR
53667.4 2.64537e-16 5.63374e-18 BessellR
53668.4 2.61334e-16 5.70906e-18 BessellR
53669.4 2.58168e-16 5.78509e-18 BessellR
53670.4 2.55038e-16 5.86165e-18 BessellR
53671.4 2.51943e-16 5.93854e-18 BessellR
53672.4 2.48884e-16 6.0156e-18 BessellR
53673.4 2.4586e-16 6.09266e-18 BessellR
53674.4 2.42871e-16 6.16956e-18 BessellR
53675.4 2.39917e-16 6.24616e-18 BessellR
53676.4 2.36996e-16 6.32233e-18 BessellR
53677.4 2.3411e-16 6.39793e-18 BessellR
53678.4 2.31258e-16 6.47285e-18 BessellR
53679.4 2.28439e-16 6.54698e-18 BessellR
53680.4 2.25653e-16 6.62022e-18 BessellR
53681.4 2.22899e-16 6.69247e-18 BessellR
53682.4 2.20179e-16 6.76366e-18 BessellR
53683.4 2.1749e-16 6.8337e-18 BessellR
53684.4 2.14834e-16 6.90253e-18 BessellR
53685.4 2.12209e-16 6.97007e-18 BessellR
53686.4 2.09615e-16 7.03628e-18 BessellR
53687.4 2.07052e-16 7.10109e-18 BessellR
53688.4 2.0452e-16 7.16447e-18 BessellR
53689.4 2.02018e-16 7.22637e-18 BessellR
53690.4 1.99546e-16 7.28676e-18 BessellR
53691.4 1.97103e-16 7.3456e-18 BessellR
53692.4 1.9469e-16 7.40286e-18 BessellR
53693.4 1.92306e-16 7.45853e-18 BessellR
53694.4 1.89951e-16 7.51257e-18 BessellR
53695.4 1.87625e-16 7.56499e-18 BessellR
53696.4 1.85326e-16 7.61575e-18 BessellR
53697.4 1.83055e-16 7.66486e-18 BessellR
53698.4 1.80812e-16 7.7123e-18 BessellR
53699.4 1.78595e-16 7.75807e-18 BessellR
53700.4 1.76406e-16 7.80217e-18 BessellR
53701.4 1.74243e-16 7.8446e-18 BessellR
53702.4 1.72107e-16 7.88536e-18 BessellR
53703.4 1.69996e-16 7.92446e-18 BessellR
53704.4 1.67912e-16 7.96189e-18 BessellR
53705.4 1.65852e-16 7.99768e-18 BessellR
53706.4 1.63818e-16 8.03182e-18 BessellR
53707.4 1.61808e-16 8.06433e-18 BessellR
53708.4 1.59823e-16 8.09522e-18 BessellR
53709.4 1.57863e-16 8.12451e-18 BessellR
53710.4 1.55926e-16 8.15221e-18 BessellR
53711.4 1.54013e-16 8.17833e-18 BessellR
53712.4 1.52123e-16 8.20289e-18 BessellR
53713.4 1.50256e-16 8.22591e-18 BessellR
53714.4 1.48412e-16 8.2474e-18 BessellR
53715.4 1.46591e-16 8.26739e-18 BessellR
53716.4 1.44792e-16 8.28589e-18 BessellR
53717.4 1.43015e-16 8.30292e-18 BessellR
53718.4 1.4126e-16 8.31851e-18 BessellR
53544.4 5.8336e-16 3.85565e-17 BessellV
53545.4 5.92871e-16 3.69845e-17 BessellV
53546.4 6.02274e-16 3.53881e-17 BessellV
53547.4 6.11556e-16 3.37723e-17 BessellV
53548.4 6.20702e-16 3.21425e-17 BessellV
53549.4 6.29696e-16 3.05045e-17 BessellV
53550.4 6.38524e-16 2.88642e-17 BessellV
53551.4 6.47172e-16 2.72278e-17 BessellV
53552.4 6.55625e-16 2.5602e-17 BessellV
53553.4 6.63868e-16 2.39937e-17 BessellV
53554.4 6.71888e-16 2.241e-17 BessellV
53555.4 6.79672e-16 2.08587e-17 BessellV
53556.4 6.87206e-16 1.93477e-17 BessellV
53557.4 6.94477e-16 1.78856e-17 BessellV
53558.4 7.01474e-16 1.64818e-17 BessellV
53559.4 7.08186e-16 1.51462e-17 BessellV
53560.4 7.14601e-16 1.38898e-17 BessellV
53561.4 7.20709e-16 1.27245e-17 BessellV
53562.4 7.26502e-16 1.16632e-17 BessellV
53563.4 7.31972e-16 1.07196e-17 BessellV
53564.4 7.37109e-16 9.90699e-18 BessellV
53565.4 7.41909e-16 9.23748e-18 BessellV
53566.4 7.46365e-16 8.71936e-18 BessellV
53567.4 7.50473e-16 8.35491e-18 BessellV
53568.4 7.54229e-16 8.1384e-18 BessellV
53569.4 7.57629e-16 8.0558e-18 BessellV
53570.4 7.60673e-16 8.08636e-18 BessellV
53571.4 7.63358e-16 8.20567e-18 BessellV
53572.4 7.65685e-16 8.38885e-18 BessellV
53573.4 7.67656e-16 8.61298e-18 BessellV
53574.4 7.6927e-16 8.85843e-18 BessellV
53575.4 7.70532e-16 9.10922e-18 BessellV
53576.4 7.71444e-16 9.35287e-18 BessellV
53577.4 7.72011e-16 9.57996e-18 BessellV
53578.4 7.72237e-16 9.78359e-18 BessellV
53579.4 7.72128e-16 9.95891e-18 BessellV
53580.4 7.7169e-16 1.01027e-17 BessellV
53581.4 7.7093e-16 1.0213e-17 BessellV
53582.4 7.69855e-16 1.0289e-17 BessellV
53583.4 7.68473e-16 1.03305e-17 BessellV
53584.4 7.66793e-16 1.03381e-17 BessellV
53585.4 7.64822e-16 1.03128e-17 BessellV
53586.4 7.62571e-16 1.0256e-17 BessellV
53587.4 7.60047e-16 1.01694e-17 BessellV
53588.4 7.57262e-16 1.0055e-17 BessellV
53589.4 7.54224e-16 9.91489e-18 BessellV
53590.4 7.50943e-16 9.75131e-18 BessellV
53591.4 7.4743e-16 9.56658e-18 BessellV
53592.4 7.43694e-16 9.36311e-18 BessellV
53593.4 7.39746e-16 9.1433e-18 BessellV
53594.4 7.35595e-16 8.90959e-18 BessellV
53595.4 7.31252e-16 8.66439e-18 BessellV
53596.4 7.26726e-16 8.41012e-18 BessellV
53597.4 7.22028e-16 8.14915e-18 BessellV
53598.4 7.17168e-16 7.88383e-18 BessellV
53599.4 7.12154e-16 7.61646e-18 BessellV
53600.4 7.06997e-16 7.34931e-18 BessellV
53601.4 7.01705e-16 7.08458e-18 BessellV
53602.4 6.96288e-16 6.82445e-18 BessellV
53603.4 6.90755e-16 6.57103e-18 BessellV
53604.4 6.85115e-16 6.32634e-18 BessellV
53605.4 6.79375e-16 6.09236e-18 BessellV
53606.4 6.73543e-16 5.87095e-18 BessellV
53607.4 6.67629e-16 5.66386e-18 BessellV
53608.4 6.61639e-16 5.4727e-18 BessellV
53609.4 6.55581e-16 5.29889e-18 BessellV
53610.4 6.49462e-16 5.14361e-18 BessellV
53611.4 6.43288e-16 5.00779e-18 BessellV
53612.4 6.37067e-16 4.89205e-18 BessellV
53613.4 6.30805e-16 4.79667e-18 BessellV
53614.4 6.24507e-16 4.72156e-18 BessellV
53615.4 6.1818e-16 4.66627e-18 BessellV
53616.4 6.11829e-16 4.63002e-18 BessellV
53617.4 6.0546e-16 4.61171e-18 BessellV
53618.4 5.99077e-16 4.60999e-18 BessellV
53619.4 5.92685e-16 4.62333e-18 BessellV
53620.4 5.8629e-16 4.65009e-18 BessellV
53621.4 5.79894e-16 4.68857e-18 BessellV
53622.4 5.73502e-16 4.73707e-18 BessellV
53623.4 5.67119e-16 4.79396e-18 BessellV
53624.4 5.60748e-16 4.8577e-18 BessellV
53625.4 5.54392e-16 4.92684e-18 BessellV
53626.4 5.48054e-16 5.00009e-18 BessellV
53627.4 5.41738e-16 5.07627e-18 BessellV
53628.4 5.35447e-16 5.15435e-18 BessellV
53629.4 5.29183e-16 5.23344e-18 BessellV
53630.4 5.22949e-16 5.31274e-18 BessellV
53631.4 5.16747e-16 5.39158e-18 BessellV
53632.4 5.10579e-16 5.46939e-18 BessellV
53633.4 5.04448e-16 5.54571e-18 BessellV
53634.4 4.98356e-16 5.62014e-18 BessellV
53635.4 4.92303e-16 5.69235e-18 BessellV
53636.4 4.86292e-16 5.7621e-18 BessellV
53637.4 4.80325e-16 5.82917e-18 BessellV
53638.4 4.74403e-16 5.89341e-18 BessellV
53639.4 4.68526e-16 5.95472e-18 BessellV
53640.4 4.62697e-16 6.01301e-18 BessellV
53641.4 4.56916e-16 6.06825e-18 BessellV
53642.4 4.51185e-16 6.12041e-18 BessellV
53643.4 4.45503e-16 6.1695e-18 BessellV
53644.4 4.39873e-16 6.21554e-18 BessellV
53645.4 4.34294e-16 6.25857e-18 BessellV
53646.4 4.28768e-16 6.29864e-18 BessellV
53647.4 4.23295e-16 6.33582e-18 BessellV
53648.4 4.17874e-16 6.37016e-18 BessellV
53649.4 4.12508e-16 6.40176e-18 BessellV
53650.4 4.07196e-16 6.43068e-18 BessellV
53651.4 4.01938e-16 6.45703e-18 BessellV
53652.4 3.96735e-16 6.48088e-18 BessellV
53653.4 3.91586e-16 6.50233e-18 BessellV
53654.4 3.86493e-16 6.52146e-18 BessellV
53655.4 3.81455e-16 6.53838e-18 BessellV
53656.4 3.76471e-16 6.55317e-18 BessellV
53657.4 3.71543e-16 6.56592e-18 BessellV
53658.4 3.6667e-16 6.57672e-18 BessellV
53659.4 3.61852e-16 6.58566e-18 BessellV
53660.4 3.57088e-16 6.59282e-18 BessellV
53661.4 3.52379e-16 6.59828e-18 BessellV
53662.4 3.47725e-16 6.60213e-18 BessellV
53663.4 3.43125e-16 6.60444e-18 BessellV
53664.4 3.38579e-16 6.60528e-18 BessellV
53665.4 3.34087e-16 6.60473e-18 BessellV
53666.4 3.29648e-16 6.60286e-18 BessellV
53667.4 3.25263e-16 6.59973e-18 BessellV
53668.4 3.20931e-16 6.5954e-18 BessellV
53669.4 3.16651e-16 6.58994e-18 BessellV
53670.4 3.12423e-16 6.5834e-18 BessellV
53671.4 3.08247e-16 6.57583e-18 BessellV
53672.4 3.04123e-16 6.56729e-18 BessellV
53673.4 3.0005e-16 6.55782e-18 BessellV
53674.4 2.96028e-16 6.54748e-18 BessellV
53675.4 2.92055e-16 6.5363e-18 BessellV
53676.4 2.88133e-16 6.52433e-18 BessellV
53677.4 2.8426e-16 6.51161e-18 BessellV
53678.4 2.80436e-16 6.49817e-18 BessellV
53679.4 2.76661e-16 6.48404e-18 BessellV
53680.4 2.72933e-16 6.46927e-18 BessellV
53681.4 2.69254e-16 6.45387e-18 BessellV
53682.4 2.65621e-16 6.43789e-18 BessellV
53683.4 2.62035e-16 6.42134e-18 BessellV
53684.4 2.58496e-16 6.40425e-18 BessellV
53685.4 2.55002e-16 6.38665e-18 BessellV
53686.4 2.51553e-16 6.36856e-18 BessellV
53687.4 2.48149e-16 6.35e-18 BessellV
53688.4 2.4479e-16 6.33099e-18 BessellV
53689.4 2.41474e-16 6.31155e-18 BessellV
53690.4 2.38202e-16 6.29169e-18 BessellV
53691.4 2.34972e-16 6.27143e-18 BessellV
53692.4 2.31785e-16 6.2508e-18 BessellV
53693.4 2.2864e-16 6.22979e-18 BessellV
53694.4 2.25536e-16 6.20843e-18 BessellV
53695.4 2.22474e-16 6.18673e-18 BessellV
53696.4 2.19452e-16 6.1647e-18 BessellV
53697.4 2.16469e-16 6.14236e-18 BessellV
53698.4 2.13527e-16 6.11971e-18 BessellV
53699.4 2.10623e-16 6.09676e-18 BessellV
53700.4 2.07758e-16 6.07352e-18 BessellV
53701.4 2.04931e-16 6.05001e-18 BessellV
53702.4 2.02142e-16 6.02623e-18 BessellV
53703.4 1.9939e-16 6.00219e-18 BessellV
53704.4 1.96675e-16 5.9779e-18 BessellV
53705.4 1.93996e-16 5.95337e-18 BessellV
53706.4 1.91353e-16 5.9286e-18 BessellV
53707.4 1.88746e-16 5.9036e-18 BessellV
53708.4 1.86173e-16 5.87838e-18 BessellV
53709.4 1.83635e-16 5.85294e-18 BessellV
53710.4 1.81131e-16 5.82729e-18 BessellV
53711.4 1.78661e-16 5.80144e-18 BessellV
53712.4 1.76224e-16 5.7754e-18 BessellV
