53532.9 1.69261e-30 6.92659e-30 BessellB
53533.9 1.36401e-29 5.0492e-29 BessellB
53534.9 1.11068e-28 3.69289e-28 BessellB
53535.9 9.14361e-28 2.71158e-27 BessellB
53536.9 7.61465e-27 2.00023e-26 BessellB
53537.9 6.41833e-26 1.48329e-25 BessellB
53538.9 5.47857e-25 1.10644e-24 BessellB
53539.9 4.73825e-24 8.30547e-24 BessellB
53540.9 4.15443e-23 6.27459e-23 BessellB
53541.9 3.69486e-22 4.76857e-22 BessellB
53542.9 3.33541e-21 3.64061e-21 BessellB
53543.9 3.05824e-20 2.78403e-20 BessellB
53544.9 2.85041e-19 2.12044e-19 BessellB
53545.9 2.7027e-18 1.59074e-18 BessellB
53546.9 2.60579e-17 1.14635e-17 BessellB
53547.9 2.52027e-16 7.32326e-17 BessellB
53548.9 2.14397e-15 2.70869e-16 BessellB
53549.9 8.34346e-15 6.22799e-17 BessellB
53550.9 1.11579e-14 7.64864e-17 BessellB
53551.9 1.10949e-14 3.68129e-17 BessellB
53552.9 1.06653e-14 3.17771e-17 BessellB
53553.9 1.02187e-14 2.82676e-17 BessellB
53554.9 9.78766e-15 2.51575e-17 BessellB
53555.9 9.37453e-15 2.25726e-17 BessellB
53556.9 8.9788e-15 2.0545e-17 BessellB
53557.9 8.59977e-15 1.90778e-17 BessellB
53558.9 8.23675e-15 1.81487e-17 BessellB
53559.9 7.88905e-15 1.77044e-17 BessellB
53560.9 7.55603e-15 1.76649e-17 BessellB
53561.9 7.23707e-15 1.79367e-17 BessellB
53562.9 6.93157e-15 1.84277e-17 BessellB
53563.9 6.63897e-15 1.90581e-17 BessellB
53564.9 6.35873e-15 1.97646e-17 BessellB
53565.9 6.09031e-15 2.04999e-17 BessellB
53566.9 5.83322e-15 2.12302e-17 BessellB
53567.9 5.58699e-15 2.19323e-17 BessellB
53568.9 5.35115e-15 2.25907e-17 BessellB
53569.9 5.12527e-15 2.31955e-17 BessellB
53570.9 4.90892e-15 2.3741e-17 BessellB
53571.9 4.70171e-15 2.42241e-17 BessellB
53572.9 4.50324e-15 2.4644e-17 BessellB
53573.9 4.31315e-15 2.50011e-17 BessellB
53574.9 4.13109e-15 2.5297e-17 BessellB
53575.9 3.95671e-15 2.55337e-17 BessellB
53576.9 3.7897e-15 2.57138e-17 BessellB
53577.9 3.62973e-15 2.58402e-17 BessellB
53578.9 3.47651e-15 2.59159e-17 BessellB
53579.9 3.32977e-15 2.5944e-17 BessellB
53580.9 3.18922e-15 2.59276e-17 BessellB
53581.9 3.0546e-15 2.58698e-17 BessellB
53582.9 2.92566e-15 2.57735e-17 BessellB
53583.9 2.80217e-15 2.56418e-17 BessellB
53584.9 2.68389e-15 2.54774e-17 BessellB
53585.9 2.5706e-15 2.52829e-17 BessellB
53586.9 2.4621e-15 2.5061e-17 BessellB
53587.9 2.35817e-15 2.48142e-17 BessellB
53588.9 2.25864e-15 2.45447e-17 BessellB
53589.9 2.1633e-15 2.42548e-17 BessellB
53590.9 2.07199e-15 2.39465e-17 BessellB
53591.9 1.98453e-15 2.36217e-17 BessellB
53592.9 1.90077e-15 2.32824e-17 BessellB
53593.9 1.82054e-15 2.29303e-17 BessellB
53594.9 1.74369e-15 2.25669e-17 BessellB
53595.9 1.67009e-15 2.21938e-17 BessellB
53596.9 1.5996e-15 2.18124e-17 BessellB
53597.9 1.53208e-15 2.14241e-17 BessellB
53598.9 1.46742e-15 2.10299e-17 BessellB
53599.9 1.40548e-15 2.06312e-17 BessellB
53600.9 1.34616e-15 2.02289e-17 BessellB
53601.9 1.28934e-15 1.98241e-17 BessellB
53602.9 1.23492e-15 1.94175e-17 BessellB
53603.9 1.18279e-15 1.90102e-17 BessellB
53604.9 1.13287e-15 1.86028e-17 BessellB
53605.9 1.08506e-15 1.81961e-17 BessellB
53606.9 1.03926e-15 1.77908e-17 BessellB
53607.9 9.95394e-16 1.73873e-17 BessellB
53608.9 9.53381e-16 1.69863e-17 BessellB
53609.9 9.13142e-16 1.65883e-17 BessellB
53610.9 8.74601e-16 1.61937e-17 BessellB
53611.9 8.37686e-16 1.5803e-17 BessellB
53612.9 8.0233e-16 1.54164e-17 BessellB
53613.9 7.68467e-16 1.50344e-17 BessellB
53614.9 7.36032e-16 1.46573e-17 BessellB
53615.9 7.04967e-16 1.42853e-17 BessellB
53616.9 6.75213e-16 1.39186e-17 BessellB
53617.9 6.46715e-16 1.35574e-17 BessellB
53618.9 6.19419e-16 1.3202e-17 BessellB
53619.9 5.93276e-16 1.28525e-17 BessellB
53620.9 5.68236e-16 1.2509e-17 BessellB
53621.9 5.44253e-16 1.21716e-17 BessellB
53622.9 5.21283e-16 1.18405e-17 BessellB
53623.9 4.99282e-16 1.15156e-17 BessellB
53624.9 4.7821e-16 1.11971e-17 BessellB
53625.9 4.58027e-16 1.0885e-17 BessellB
53626.9 4.38695e-16 1.05793e-17 BessellB
53627.9 4.2018e-16 1.02801e-17 BessellB
53628.9 4.02447e-16 9.98726e-18 BessellB
53629.9 3.85461e-16 9.70087e-18 BessellB
53630.9 3.69193e-16 9.42088e-18 BessellB
53631.9 3.53611e-16 9.14725e-18 BessellB
53632.9 3.38688e-16 8.87995e-18 BessellB
53633.9 3.24393e-16 8.61894e-18 BessellB
53634.9 3.10703e-16 8.36414e-18 BessellB
53635.9 2.9759e-16 8.11552e-18 BessellB
53636.9 2.8503e-16 7.87299e-18 BessellB
53637.9 2.73001e-16 7.63649e-18 BessellB
53638.9 2.61479e-16 7.40593e-18 BessellB
53639.9 2.50444e-16 7.18124e-18 BessellB
53640.9 2.39874e-16 6.96233e-18 BessellB
53641.9 2.29751e-16 6.74912e-18 BessellB
53642.9 2.20054e-16 6.5415e-18 BessellB
53643.9 2.10767e-16 6.3394e-18 BessellB
53644.9 2.01872e-16 6.14271e-18 BessellB
53645.9 1.93353e-16 5.95133e-18 BessellB
53646.9 1.85193e-16 5.76518e-18 BessellB
53647.9 1.77377e-16 5.58413e-18 BessellB
53648.9 1.69891e-16 5.40811e-18 BessellB
53649.9 1.62722e-16 5.237e-18 BessellB
53650.9 1.55854e-16 5.07071e-18 BessellB
53651.9 1.49277e-16 4.90912e-18 BessellB
53652.9 1.42977e-16 4.75215e-18 BessellB
53653.9 1.36943e-16 4.59969e-18 BessellB
53654.9 1.31164e-16 4.45163e-18 BessellB
53655.9 1.25629e-16 4.30788e-18 BessellB
53656.9 1.20327e-16 4.16834e-18 BessellB
53657.9 1.15249e-16 4.03291e-18 BessellB
53658.9 1.10385e-16 3.90148e-18 BessellB
53659.9 1.05727e-16 3.77397e-18 BessellB
53660.9 1.01265e-16 3.65027e-18 BessellB
53661.9 9.69916e-17 3.5303e-18 BessellB
53662.9 9.28984e-17 3.41395e-18 BessellB
53663.9 8.8978e-17 3.30114e-18 BessellB
53664.9 8.52231e-17 3.19176e-18 BessellB
53665.9 8.16266e-17 3.08575e-18 BessellB
53666.9 7.8182e-17 2.983e-18 BessellB
53667.9 7.48827e-17 2.88342e-18 BessellB
53668.9 7.17226e-17 2.78694e-18 BessellB
53669.9 6.86959e-17 2.69347e-18 BessellB
53670.9 6.57969e-17 2.60292e-18 BessellB
53671.9 6.30203e-17 2.51523e-18 BessellB
53672.9 6.03609e-17 2.4303e-18 BessellB
53673.9 5.78137e-17 2.34805e-18 BessellB
53674.9 5.5374e-17 2.26843e-18 BessellB
53675.9 5.30372e-17 2.19134e-18 BessellB
53676.9 5.07991e-17 2.11672e-18 BessellB
53677.9 4.86554e-17 2.0445e-18 BessellB
53678.9 4.66022e-17 1.9746e-18 BessellB
53679.9 4.46356e-17 1.90696e-18 BessellB
53680.9 4.27521e-17 1.84152e-18 BessellB
53681.9 4.0948e-17 1.7782e-18 BessellB
53682.9 3.922e-17 1.71695e-18 BessellB
53683.9 3.7565e-17 1.6577e-18 BessellB
53684.9 3.59798e-17 1.6004e-18 BessellB
53685.9 3.44615e-17 1.54498e-18 BessellB
53686.9 3.30073e-17 1.49139e-18 BessellB
53687.9 3.16145e-17 1.43957e-18 BessellB
53688.9 3.02804e-17 1.38947e-18 BessellB
53689.9 2.90027e-17 1.34103e-18 BessellB
53690.9 2.77788e-17 1.29421e-18 BessellB
53691.9 2.66066e-17 1.24895e-18 BessellB
53692.9 2.54839e-17 1.20521e-18 BessellB
53693.9 2.44085e-17 1.16293e-18 BessellB
53694.9 2.33786e-17 1.12208e-18 BessellB
53695.9 2.23921e-17 1.08261e-18 BessellB
53696.9 2.14472e-17 1.04447e-18 BessellB
53697.9 2.05422e-17 1.00762e-18 BessellB
53698.9 1.96754e-17 9.72017e-19 BessellB
53699.9 1.88451e-17 9.37628e-19 BessellB
53700.9 1.80499e-17 9.04411e-19 BessellB
53701.9 1.72883e-17 8.72328e-19 BessellB
53702.9 1.65588e-17 8.41342e-19 BessellB
53703.9 1.58601e-17 8.11419e-19 BessellB
53704.9 1.51909e-17 7.82523e-19 BessellB
53705.9 1.45499e-17 7.54621e-19 BessellB
53706.9 1.39359e-17 7.2768e-19 BessellB
53707.9 1.33479e-17 7.0167e-19 BessellB
53708.9 1.27847e-17 6.7656e-19 BessellB
53709.9 1.22452e-17 6.52319e-19 BessellB
53710.9 1.17285e-17 6.2892e-19 BessellB
53711.9 1.12336e-17 6.06334e-19 BessellB
53712.9 1.07596e-17 5.84534e-19 BessellB
53713.9 1.03056e-17 5.63495e-19 BessellB
53714.9 9.87078e-18 5.43191e-19 BessellB
53715.9 9.45429e-18 5.23597e-19 BessellB
53716.9 9.05537e-18 5.0469e-19 BessellB
53717.9 8.67328e-18 4.86446e-19 BessellB
53718.9 8.30732e-18 4.68843e-19 BessellB
53719.9 7.9568e-18 4.5186e-19 BessellB
53720.9 7.62107e-18 4.35475e-19 BessellB
53721.9 7.29951e-18 4.19669e-19 BessellB
53722.9 6.99151e-18 4.04421e-19 BessellB
53723.9 6.69651e-18 3.89713e-19 BessellB
53724.9 6.41396e-18 3.75527e-19 BessellB
53725.9 6.14334e-18 3.61844e-19 BessellB
53726.9 5.88413e-18 3.48647e-19 BessellB
53536.9 1.18407e-14 9.58494e-18 BessellU
53537.9 1.22133e-14 9.23076e-18 BessellU
53538.9 1.25949e-14 8.84168e-18 BessellU
53539.9 1.29847e-14 8.41535e-18 BessellU
53540.9 1.33816e-14 7.94937e-18 BessellU
53541.9 1.37835e-14 7.44134e-18 BessellU
53542.9 1.41879e-14 6.88905e-18 BessellU
53543.9 1.45909e-14 6.29081e-18 BessellU
53544.9 1.49874e-14 5.64594e-18 BessellU
53545.9 1.53701e-14 4.9556e-18 BessellU
53546.9 1.57292e-14 4.22406e-18 BessellU
53547.9 1.60521e-14 3.46075e-18 BessellU
53548.9 1.63218e-14 2.68347e-18 BessellU
53549.9 1.65176e-14 1.92463e-18 BessellU
53550.9 1.6614e-14 1.24741e-18 BessellU
53551.9 1.65815e-14 7.96718e-19 BessellU
53552.9 1.63888e-14 7.66927e-19 BessellU
53553.9 1.60059e-14 9.42107e-19 BessellU
53554.9 1.54096e-14 1.00892e-18 BessellU
53555.9 1.45899e-14 8.71937e-19 BessellU
53556.9 1.35564e-14 6.22266e-19 BessellU
53557.9 1.23415e-14 7.41042e-19 BessellU
53558.9 1.09987e-14 1.351e-18 BessellU
53559.9 9.59569e-15 2.06099e-18 BessellU
53560.9 8.20264e-15 2.68414e-18 BessellU
53561.9 6.88145e-15 3.1302e-18 BessellU
53562.9 5.67779e-15 3.36719e-18 BessellU
53563.9 4.61827e-15 3.40669e-18 BessellU
53564.9 3.71204e-15 3.28671e-18 BessellU
53565.9 2.95488e-15 3.05522e-18 BessellU
53566.9 2.33405e-15 2.75816e-18 BessellU
53567.9 1.83249e-15 2.43311e-18 BessellU
53568.9 1.43195e-15 2.10741e-18 BessellU
53569.9 1.1149e-15 1.79885e-18 BessellU
53570.9 8.65656e-16 1.5176e-18 BessellU
53571.9 6.70721e-16 1.26827e-18 BessellU
53572.9 5.18858e-16 1.05176e-18 BessellU
53573.9 4.00901e-16 8.66692e-19 BessellU
53574.9 3.09482e-16 7.10427e-19 BessellU
53575.9 2.38748e-16 5.79756e-19 BessellU
53576.9 1.84089e-16 4.71335e-19 BessellU
53577.9 1.41889e-16 3.81947e-19 BessellU
53578.9 1.09333e-16 3.0864e-19 BessellU
53579.9 8.42282e-17 2.48785e-19 BessellU
53580.9 6.4878e-17 2.00097e-19 BessellU
53581.9 4.99673e-17 1.60623e-19 BessellU
53582.9 3.84802e-17 1.28708e-19 BessellU
53583.9 2.96319e-17 1.02969e-19 BessellU
53584.9 2.28171e-17 8.22563e-20 BessellU
53585.9 1.75689e-17 6.56219e-20 BessellU
53586.9 1.35275e-17 5.22864e-20 BessellU
53587.9 1.04156e-17 4.1613e-20 BessellU
53588.9 8.01939e-18 3.3083e-20 BessellU
53589.9 6.17439e-18 2.62751e-20 BessellU
53590.9 4.75383e-18 2.08487e-20 BessellU
53591.9 3.66008e-18 1.65284e-20 BessellU
53592.9 2.81796e-18 1.30925e-20 BessellU
53593.9 2.16959e-18 1.03627e-20 BessellU
53594.9 1.6704e-18 8.19604e-21 BessellU
53595.9 1.28606e-18 6.47785e-21 BessellU
53596.9 9.90151e-19 5.11645e-21 BessellU
53597.9 7.62328e-19 4.03862e-21 BessellU
53598.9 5.86923e-19 3.18593e-21 BessellU
53599.9 4.51878e-19 2.51183e-21 BessellU
53600.9 3.47905e-19 1.97928e-21 BessellU
53601.9 2.67855e-19 1.55883e-21 BessellU
53602.9 2.06224e-19 1.22708e-21 BessellU
53603.9 1.58773e-19 9.65476e-22 BessellU
53604.9 1.22241e-19 7.59295e-22 BessellU
53605.9 9.41142e-20 5.96883e-22 BessellU
53606.9 7.24593e-20 4.69014e-22 BessellU
53607.9 5.5787e-20 3.68388e-22 BessellU
53608.9 4.29508e-20 2.8924e-22 BessellU
53609.9 3.30682e-20 2.27012e-22 BessellU
53610.9 2.54595e-20 1.78107e-22 BessellU
53611.9 1.96014e-20 1.3969e-22 BessellU
53612.9 1.50913e-20 1.09522e-22 BessellU
53613.9 1.16189e-20 8.58423e-23 BessellU
53614.9 8.9455e-21 6.72612e-23 BessellU
53615.9 6.88721e-21 5.26863e-23 BessellU
53616.9 5.30252e-21 4.12577e-23 BessellU
53617.9 4.08245e-21 3.2299e-23 BessellU
53618.9 3.14311e-21 2.52788e-23 BessellU
53619.9 2.41991e-21 1.97792e-23 BessellU
53620.9 1.86311e-21 1.54722e-23 BessellU
53621.9 1.43442e-21 1.21001e-23 BessellU
53622.9 1.10437e-21 9.4606e-24 BessellU
53623.9 8.50265e-22 7.39519e-24 BessellU
53624.9 6.54626e-22 5.77939e-24 BessellU
53625.9 5.04002e-22 4.51565e-24 BessellU
53626.9 3.88035e-22 3.52749e-24 BessellU
53627.9 2.98751e-22 2.755e-24 BessellU
53628.9 2.30011e-22 2.15125e-24 BessellU
53629.9 1.77087e-22 1.67948e-24 BessellU
53630.9 1.36341e-22 1.31093e-24 BessellU
53631.9 1.0497e-22 1.02306e-24 BessellU
53632.9 8.08173e-23 7.98261e-25 BessellU
53633.9 6.22219e-23 6.22749e-25 BessellU
53634.9 4.79052e-23 4.85744e-25 BessellU
53635.9 3.68826e-23 3.78817e-25 BessellU
53636.9 2.83962e-23 2.9538e-25 BessellU
53637.9 2.18625e-23 2.30285e-25 BessellU
53638.9 1.68321e-23 1.79507e-25 BessellU
53639.9 1.29592e-23 1.39905e-25 BessellU
53640.9 9.97737e-24 1.09024e-25 BessellU
53641.9 7.68166e-24 8.49465e-26 BessellU
53642.9 5.91418e-24 6.61775e-26 BessellU
53643.9 4.55337e-24 5.15485e-26 BessellU
53644.9 3.50568e-24 4.0148e-26 BessellU
53645.9 2.69905e-24 3.12647e-26 BessellU
53646.9 2.07802e-24 2.43439e-26 BessellU
53647.9 1.59989e-24 1.89527e-26 BessellU
53536.3 1.4398e-15 7.97211e-19 BessellI
53537.3 1.45704e-15 7.97493e-19 BessellI
53538.3 1.47449e-15 7.9767e-19 BessellI
53539.3 1.49213e-15 7.9774e-19 BessellI
53540.3 1.50999e-15 7.97701e-19 BessellI
53541.3 1.52805e-15 7.97549e-19 BessellI
53542.3 1.54633e-15 7.97283e-19 BessellI
53543.3 1.56482e-15 7.969e-19 BessellI
53544.3 1.58352e-15 7.96396e-19 BessellI
53545.3 1.60244e-15 7.9577e-19 BessellI
53546.3 1.62158e-15 7.95018e-19 BessellI
53547.3 1.64094e-15 7.94137e-19 BessellI
53548.3 1.66052e-15 7.93124e-19 BessellI
53549.3 1.68033e-15 7.91978e-19 BessellI
53550.3 1.70037e-15 7.90693e-19 BessellI
53551.3 1.72063e-15 7.89269e-19 BessellI
53552.3 1.74113e-15 7.87701e-19 BessellI
53553.3 1.76186e-15 7.85987e-19 BessellI
53554.3 1.78282e-15 7.84123e-19 BessellI
53555.3 1.80402e-15 7.82107e-19 BessellI
53556.3 1.82546e-15 7.79936e-19 BessellI
53557.3 1.84713e-15 7.77606e-19 BessellI
53558.3 1.86905e-15 7.75115e-19 BessellI
53559.3 1.8912e-15 7.72461e-19 BessellI
53560.3 1.9136e-15 7.6964e-19 BessellI
53561.3 1.93625e-15 7.66649e-19 BessellI
53562.3 1.95914e-15 7.63488e-19 BessellI
53563.3 1.98227e-15 7.60152e-19 BessellI
53564.3 2.00565e-15 7.5664e-19 BessellI
53565.3 2.02927e-15 7.52951e-19 BessellI
53566.3 2.05315e-15 7.49084e-19 BessellI
53567.3 2.07727e-15 7.45036e-19 BessellI
53568.3 2.10163e-15 7.40808e-19 BessellI
53569.3 2.12625e-15 7.36399e-19 BessellI
53570.3 2.1511e-15 7.31811e-19 BessellI
53571.3 2.17621e-15 7.27044e-19 BessellI
53572.3 2.20155e-15 7.22102e-19 BessellI
53573.3 2.22714e-15 7.16986e-19 BessellI
53574.3 2.25296e-15 7.11702e-19 BessellI
53575.3 2.27902e-15 7.06255e-19 BessellI
53576.3 2.30532e-15 7.00653e-19 BessellI
53577.3 2.33185e-15 6.94905e-19 BessellI
53578.3 2.3586e-15 6.89021e-19 BessellI
53579.3 2.38557e-15 6.83015e-19 BessellI
53580.3 2.41277e-15 6.76903e-19 BessellI
53581.3 2.44017e-15 6.70703e-19 BessellI
53582.3 2.46778e-15 6.64438e-19 BessellI
53583.3 2.49558e-15 6.58134e-19 BessellI
53584.3 2.52358e-15 6.5182e-19 BessellI
53585.3 2.55175e-15 6.45531e-19 BessellI
53586.3 2.5801e-15 6.39307e-19 BessellI
53587.3 2.6086e-15 6.33193e-19 BessellI
53588.3 2.63726e-15 6.27241e-19 BessellI
53589.3 2.66605e-15 6.21508e-19 BessellI
53590.3 2.69496e-15 6.1606e-19 BessellI
53591.3 2.72397e-15 6.1097e-19 BessellI
53592.3 2.75308e-15 6.06316e-19 BessellI
53593.3 2.78225e-15 6.02188e-19 BessellI
53594.3 2.81147e-15 5.98678e-19 BessellI
53595.3 2.84072e-15 5.95889e-19 BessellI
53596.3 2.86998e-15 5.93929e-19 BessellI
53597.3 2.89921e-15 5.9291e-19 BessellI
53598.3 2.92839e-15 5.92946e-19 BessellI
53599.3 2.9575e-15 5.94155e-19 BessellI
53600.3 2.9865e-15 5.96649e-19 BessellI
53601.3 3.01535e-15 6.00539e-19 BessellI
53602.3 3.04402e-15 6.05927e-19 BessellI
53603.3 3.07247e-15 6.12903e-19 BessellI
53604.3 3.10066e-15 6.21546e-19 BessellI
53605.3 3.12854e-15 6.31915e-19 BessellI
53606.3 3.15607e-15 6.44053e-19 BessellI
53607.3 3.18319e-15 6.57982e-19 BessellI
53608.3 3.20985e-15 6.73703e-19 BessellI
53609.3 3.23599e-15 6.91192e-19 BessellI
53610.3 3.26155e-15 7.10408e-19 BessellI
53611.3 3.28648e-15 7.31284e-19 BessellI
53612.3 3.31069e-15 7.53736e-19 BessellI
53613.3 3.33413e-15 7.77658e-19 BessellI
53614.3 3.35671e-15 8.02925e-19 BessellI
53615.3 3.37836e-15 8.29397e-19 BessellI
53616.3 3.399e-15 8.56913e-19 BessellI
53617.3 3.41854e-15 8.85299e-19 BessellI
53618.3 3.4369e-15 9.14363e-19 BessellI
53619.3 3.45398e-15 9.439e-19 BessellI
53620.3 3.4697e-15 9.73689e-19 BessellI
53621.3 3.48396e-15 1.0035e-18 BessellI
53622.3 3.49666e-15 1.03307e-18 BessellI
53623.3 3.50771e-15 1.06216e-18 BessellI
53624.3 3.517e-15 1.09049e-18 BessellI
53625.3 3.52443e-15 1.11777e-18 BessellI
53626.3 3.52992e-15 1.14373e-18 BessellI
53627.3 3.53334e-15 1.16806e-18 BessellI
53628.3 3.53462e-15 1.19047e-18 BessellI
53629.3 3.53365e-15 1.21066e-18 BessellI
53630.3 3.53034e-15 1.22833e-18 BessellI
53631.3 3.5246e-15 1.24319e-18 BessellI
53632.3 3.51636e-15 1.25498e-18 BessellI
53633.3 3.50553e-15 1.26344e-18 BessellI
53634.3 3.49204e-15 1.26832e-18 BessellI
53635.3 3.47585e-15 1.26944e-18 BessellI
53636.3 3.45688e-15 1.26663e-18 BessellI
53637.3 3.43511e-15 1.25977e-18 BessellI
53638.3 3.4105e-15 1.24881e-18 BessellI
53639.3 3.38303e-15 1.23373e-18 BessellI
53640.3 3.35271e-15 1.21463e-18 BessellI
53641.3 3.31953e-15 1.19166e-18 BessellI
53642.3 3.28352e-15 1.16509e-18 BessellI
53643.3 3.24473e-15 1.13528e-18 BessellI
53644.3 3.20319e-15 1.10273e-18 BessellI
53645.3 3.15898e-15 1.06807e-18 BessellI
53646.3 3.11219e-15 1.03209e-18 BessellI
53647.3 3.0629e-15 9.95728e-19 BessellI
53648.3 3.01123e-15 9.60096e-19 BessellI
53649.3 2.9573e-15 9.26462e-19 BessellI
53650.3 2.90126e-15 8.96222e-19 BessellI
53651.3 2.84324e-15 8.70841e-19 BessellI
53652.3 2.78342e-15 8.51749e-19 BessellI
53653.3 2.72195e-15 8.40212e-19 BessellI
53654.3 2.659e-15 8.37177e-19 BessellI
53655.3 2.59477e-15 8.43137e-19 BessellI
53656.3 2.52944e-15 8.58066e-19 BessellI
53657.3 2.46319e-15 8.81433e-19 BessellI
53658.3 2.39621e-15 9.12292e-19 BessellI
53659.3 2.32869e-15 9.49429e-19 BessellI
53660.3 2.26082e-15 9.91499e-19 BessellI
53661.3 2.19277e-15 1.03715e-18 BessellI
53662.3 2.12474e-15 1.08509e-18 BessellI
53663.3 2.05687e-15 1.13415e-18 BessellI
53664.3 1.98935e-15 1.1833e-18 BessellI
53665.3 1.92232e-15 1.23165e-18 BessellI
53666.3 1.85593e-15 1.27844e-18 BessellI
53667.3 1.79031e-15 1.32304e-18 BessellI
53668.3 1.7256e-15 1.36496e-18 BessellI
53669.3 1.6619e-15 1.40376e-18 BessellI
53670.3 1.59932e-15 1.43915e-18 BessellI
53671.3 1.53796e-15 1.47089e-18 BessellI
53672.3 1.47789e-15 1.49883e-18 BessellI
53673.3 1.41919e-15 1.52286e-18 BessellI
53674.3 1.36192e-15 1.54295e-18 BessellI
53675.3 1.30613e-15 1.55911e-18 BessellI
53676.3 1.25187e-15 1.57139e-18 BessellI
53677.3 1.19915e-15 1.57988e-18 BessellI
53678.3 1.14802e-15 1.5847e-18 BessellI
53679.3 1.09848e-15 1.58598e-18 BessellI
53680.3 1.05054e-15 1.5839e-18 BessellI
53681.3 1.00421e-15 1.57861e-18 BessellI
53682.3 9.59481e-16 1.57032e-18 BessellI
53683.3 9.16339e-16 1.55922e-18 BessellI
53684.3 8.74771e-16 1.54551e-18 BessellI
53685.3 8.34757e-16 1.52939e-18 BessellI
53686.3 7.96274e-16 1.51107e-18 BessellI
53687.3 7.59293e-16 1.49074e-18 BessellI
53688.3 7.23784e-16 1.4686e-18 BessellI
53689.3 6.89715e-16 1.44484e-18 BessellI
53690.3 6.57049e-16 1.41966e-18 BessellI
53691.3 6.25751e-16 1.39322e-18 BessellI
53692.3 5.95782e-16 1.36569e-18 BessellI
53693.3 5.67103e-16 1.33724e-18 BessellI
53694.3 5.39673e-16 1.30801e-18 BessellI
53695.3 5.13453e-16 1.27816e-18 BessellI
53696.3 4.88401e-16 1.2478e-18 BessellI
53697.3 4.64477e-16 1.21708e-18 BessellI
53698.3 4.4164e-16 1.1861e-18 BessellI
53699.3 4.19849e-16 1.15496e-18 BessellI
53700.3 3.99066e-16 1.12377e-18 BessellI
53701.3 3.79251e-16 1.09262e-18 BessellI
53702.3 3.60366e-16 1.06159e-18 BessellI
53703.3 3.42372e-16 1.03074e-18 BessellI
53704.3 3.25233e-16 1.00015e-18 BessellI
53705.3 3.08913e-16 9.6988e-19 BessellI
53706.3 2.93378e-16 9.39977e-19 BessellI
53707.3 2.78592e-16 9.10491e-19 BessellI
53708.3 2.64525e-16 8.81461e-19 BessellI
53709.3 2.51142e-16 8.52925e-19 BessellI
53710.3 2.38415e-16 8.24912e-19 BessellI
53711.3 2.26314e-16 7.9745e-19 BessellI
53712.3 2.14809e-16 7.70561e-19 BessellI
53713.3 2.03873e-16 7.44262e-19 BessellI
53714.3 1.9348e-16 7.18569e-19 BessellI
53715.3 1.83605e-16 6.93493e-19 BessellI
53716.3 1.74222e-16 6.69042e-19 BessellI
53717.3 1.65309e-16 6.45222e-19 BessellI
53718.3 1.56844e-16 6.22036e-19 BessellI
53719.3 1.48804e-16 5.99486e-19 BessellI
53720.3 1.4117e-16 5.7757e-19 BessellI
53721.3 1.3392e-16 5.56287e-19 BessellI
53722.3 1.27038e-16 5.3563e-19 BessellI
53723.3 1.20505e-16 5.15596e-19 BessellI
53724.3 1.14303e-16 4.96176e-19 BessellI
53725.3 1.08416e-16 4.77364e-19 BessellI
53726.3 1.0283e-16 4.59149e-19 BessellI
53525.1 1.15344e-15 2.55456e-17 BessellR
53526.1 1.18268e-15 2.54534e-17 BessellR
53527.1 1.21263e-15 2.53425e-17 BessellR
53528.1 1.24331e-15 2.52125e-17 BessellR
53529.1 1.27474e-15 2.50629e-17 BessellR
53530.1 1.30694e-15 2.4893e-17 BessellR
53531.1 1.33991e-15 2.47023e-17 BessellR
53532.1 1.37367e-15 2.44905e-17 BessellR
53533.1 1.40825e-15 2.4257e-17 BessellR
53534.1 1.44365e-15 2.40016e-17 BessellR
53535.1 1.47989e-15 2.3724e-17 BessellR
53536.1 1.51698e-15 2.34239e-17 BessellR
53537.1 1.55495e-15 2.31012e-17 BessellR
53538.1 1.5938e-15 2.27561e-17 BessellR
53539.1 1.63356e-15 2.23886e-17 BessellR
53540.1 1.67423e-15 2.19992e-17 BessellR
53541.1 1.71582e-15 2.15884e-17 BessellR
53542.1 1.75836e-15 2.1157e-17 BessellR
53543.1 1.80186e-15 2.07062e-17 BessellR
53544.1 1.84632e-15 2.02373e-17 BessellR
53545.1 1.89177e-15 1.97522e-17 BessellR
53546.1 1.9382e-15 1.92534e-17 BessellR
53547.1 1.98564e-15 1.87436e-17 BessellR
53548.1 2.03408e-15 1.82265e-17 BessellR
53549.1 2.08354e-15 1.77065e-17 BessellR
53550.1 2.13402e-15 1.71889e-17 BessellR
53551.1 2.18553e-15 1.66798e-17 BessellR
53552.1 2.23807e-15 1.61868e-17 BessellR
53553.1 2.29165e-15 1.57186e-17 BessellR
53554.1 2.34625e-15 1.52849e-17 BessellR
53555.1 2.40188e-15 1.48971e-17 BessellR
53556.1 2.45854e-15 1.4567e-17 BessellR
53557.1 2.51621e-15 1.43076e-17 BessellR
53558.1 2.57488e-15 1.41313e-17 BessellR
53559.1 2.63454e-15 1.405e-17 BessellR
53560.1 2.69518e-15 1.40737e-17 BessellR
53561.1 2.75676e-15 1.42097e-17 BessellR
53562.1 2.81927e-15 1.44619e-17 BessellR
53563.1 2.88268e-15 1.48305e-17 BessellR
53564.1 2.94695e-15 1.5312e-17 BessellR
53565.1 3.01203e-15 1.58999e-17 BessellR
53566.1 3.0779e-15 1.65849e-17 BessellR
53567.1 3.1445e-15 1.73565e-17 BessellR
53568.1 3.21176e-15 1.82026e-17 BessellR
53569.1 3.27964e-15 1.91109e-17 BessellR
53570.1 3.34806e-15 2.0069e-17 BessellR
53571.1 3.41695e-15 2.10644e-17 BessellR
53572.1 3.48621e-15 2.20848e-17 BessellR
53573.1 3.55577e-15 2.31184e-17 BessellR
53574.1 3.62553e-15 2.41532e-17 BessellR
53575.1 3.69537e-15 2.51779e-17 BessellR
53576.1 3.76519e-15 2.6181e-17 BessellR
53577.1 3.83486e-15 2.71513e-17 BessellR
53578.1 3.90425e-15 2.80779e-17 BessellR
53579.1 3.97322e-15 2.89498e-17 BessellR
53580.1 4.04162e-15 2.97564e-17 BessellR
53581.1 4.1093e-15 3.04873e-17 BessellR
53582.1 4.17609e-15 3.11324e-17 BessellR
53583.1 4.24182e-15 3.16821e-17 BessellR
53584.1 4.30631e-15 3.21272e-17 BessellR
53585.1 4.36937e-15 3.24595e-17 BessellR
53586.1 4.43081e-15 3.26713e-17 BessellR
53587.1 4.49044e-15 3.27563e-17 BessellR
53588.1 4.54803e-15 3.27094e-17 BessellR
53589.1 4.6034e-15 3.25272e-17 BessellR
53590.1 4.65633e-15 3.22082e-17 BessellR
53591.1 4.7066e-15 3.17535e-17 BessellR
53592.1 4.75402e-15 3.11668e-17 BessellR
53593.1 4.79836e-15 3.04553e-17 BessellR
53594.1 4.83943e-15 2.96306e-17 BessellR
53595.1 4.87703e-15 2.87088e-17 BessellR
53596.1 4.91095e-15 2.77123e-17 BessellR
53597.1 4.94102e-15 2.66706e-17 BessellR
53598.1 4.96707e-15 2.56212e-17 BessellR
53599.1 4.98893e-15 2.46108e-17 BessellR
53600.1 5.00645e-15 2.36958e-17 BessellR
53601.1 5.0195e-15 2.29404e-17 BessellR
53602.1 5.02797e-15 2.24132e-17 BessellR
53603.1 5.03176e-15 2.21795e-17 BessellR
53604.1 5.03081e-15 2.2292e-17 BessellR
53605.1 5.02505e-15 2.2781e-17 BessellR
53606.1 5.01446e-15 2.36487e-17 BessellR
53607.1 4.99902e-15 2.4871e-17 BessellR
53608.1 4.97877e-15 2.64037e-17 BessellR
53609.1 4.95372e-15 2.81918e-17 BessellR
53610.1 4.92396e-15 3.01772e-17 BessellR
53611.1 4.88957e-15 3.23035e-17 BessellR
53612.1 4.85065e-15 3.45191e-17 BessellR
53613.1 4.80733e-15 3.67778e-17 BessellR
53614.1 4.75977e-15 3.90394e-17 BessellR
53615.1 4.70814e-15 4.12685e-17 BessellR
53616.1 4.65262e-15 4.34349e-17 BessellR
53617.1 4.59341e-15 4.55127e-17 BessellR
53618.1 4.53074e-15 4.74798e-17 BessellR
53619.1 4.46482e-15 4.93179e-17 BessellR
53620.1 4.39589e-15 5.10118e-17 BessellR
53621.1 4.3242e-15 5.25495e-17 BessellR
53622.1 4.24999e-15 5.39219e-17 BessellR
53623.1 4.17351e-15 5.51223e-17 BessellR
53624.1 4.09503e-15 5.61465e-17 BessellR
53625.1 4.01477e-15 5.69928e-17 BessellR
53626.1 3.93301e-15 5.76611e-17 BessellR
53627.1 3.84997e-15 5.81534e-17 BessellR
53628.1 3.7659e-15 5.84734e-17 BessellR
53629.1 3.68103e-15 5.86261e-17 BessellR
53630.1 3.59558e-15 5.86176e-17 BessellR
53631.1 3.50977e-15 5.84554e-17 BessellR
53632.1 3.42379e-15 5.81477e-17 BessellR
53633.1 3.33785e-15 5.77032e-17 BessellR
53634.1 3.25212e-15 5.71313e-17 BessellR
53635.1 3.16677e-15 5.64419e-17 BessellR
53636.1 3.08195e-15 5.56448e-17 BessellR
53637.1 2.99783e-15 5.47502e-17 BessellR
53638.1 2.91452e-15 5.3768e-17 BessellR
53639.1 2.83216e-15 5.27082e-17 BessellR
53640.1 2.75085e-15 5.15803e-17 BessellR
53641.1 2.67069e-15 5.03939e-17 BessellR
53642.1 2.59177e-15 4.91578e-17 BessellR
53643.1 2.51418e-15 4.78808e-17 BessellR
53644.1 2.43797e-15 4.65709e-17 BessellR
53645.1 2.36321e-15 4.5236e-17 BessellR
53646.1 2.28994e-15 4.38831e-17 BessellR
53647.1 2.21822e-15 4.2519e-17 BessellR
53648.1 2.14807e-15 4.11498e-17 BessellR
53649.1 2.07952e-15 3.97812e-17 BessellR
53650.1 2.01259e-15 3.84185e-17 BessellR
53651.1 1.9473e-15 3.70662e-17 BessellR
53652.1 1.88364e-15 3.57287e-17 BessellR
53653.1 1.82163e-15 3.44096e-17 BessellR
53654.1 1.76126e-15 3.31123e-17 BessellR
53655.1 1.70253e-15 3.18397e-17 BessellR
53656.1 1.64541e-15 3.05943e-17 BessellR
53657.1 1.58991e-15 2.93784e-17 BessellR
53658.1 1.536e-15 2.81937e-17 BessellR
53659.1 1.48367e-15 2.70418e-17 BessellR
53660.1 1.43289e-15 2.59239e-17 BessellR
53661.1 1.38363e-15 2.48409e-17 BessellR
53662.1 1.33587e-15 2.37936e-17 BessellR
53663.1 1.28959e-15 2.27825e-17 BessellR
53664.1 1.24475e-15 2.18079e-17 BessellR
53665.1 1.20132e-15 2.08699e-17 BessellR
53666.1 1.15928e-15 1.99683e-17 BessellR
53667.1 1.11858e-15 1.91031e-17 BessellR
53668.1 1.07921e-15 1.82739e-17 BessellR
53669.1 1.04112e-15 1.74803e-17 BessellR
53670.1 1.00429e-15 1.67216e-17 BessellR
53671.1 9.68677e-16 1.59973e-17 BessellR
53672.1 9.34253e-16 1.53066e-17 BessellR
53673.1 9.00984e-16 1.46487e-17 BessellR
53674.1 8.68839e-16 1.40227e-17 BessellR
53675.1 8.37785e-16 1.34279e-17 BessellR
53676.1 8.0779e-16 1.28631e-17 BessellR
53677.1 7.78824e-16 1.23274e-17 BessellR
53678.1 7.50854e-16 1.18198e-17 BessellR
53679.1 7.23852e-16 1.13393e-17 BessellR
53680.1 6.97786e-16 1.08848e-17 BessellR
53681.1 6.72628e-16 1.04551e-17 BessellR
53682.1 6.48349e-16 1.00493e-17 BessellR
53683.1 6.24921e-16 9.66622e-18 BessellR
53684.1 6.02316e-16 9.3048e-18 BessellR
53685.1 5.80508e-16 8.96395e-18 BessellR
53686.1 5.59471e-16 8.64261e-18 BessellR
53687.1 5.39179e-16 8.33971e-18 BessellR
53688.1 5.19608e-16 8.05422e-18 BessellR
53689.1 5.00733e-16 7.78512e-18 BessellR
53690.1 4.82531e-16 7.53143e-18 BessellR
53691.1 4.64979e-16 7.29217e-18 BessellR
53692.1 4.48055e-16 7.06641e-18 BessellR
53693.1 4.31738e-16 6.85325e-18 BessellR
53694.1 4.16007e-16 6.65183e-18 BessellR
53695.1 4.00841e-16 6.46132e-18 BessellR
53696.1 3.8622e-16 6.28093e-18 BessellR
53697.1 3.72127e-16 6.10991e-18 BessellR
53698.1 3.58543e-16 5.94757e-18 BessellR
53699.1 3.45449e-16 5.79323e-18 BessellR
53700.1 3.32829e-16 5.64627e-18 BessellR
53701.1 3.20665e-16 5.5061e-18 BessellR
53702.1 3.08942e-16 5.37219e-18 BessellR
53703.1 2.97645e-16 5.24402e-18 BessellR
53704.1 2.86757e-16 5.12114e-18 BessellR
53705.1 2.76265e-16 5.00311e-18 BessellR
53706.1 2.66154e-16 4.88953e-18 BessellR
53707.1 2.56411e-16 4.78005e-18 BessellR
53708.1 2.47023e-16 4.67434e-18 BessellR
53709.1 2.37976e-16 4.57209e-18 BessellR
53710.1 2.29259e-16 4.47303e-18 BessellR
53711.1 2.2086e-16 4.37691e-18 BessellR
53712.1 2.12767e-16 4.28351e-18 BessellR
53713.1 2.04969e-16 4.19263e-18 BessellR
53714.1 1.97456e-16 4.10409e-18 BessellR
53715.1 1.90218e-16 4.01772e-18 BessellR
53716.1 1.83244e-16 3.93338e-18 BessellR
53717.1 1.76524e-16 3.85094e-18 BessellR
53718.1 1.70051e-16 3.77029e-18 BessellR
53719.1 1.63814e-16 3.69131e-18 BessellR
53720.1 1.57805e-16 3.61393e-18 BessellR
53721.1 1.52016e-16 3.53806e-18 BessellR
53722.1 1.46439e-16 3.46363e-18 BessellR
53723.1 1.41067e-16 3.39057e-18 BessellR
53724.1 1.3589e-16 3.31883e-18 BessellR
53725.1 1.30904e-16 3.24837e-18 BessellR
53726.1 1.261e-16 3.17913e-18 BessellR
53727.1 1.21472e-16 3.11109e-18 BessellR
53728.1 1.17014e-16 3.0442e-18 BessellR
53729.1 1.12719e-16 2.97844e-18 BessellR
53730.1 1.08582e-16 2.91379e-18 BessellR
53731.1 1.04596e-16 2.85022e-18 BessellR
53732.1 1.00756e-16 2.78771e-18 BessellR
53733.1 9.70573e-17 2.72624e-18 BessellR
53734.1 9.34942e-17 2.6658e-18 BessellR
53735.1 9.00617e-17 2.60637e-18 BessellR
53736.1 8.67551e-17 2.54794e-18 BessellR
53737.1 8.35698e-17 2.49051e-18 BessellR
53738.1 8.05014e-17 2.43405e-18 BessellR
53739.1 7.75456e-17 2.37856e-18 BessellR
53740.1 7.46982e-17 2.32404e-18 BessellR
53741.1 7.19554e-17 2.27046e-18 BessellR
53742.1 6.93132e-17 2.21783e-18 BessellR
53743.1 6.67679e-17 2.16614e-18 BessellR
53744.1 6.43161e-17 2.11537e-18 BessellR
53745.1 6.19543e-17 2.06552e-18 BessellR
53746.1 5.96792e-17 2.01659e-18 BessellR
53747.1 5.74876e-17 1.96856e-18 BessellR
53748.1 5.53765e-17 1.92142e-18 BessellR
53749.1 5.33428e-17 1.87518e-18 BessellR
53750.1 5.13839e-17 1.82982e-18 BessellR
53751.1 4.94968e-17 1.78533e-18 BessellR
53752.1 4.76791e-17 1.74171e-18 BessellR
53753.1 4.59281e-17 1.69895e-18 BessellR
53754.1 4.42414e-17 1.65703e-18 BessellR
53755.1 4.26166e-17 1.61595e-18 BessellR
53756.1 4.10515e-17 1.57571e-18 BessellR
53757.1 3.95438e-17 1.53629e-18 BessellR
53758.1 3.80916e-17 1.49767e-18 BessellR
53759.1 3.66926e-17 1.45987e-18 BessellR
53760.1 3.53451e-17 1.42285e-18 BessellR
53761.1 3.4047e-17 1.38662e-18 BessellR
53762.1 3.27966e-17 1.35116e-18 BessellR
53763.1 3.15921e-17 1.31647e-18 BessellR
53764.1 3.04318e-17 1.28253e-18 BessellR
53765.1 2.93142e-17 1.24933e-18 BessellR
53766.1 2.82376e-17 1.21686e-18 BessellR
53767.1 2.72006e-17 1.18512e-18 BessellR
53768.1 2.62016e-17 1.15409e-18 BessellR
53769.1 2.52393e-17 1.12375e-18 BessellR
53770.1 2.43124e-17 1.09411e-18 BessellR
53771.1 2.34195e-17 1.06514e-18 BessellR
53772.1 2.25594e-17 1.03684e-18 BessellR
53773.1 2.17309e-17 1.0092e-18 BessellR
53774.1 2.09328e-17 9.82205e-19 BessellR
53775.1 2.01641e-17 9.55843e-19 BessellR
53776.1 1.94236e-17 9.30104e-19 BessellR
53777.1 1.87102e-17 9.04977e-19 BessellR
53778.1 1.80231e-17 8.80452e-19 BessellR
53779.1 1.73612e-17 8.56518e-19 BessellR
53780.1 1.67236e-17 8.33163e-19 BessellR
53781.1 1.61095e-17 8.10376e-19 BessellR
53782.1 1.55179e-17 7.88148e-19 BessellR
53783.1 1.4948e-17 7.66466e-19 BessellR
53784.1 1.43991e-17 7.45321e-19 BessellR
53785.1 1.38703e-17 7.24702e-19 BessellR
53786.1 1.33609e-17 7.04598e-19 BessellR
53787.1 1.28703e-17 6.84999e-19 BessellR
53788.1 1.23976e-17 6.65895e-19 BessellR
53789.1 1.19424e-17 6.47275e-19 BessellR
53790.1 1.15038e-17 6.29129e-19 BessellR
53791.1 1.10814e-17 6.11448e-19 BessellR
53792.1 1.06744e-17 5.94221e-19 BessellR
53793.1 1.02824e-17 5.77438e-19 BessellR
53794.1 9.90486e-18 5.61091e-19 BessellR
53795.1 9.54114e-18 5.45168e-19 BessellR
53796.1 9.19077e-18 5.29662e-19 BessellR
53797.1 8.85328e-18 5.14563e-19 BessellR
53798.1 8.52818e-18 4.99861e-19 BessellR
53799.1 8.21502e-18 4.85547e-19 BessellR
53800.1 7.91337e-18 4.71613e-19 BessellR
53801.1 7.62279e-18 4.58051e-19 BessellR
53802.1 7.34288e-18 4.4485e-19 BessellR
53803.1 7.07325e-18 4.32004e-19 BessellR
53804.1 6.81353e-18 4.19503e-19 BessellR
53805.1 6.56334e-18 4.07339e-19 BessellR
53806.1 6.32234e-18 3.95505e-19 BessellR
53807.1 6.09019e-18 3.83993e-19 BessellR
53808.1 5.86657e-18 3.72794e-19 BessellR
53809.1 5.65116e-18 3.61901e-19 BessellR
53810.1 5.44366e-18 3.51307e-19 BessellR
53811.1 5.24378e-18 3.41005e-19 BessellR
53812.1 5.05125e-18 3.30986e-19 BessellR
53813.1 4.86578e-18 3.21245e-19 BessellR
53814.1 4.68712e-18 3.11774e-19 BessellR
53815.1 4.51503e-18 3.02566e-19 BessellR
53816.1 4.34925e-18 2.93615e-19 BessellR
53817.1 4.18956e-18 2.84915e-19 BessellR
53818.1 4.03574e-18 2.76458e-19 BessellR
53819.1 3.88756e-18 2.68239e-19 BessellR
53820.1 3.74483e-18 2.60252e-19 BessellR
53821.1 3.60734e-18 2.5249e-19 BessellR
53822.1 3.47489e-18 2.44948e-19 BessellR
53823.1 3.34731e-18 2.37621e-19 BessellR
53824.1 3.22442e-18 2.30501e-19 BessellR
53825.1 3.10604e-18 2.23585e-19 BessellR
53826.1 2.992e-18 2.16867e-19 BessellR
53827.1 2.88215e-18 2.10341e-19 BessellR
53828.1 2.77634e-18 2.04002e-19 BessellR
53829.1 2.67441e-18 1.97846e-19 BessellR
53830.1 2.57623e-18 1.91867e-19 BessellR
53831.1 2.48164e-18 1.86061e-19 BessellR
53832.1 2.39054e-18 1.80423e-19 BessellR
53833.1 2.30278e-18 1.74949e-19 BessellR
53834.1 2.21824e-18 1.69633e-19 BessellR
53835.1 2.1368e-18 1.64473e-19 BessellR
53836.1 2.05835e-18 1.59463e-19 BessellR
53837.1 1.98279e-18 1.546e-19 BessellR
53838.1 1.91e-18 1.49879e-19 BessellR
53839.1 1.83988e-18 1.45297e-19 BessellR
53840.1 1.77234e-18 1.40849e-19 BessellR
53841.1 1.70728e-18 1.36532e-19 BessellR
53842.1 1.6446e-18 1.32343e-19 BessellR
53843.1 1.58423e-18 1.28278e-19 BessellR
53844.1 1.52607e-18 1.24332e-19 BessellR
53845.1 1.47005e-18 1.20504e-19 BessellR
53846.1 1.41609e-18 1.1679e-19 BessellR
53847.1 1.3641e-18 1.13186e-19 BessellR
53848.1 1.31403e-18 1.09689e-19 BessellR
53849.1 1.26579e-18 1.06297e-19 BessellR
53850.1 1.21933e-18 1.03006e-19 BessellR
53851.1 1.17457e-18 9.98138e-20 BessellR
53852.1 1.13145e-18 9.67172e-20 BessellR
53853.1 1.08992e-18 9.37135e-20 BessellR
53854.1 1.04991e-18 9.08002e-20 BessellR
53855.1 1.01138e-18 8.79746e-20 BessellR
53856.1 9.74251e-19 8.52343e-20 BessellR
53857.1 9.3849e-19 8.25766e-20 BessellR
53858.1 9.04042e-19 7.99994e-20 BessellR
53859.1 8.70858e-19 7.75001e-20 BessellR
53860.1 8.38893e-19 7.50767e-20 BessellR
53861.1 8.08101e-19 7.27269e-20 BessellR
53862.1 7.7844e-19 7.04484e-20 BessellR
53863.1 7.49867e-19 6.82394e-20 BessellR
53864.1 7.22344e-19 6.60977e-20 BessellR
53865.1 6.95831e-19 6.40213e-20 BessellR
53866.1 6.70291e-19 6.20084e-20 BessellR
53867.1 6.45689e-19 6.0057e-20 BessellR
53868.1 6.21989e-19 5.81655e-20 BessellR
53869.1 5.9916e-19 5.63319e-20 BessellR
53870.1 5.77169e-19 5.45547e-20 BessellR
53871.1 5.55986e-19 5.28321e-20 BessellR
53872.1 5.3558e-19 5.11624e-20 BessellR
53873.1 5.15923e-19 4.95443e-20 BessellR
53874.1 4.96987e-19 4.7976e-20 BessellR
53875.1 4.78747e-19 4.64562e-20 BessellR
53876.1 4.61176e-19 4.49833e-20 BessellR
53877.1 4.4425e-19 4.3556e-20 BessellR
53878.1 4.27946e-19 4.2173e-20 BessellR
53879.1 4.1224e-19 4.08328e-20 BessellR
53880.1 3.97111e-19 3.95342e-20 BessellR
53881.1 3.82536e-19 3.8276e-20 BessellR
53882.1 3.68497e-19 3.70569e-20 BessellR
53883.1 3.54974e-19 3.58758e-20 BessellR
53884.1 3.41946e-19 3.47315e-20 BessellR
53885.1 3.29397e-19 3.36229e-20 BessellR
53886.1 3.17308e-19 3.25489e-20 BessellR
53887.1 3.05664e-19 3.15085e-20 BessellR
53888.1 2.94446e-19 3.05007e-20 BessellR
53889.1 2.83641e-19 2.95244e-20 BessellR
53890.1 2.73232e-19 2.85787e-20 BessellR
53891.1 2.63205e-19 2.76626e-20 BessellR
53468.1 2.73702e-15 4.76131e-17 BessellV
53469.1 2.76477e-15 4.75621e-17 BessellV
53470.1 2.79271e-15 4.75033e-17 BessellV
53471.1 2.82086e-15 4.74365e-17 BessellV
53472.1 2.8492e-15 4.73615e-17 BessellV
53473.1 2.87773e-15 4.72782e-17 BessellV
53474.1 2.90646e-15 4.71865e-17 BessellV
53475.1 2.93537e-15 4.70861e-17 BessellV
53476.1 2.96447e-15 4.69769e-17 BessellV
53477.1 2.99374e-15 4.68588e-17 BessellV
53478.1 3.0232e-15 4.67317e-17 BessellV
53479.1 3.05284e-15 4.65953e-17 BessellV
53480.1 3.08265e-15 4.64496e-17 BessellV
53481.1 3.11262e-15 4.62944e-17 BessellV
53482.1 3.14276e-15 4.61295e-17 BessellV
53483.1 3.17307e-15 4.59548e-17 BessellV
53484.1 3.20352e-15 4.57703e-17 BessellV
53485.1 3.23413e-15 4.55756e-17 BessellV
53486.1 3.26489e-15 4.53709e-17 BessellV
53487.1 3.29579e-15 4.51558e-17 BessellV
53488.1 3.32683e-15 4.49303e-17 BessellV
53489.1 3.358e-15 4.46942e-17 BessellV
53490.1 3.38929e-15 4.44475e-17 BessellV
53491.1 3.4207e-15 4.41901e-17 BessellV
53492.1 3.45223e-15 4.39218e-17 BessellV
53493.1 3.48386e-15 4.36426e-17 BessellV
53494.1 3.51559e-15 4.33524e-17 BessellV
53495.1 3.54742e-15 4.3051e-17 BessellV
53496.1 3.57932e-15 4.27385e-17 BessellV
53497.1 3.61131e-15 4.24148e-17 BessellV
53498.1 3.64336e-15 4.20797e-17 BessellV
53499.1 3.67547e-15 4.17334e-17 BessellV
53500.1 3.70764e-15 4.13756e-17 BessellV
53501.1 3.73984e-15 4.10065e-17 BessellV
53502.1 3.77208e-15 4.0626e-17 BessellV
53503.1 3.80434e-15 4.02341e-17 BessellV
53504.1 3.83661e-15 3.98308e-17 BessellV
53505.1 3.86889e-15 3.94161e-17 BessellV
53506.1 3.90115e-15 3.89902e-17 BessellV
53507.1 3.9334e-15 3.85529e-17 BessellV
53508.1 3.96562e-15 3.81044e-17 BessellV
53509.1 3.99779e-15 3.76448e-17 BessellV
53510.1 4.0299e-15 3.71742e-17 BessellV
53511.1 4.06195e-15 3.66927e-17 BessellV
53512.1 4.09391e-15 3.62004e-17 BessellV
53513.1 4.12578e-15 3.56975e-17 BessellV
53514.1 4.15755e-15 3.51841e-17 BessellV
53515.1 4.18919e-15 3.46605e-17 BessellV
53516.1 4.22069e-15 3.41269e-17 BessellV
53517.1 4.25204e-15 3.35834e-17 BessellV
53518.1 4.28322e-15 3.30303e-17 BessellV
53519.1 4.31422e-15 3.2468e-17 BessellV
53520.1 4.34503e-15 3.18968e-17 BessellV
53521.1 4.37562e-15 3.13168e-17 BessellV
53522.1 4.40598e-15 3.07286e-17 BessellV
53523.1 4.43609e-15 3.01325e-17 BessellV
53524.1 4.46593e-15 2.95289e-17 BessellV
53525.1 4.4955e-15 2.89182e-17 BessellV
53526.1 4.52476e-15 2.8301e-17 BessellV
53527.1 4.55371e-15 2.76776e-17 BessellV
53528.1 4.58232e-15 2.70487e-17 BessellV
53529.1 4.61058e-15 2.64148e-17 BessellV
53530.1 4.63846e-15 2.57765e-17 BessellV
53531.1 4.66595e-15 2.51344e-17 BessellV
53532.1 4.69303e-15 2.44892e-17 BessellV
53533.1 4.71969e-15 2.38417e-17 BessellV
53534.1 4.74589e-15 2.31926e-17 BessellV
53535.1 4.77162e-15 2.25426e-17 BessellV
53536.1 4.79686e-15 2.18927e-17 BessellV
53537.1 4.8216e-15 2.12437e-17 BessellV
53538.1 4.8458e-15 2.05966e-17 BessellV
53539.1 4.86946e-15 1.99524e-17 BessellV
53540.1 4.89255e-15 1.93121e-17 BessellV
53541.1 4.91505e-15 1.8677e-17 BessellV
53542.1 4.93694e-15 1.80481e-17 BessellV
53543.1 4.95821e-15 1.74267e-17 BessellV
53544.1 4.97883e-15 1.68142e-17 BessellV
53545.1 4.99878e-15 1.6212e-17 BessellV
53546.1 5.01804e-15 1.56217e-17 BessellV
53547.1 5.0366e-15 1.50447e-17 BessellV
53548.1 5.05444e-15 1.44828e-17 BessellV
53549.1 5.07153e-15 1.39378e-17 BessellV
53550.1 5.08786e-15 1.34115e-17 BessellV
53551.1 5.10341e-15 1.29059e-17 BessellV
53552.1 5.11816e-15 1.24229e-17 BessellV
53553.1 5.1321e-15 1.19647e-17 BessellV
53554.1 5.14521e-15 1.15334e-17 BessellV
53555.1 5.15747e-15 1.11309e-17 BessellV
53556.1 5.16886e-15 1.07593e-17 BessellV
53557.1 5.17938e-15 1.04205e-17 BessellV
53558.1 5.18901e-15 1.01161e-17 BessellV
53559.1 5.19772e-15 9.84747e-18 BessellV
53560.1 5.20552e-15 9.61565e-18 BessellV
53561.1 5.21239e-15 9.42116e-18 BessellV
53562.1 5.2183e-15 9.26405e-18 BessellV
53563.1 5.22327e-15 9.14379e-18 BessellV
53564.1 5.22726e-15 9.05929e-18 BessellV
53565.1 5.23028e-15 9.00892e-18 BessellV
53566.1 5.23232e-15 8.99054e-18 BessellV
53567.1 5.23336e-15 9.00162e-18 BessellV
53568.1 5.2334e-15 9.0393e-18 BessellV
53569.1 5.23243e-15 9.10053e-18 BessellV
53570.1 5.23046e-15 9.18213e-18 BessellV
53571.1 5.22747e-15 9.28094e-18 BessellV
53572.1 5.22346e-15 9.39386e-18 BessellV
53573.1 5.21842e-15 9.51793e-18 BessellV
53574.1 5.21237e-15 9.65036e-18 BessellV
53575.1 5.2053e-15 9.78858e-18 BessellV
53576.1 5.1972e-15 9.93023e-18 BessellV
53577.1 5.18808e-15 1.00732e-17 BessellV
53578.1 5.17795e-15 1.02156e-17 BessellV
53579.1 5.1668e-15 1.03558e-17 BessellV
53580.1 5.15465e-15 1.04923e-17 BessellV
53581.1 5.14149e-15 1.06239e-17 BessellV
53582.1 5.12734e-15 1.07496e-17 BessellV
53583.1 5.11219e-15 1.08684e-17 BessellV
53584.1 5.09608e-15 1.09798e-17 BessellV
53585.1 5.07899e-15 1.1083e-17 BessellV
53586.1 5.06094e-15 1.11777e-17 BessellV
53587.1 5.04195e-15 1.12637e-17 BessellV
53588.1 5.02202e-15 1.13407e-17 BessellV
53589.1 5.00118e-15 1.14088e-17 BessellV
53590.1 4.97942e-15 1.1468e-17 BessellV
53591.1 4.95678e-15 1.15184e-17 BessellV
53592.1 4.93327e-15 1.15603e-17 BessellV
53593.1 4.90889e-15 1.1594e-17 BessellV
53594.1 4.88368e-15 1.16199e-17 BessellV
53595.1 4.85764e-15 1.16385e-17 BessellV
53596.1 4.8308e-15 1.16503e-17 BessellV
53597.1 4.80318e-15 1.16559e-17 BessellV
53598.1 4.7748e-15 1.1656e-17 BessellV
53599.1 4.74567e-15 1.16512e-17 BessellV
53600.1 4.71582e-15 1.16423e-17 BessellV
53601.1 4.68528e-15 1.16299e-17 BessellV
53602.1 4.65405e-15 1.1615e-17 BessellV
53603.1 4.62218e-15 1.15983e-17 BessellV
53604.1 4.58967e-15 1.15806e-17 BessellV
53605.1 4.55655e-15 1.15628e-17 BessellV
53606.1 4.52285e-15 1.15456e-17 BessellV
53607.1 4.48858e-15 1.15298e-17 BessellV
53608.1 4.45378e-15 1.15163e-17 BessellV
53609.1 4.41847e-15 1.15058e-17 BessellV
53610.1 4.38267e-15 1.1499e-17 BessellV
53611.1 4.3464e-15 1.14965e-17 BessellV
53612.1 4.30969e-15 1.14991e-17 BessellV
53613.1 4.27257e-15 1.15072e-17 BessellV
53614.1 4.23506e-15 1.15214e-17 BessellV
53615.1 4.19717e-15 1.15421e-17 BessellV
53616.1 4.15895e-15 1.15697e-17 BessellV
53617.1 4.1204e-15 1.16045e-17 BessellV
53618.1 4.08156e-15 1.16466e-17 BessellV
53619.1 4.04245e-15 1.16962e-17 BessellV
53620.1 4.00308e-15 1.17533e-17 BessellV
53621.1 3.96349e-15 1.1818e-17 BessellV
53622.1 3.9237e-15 1.18902e-17 BessellV
53623.1 3.88372e-15 1.19696e-17 BessellV
53624.1 3.84359e-15 1.20561e-17 BessellV
53625.1 3.80332e-15 1.21494e-17 BessellV
53626.1 3.76293e-15 1.22491e-17 BessellV
53627.1 3.72244e-15 1.23549e-17 BessellV
53628.1 3.68189e-15 1.24664e-17 BessellV
53629.1 3.64127e-15 1.2583e-17 BessellV
53630.1 3.60062e-15 1.27045e-17 BessellV
53631.1 3.55995e-15 1.28302e-17 BessellV
53632.1 3.51929e-15 1.29596e-17 BessellV
53633.1 3.47864e-15 1.30923e-17 BessellV
53634.1 3.43804e-15 1.32277e-17 BessellV
53635.1 3.39748e-15 1.33654e-17 BessellV
53636.1 3.357e-15 1.35048e-17 BessellV
53637.1 3.31661e-15 1.36455e-17 BessellV
53638.1 3.27632e-15 1.37869e-17 BessellV
53639.1 3.23614e-15 1.39287e-17 BessellV
53640.1 3.1961e-15 1.40702e-17 BessellV
53641.1 3.15621e-15 1.42113e-17 BessellV
53642.1 3.11647e-15 1.43513e-17 BessellV
53643.1 3.07691e-15 1.44899e-17 BessellV
53644.1 3.03754e-15 1.46269e-17 BessellV
53645.1 2.99836e-15 1.47617e-17 BessellV
53646.1 2.95939e-15 1.48942e-17 BessellV
53647.1 2.92063e-15 1.50239e-17 BessellV
53648.1 2.88211e-15 1.51507e-17 BessellV
53649.1 2.84383e-15 1.52742e-17 BessellV
53650.1 2.8058e-15 1.53943e-17 BessellV
53651.1 2.76802e-15 1.55107e-17 BessellV
53652.1 2.73052e-15 1.56232e-17 BessellV
53653.1 2.69328e-15 1.57317e-17 BessellV
53654.1 2.65633e-15 1.58359e-17 BessellV
53655.1 2.61967e-15 1.59358e-17 BessellV
53656.1 2.58331e-15 1.60313e-17 BessellV
53657.1 2.54724e-15 1.61222e-17 BessellV
53658.1 2.51149e-15 1.62084e-17 BessellV
53659.1 2.47605e-15 1.62899e-17 BessellV
53660.1 2.44092e-15 1.63666e-17 BessellV
53661.1 2.40612e-15 1.64384e-17 BessellV
53662.1 2.37165e-15 1.65054e-17 BessellV
53663.1 2.33751e-15 1.65675e-17 BessellV
53664.1 2.3037e-15 1.66247e-17 BessellV
53665.1 2.27023e-15 1.66769e-17 BessellV
53666.1 2.23711e-15 1.67243e-17 BessellV
53667.1 2.20433e-15 1.67668e-17 BessellV
53668.1 2.17189e-15 1.68044e-17 BessellV
53669.1 2.1398e-15 1.68372e-17 BessellV
53670.1 2.10806e-15 1.68652e-17 BessellV
53671.1 2.07667e-15 1.68885e-17 BessellV
53672.1 2.04564e-15 1.69071e-17 BessellV
53673.1 2.01495e-15 1.6921e-17 BessellV
53674.1 1.98463e-15 1.69305e-17 BessellV
53675.1 1.95465e-15 1.69354e-17 BessellV
53676.1 1.92503e-15 1.69359e-17 BessellV
53677.1 1.89577e-15 1.69321e-17 BessellV
53678.1 1.86686e-15 1.6924e-17 BessellV
53679.1 1.8383e-15 1.69117e-17 BessellV
53680.1 1.81009e-15 1.68953e-17 BessellV
53681.1 1.78224e-15 1.6875e-17 BessellV
53682.1 1.75474e-15 1.68507e-17 BessellV
53683.1 1.72759e-15 1.68226e-17 BessellV
53684.1 1.70079e-15 1.67908e-17 BessellV
53685.1 1.67434e-15 1.67553e-17 BessellV
53686.1 1.64823e-15 1.67163e-17 BessellV
53687.1 1.62246e-15 1.66739e-17 BessellV
53688.1 1.59704e-15 1.66281e-17 BessellV
53689.1 1.57196e-15 1.65791e-17 BessellV
53690.1 1.54722e-15 1.65269e-17 BessellV
53691.1 1.52281e-15 1.64717e-17 BessellV
53692.1 1.49874e-15 1.64135e-17 BessellV
53693.1 1.475e-15 1.63525e-17 BessellV
53694.1 1.45159e-15 1.62887e-17 BessellV
53695.1 1.4285e-15 1.62222e-17 BessellV
53696.1 1.40574e-15 1.61532e-17 BessellV
53697.1 1.3833e-15 1.60816e-17 BessellV
53698.1 1.36118e-15 1.60077e-17 BessellV
53699.1 1.33937e-15 1.59315e-17 BessellV
53700.1 1.31788e-15 1.58531e-17 BessellV
53701.1 1.29669e-15 1.57725e-17 BessellV
