53019.2 2.77144e-15 4.13682e-17 BessellB
53020.2 2.73882e-15 3.99936e-17 BessellB
53021.2 2.70659e-15 3.8653e-17 BessellB
53022.2 2.67473e-15 3.73463e-17 BessellB
53023.2 2.64325e-15 3.60732e-17 BessellB
53024.2 2.61214e-15 3.48336e-17 BessellB
53025.2 2.5814e-15 3.36275e-17 BessellB
53026.2 2.55102e-15 3.24547e-17 BessellB
53027.2 2.521e-15 3.13154e-17 BessellB
53028.2 2.49133e-15 3.02094e-17 BessellB
53029.2 2.46201e-15 2.91369e-17 BessellB
53030.2 2.43304e-15 2.8098e-17 BessellB
53031.2 2.40441e-15 2.70928e-17 BessellB
53032.2 2.37611e-15 2.61216e-17 BessellB
53033.2 2.34815e-15 2.51845e-17 BessellB
53034.2 2.32052e-15 2.4282e-17 BessellB
53035.2 2.29321e-15 2.34143e-17 BessellB
53036.2 2.26622e-15 2.25818e-17 BessellB
53037.2 2.23956e-15 2.17851e-17 BessellB
53038.2 2.2132e-15 2.10245e-17 BessellB
53039.2 2.18716e-15 2.03006e-17 BessellB
53040.2 2.16142e-15 1.96139e-17 BessellB
53041.2 2.13599e-15 1.8965e-17 BessellB
53042.2 2.11086e-15 1.83545e-17 BessellB
53043.2 2.08602e-15 1.77829e-17 BessellB
53044.2 2.06148e-15 1.72506e-17 BessellB
53045.2 2.03722e-15 1.67581e-17 BessellB
53046.2 2.01325e-15 1.63057e-17 BessellB
53047.2 1.98956e-15 1.58937e-17 BessellB
53048.2 1.96615e-15 1.55221e-17 BessellB
53049.2 1.94302e-15 1.51909e-17 BessellB
53050.2 1.92016e-15 1.48996e-17 BessellB
53051.2 1.89757e-15 1.46478e-17 BessellB
53052.2 1.87524e-15 1.44347e-17 BessellB
53053.2 1.85318e-15 1.42593e-17 BessellB
53054.2 1.83137e-15 1.41203e-17 BessellB
53055.2 1.80983e-15 1.40164e-17 BessellB
53056.2 1.78853e-15 1.39459e-17 BessellB
53057.2 1.76749e-15 1.39069e-17 BessellB
53058.2 1.7467e-15 1.38974e-17 BessellB
53059.2 1.72615e-15 1.39155e-17 BessellB
53060.2 1.70584e-15 1.39589e-17 BessellB
53061.2 1.68577e-15 1.40255e-17 BessellB
53062.2 1.66594e-15 1.41131e-17 BessellB
53063.2 1.64634e-15 1.42197e-17 BessellB
53064.2 1.62697e-15 1.43432e-17 BessellB
53065.2 1.60783e-15 1.44815e-17 BessellB
53066.2 1.58891e-15 1.46329e-17 BessellB
53067.2 1.57021e-15 1.47954e-17 BessellB
53068.2 1.55174e-15 1.49675e-17 BessellB
53069.2 1.53348e-15 1.51476e-17 BessellB
53070.2 1.51544e-15 1.53341e-17 BessellB
53071.2 1.4976e-15 1.55259e-17 BessellB
53072.2 1.47998e-15 1.57215e-17 BessellB
53073.2 1.46256e-15 1.59199e-17 BessellB
53074.2 1.44535e-15 1.612e-17 BessellB
53075.2 1.42833e-15 1.63207e-17 BessellB
53076.2 1.41152e-15 1.65213e-17 BessellB
53077.2 1.3949e-15 1.67207e-17 BessellB
53078.2 1.37847e-15 1.69183e-17 BessellB
53079.2 1.36224e-15 1.71132e-17 BessellB
53080.2 1.34619e-15 1.73048e-17 BessellB
53081.2 1.33032e-15 1.74924e-17 BessellB
53082.2 1.31464e-15 1.76752e-17 BessellB
53083.2 1.29914e-15 1.78527e-17 BessellB
53084.2 1.28381e-15 1.80243e-17 BessellB
53085.2 1.26866e-15 1.81892e-17 BessellB
53086.2 1.25367e-15 1.83468e-17 BessellB
53087.2 1.23886e-15 1.84965e-17 BessellB
53088.2 1.2242e-15 1.86377e-17 BessellB
53089.2 1.20971e-15 1.87695e-17 BessellB
53090.2 1.19536e-15 1.88914e-17 BessellB
53091.2 1.18117e-15 1.90025e-17 BessellB
53092.2 1.16713e-15 1.91021e-17 BessellB
53093.2 1.15322e-15 1.91894e-17 BessellB
53094.2 1.13945e-15 1.92637e-17 BessellB
53095.2 1.1258e-15 1.93241e-17 BessellB
53096.2 1.11228e-15 1.937e-17 BessellB
53097.2 1.09887e-15 1.94007e-17 BessellB
53098.2 1.08556e-15 1.94157e-17 BessellB
53099.2 1.07234e-15 1.94146e-17 BessellB
53100.2 1.0592e-15 1.93974e-17 BessellB
53101.2 1.04612e-15 1.93644e-17 BessellB
53102.2 1.03309e-15 1.93167e-17 BessellB
53103.2 1.02009e-15 1.9256e-17 BessellB
53104.2 1.0071e-15 1.9185e-17 BessellB
53105.2 9.94082e-16 1.91078e-17 BessellB
53106.2 9.81017e-16 1.90304e-17 BessellB
53107.2 9.67865e-16 1.89603e-17 BessellB
53108.2 9.54585e-16 1.89081e-17 BessellB
53109.2 9.41128e-16 1.88865e-17 BessellB
53110.2 9.27435e-16 1.89114e-17 BessellB
53111.2 9.13441e-16 1.90007e-17 BessellB
53112.2 8.99068e-16 1.91744e-17 BessellB
53113.2 8.84224e-16 1.94525e-17 BessellB
53114.2 8.68804e-16 1.98529e-17 BessellB
53115.2 8.5269e-16 2.03887e-17 BessellB
53116.2 8.35742e-16 2.10651e-17 BessellB
53117.2 8.17806e-16 2.18772e-17 BessellB
53118.2 7.98711e-16 2.28076e-17 BessellB
53119.2 7.78268e-16 2.38269e-17 BessellB
53120.2 7.56278e-16 2.48955e-17 BessellB
53121.2 7.32538e-16 2.59692e-17 BessellB
53122.2 7.0685e-16 2.70069e-17 BessellB
53123.2 6.79039e-16 2.79846e-17 BessellB
53124.2 6.48972e-16 2.89114e-17 BessellB
53125.2 6.16588e-16 2.98463e-17 BessellB
53126.2 5.81922e-16 3.09066e-17 BessellB
53127.2 5.45135e-16 3.22515e-17 BessellB
53128.2 5.06538e-16 3.40321e-17 BessellB
53129.2 4.66591e-16 3.6316e-17 BessellB
53130.2 4.25893e-16 3.90272e-17 BessellB
53131.2 3.85144e-16 4.19422e-17 BessellB
53132.2 3.45082e-16 4.47453e-17 BessellB
53133.2 3.06423e-16 4.71108e-17 BessellB
53134.2 2.69792e-16 4.87754e-17 BessellB
53135.2 2.35682e-16 4.95786e-17 BessellB
53136.2 2.04426e-16 4.94723e-17 BessellB
53137.2 1.76199e-16 4.85046e-17 BessellB
53138.2 1.51036e-16 4.67916e-17 BessellB
53139.2 1.28855e-16 4.44868e-17 BessellB
53140.2 1.09491e-16 4.17548e-17 BessellB
53141.2 9.27264e-17 3.87524e-17 BessellB
53142.2 7.83122e-17 3.56167e-17 BessellB
53143.2 6.59908e-17 3.24606e-17 BessellB
53144.2 5.55088e-17 2.93712e-17 BessellB
53145.2 4.6627e-17 2.64118e-17 BessellB
53146.2 3.9125e-17 2.36251e-17 BessellB
53147.2 3.28049e-17 2.10371e-17 BessellB
53148.2 2.74914e-17 1.86605e-17 BessellB
53149.2 2.30313e-17 1.64982e-17 BessellB
53150.2 1.92921e-17 1.45457e-17 BessellB
53151.2 1.61601e-17 1.27939e-17 BessellB
53152.2 1.35384e-17 1.12305e-17 BessellB
53153.2 1.13446e-17 9.84147e-18 BessellB
53154.2 9.50929e-18 8.61189e-18 BessellB
53155.2 7.97401e-18 7.52693e-18 BessellB
53156.2 6.68959e-18 6.5721e-18 BessellB
53157.2 5.61483e-18 5.73368e-18 BessellB
53158.2 4.71524e-18 4.99885e-18 BessellB
53159.2 3.96202e-18 4.35583e-18 BessellB
53160.2 3.33107e-18 3.7939e-18 BessellB
53161.2 2.8023e-18 3.30337e-18 BessellB
53162.2 2.35892e-18 2.87555e-18 BessellB
53163.2 1.98695e-18 2.50272e-18 BessellB
53164.2 1.6747e-18 2.17801e-18 BessellB
53165.2 1.41243e-18 1.89533e-18 BessellB
53166.2 1.192e-18 1.64935e-18 BessellB
53167.2 1.00662e-18 1.43536e-18 BessellB
53168.2 8.50614e-19 1.24925e-18 BessellB
53169.2 7.19247e-19 1.08739e-18 BessellB
53170.2 6.08555e-19 9.46653e-19 BessellB
53171.2 5.15223e-19 8.24274e-19 BessellB
53172.2 4.36478e-19 7.17858e-19 BessellB
53173.2 3.69997e-19 6.25318e-19 BessellB
53174.2 3.13834e-19 5.44837e-19 BessellB
53175.2 2.66357e-19 4.74834e-19 BessellB
53176.2 2.26198e-19 4.13935e-19 BessellB
53177.2 1.92207e-19 3.60948e-19 BessellB
53178.2 1.63418e-19 3.14834e-19 BessellB
53179.2 1.39022e-19 2.74693e-19 BessellB
53019.2 1.18116e-15 1.38035e-17 BessellI
53020.2 1.19004e-15 1.34317e-17 BessellI
53021.2 1.19894e-15 1.30586e-17 BessellI
53022.2 1.20785e-15 1.26847e-17 BessellI
53023.2 1.21678e-15 1.23102e-17 BessellI
53024.2 1.22572e-15 1.19357e-17 BessellI
53025.2 1.23467e-15 1.15616e-17 BessellI
53026.2 1.24363e-15 1.11884e-17 BessellI
53027.2 1.25258e-15 1.08166e-17 BessellI
53028.2 1.26153e-15 1.0447e-17 BessellI
53029.2 1.27048e-15 1.00801e-17 BessellI
53030.2 1.27941e-15 9.7166e-18 BessellI
53031.2 1.28833e-15 9.35734e-18 BessellI
53032.2 1.29722e-15 9.00314e-18 BessellI
53033.2 1.30609e-15 8.6549e-18 BessellI
53034.2 1.31493e-15 8.31362e-18 BessellI
53035.2 1.32372e-15 7.98036e-18 BessellI
53036.2 1.33247e-15 7.65627e-18 BessellI
53037.2 1.34117e-15 7.3426e-18 BessellI
53038.2 1.34982e-15 7.04064e-18 BessellI
53039.2 1.35839e-15 6.75181e-18 BessellI
53040.2 1.36689e-15 6.47754e-18 BessellI
53041.2 1.37532e-15 6.21934e-18 BessellI
53042.2 1.38365e-15 5.97869e-18 BessellI
53043.2 1.39188e-15 5.75706e-18 BessellI
53044.2 1.40001e-15 5.55581e-18 BessellI
53045.2 1.40801e-15 5.37616e-18 BessellI
53046.2 1.4159e-15 5.21905e-18 BessellI
53047.2 1.42364e-15 5.08513e-18 BessellI
53048.2 1.43124e-15 4.97463e-18 BessellI
53049.2 1.43867e-15 4.88733e-18 BessellI
53050.2 1.44593e-15 4.82252e-18 BessellI
53051.2 1.45301e-15 4.77899e-18 BessellI
53052.2 1.4599e-15 4.75508e-18 BessellI
53053.2 1.46657e-15 4.74873e-18 BessellI
53054.2 1.47302e-15 4.75759e-18 BessellI
53055.2 1.47923e-15 4.7791e-18 BessellI
53056.2 1.48519e-15 4.81058e-18 BessellI
53057.2 1.49089e-15 4.84934e-18 BessellI
53058.2 1.4963e-15 4.89275e-18 BessellI
53059.2 1.50142e-15 4.93826e-18 BessellI
53060.2 1.50622e-15 4.98353e-18 BessellI
53061.2 1.51069e-15 5.02633e-18 BessellI
53062.2 1.51482e-15 5.06468e-18 BessellI
53063.2 1.51858e-15 5.09678e-18 BessellI
53064.2 1.52196e-15 5.12102e-18 BessellI
53065.2 1.52495e-15 5.13603e-18 BessellI
53066.2 1.52752e-15 5.1406e-18 BessellI
53067.2 1.52965e-15 5.13376e-18 BessellI
53068.2 1.53134e-15 5.11472e-18 BessellI
53069.2 1.53256e-15 5.08288e-18 BessellI
53070.2 1.53329e-15 5.03787e-18 BessellI
53071.2 1.53352e-15 4.9795e-18 BessellI
53072.2 1.53323e-15 4.90781e-18 BessellI
53073.2 1.5324e-15 4.82304e-18 BessellI
53074.2 1.53102e-15 4.72568e-18 BessellI
53075.2 1.52907e-15 4.61647e-18 BessellI
53076.2 1.52653e-15 4.49641e-18 BessellI
53077.2 1.5234e-15 4.36679e-18 BessellI
53078.2 1.51966e-15 4.22921e-18 BessellI
53079.2 1.51529e-15 4.08563e-18 BessellI
53080.2 1.51028e-15 3.93836e-18 BessellI
53081.2 1.50463e-15 3.79012e-18 BessellI
53082.2 1.49831e-15 3.64406e-18 BessellI
53083.2 1.49134e-15 3.50371e-18 BessellI
53084.2 1.48369e-15 3.37298e-18 BessellI
53085.2 1.47536e-15 3.25603e-18 BessellI
53086.2 1.46636e-15 3.15712e-18 BessellI
53087.2 1.45667e-15 3.08024e-18 BessellI
53088.2 1.4463e-15 3.02881e-18 BessellI
53089.2 1.43524e-15 3.00525e-18 BessellI
53090.2 1.42352e-15 3.01065e-18 BessellI
53091.2 1.41111e-15 3.04458e-18 BessellI
53092.2 1.39805e-15 3.10515e-18 BessellI
53093.2 1.38433e-15 3.18925e-18 BessellI
53094.2 1.36997e-15 3.29294e-18 BessellI
53095.2 1.35498e-15 3.41185e-18 BessellI
53096.2 1.33937e-15 3.5415e-18 BessellI
53097.2 1.32318e-15 3.67757e-18 BessellI
53098.2 1.3064e-15 3.81602e-18 BessellI
53099.2 1.28907e-15 3.95324e-18 BessellI
53100.2 1.27121e-15 4.08601e-18 BessellI
53101.2 1.25284e-15 4.21154e-18 BessellI
53102.2 1.23399e-15 4.32745e-18 BessellI
53103.2 1.2147e-15 4.43175e-18 BessellI
53104.2 1.19497e-15 4.52281e-18 BessellI
53105.2 1.17486e-15 4.59934e-18 BessellI
53106.2 1.15439e-15 4.66038e-18 BessellI
53107.2 1.13359e-15 4.70527e-18 BessellI
53108.2 1.11249e-15 4.73365e-18 BessellI
53109.2 1.09113e-15 4.74543e-18 BessellI
53110.2 1.06955e-15 4.74078e-18 BessellI
53111.2 1.04777e-15 4.72014e-18 BessellI
53112.2 1.02584e-15 4.68418e-18 BessellI
53113.2 1.00378e-15 4.63381e-18 BessellI
53114.2 9.81633e-16 4.57016e-18 BessellI
53115.2 9.5943e-16 4.49459e-18 BessellI
53116.2 9.37204e-16 4.40866e-18 BessellI
53117.2 9.14987e-16 4.31411e-18 BessellI
53118.2 8.92811e-16 4.2129e-18 BessellI
53119.2 8.70706e-16 4.10715e-18 BessellI
53120.2 8.48702e-16 3.99912e-18 BessellI
53121.2 8.26827e-16 3.89123e-18 BessellI
53122.2 8.05108e-16 3.78598e-18 BessellI
53123.2 7.8357e-16 3.68593e-18 BessellI
53124.2 7.62239e-16 3.59361e-18 BessellI
53125.2 7.41136e-16 3.51147e-18 BessellI
53126.2 7.20283e-16 3.44175e-18 BessellI
53127.2 6.997e-16 3.38637e-18 BessellI
53128.2 6.79406e-16 3.34686e-18 BessellI
53129.2 6.59416e-16 3.32419e-18 BessellI
53130.2 6.39747e-16 3.31879e-18 BessellI
53131.2 6.20412e-16 3.33047e-18 BessellI
53132.2 6.01423e-16 3.35847e-18 BessellI
53133.2 5.82792e-16 3.40156e-18 BessellI
53134.2 5.64527e-16 3.45813e-18 BessellI
53135.2 5.46637e-16 3.5263e-18 BessellI
53136.2 5.2913e-16 3.60408e-18 BessellI
53137.2 5.12009e-16 3.68945e-18 BessellI
53138.2 4.9528e-16 3.78043e-18 BessellI
53139.2 4.78946e-16 3.87519e-18 BessellI
53140.2 4.63009e-16 3.97201e-18 BessellI
53141.2 4.4747e-16 4.06938e-18 BessellI
53142.2 4.32329e-16 4.16593e-18 BessellI
53143.2 4.17586e-16 4.26049e-18 BessellI
53144.2 4.03239e-16 4.35205e-18 BessellI
53145.2 3.89285e-16 4.43978e-18 BessellI
53146.2 3.75721e-16 4.52295e-18 BessellI
53147.2 3.62545e-16 4.60099e-18 BessellI
53148.2 3.49751e-16 4.67345e-18 BessellI
53149.2 3.37335e-16 4.73997e-18 BessellI
53150.2 3.25291e-16 4.80028e-18 BessellI
53151.2 3.13613e-16 4.8542e-18 BessellI
53152.2 3.02297e-16 4.90162e-18 BessellI
53153.2 2.91334e-16 4.94249e-18 BessellI
53154.2 2.80719e-16 4.97682e-18 BessellI
53155.2 2.70445e-16 5.00465e-18 BessellI
53156.2 2.60503e-16 5.02609e-18 BessellI
53157.2 2.50888e-16 5.04125e-18 BessellI
53158.2 2.41591e-16 5.05029e-18 BessellI
53159.2 2.32605e-16 5.05339e-18 BessellI
53160.2 2.23923e-16 5.05075e-18 BessellI
53161.2 2.15536e-16 5.04258e-18 BessellI
53162.2 2.07436e-16 5.02912e-18 BessellI
53163.2 1.99617e-16 5.01058e-18 BessellI
53164.2 1.92071e-16 4.98723e-18 BessellI
53165.2 1.84789e-16 4.95931e-18 BessellI
53166.2 1.77765e-16 4.92707e-18 BessellI
53167.2 1.7099e-16 4.89076e-18 BessellI
53168.2 1.64458e-16 4.85064e-18 BessellI
53169.2 1.5816e-16 4.80695e-18 BessellI
53170.2 1.52091e-16 4.75993e-18 BessellI
53171.2 1.46242e-16 4.70984e-18 BessellI
53172.2 1.40606e-16 4.6569e-18 BessellI
53173.2 1.35178e-16 4.60136e-18 BessellI
53174.2 1.29949e-16 4.54342e-18 BessellI
53175.2 1.24914e-16 4.4833e-18 BessellI
53176.2 1.20066e-16 4.42122e-18 BessellI
53177.2 1.15399e-16 4.35738e-18 BessellI
53178.2 1.10907e-16 4.29197e-18 BessellI
53179.2 1.06583e-16 4.22518e-18 BessellI
53180.2 1.02422e-16 4.15718e-18 BessellI
53181.2 9.84185e-17 4.08814e-18 BessellI
53182.2 9.45668e-17 4.01823e-18 BessellI
53183.2 9.08614e-17 3.94759e-18 BessellI
53184.2 8.72973e-17 3.87637e-18 BessellI
53185.2 8.38693e-17 3.80471e-18 BessellI
53186.2 8.05727e-17 3.73274e-18 BessellI
53187.2 7.74025e-17 3.66057e-18 BessellI
53188.2 7.43544e-17 3.58833e-18 BessellI
53189.2 7.14237e-17 3.51612e-18 BessellI
53190.2 6.86062e-17 3.44404e-18 BessellI
53191.2 6.58977e-17 3.37219e-18 BessellI
53192.2 6.32942e-17 3.30065e-18 BessellI
53193.2 6.07918e-17 3.2295e-18 BessellI
53194.2 5.83867e-17 3.15881e-18 BessellI
53195.2 5.60753e-17 3.08866e-18 BessellI
53196.2 5.38541e-17 3.01912e-18 BessellI
53197.2 5.17195e-17 2.95023e-18 BessellI
53198.2 4.96685e-17 2.88205e-18 BessellI
53199.2 4.76978e-17 2.81464e-18 BessellI
53200.2 4.58043e-17 2.74803e-18 BessellI
53201.2 4.39851e-17 2.68227e-18 BessellI
53202.2 4.22374e-17 2.61739e-18 BessellI
53203.2 4.05584e-17 2.55342e-18 BessellI
53204.2 3.89455e-17 2.49039e-18 BessellI
53205.2 3.73962e-17 2.42833e-18 BessellI
53206.2 3.59079e-17 2.36726e-18 BessellI
53207.2 3.44784e-17 2.3072e-18 BessellI
53208.2 3.31054e-17 2.24816e-18 BessellI
53209.2 3.17866e-17 2.19015e-18 BessellI
53210.2 3.052e-17 2.13319e-18 BessellI
53211.2 2.93035e-17 2.07729e-18 BessellI
53212.2 2.81352e-17 2.02245e-18 BessellI
53213.2 2.70131e-17 1.96867e-18 BessellI
53214.2 2.59356e-17 1.91596e-18 BessellI
53215.2 2.49008e-17 1.86432e-18 BessellI
53216.2 2.39071e-17 1.81374e-18 BessellI
53217.2 2.29529e-17 1.76422e-18 BessellI
53218.2 2.20366e-17 1.71577e-18 BessellI
53219.2 2.11566e-17 1.66836e-18 BessellI
53220.2 2.03117e-17 1.62201e-18 BessellI
53221.2 1.95004e-17 1.57669e-18 BessellI
53222.2 1.87214e-17 1.5324e-18 BessellI
53223.2 1.79734e-17 1.48913e-18 BessellI
53224.2 1.72552e-17 1.44686e-18 BessellI
53225.2 1.65656e-17 1.4056e-18 BessellI
53226.2 1.59034e-17 1.36532e-18 BessellI
53227.2 1.52677e-17 1.32601e-18 BessellI
53228.2 1.46573e-17 1.28766e-18 BessellI
53229.2 1.40713e-17 1.25026e-18 BessellI
53230.2 1.35086e-17 1.21378e-18 BessellI
53231.2 1.29684e-17 1.17823e-18 BessellI
53232.2 1.24498e-17 1.14357e-18 BessellI
53233.2 1.19518e-17 1.1098e-18 BessellI
53234.2 1.14737e-17 1.0769e-18 BessellI
53235.2 1.10148e-17 1.04486e-18 BessellI
53236.2 1.05741e-17 1.01366e-18 BessellI
53237.2 1.01511e-17 9.83276e-19 BessellI
53238.2 9.74492e-18 9.53704e-19 BessellI
53239.2 9.355e-18 9.24924e-19 BessellI
53240.2 8.98067e-18 8.9692e-19 BessellI
53241.2 8.62131e-18 8.69676e-19 BessellI
53242.2 8.2763e-18 8.43176e-19 BessellI
53243.2 7.94509e-18 8.17403e-19 BessellI
53244.2 7.62713e-18 7.92344e-19 BessellI
53245.2 7.32188e-18 7.6798e-19 BessellI
53246.2 7.02883e-18 7.44298e-19 BessellI
53247.2 6.74751e-18 7.21281e-19 BessellI
53248.2 6.47744e-18 6.98915e-19 BessellI
53249.2 6.21818e-18 6.77184e-19 BessellI
53250.2 5.96928e-18 6.56073e-19 BessellI
53251.2 5.73035e-18 6.35567e-19 BessellI
53252.2 5.50097e-18 6.15652e-19 BessellI
53253.2 5.28078e-18 5.96313e-19 BessellI
53254.2 5.06939e-18 5.77536e-19 BessellI
53255.2 4.86646e-18 5.59308e-19 BessellI
53256.2 4.67166e-18 5.41613e-19 BessellI
53257.2 4.48465e-18 5.2444e-19 BessellI
53258.2 4.30513e-18 5.07773e-19 BessellI
53259.2 4.13279e-18 4.91601e-19 BessellI
53260.2 3.96735e-18 4.75911e-19 BessellI
53261.2 3.80854e-18 4.60689e-19 BessellI
53262.2 3.65608e-18 4.45924e-19 BessellI
53263.2 3.50972e-18 4.31603e-19 BessellI
53264.2 3.36922e-18 4.17715e-19 BessellI
53265.2 3.23435e-18 4.04247e-19 BessellI
53266.2 3.10488e-18 3.91189e-19 BessellI
53267.2 2.98059e-18 3.78528e-19 BessellI
53268.2 2.86127e-18 3.66255e-19 BessellI
53269.2 2.74674e-18 3.54358e-19 BessellI
53270.2 2.63679e-18 3.42828e-19 BessellI
53271.2 2.53124e-18 3.31653e-19 BessellI
53272.2 2.42992e-18 3.20823e-19 BessellI
53273.2 2.33265e-18 3.1033e-19 BessellI
53274.2 2.23928e-18 3.00163e-19 BessellI
53275.2 2.14964e-18 2.90313e-19 BessellI
53276.2 2.0636e-18 2.80771e-19 BessellI
53277.2 1.981e-18 2.71528e-19 BessellI
53278.2 1.90171e-18 2.62576e-19 BessellI
53279.2 1.82559e-18 2.53906e-19 BessellI
53280.2 1.75252e-18 2.45509e-19 BessellI
53281.2 1.68238e-18 2.37378e-19 BessellI
53282.2 1.61504e-18 2.29506e-19 BessellI
53283.2 1.5504e-18 2.21883e-19 BessellI
53284.2 1.48835e-18 2.14503e-19 BessellI
53285.2 1.42879e-18 2.07359e-19 BessellI
53286.2 1.3716e-18 2.00443e-19 BessellI
53287.2 1.31671e-18 1.93749e-19 BessellI
53288.2 1.26402e-18 1.87271e-19 BessellI
53289.2 1.21343e-18 1.81e-19 BessellI
53290.2 1.16487e-18 1.74932e-19 BessellI
53019.2 1.65888e-15 2.32603e-17 BessellR
53020.2 1.68257e-15 2.25017e-17 BessellR
53021.2 1.70617e-15 2.17351e-17 BessellR
53022.2 1.72966e-15 2.09625e-17 BessellR
53023.2 1.753e-15 2.01857e-17 BessellR
53024.2 1.77617e-15 1.94069e-17 BessellR
53025.2 1.79915e-15 1.86282e-17 BessellR
53026.2 1.8219e-15 1.7852e-17 BessellR
53027.2 1.84441e-15 1.70808e-17 BessellR
53028.2 1.86664e-15 1.63173e-17 BessellR
53029.2 1.88856e-15 1.55644e-17 BessellR
53030.2 1.91015e-15 1.48249e-17 BessellR
53031.2 1.93137e-15 1.41021e-17 BessellR
53032.2 1.95219e-15 1.33993e-17 BessellR
53033.2 1.9726e-15 1.27201e-17 BessellR
53034.2 1.99255e-15 1.20681e-17 BessellR
53035.2 2.01201e-15 1.14472e-17 BessellR
53036.2 2.03096e-15 1.08611e-17 BessellR
53037.2 2.04937e-15 1.0314e-17 BessellR
53038.2 2.06721e-15 9.80942e-18 BessellR
53039.2 2.08445e-15 9.35109e-18 BessellR
53040.2 2.10106e-15 8.94207e-18 BessellR
53041.2 2.11702e-15 8.58481e-18 BessellR
53042.2 2.13229e-15 8.28083e-18 BessellR
53043.2 2.14686e-15 8.03053e-18 BessellR
53044.2 2.16069e-15 7.83298e-18 BessellR
53045.2 2.17377e-15 7.68589e-18 BessellR
53046.2 2.18607e-15 7.5857e-18 BessellR
53047.2 2.19757e-15 7.5277e-18 BessellR
53048.2 2.20825e-15 7.50639e-18 BessellR
53049.2 2.21809e-15 7.51576e-18 BessellR
53050.2 2.22708e-15 7.54968e-18 BessellR
53051.2 2.2352e-15 7.60214e-18 BessellR
53052.2 2.24243e-15 7.66752e-18 BessellR
53053.2 2.24877e-15 7.74073e-18 BessellR
53054.2 2.2542e-15 7.81726e-18 BessellR
53055.2 2.25872e-15 7.89329e-18 BessellR
53056.2 2.26231e-15 7.96563e-18 BessellR
53057.2 2.26498e-15 8.03171e-18 BessellR
53058.2 2.26673e-15 8.08953e-18 BessellR
53059.2 2.26754e-15 8.13764e-18 BessellR
53060.2 2.26743e-15 8.17504e-18 BessellR
53061.2 2.26639e-15 8.20117e-18 BessellR
53062.2 2.26443e-15 8.21584e-18 BessellR
53063.2 2.26157e-15 8.21918e-18 BessellR
53064.2 2.25779e-15 8.21163e-18 BessellR
53065.2 2.25312e-15 8.19384e-18 BessellR
53066.2 2.24757e-15 8.1667e-18 BessellR
53067.2 2.24116e-15 8.13125e-18 BessellR
53068.2 2.23389e-15 8.08868e-18 BessellR
53069.2 2.22578e-15 8.04027e-18 BessellR
53070.2 2.21685e-15 7.98739e-18 BessellR
53071.2 2.20713e-15 7.93141e-18 BessellR
53072.2 2.19662e-15 7.87376e-18 BessellR
53073.2 2.18537e-15 7.8158e-18 BessellR
53074.2 2.17337e-15 7.75885e-18 BessellR
53075.2 2.16067e-15 7.70417e-18 BessellR
53076.2 2.14728e-15 7.65288e-18 BessellR
53077.2 2.13323e-15 7.60599e-18 BessellR
53078.2 2.11855e-15 7.56436e-18 BessellR
53079.2 2.10325e-15 7.52866e-18 BessellR
53080.2 2.08738e-15 7.49941e-18 BessellR
53081.2 2.07095e-15 7.47695e-18 BessellR
53082.2 2.054e-15 7.46141e-18 BessellR
53083.2 2.03655e-15 7.45278e-18 BessellR
53084.2 2.01862e-15 7.45088e-18 BessellR
53085.2 2.00026e-15 7.45535e-18 BessellR
53086.2 1.98147e-15 7.46575e-18 BessellR
53087.2 1.9623e-15 7.4815e-18 BessellR
53088.2 1.94277e-15 7.50195e-18 BessellR
53089.2 1.9229e-15 7.52638e-18 BessellR
53090.2 1.90273e-15 7.55404e-18 BessellR
53091.2 1.88227e-15 7.58415e-18 BessellR
53092.2 1.86156e-15 7.61593e-18 BessellR
53093.2 1.84061e-15 7.64863e-18 BessellR
53094.2 1.81946e-15 7.68152e-18 BessellR
53095.2 1.79812e-15 7.71389e-18 BessellR
53096.2 1.77663e-15 7.74511e-18 BessellR
53097.2 1.755e-15 7.77458e-18 BessellR
53098.2 1.73325e-15 7.80178e-18 BessellR
53099.2 1.71141e-15 7.82624e-18 BessellR
53100.2 1.68949e-15 7.84754e-18 BessellR
53101.2 1.66752e-15 7.86535e-18 BessellR
53102.2 1.64552e-15 7.87936e-18 BessellR
53103.2 1.6235e-15 7.88937e-18 BessellR
53104.2 1.60148e-15 7.89518e-18 BessellR
53105.2 1.57947e-15 7.89669e-18 BessellR
53106.2 1.5575e-15 7.89382e-18 BessellR
53107.2 1.53558e-15 7.88654e-18 BessellR
53108.2 1.51372e-15 7.87487e-18 BessellR
53109.2 1.49194e-15 7.85885e-18 BessellR
53110.2 1.47024e-15 7.83858e-18 BessellR
53111.2 1.44865e-15 7.81415e-18 BessellR
53112.2 1.42717e-15 7.78572e-18 BessellR
53113.2 1.40582e-15 7.75345e-18 BessellR
53114.2 1.3846e-15 7.71752e-18 BessellR
53115.2 1.36352e-15 7.67812e-18 BessellR
53116.2 1.3426e-15 7.63547e-18 BessellR
53117.2 1.32184e-15 7.5898e-18 BessellR
53118.2 1.30125e-15 7.54132e-18 BessellR
53119.2 1.28083e-15 7.49028e-18 BessellR
53120.2 1.2606e-15 7.43692e-18 BessellR
53121.2 1.24055e-15 7.38147e-18 BessellR
53122.2 1.2207e-15 7.32419e-18 BessellR
53123.2 1.20105e-15 7.2653e-18 BessellR
53124.2 1.18161e-15 7.20505e-18 BessellR
53125.2 1.16237e-15 7.14367e-18 BessellR
53126.2 1.14335e-15 7.08137e-18 BessellR
53127.2 1.12454e-15 7.01838e-18 BessellR
53128.2 1.10595e-15 6.95491e-18 BessellR
53129.2 1.08758e-15 6.89117e-18 BessellR
53130.2 1.06943e-15 6.82733e-18 BessellR
53131.2 1.05151e-15 6.76358e-18 BessellR
53132.2 1.03382e-15 6.7001e-18 BessellR
53133.2 1.01635e-15 6.63704e-18 BessellR
53134.2 9.99116e-16 6.57455e-18 BessellR
53135.2 9.8211e-16 6.51276e-18 BessellR
53136.2 9.65335e-16 6.45181e-18 BessellR
53137.2 9.4879e-16 6.3918e-18 BessellR
53138.2 9.32476e-16 6.33284e-18 BessellR
53139.2 9.16393e-16 6.27501e-18 BessellR
53140.2 9.00539e-16 6.21839e-18 BessellR
53141.2 8.84915e-16 6.16305e-18 BessellR
53142.2 8.6952e-16 6.10905e-18 BessellR
53143.2 8.54352e-16 6.05642e-18 BessellR
53144.2 8.39411e-16 6.00521e-18 BessellR
53145.2 8.24695e-16 5.95543e-18 BessellR
53146.2 8.10204e-16 5.90711e-18 BessellR
53147.2 7.95935e-16 5.86024e-18 BessellR
53148.2 7.81887e-16 5.81483e-18 BessellR
53149.2 7.68059e-16 5.77087e-18 BessellR
53150.2 7.54448e-16 5.72833e-18 BessellR
53151.2 7.41052e-16 5.6872e-18 BessellR
53152.2 7.27871e-16 5.64745e-18 BessellR
53153.2 7.14901e-16 5.60904e-18 BessellR
53154.2 7.0214e-16 5.57193e-18 BessellR
53155.2 6.89587e-16 5.53607e-18 BessellR
53156.2 6.77239e-16 5.50143e-18 BessellR
53157.2 6.65095e-16 5.46794e-18 BessellR
53158.2 6.5315e-16 5.43556e-18 BessellR
53159.2 6.41404e-16 5.40422e-18 BessellR
53160.2 6.29854e-16 5.37388e-18 BessellR
53161.2 6.18498e-16 5.34447e-18 BessellR
53162.2 6.07333e-16 5.31594e-18 BessellR
53163.2 5.96356e-16 5.28822e-18 BessellR
53164.2 5.85566e-16 5.26126e-18 BessellR
53165.2 5.74959e-16 5.235e-18 BessellR
53166.2 5.64534e-16 5.20938e-18 BessellR
53167.2 5.54288e-16 5.18435e-18 BessellR
53168.2 5.44218e-16 5.15984e-18 BessellR
53169.2 5.34321e-16 5.1358e-18 BessellR
53170.2 5.24597e-16 5.11219e-18 BessellR
53171.2 5.15041e-16 5.08895e-18 BessellR
53172.2 5.05651e-16 5.06603e-18 BessellR
53173.2 4.96426e-16 5.04339e-18 BessellR
53174.2 4.87362e-16 5.02098e-18 BessellR
53175.2 4.78457e-16 4.99875e-18 BessellR
53176.2 4.69709e-16 4.97668e-18 BessellR
53177.2 4.61115e-16 4.95471e-18 BessellR
53178.2 4.52673e-16 4.93281e-18 BessellR
53179.2 4.4438e-16 4.91096e-18 BessellR
53180.2 4.36235e-16 4.88911e-18 BessellR
53181.2 4.28234e-16 4.86725e-18 BessellR
53182.2 4.20376e-16 4.84533e-18 BessellR
53183.2 4.12658e-16 4.82334e-18 BessellR
53184.2 4.05078e-16 4.80126e-18 BessellR
53185.2 3.97634e-16 4.77905e-18 BessellR
53186.2 3.90323e-16 4.75671e-18 BessellR
53187.2 3.83143e-16 4.73422e-18 BessellR
53188.2 3.76093e-16 4.71155e-18 BessellR
53189.2 3.69169e-16 4.68871e-18 BessellR
53190.2 3.6237e-16 4.66566e-18 BessellR
53191.2 3.55694e-16 4.64241e-18 BessellR
53192.2 3.49139e-16 4.61894e-18 BessellR
53193.2 3.42702e-16 4.59525e-18 BessellR
53194.2 3.36382e-16 4.57133e-18 BessellR
53195.2 3.30176e-16 4.54717e-18 BessellR
53196.2 3.24083e-16 4.52277e-18 BessellR
53197.2 3.181e-16 4.49813e-18 BessellR
53198.2 3.12227e-16 4.47325e-18 BessellR
53199.2 3.0646e-16 4.44812e-18 BessellR
53200.2 3.00798e-16 4.42275e-18 BessellR
53201.2 2.9524e-16 4.39713e-18 BessellR
53202.2 2.89783e-16 4.37127e-18 BessellR
53203.2 2.84426e-16 4.34517e-18 BessellR
53204.2 2.79166e-16 4.31883e-18 BessellR
53205.2 2.74003e-16 4.29226e-18 BessellR
53206.2 2.68934e-16 4.26546e-18 BessellR
53207.2 2.63958e-16 4.23844e-18 BessellR
53208.2 2.59073e-16 4.21119e-18 BessellR
53209.2 2.54277e-16 4.18374e-18 BessellR
53210.2 2.4957e-16 4.15608e-18 BessellR
53211.2 2.44949e-16 4.12822e-18 BessellR
53212.2 2.40413e-16 4.10017e-18 BessellR
53213.2 2.3596e-16 4.07193e-18 BessellR
53214.2 2.31589e-16 4.04351e-18 BessellR
53215.2 2.27298e-16 4.01492e-18 BessellR
53216.2 2.23086e-16 3.98617e-18 BessellR
53217.2 2.18952e-16 3.95726e-18 BessellR
53218.2 2.14894e-16 3.92821e-18 BessellR
53219.2 2.10911e-16 3.89902e-18 BessellR
53220.2 2.07001e-16 3.8697e-18 BessellR
53221.2 2.03163e-16 3.84026e-18 BessellR
53222.2 1.99396e-16 3.8107e-18 BessellR
53223.2 1.95698e-16 3.78104e-18 BessellR
53224.2 1.92069e-16 3.75128e-18 BessellR
53225.2 1.88506e-16 3.72143e-18 BessellR
53226.2 1.85009e-16 3.69151e-18 BessellR
53227.2 1.81577e-16 3.66151e-18 BessellR
53228.2 1.78209e-16 3.63145e-18 BessellR
53229.2 1.74902e-16 3.60134e-18 BessellR
53230.2 1.71657e-16 3.57118e-18 BessellR
53231.2 1.68471e-16 3.54098e-18 BessellR
53232.2 1.65345e-16 3.51075e-18 BessellR
53233.2 1.62276e-16 3.4805e-18 BessellR
53234.2 1.59264e-16 3.45023e-18 BessellR
53235.2 1.56308e-16 3.41995e-18 BessellR
53236.2 1.53407e-16 3.38968e-18 BessellR
53237.2 1.50559e-16 3.35942e-18 BessellR
53238.2 1.47764e-16 3.32917e-18 BessellR
53239.2 1.4502e-16 3.29894e-18 BessellR
53240.2 1.42328e-16 3.26874e-18 BessellR
53241.2 1.39685e-16 3.23858e-18 BessellR
53242.2 1.37091e-16 3.20846e-18 BessellR
53243.2 1.34546e-16 3.17839e-18 BessellR
53244.2 1.32047e-16 3.14838e-18 BessellR
53245.2 1.29595e-16 3.11843e-18 BessellR
53246.2 1.27188e-16 3.08855e-18 BessellR
53247.2 1.24826e-16 3.05874e-18 BessellR
53248.2 1.22508e-16 3.02901e-18 BessellR
53249.2 1.20233e-16 2.99937e-18 BessellR
53250.2 1.17999e-16 2.96982e-18 BessellR
53251.2 1.15808e-16 2.94036e-18 BessellR
53252.2 1.13657e-16 2.91101e-18 BessellR
53253.2 1.11545e-16 2.88176e-18 BessellR
53254.2 1.09473e-16 2.85263e-18 BessellR
53255.2 1.0744e-16 2.82361e-18 BessellR
53256.2 1.05444e-16 2.79471e-18 BessellR
53257.2 1.03485e-16 2.76594e-18 BessellR
53258.2 1.01562e-16 2.73729e-18 BessellR
53259.2 9.96756e-17 2.70878e-18 BessellR
53260.2 9.78238e-17 2.68041e-18 BessellR
53261.2 9.60064e-17 2.65218e-18 BessellR
53262.2 9.42227e-17 2.62409e-18 BessellR
53263.2 9.24721e-17 2.59615e-18 BessellR
53264.2 9.0754e-17 2.56836e-18 BessellR
53265.2 8.90677e-17 2.54073e-18 BessellR
53266.2 8.74128e-17 2.51325e-18 BessellR
53267.2 8.57887e-17 2.48593e-18 BessellR
53268.2 8.41946e-17 2.45878e-18 BessellR
53019.2 2.27295e-15 5.45737e-17 BessellV
53020.2 2.2796e-15 5.25773e-17 BessellV
53021.2 2.2862e-15 5.05968e-17 BessellV
53022.2 2.29276e-15 4.86339e-17 BessellV
53023.2 2.29926e-15 4.66905e-17 BessellV
53024.2 2.30571e-15 4.47685e-17 BessellV
53025.2 2.31211e-15 4.28701e-17 BessellV
53026.2 2.31844e-15 4.09977e-17 BessellV
53027.2 2.3247e-15 3.91536e-17 BessellV
53028.2 2.33089e-15 3.73408e-17 BessellV
53029.2 2.33701e-15 3.5562e-17 BessellV
53030.2 2.34304e-15 3.38206e-17 BessellV
53031.2 2.34899e-15 3.21201e-17 BessellV
53032.2 2.35485e-15 3.04644e-17 BessellV
53033.2 2.36061e-15 2.88579e-17 BessellV
53034.2 2.36626e-15 2.73052e-17 BessellV
53035.2 2.37181e-15 2.58118e-17 BessellV
53036.2 2.37724e-15 2.43834e-17 BessellV
53037.2 2.38255e-15 2.30264e-17 BessellV
53038.2 2.38773e-15 2.17478e-17 BessellV
53039.2 2.39278e-15 2.05551e-17 BessellV
53040.2 2.39768e-15 1.94562e-17 BessellV
53041.2 2.40243e-15 1.84591e-17 BessellV
53042.2 2.40702e-15 1.75717e-17 BessellV
53043.2 2.41144e-15 1.68011e-17 BessellV
53044.2 2.41569e-15 1.61529e-17 BessellV
53045.2 2.41976e-15 1.56309e-17 BessellV
53046.2 2.42363e-15 1.52358e-17 BessellV
53047.2 2.42729e-15 1.49651e-17 BessellV
53048.2 2.43075e-15 1.48127e-17 BessellV
53049.2 2.43397e-15 1.47696e-17 BessellV
53050.2 2.43697e-15 1.48236e-17 BessellV
53051.2 2.43972e-15 1.49613e-17 BessellV
53052.2 2.44222e-15 1.51679e-17 BessellV
53053.2 2.44445e-15 1.5429e-17 BessellV
53054.2 2.44639e-15 1.57304e-17 BessellV
53055.2 2.44805e-15 1.60592e-17 BessellV
53056.2 2.44941e-15 1.64037e-17 BessellV
53057.2 2.45045e-15 1.67537e-17 BessellV
53058.2 2.45115e-15 1.71003e-17 BessellV
53059.2 2.45152e-15 1.7436e-17 BessellV
53060.2 2.45153e-15 1.77544e-17 BessellV
53061.2 2.45117e-15 1.80503e-17 BessellV
53062.2 2.45043e-15 1.83198e-17 BessellV
53063.2 2.44928e-15 1.85595e-17 BessellV
53064.2 2.44773e-15 1.87671e-17 BessellV
53065.2 2.44574e-15 1.89411e-17 BessellV
53066.2 2.44332e-15 1.90808e-17 BessellV
53067.2 2.44043e-15 1.9186e-17 BessellV
53068.2 2.43707e-15 1.92574e-17 BessellV
53069.2 2.43323e-15 1.92962e-17 BessellV
53070.2 2.42888e-15 1.93042e-17 BessellV
53071.2 2.42401e-15 1.9284e-17 BessellV
53072.2 2.4186e-15 1.92387e-17 BessellV
53073.2 2.41265e-15 1.9172e-17 BessellV
53074.2 2.40613e-15 1.90879e-17 BessellV
53075.2 2.39903e-15 1.89912e-17 BessellV
53076.2 2.39134e-15 1.88871e-17 BessellV
53077.2 2.38305e-15 1.87808e-17 BessellV
53078.2 2.37413e-15 1.86781e-17 BessellV
53079.2 2.36457e-15 1.85848e-17 BessellV
53080.2 2.35437e-15 1.85064e-17 BessellV
53081.2 2.34351e-15 1.84486e-17 BessellV
53082.2 2.33198e-15 1.8416e-17 BessellV
53083.2 2.31977e-15 1.84132e-17 BessellV
53084.2 2.30686e-15 1.84434e-17 BessellV
53085.2 2.29326e-15 1.8509e-17 BessellV
53086.2 2.27894e-15 1.86111e-17 BessellV
53087.2 2.26392e-15 1.87496e-17 BessellV
53088.2 2.24817e-15 1.8923e-17 BessellV
53089.2 2.23169e-15 1.91285e-17 BessellV
53090.2 2.21449e-15 1.93625e-17 BessellV
53091.2 2.19656e-15 1.96199e-17 BessellV
53092.2 2.1779e-15 1.98951e-17 BessellV
53093.2 2.15852e-15 2.01818e-17 BessellV
53094.2 2.1384e-15 2.04732e-17 BessellV
53095.2 2.11757e-15 2.07624e-17 BessellV
53096.2 2.09603e-15 2.10425e-17 BessellV
53097.2 2.07378e-15 2.13067e-17 BessellV
53098.2 2.05084e-15 2.15487e-17 BessellV
53099.2 2.02721e-15 2.17625e-17 BessellV
53100.2 2.00292e-15 2.19428e-17 BessellV
53101.2 1.97797e-15 2.20853e-17 BessellV
53102.2 1.9524e-15 2.21862e-17 BessellV
53103.2 1.9262e-15 2.22431e-17 BessellV
53104.2 1.89942e-15 2.22545e-17 BessellV
53105.2 1.87206e-15 2.22203e-17 BessellV
53106.2 1.84417e-15 2.21418e-17 BessellV
53107.2 1.81575e-15 2.20218e-17 BessellV
53108.2 1.78685e-15 2.18648e-17 BessellV
53109.2 1.7575e-15 2.16768e-17 BessellV
53110.2 1.72771e-15 2.14661e-17 BessellV
53111.2 1.69754e-15 2.12426e-17 BessellV
53112.2 1.66701e-15 2.10183e-17 BessellV
53113.2 1.63615e-15 2.08069e-17 BessellV
53114.2 1.60501e-15 2.06238e-17 BessellV
53115.2 1.57362e-15 2.04856e-17 BessellV
53116.2 1.54202e-15 2.04093e-17 BessellV
53117.2 1.51025e-15 2.04119e-17 BessellV
53118.2 1.47835e-15 2.05091e-17 BessellV
53119.2 1.44635e-15 2.07144e-17 BessellV
53120.2 1.4143e-15 2.1038e-17 BessellV
53121.2 1.38223e-15 2.14862e-17 BessellV
53122.2 1.35018e-15 2.20611e-17 BessellV
53123.2 1.31819e-15 2.27605e-17 BessellV
53124.2 1.2863e-15 2.35784e-17 BessellV
53125.2 1.25455e-15 2.45056e-17 BessellV
53126.2 1.22296e-15 2.55307e-17 BessellV
53127.2 1.19158e-15 2.66408e-17 BessellV
53128.2 1.16044e-15 2.78222e-17 BessellV
53129.2 1.12956e-15 2.90609e-17 BessellV
53130.2 1.09899e-15 3.03433e-17 BessellV
53131.2 1.06874e-15 3.1656e-17 BessellV
53132.2 1.03885e-15 3.29867e-17 BessellV
53133.2 1.00935e-15 3.43236e-17 BessellV
53134.2 9.80245e-16 3.56559e-17 BessellV
53135.2 9.51573e-16 3.69737e-17 BessellV
53136.2 9.2335e-16 3.82682e-17 BessellV
53137.2 8.95595e-16 3.95312e-17 BessellV
53138.2 8.68325e-16 4.07556e-17 BessellV
53139.2 8.41555e-16 4.19349e-17 BessellV
53140.2 8.15299e-16 4.30636e-17 BessellV
53141.2 7.89569e-16 4.4137e-17 BessellV
53142.2 7.64375e-16 4.51508e-17 BessellV
53143.2 7.39724e-16 4.61017e-17 BessellV
53144.2 7.15625e-16 4.6987e-17 BessellV
53145.2 6.92083e-16 4.78045e-17 BessellV
53146.2 6.69101e-16 4.85525e-17 BessellV
53147.2 6.46681e-16 4.92301e-17 BessellV
53148.2 6.24826e-16 4.98365e-17 BessellV
53149.2 6.03534e-16 5.03717e-17 BessellV
53150.2 5.82805e-16 5.08359e-17 BessellV
53151.2 5.62636e-16 5.12298e-17 BessellV
53152.2 5.43023e-16 5.15542e-17 BessellV
53153.2 5.23963e-16 5.18104e-17 BessellV
53154.2 5.0545e-16 5.2e-17 BessellV
53155.2 4.87478e-16 5.21246e-17 BessellV
53156.2 4.70039e-16 5.21863e-17 BessellV
53157.2 4.53128e-16 5.2187e-17 BessellV
53158.2 4.36735e-16 5.21292e-17 BessellV
53159.2 4.20851e-16 5.20151e-17 BessellV
53160.2 4.05469e-16 5.18472e-17 BessellV
53161.2 3.90578e-16 5.1628e-17 BessellV
53162.2 3.76168e-16 5.13602e-17 BessellV
53163.2 3.6223e-16 5.10462e-17 BessellV
53164.2 3.48752e-16 5.06889e-17 BessellV
53165.2 3.35725e-16 5.02907e-17 BessellV
53166.2 3.23138e-16 4.98543e-17 BessellV
53167.2 3.1098e-16 4.93823e-17 BessellV
53168.2 2.99239e-16 4.88772e-17 BessellV
53169.2 2.87906e-16 4.83415e-17 BessellV
53170.2 2.76968e-16 4.77777e-17 BessellV
53171.2 2.66416e-16 4.71881e-17 BessellV
53172.2 2.56237e-16 4.6575e-17 BessellV
53173.2 2.46423e-16 4.59407e-17 BessellV
53174.2 2.3696e-16 4.52873e-17 BessellV
53175.2 2.2784e-16 4.46169e-17 BessellV
53176.2 2.19052e-16 4.39315e-17 BessellV
53177.2 2.10585e-16 4.3233e-17 BessellV
53178.2 2.0243e-16 4.25231e-17 BessellV
53179.2 1.94575e-16 4.18037e-17 BessellV
