52685.1 9.73956e-17 1.53355e-17 BessellB
52686.1 1.21114e-16 1.78557e-17 BessellB
52687.1 1.50597e-16 2.06928e-17 BessellB
52688.1 1.87233e-16 2.38509e-17 BessellB
52689.1 2.32736e-16 2.73176e-17 BessellB
52690.1 2.89212e-16 3.10559e-17 BessellB
52691.1 3.59241e-16 3.49941e-17 BessellB
52692.1 4.45964e-16 3.90137e-17 BessellB
52693.1 5.53174e-16 4.29346e-17 BessellB
52694.1 6.85406e-16 4.65004e-17 BessellB
52695.1 8.48002e-16 4.93665e-17 BessellB
52696.1 1.04712e-15 5.10986e-17 BessellB
52697.1 1.28968e-15 5.11976e-17 BessellB
52698.1 1.58308e-15 4.91842e-17 BessellB
52699.1 1.93479e-15 4.48217e-17 BessellB
52700.1 2.35145e-15 3.86945e-17 BessellB
52701.1 2.83773e-15 3.36233e-17 BessellB
52702.1 3.39456e-15 3.56958e-17 BessellB
52703.1 4.01723e-15 4.77051e-17 BessellB
52704.1 4.69345e-15 6.48701e-17 BessellB
52705.1 5.40221e-15 8.1386e-17 BessellB
52706.1 6.11418e-15 9.26747e-17 BessellB
52707.1 6.79417e-15 9.58758e-17 BessellB
52708.1 7.40572e-15 9.12218e-17 BessellB
52709.1 7.91661e-15 8.40528e-17 BessellB
52710.1 8.30394e-15 8.51099e-17 BessellB
52711.1 8.55688e-15 1.01565e-16 BessellB
52712.1 8.67686e-15 1.28392e-16 BessellB
52713.1 8.67519e-15 1.56947e-16 BessellB
52714.1 8.5696e-15 1.81562e-16 BessellB
52715.1 8.38062e-15 1.99547e-16 BessellB
52716.1 8.12874e-15 2.10177e-16 BessellB
52717.1 7.83248e-15 2.13901e-16 BessellB
52718.1 7.50752e-15 2.11771e-16 BessellB
52719.1 7.16645e-15 2.05054e-16 BessellB
52720.1 6.81897e-15 1.95004e-16 BessellB
52721.1 6.47225e-15 1.8273e-16 BessellB
52722.1 6.13144e-15 1.69153e-16 BessellB
52723.1 5.80008e-15 1.55001e-16 BessellB
52724.1 5.4805e-15 1.40825e-16 BessellB
52725.1 5.17412e-15 1.27034e-16 BessellB
52726.1 4.88171e-15 1.13916e-16 BessellB
52727.1 4.60356e-15 1.01674e-16 BessellB
52728.1 4.33965e-15 9.04428e-17 BessellB
52729.1 4.08972e-15 8.03115e-17 BessellB
52730.1 3.85336e-15 7.13357e-17 BessellB
52731.1 3.63008e-15 6.35464e-17 BessellB
52732.1 3.41933e-15 5.69536e-17 BessellB
52733.1 3.22053e-15 5.15445e-17 BessellB
52734.1 3.03308e-15 4.7278e-17 BessellB
52735.1 2.8564e-15 4.40773e-17 BessellB
52736.1 2.68992e-15 4.18275e-17 BessellB
52737.1 2.53307e-15 4.03811e-17 BessellB
52738.1 2.38532e-15 3.95728e-17 BessellB
52739.1 2.24616e-15 3.92378e-17 BessellB
52740.1 2.1151e-15 3.92272e-17 BessellB
52741.1 1.99167e-15 3.94169e-17 BessellB
52742.1 1.87545e-15 3.97098e-17 BessellB
52743.1 1.766e-15 4.00342e-17 BessellB
52744.1 1.66294e-15 4.03392e-17 BessellB
52745.1 1.56589e-15 4.05905e-17 BessellB
52746.1 1.47451e-15 4.07666e-17 BessellB
52747.1 1.38847e-15 4.08548e-17 BessellB
52748.1 1.30745e-15 4.08493e-17 BessellB
52749.1 1.23117e-15 4.07489e-17 BessellB
52750.1 1.15933e-15 4.05557e-17 BessellB
52751.1 1.0917e-15 4.02739e-17 BessellB
52752.1 1.02801e-15 3.9909e-17 BessellB
52753.1 9.68046e-16 3.94675e-17 BessellB
52754.1 9.11581e-16 3.89562e-17 BessellB
52755.1 8.58414e-16 3.83821e-17 BessellB
52756.1 8.0835e-16 3.77523e-17 BessellB
52757.1 7.6121e-16 3.70735e-17 BessellB
52758.1 7.16822e-16 3.63522e-17 BessellB
52759.1 6.75026e-16 3.55945e-17 BessellB
52760.1 6.35669e-16 3.48064e-17 BessellB
52761.1 5.9861e-16 3.39932e-17 BessellB
52762.1 5.63713e-16 3.31599e-17 BessellB
52763.1 5.30854e-16 3.23111e-17 BessellB
52764.1 4.99912e-16 3.14511e-17 BessellB
52765.1 4.70775e-16 3.05836e-17 BessellB
52766.1 4.43339e-16 2.97123e-17 BessellB
52767.1 4.17504e-16 2.88403e-17 BessellB
52768.1 3.93175e-16 2.79704e-17 BessellB
52769.1 3.70267e-16 2.71051e-17 BessellB
52770.1 3.48694e-16 2.62468e-17 BessellB
52771.1 3.2838e-16 2.53974e-17 BessellB
52772.1 3.0925e-16 2.45588e-17 BessellB
52773.1 2.91237e-16 2.37323e-17 BessellB
52774.1 2.74274e-16 2.29195e-17 BessellB
52775.1 2.583e-16 2.21215e-17 BessellB
52776.1 2.43257e-16 2.13392e-17 BessellB
52777.1 2.29092e-16 2.05734e-17 BessellB
52778.1 2.15752e-16 1.98249e-17 BessellB
52779.1 2.0319e-16 1.90942e-17 BessellB
52780.1 1.9136e-16 1.83817e-17 BessellB
52781.1 1.8022e-16 1.76877e-17 BessellB
52782.1 1.69729e-16 1.70126e-17 BessellB
52783.1 1.59849e-16 1.63564e-17 BessellB
52784.1 1.50546e-16 1.57191e-17 BessellB
52785.1 1.41784e-16 1.51009e-17 BessellB
52786.1 1.33533e-16 1.45016e-17 BessellB
52787.1 1.25763e-16 1.39211e-17 BessellB
52788.1 1.18445e-16 1.33592e-17 BessellB
52789.1 1.11553e-16 1.28157e-17 BessellB
52790.1 1.05063e-16 1.22904e-17 BessellB
52791.1 9.89515e-17 1.1783e-17 BessellB
52792.1 9.31955e-17 1.12932e-17 BessellB
52793.1 8.77747e-17 1.08206e-17 BessellB
52794.1 8.26696e-17 1.03648e-17 BessellB
52795.1 7.78618e-17 9.92564e-18 BessellB
52796.1 7.33339e-17 9.50257e-18 BessellB
52797.1 6.90696e-17 9.09523e-18 BessellB
52798.1 6.50535e-17 8.70321e-18 BessellB
52799.1 6.12713e-17 8.32612e-18 BessellB
52800.1 5.77092e-17 7.96354e-18 BessellB
52801.1 5.43544e-17 7.61505e-18 BessellB
52802.1 5.11949e-17 7.28023e-18 BessellB
52803.1 4.82192e-17 6.95867e-18 BessellB
52804.1 4.54167e-17 6.64996e-18 BessellB
52805.1 4.27773e-17 6.35368e-18 BessellB
52806.1 4.02915e-17 6.06944e-18 BessellB
52807.1 3.79502e-17 5.79683e-18 BessellB
52808.1 3.57452e-17 5.53546e-18 BessellB
52809.1 3.36685e-17 5.28494e-18 BessellB
52810.1 3.17125e-17 5.04489e-18 BessellB
52811.1 2.98703e-17 4.81493e-18 BessellB
52812.1 2.81352e-17 4.59471e-18 BessellB
52813.1 2.65011e-17 4.38386e-18 BessellB
52814.1 2.49619e-17 4.18204e-18 BessellB
52815.1 2.35123e-17 3.98891e-18 BessellB
52816.1 2.21469e-17 3.80414e-18 BessellB
52817.1 2.0861e-17 3.62741e-18 BessellB
52818.1 1.96498e-17 3.45841e-18 BessellB
52819.1 1.85089e-17 3.29683e-18 BessellB
52820.1 1.74344e-17 3.14239e-18 BessellB
52821.1 1.64224e-17 2.99478e-18 BessellB
52822.1 1.54691e-17 2.85375e-18 BessellB
52823.1 1.45713e-17 2.71903e-18 BessellB
52824.1 1.37256e-17 2.59035e-18 BessellB
52825.1 1.29291e-17 2.46747e-18 BessellB
52826.1 1.21789e-17 2.35015e-18 BessellB
52827.1 1.14722e-17 2.23815e-18 BessellB
52828.1 1.08066e-17 2.13126e-18 BessellB
52829.1 1.01796e-17 2.02925e-18 BessellB
52830.1 9.58908e-18 1.93192e-18 BessellB
52831.1 9.03284e-18 1.83907e-18 BessellB
52832.1 8.5089e-18 1.75051e-18 BessellB
52833.1 8.01539e-18 1.66604e-18 BessellB
52834.1 7.55054e-18 1.5855e-18 BessellB
52835.1 7.11267e-18 1.50871e-18 BessellB
52836.1 6.70023e-18 1.43551e-18 BessellB
52837.1 6.31173e-18 1.36573e-18 BessellB
52838.1 5.94579e-18 1.29923e-18 BessellB
52839.1 5.60108e-18 1.23586e-18 BessellB
52840.1 5.27639e-18 1.17548e-18 BessellB
52841.1 4.97053e-18 1.11795e-18 BessellB
52842.1 4.68243e-18 1.06316e-18 BessellB
52843.1 4.41105e-18 1.01097e-18 BessellB
52844.1 4.15541e-18 9.61263e-19 BessellB
52845.1 3.91461e-18 9.13931e-19 BessellB
52846.1 3.68777e-18 8.68864e-19 BessellB
52847.1 3.4741e-18 8.25958e-19 BessellB
52848.1 3.27282e-18 7.85114e-19 BessellB
52849.1 3.08321e-18 7.46236e-19 BessellB
52850.1 2.9046e-18 7.09233e-19 BessellB
52851.1 2.73635e-18 6.74019e-19 BessellB
52852.1 2.57786e-18 6.4051e-19 BessellB
52853.1 2.42856e-18 6.08626e-19 BessellB
52854.1 2.28792e-18 5.78292e-19 BessellB
52855.1 2.15543e-18 5.49434e-19 BessellB
52856.1 2.03062e-18 5.21984e-19 BessellB
52857.1 1.91304e-18 4.95874e-19 BessellB
52858.1 1.80229e-18 4.71042e-19 BessellB
52859.1 1.69795e-18 4.47427e-19 BessellB
52860.1 1.59966e-18 4.24971e-19 BessellB
52861.1 1.50706e-18 4.03619e-19 BessellB
52862.1 1.41983e-18 3.83317e-19 BessellB
52863.1 1.33766e-18 3.64017e-19 BessellB
52864.1 1.26025e-18 3.4567e-19 BessellB
52865.1 1.18732e-18 3.28229e-19 BessellB
52695 2.78317e-15 4.14365e-18 BessellI
52696 2.78226e-15 3.97017e-18 BessellI
52697 2.78081e-15 3.80022e-18 BessellI
52698 2.77883e-15 3.63395e-18 BessellI
52699 2.7763e-15 3.47149e-18 BessellI
52700 2.77324e-15 3.313e-18 BessellI
52701 2.76963e-15 3.15862e-18 BessellI
52702 2.76548e-15 3.00848e-18 BessellI
52703 2.76079e-15 2.8627e-18 BessellI
52704 2.75556e-15 2.72141e-18 BessellI
52705 2.74978e-15 2.58473e-18 BessellI
52706 2.74348e-15 2.45276e-18 BessellI
52707 2.73664e-15 2.32563e-18 BessellI
52708 2.72927e-15 2.20342e-18 BessellI
52709 2.72137e-15 2.08623e-18 BessellI
52710 2.71295e-15 1.97414e-18 BessellI
52711 2.70401e-15 1.86725e-18 BessellI
52712 2.69456e-15 1.7656e-18 BessellI
52713 2.68461e-15 1.66928e-18 BessellI
52714 2.67415e-15 1.57833e-18 BessellI
52715 2.6632e-15 1.49278e-18 BessellI
52716 2.65177e-15 1.41266e-18 BessellI
52717 2.63986e-15 1.33796e-18 BessellI
52718 2.62748e-15 1.26867e-18 BessellI
52719 2.61464e-15 1.20473e-18 BessellI
52720 2.60135e-15 1.14608e-18 BessellI
52721 2.58762e-15 1.0926e-18 BessellI
52722 2.57345e-15 1.04414e-18 BessellI
52723 2.55886e-15 1.00051e-18 BessellI
52724 2.54386e-15 9.61486e-19 BessellI
52725 2.52846e-15 9.26806e-19 BessellI
52726 2.51267e-15 8.96168e-19 BessellI
52727 2.4965e-15 8.69247e-19 BessellI
52728 2.47997e-15 8.45694e-19 BessellI
52729 2.46308e-15 8.25151e-19 BessellI
52730 2.44585e-15 8.07257e-19 BessellI
52731 2.42829e-15 7.91659e-19 BessellI
52732 2.41041e-15 7.78018e-19 BessellI
52733 2.39222e-15 7.66021e-19 BessellI
52734 2.37375e-15 7.55378e-19 BessellI
52735 2.35499e-15 7.45836e-19 BessellI
52736 2.33597e-15 7.37173e-19 BessellI
52737 2.31669e-15 7.29203e-19 BessellI
52738 2.29717e-15 7.21773e-19 BessellI
52739 2.27742e-15 7.14764e-19 BessellI
52740 2.25746e-15 7.08088e-19 BessellI
52741 2.2373e-15 7.01686e-19 BessellI
52742 2.21694e-15 6.95524e-19 BessellI
52743 2.19642e-15 6.89594e-19 BessellI
52744 2.17572e-15 6.83906e-19 BessellI
52745 2.15488e-15 6.78488e-19 BessellI
52746 2.13389e-15 6.73385e-19 BessellI
52747 2.11278e-15 6.68651e-19 BessellI
52748 2.09156e-15 6.64353e-19 BessellI
52749 2.07023e-15 6.6056e-19 BessellI
52750 2.04882e-15 6.57348e-19 BessellI
52751 2.02732e-15 6.54793e-19 BessellI
52752 2.00576e-15 6.52969e-19 BessellI
52753 1.98414e-15 6.51946e-19 BessellI
52754 1.96248e-15 6.51786e-19 BessellI
52755 1.94078e-15 6.52546e-19 BessellI
52756 1.91906e-15 6.54268e-19 BessellI
52757 1.89733e-15 6.56985e-19 BessellI
52758 1.87559e-15 6.60719e-19 BessellI
52759 1.85386e-15 6.65474e-19 BessellI
52760 1.83215e-15 6.71247e-19 BessellI
52761 1.81046e-15 6.78018e-19 BessellI
52762 1.78881e-15 6.85757e-19 BessellI
52763 1.7672e-15 6.94424e-19 BessellI
52764 1.74565e-15 7.03969e-19 BessellI
52765 1.72415e-15 7.14334e-19 BessellI
52766 1.70272e-15 7.25458e-19 BessellI
52767 1.68137e-15 7.3727e-19 BessellI
52768 1.6601e-15 7.49702e-19 BessellI
52769 1.63892e-15 7.62679e-19 BessellI
52770 1.61784e-15 7.76129e-19 BessellI
52771 1.59687e-15 7.89979e-19 BessellI
52772 1.576e-15 8.04158e-19 BessellI
52773 1.55525e-15 8.18595e-19 BessellI
52774 1.53462e-15 8.33225e-19 BessellI
52775 1.51411e-15 8.47983e-19 BessellI
52776 1.49374e-15 8.62808e-19 BessellI
52777 1.47351e-15 8.77644e-19 BessellI
52778 1.45342e-15 8.92437e-19 BessellI
52779 1.43347e-15 9.07137e-19 BessellI
52780 1.41367e-15 9.21697e-19 BessellI
52781 1.39403e-15 9.36076e-19 BessellI
52782 1.37455e-15 9.50233e-19 BessellI
52783 1.35523e-15 9.64133e-19 BessellI
52784 1.33607e-15 9.77744e-19 BessellI
52785 1.31708e-15 9.91035e-19 BessellI
52786 1.29826e-15 1.00398e-18 BessellI
52787 1.27962e-15 1.01656e-18 BessellI
52788 1.26115e-15 1.02875e-18 BessellI
52789 1.24285e-15 1.04052e-18 BessellI
52790 1.22474e-15 1.05188e-18 BessellI
52791 1.20681e-15 1.06279e-18 BessellI
52792 1.18906e-15 1.07326e-18 BessellI
52793 1.1715e-15 1.08327e-18 BessellI
52794 1.15412e-15 1.0928e-18 BessellI
52795 1.13693e-15 1.10187e-18 BessellI
52796 1.11993e-15 1.11046e-18 BessellI
52797 1.10311e-15 1.11856e-18 BessellI
52798 1.08649e-15 1.12618e-18 BessellI
52799 1.07005e-15 1.13332e-18 BessellI
52800 1.05381e-15 1.13998e-18 BessellI
52801 1.03776e-15 1.14615e-18 BessellI
52802 1.02189e-15 1.15185e-18 BessellI
52803 1.00622e-15 1.15707e-18 BessellI
52804 9.90741e-16 1.16182e-18 BessellI
52805 9.7545e-16 1.1661e-18 BessellI
52806 9.6035e-16 1.16993e-18 BessellI
52807 9.45439e-16 1.1733e-18 BessellI
52808 9.30717e-16 1.17622e-18 BessellI
52809 9.16184e-16 1.17871e-18 BessellI
52810 9.01839e-16 1.18077e-18 BessellI
52811 8.87681e-16 1.1824e-18 BessellI
52812 8.7371e-16 1.18362e-18 BessellI
52813 8.59924e-16 1.18443e-18 BessellI
52814 8.46322e-16 1.18485e-18 BessellI
52815 8.32904e-16 1.18488e-18 BessellI
52816 8.19669e-16 1.18454e-18 BessellI
52817 8.06614e-16 1.18383e-18 BessellI
52818 7.9374e-16 1.18276e-18 BessellI
52819 7.81044e-16 1.18134e-18 BessellI
52820 7.68525e-16 1.17959e-18 BessellI
52821 7.56183e-16 1.17751e-18 BessellI
52822 7.44015e-16 1.17511e-18 BessellI
52823 7.3202e-16 1.1724e-18 BessellI
52824 7.20197e-16 1.1694e-18 BessellI
52825 7.08544e-16 1.1661e-18 BessellI
52826 6.9706e-16 1.16253e-18 BessellI
52827 6.85742e-16 1.1587e-18 BessellI
52828 6.7459e-16 1.1546e-18 BessellI
52829 6.63602e-16 1.15026e-18 BessellI
52830 6.52776e-16 1.14568e-18 BessellI
52831 6.42111e-16 1.14086e-18 BessellI
52832 6.31604e-16 1.13583e-18 BessellI
52833 6.21255e-16 1.13058e-18 BessellI
52834 6.11061e-16 1.12513e-18 BessellI
52835 6.01021e-16 1.11949e-18 BessellI
52836 5.91132e-16 1.11366e-18 BessellI
52837 5.81394e-16 1.10766e-18 BessellI
52838 5.71805e-16 1.10149e-18 BessellI
52839 5.62362e-16 1.09515e-18 BessellI
52840 5.53064e-16 1.08867e-18 BessellI
52841 5.4391e-16 1.08203e-18 BessellI
52842 5.34897e-16 1.07527e-18 BessellI
52843 5.26024e-16 1.06837e-18 BessellI
52844 5.17289e-16 1.06134e-18 BessellI
52845 5.0869e-16 1.05421e-18 BessellI
52846 5.00226e-16 1.04696e-18 BessellI
52847 4.91895e-16 1.03961e-18 BessellI
52848 4.83694e-16 1.03216e-18 BessellI
52849 4.75623e-16 1.02463e-18 BessellI
52850 4.6768e-16 1.01701e-18 BessellI
52851 4.59863e-16 1.00931e-18 BessellI
52852 4.52169e-16 1.00154e-18 BessellI
52853 4.44599e-16 9.93708e-19 BessellI
52854 4.37149e-16 9.85813e-19 BessellI
52855 4.29819e-16 9.77861e-19 BessellI
52856 4.22605e-16 9.69859e-19 BessellI
52857 4.15508e-16 9.61811e-19 BessellI
52858 4.08525e-16 9.53722e-19 BessellI
52859 4.01655e-16 9.45597e-19 BessellI
52860 3.94896e-16 9.3744e-19 BessellI
52861 3.88246e-16 9.29256e-19 BessellI
52862 3.81704e-16 9.21048e-19 BessellI
52863 3.75269e-16 9.12821e-19 BessellI
52864 3.68938e-16 9.04578e-19 BessellI
52865 3.6271e-16 8.96323e-19 BessellI
52866 3.56584e-16 8.8806e-19 BessellI
52867 3.50558e-16 8.79792e-19 BessellI
52868 3.44631e-16 8.71523e-19 BessellI
52869 3.38801e-16 8.63255e-19 BessellI
52870 3.33066e-16 8.54992e-19 BessellI
52871 3.27426e-16 8.46737e-19 BessellI
52872 3.21879e-16 8.38492e-19 BessellI
52873 3.16424e-16 8.30261e-19 BessellI
52874 3.11058e-16 8.22045e-19 BessellI
52875 3.05781e-16 8.13848e-19 BessellI
52876 3.00591e-16 8.05672e-19 BessellI
52877 2.95488e-16 7.97519e-19 BessellI
52878 2.90469e-16 7.89391e-19 BessellI
52879 2.85533e-16 7.8129e-19 BessellI
52880 2.80679e-16 7.73219e-19 BessellI
52881 2.75906e-16 7.65179e-19 BessellI
52882 2.71213e-16 7.57172e-19 BessellI
52883 2.66598e-16 7.492e-19 BessellI
52884 2.62059e-16 7.41264e-19 BessellI
52885 2.57597e-16 7.33367e-19 BessellI
52886 2.53209e-16 7.25509e-19 BessellI
52887 2.48895e-16 7.17691e-19 BessellI
52888 2.44652e-16 7.09917e-19 BessellI
52889 2.40481e-16 7.02185e-19 BessellI
52890 2.3638e-16 6.94499e-19 BessellI
52891 2.32348e-16 6.86858e-19 BessellI
52892 2.28383e-16 6.79265e-19 BessellI
52893 2.24485e-16 6.71719e-19 BessellI
52894 2.20652e-16 6.64222e-19 BessellI
52895 2.16884e-16 6.56776e-19 BessellI
52896 2.1318e-16 6.49379e-19 BessellI
52897 2.09538e-16 6.42035e-19 BessellI
52898 2.05957e-16 6.34742e-19 BessellI
52899 2.02437e-16 6.27503e-19 BessellI
52900 1.98976e-16 6.20316e-19 BessellI
52901 1.95573e-16 6.13184e-19 BessellI
52902 1.92228e-16 6.06107e-19 BessellI
52903 1.8894e-16 5.99084e-19 BessellI
52904 1.85707e-16 5.92118e-19 BessellI
52905 1.82529e-16 5.85207e-19 BessellI
52906 1.79405e-16 5.78352e-19 BessellI
52907 1.76334e-16 5.71555e-19 BessellI
52908 1.73315e-16 5.64814e-19 BessellI
52909 1.70346e-16 5.5813e-19 BessellI
52910 1.67429e-16 5.51504e-19 BessellI
52911 1.64561e-16 5.44936e-19 BessellI
52912 1.61741e-16 5.38425e-19 BessellI
52913 1.5897e-16 5.31973e-19 BessellI
52914 1.56245e-16 5.25578e-19 BessellI
52915 1.53567e-16 5.19242e-19 BessellI
52916 1.50934e-16 5.12964e-19 BessellI
52917 1.48347e-16 5.06744e-19 BessellI
52918 1.45803e-16 5.00583e-19 BessellI
52919 1.43302e-16 4.9448e-19 BessellI
52920 1.40844e-16 4.88435e-19 BessellI
52921 1.38428e-16 4.82448e-19 BessellI
52922 1.36054e-16 4.76519e-19 BessellI
52923 1.33719e-16 4.70649e-19 BessellI
52924 1.31425e-16 4.64836e-19 BessellI
52925 1.29169e-16 4.59081e-19 BessellI
52685.7 1.1526e-16 1.0744e-16 BessellR
52686.7 1.37759e-16 1.22586e-16 BessellR
52687.7 1.64813e-16 1.39569e-16 BessellR
52688.7 1.97368e-16 1.58476e-16 BessellR
52689.7 2.36568e-16 1.79322e-16 BessellR
52690.7 2.83796e-16 2.02017e-16 BessellR
52691.7 3.40718e-16 2.26293e-16 BessellR
52692.7 4.09339e-16 2.5161e-16 BessellR
52693.7 4.9207e-16 2.77012e-16 BessellR
52694.7 5.91799e-16 3.00904e-16 BessellR
52695.7 7.11982e-16 3.20699e-16 BessellR
52696.7 8.56746e-16 3.32244e-16 BessellR
52697.7 1.03102e-15 3.2879e-16 BessellR
52698.7 1.24073e-15 2.98749e-16 BessellR
52699.7 1.49337e-15 2.18371e-16 BessellR
52700.7 1.80015e-15 2.58999e-18 BessellR
52701.7 2.12728e-15 2.73602e-16 BessellR
52702.7 2.41312e-15 3.92911e-16 BessellR
52703.7 2.65538e-15 4.44977e-16 BessellR
52704.7 2.85648e-15 4.58091e-16 BessellR
52705.7 3.02013e-15 4.47225e-16 BessellR
52706.7 3.15063e-15 4.22002e-16 BessellR
52707.7 3.2523e-15 3.88881e-16 BessellR
52708.7 3.32923e-15 3.52189e-16 BessellR
52709.7 3.38517e-15 3.14766e-16 BessellR
52710.7 3.42348e-15 2.7842e-16 BessellR
52711.7 3.44707e-15 2.44237e-16 BessellR
52712.7 3.45848e-15 2.1281e-16 BessellR
52713.7 3.45986e-15 1.844e-16 BessellR
52714.7 3.45304e-15 1.59042e-16 BessellR
52715.7 3.43956e-15 1.36635e-16 BessellR
52716.7 3.42068e-15 1.16994e-16 BessellR
52717.7 3.39746e-15 9.98866e-17 BessellR
52718.7 3.3708e-15 8.5066e-17 BessellR
52719.7 3.3414e-15 7.22824e-17 BessellR
52720.7 3.30986e-15 6.12967e-17 BessellR
52721.7 3.27666e-15 5.18861e-17 BessellR
52722.7 3.2422e-15 4.38474e-17 BessellR
52723.7 3.2068e-15 3.69984e-17 BessellR
52724.7 3.17073e-15 3.11777e-17 BessellR
52725.7 3.1342e-15 2.62435e-17 BessellR
52726.7 3.09738e-15 2.20725e-17 BessellR
52727.7 3.06041e-15 1.85585e-17 BessellR
52728.7 3.02341e-15 1.561e-17 BessellR
52729.7 2.98646e-15 1.31491e-17 BessellR
52730.7 2.94965e-15 1.11094e-17 BessellR
52731.7 2.91303e-15 9.43471e-18 BessellR
52732.7 2.87665e-15 8.07669e-18 BessellR
52733.7 2.84055e-15 6.99332e-18 BessellR
52734.7 2.80476e-15 6.14672e-18 BessellR
52735.7 2.7693e-15 5.50141e-18 BessellR
52736.7 2.73418e-15 5.02315e-18 BessellR
52737.7 2.69944e-15 4.67892e-18 BessellR
52738.7 2.66506e-15 4.4379e-18 BessellR
52739.7 2.63107e-15 4.27286e-18 BessellR
52740.7 2.59747e-15 4.16122e-18 BessellR
52741.7 2.56426e-15 4.08539e-18 BessellR
52742.7 2.53144e-15 4.03236e-18 BessellR
52743.7 2.49901e-15 3.99298e-18 BessellR
52744.7 2.46698e-15 3.96104e-18 BessellR
52745.7 2.43534e-15 3.93252e-18 BessellR
52746.7 2.4041e-15 3.90493e-18 BessellR
52747.7 2.37324e-15 3.87686e-18 BessellR
52748.7 2.34277e-15 3.84755e-18 BessellR
52749.7 2.31268e-15 3.81673e-18 BessellR
52750.7 2.28297e-15 3.7844e-18 BessellR
52751.7 2.25363e-15 3.75072e-18 BessellR
52752.7 2.22467e-15 3.71596e-18 BessellR
52753.7 2.19607e-15 3.68041e-18 BessellR
52754.7 2.16784e-15 3.64438e-18 BessellR
52755.7 2.13997e-15 3.60816e-18 BessellR
52756.7 2.11246e-15 3.57204e-18 BessellR
52757.7 2.0853e-15 3.53626e-18 BessellR
52758.7 2.05848e-15 3.50102e-18 BessellR
52759.7 2.03201e-15 3.46651e-18 BessellR
52760.7 2.00588e-15 3.43289e-18 BessellR
52761.7 1.98008e-15 3.40028e-18 BessellR
52762.7 1.95461e-15 3.36877e-18 BessellR
52763.7 1.92947e-15 3.33844e-18 BessellR
52764.7 1.90466e-15 3.30934e-18 BessellR
52765.7 1.88016e-15 3.28151e-18 BessellR
52766.7 1.85598e-15 3.25497e-18 BessellR
52767.7 1.8321e-15 3.22972e-18 BessellR
52768.7 1.80854e-15 3.20575e-18 BessellR
52769.7 1.78528e-15 3.18305e-18 BessellR
52770.7 1.76231e-15 3.1616e-18 BessellR
52771.7 1.73964e-15 3.14136e-18 BessellR
52772.7 1.71727e-15 3.1223e-18 BessellR
52773.7 1.69518e-15 3.10436e-18 BessellR
52774.7 1.67337e-15 3.08752e-18 BessellR
52775.7 1.65185e-15 3.07172e-18 BessellR
52776.7 1.6306e-15 3.05691e-18 BessellR
52777.7 1.60962e-15 3.04304e-18 BessellR
52778.7 1.58892e-15 3.03006e-18 BessellR
52779.7 1.56848e-15 3.01792e-18 BessellR
52780.7 1.5483e-15 3.00657e-18 BessellR
52781.7 1.52839e-15 2.99595e-18 BessellR
52782.7 1.50873e-15 2.98602e-18 BessellR
52783.7 1.48932e-15 2.97672e-18 BessellR
52784.7 1.47016e-15 2.96801e-18 BessellR
52785.7 1.45125e-15 2.95985e-18 BessellR
52786.7 1.43258e-15 2.95219e-18 BessellR
52787.7 1.41415e-15 2.94498e-18 BessellR
52788.7 1.39596e-15 2.93819e-18 BessellR
52789.7 1.378e-15 2.93177e-18 BessellR
52790.7 1.36028e-15 2.92569e-18 BessellR
52791.7 1.34278e-15 2.91991e-18 BessellR
52792.7 1.32551e-15 2.9144e-18 BessellR
52793.7 1.30846e-15 2.90913e-18 BessellR
52794.7 1.29163e-15 2.90406e-18 BessellR
52795.7 1.27501e-15 2.89917e-18 BessellR
52796.7 1.25861e-15 2.89442e-18 BessellR
52797.7 1.24242e-15 2.8898e-18 BessellR
52798.7 1.22644e-15 2.88527e-18 BessellR
52799.7 1.21066e-15 2.88083e-18 BessellR
52800.7 1.19509e-15 2.87643e-18 BessellR
52801.7 1.17971e-15 2.87208e-18 BessellR
52802.7 1.16454e-15 2.86774e-18 BessellR
52803.7 1.14956e-15 2.86339e-18 BessellR
52804.7 1.13477e-15 2.85904e-18 BessellR
52805.7 1.12017e-15 2.85465e-18 BessellR
52806.7 1.10577e-15 2.85022e-18 BessellR
52807.7 1.09154e-15 2.84573e-18 BessellR
52808.7 1.0775e-15 2.84117e-18 BessellR
52809.7 1.06364e-15 2.83653e-18 BessellR
52810.7 1.04996e-15 2.8318e-18 BessellR
52811.7 1.03645e-15 2.82697e-18 BessellR
52812.7 1.02312e-15 2.82204e-18 BessellR
52813.7 1.00996e-15 2.817e-18 BessellR
52814.7 9.96966e-16 2.81183e-18 BessellR
52815.7 9.84142e-16 2.80654e-18 BessellR
52816.7 9.71482e-16 2.80112e-18 BessellR
52817.7 9.58986e-16 2.79556e-18 BessellR
52818.7 9.4665e-16 2.78986e-18 BessellR
52819.7 9.34473e-16 2.78402e-18 BessellR
52820.7 9.22452e-16 2.77803e-18 BessellR
52821.7 9.10586e-16 2.7719e-18 BessellR
52822.7 8.98873e-16 2.76561e-18 BessellR
52823.7 8.8731e-16 2.75917e-18 BessellR
52824.7 8.75896e-16 2.75258e-18 BessellR
52825.7 8.64629e-16 2.74583e-18 BessellR
52826.7 8.53507e-16 2.73892e-18 BessellR
52827.7 8.42528e-16 2.73186e-18 BessellR
52828.7 8.3169e-16 2.72464e-18 BessellR
52829.7 8.20991e-16 2.71727e-18 BessellR
52830.7 8.10431e-16 2.70974e-18 BessellR
52831.7 8.00006e-16 2.70206e-18 BessellR
52832.7 7.89715e-16 2.69422e-18 BessellR
52833.7 7.79556e-16 2.68623e-18 BessellR
52834.7 7.69528e-16 2.67809e-18 BessellR
52835.7 7.5963e-16 2.6698e-18 BessellR
52836.7 7.49858e-16 2.66136e-18 BessellR
52837.7 7.40212e-16 2.65277e-18 BessellR
52838.7 7.30691e-16 2.64404e-18 BessellR
52839.7 7.21291e-16 2.63517e-18 BessellR
52840.7 7.12013e-16 2.62616e-18 BessellR
52841.7 7.02854e-16 2.61701e-18 BessellR
52842.7 6.93813e-16 2.60772e-18 BessellR
52843.7 6.84888e-16 2.5983e-18 BessellR
52844.7 6.76078e-16 2.58875e-18 BessellR
52845.7 6.67381e-16 2.57907e-18 BessellR
52846.7 6.58797e-16 2.56927e-18 BessellR
52847.7 6.50322e-16 2.55935e-18 BessellR
52848.7 6.41957e-16 2.5493e-18 BessellR
52849.7 6.33699e-16 2.53914e-18 BessellR
52850.7 6.25547e-16 2.52886e-18 BessellR
52851.7 6.17501e-16 2.51847e-18 BessellR
52852.7 6.09557e-16 2.50797e-18 BessellR
52853.7 6.01716e-16 2.49737e-18 BessellR
52854.7 5.93976e-16 2.48666e-18 BessellR
52855.7 5.86336e-16 2.47586e-18 BessellR
52856.7 5.78793e-16 2.46495e-18 BessellR
52857.7 5.71348e-16 2.45396e-18 BessellR
52858.7 5.63999e-16 2.44287e-18 BessellR
52859.7 5.56744e-16 2.43169e-18 BessellR
52860.7 5.49582e-16 2.42043e-18 BessellR
52861.7 5.42512e-16 2.40908e-18 BessellR
52862.7 5.35534e-16 2.39766e-18 BessellR
52863.7 5.28645e-16 2.38616e-18 BessellR
52864.7 5.21845e-16 2.37458e-18 BessellR
52865.7 5.15132e-16 2.36293e-18 BessellR
52866.7 5.08506e-16 2.35122e-18 BessellR
52867.7 5.01965e-16 2.33944e-18 BessellR
52868.7 4.95508e-16 2.32759e-18 BessellR
52869.7 4.89134e-16 2.31569e-18 BessellR
52870.7 4.82842e-16 2.30373e-18 BessellR
52871.7 4.76631e-16 2.29171e-18 BessellR
52872.7 4.705e-16 2.27965e-18 BessellR
52873.7 4.64447e-16 2.26753e-18 BessellR
52874.7 4.58473e-16 2.25536e-18 BessellR
52875.7 4.52575e-16 2.24316e-18 BessellR
52876.7 4.46754e-16 2.23091e-18 BessellR
52877.7 4.41007e-16 2.21862e-18 BessellR
52878.7 4.35334e-16 2.20629e-18 BessellR
52879.7 4.29734e-16 2.19393e-18 BessellR
52880.7 4.24206e-16 2.18154e-18 BessellR
52881.7 4.1875e-16 2.16912e-18 BessellR
52882.7 4.13363e-16 2.15667e-18 BessellR
52883.7 4.08046e-16 2.14419e-18 BessellR
52884.7 4.02797e-16 2.13169e-18 BessellR
52885.7 3.97616e-16 2.11918e-18 BessellR
52886.7 3.92501e-16 2.10664e-18 BessellR
52887.7 3.87452e-16 2.09409e-18 BessellR
52888.7 3.82468e-16 2.08152e-18 BessellR
52889.7 3.77548e-16 2.06894e-18 BessellR
52890.7 3.72692e-16 2.05635e-18 BessellR
52891.7 3.67898e-16 2.04376e-18 BessellR
52892.7 3.63165e-16 2.03115e-18 BessellR
52893.7 3.58494e-16 2.01854e-18 BessellR
52894.7 3.53882e-16 2.00593e-18 BessellR
52895.7 3.4933e-16 1.99332e-18 BessellR
52896.7 3.44837e-16 1.98072e-18 BessellR
52897.7 3.40401e-16 1.96811e-18 BessellR
52898.7 3.36022e-16 1.95551e-18 BessellR
52899.7 3.317e-16 1.94291e-18 BessellR
52900.7 3.27433e-16 1.93033e-18 BessellR
52901.7 3.23221e-16 1.91775e-18 BessellR
52902.7 3.19063e-16 1.90518e-18 BessellR
52903.7 3.14959e-16 1.89263e-18 BessellR
52904.7 3.10908e-16 1.88009e-18 BessellR
52905.7 3.06908e-16 1.86757e-18 BessellR
52906.7 3.0296e-16 1.85507e-18 BessellR
52907.7 2.99063e-16 1.84258e-18 BessellR
52908.7 2.95216e-16 1.83012e-18 BessellR
52909.7 2.91419e-16 1.81767e-18 BessellR
52910.7 2.8767e-16 1.80525e-18 BessellR
52911.7 2.8397e-16 1.79285e-18 BessellR
52912.7 2.80317e-16 1.78048e-18 BessellR
52913.7 2.76711e-16 1.76814e-18 BessellR
52914.7 2.73152e-16 1.75582e-18 BessellR
52915.7 2.69638e-16 1.74353e-18 BessellR
52916.7 2.6617e-16 1.73128e-18 BessellR
52917.7 2.62746e-16 1.71905e-18 BessellR
52918.7 2.59366e-16 1.70686e-18 BessellR
52919.7 2.5603e-16 1.6947e-18 BessellR
52920.7 2.52736e-16 1.68257e-18 BessellR
52921.7 2.49485e-16 1.67048e-18 BessellR
52922.7 2.46276e-16 1.65843e-18 BessellR
52923.7 2.43108e-16 1.64641e-18 BessellR
52924.7 2.39981e-16 1.63443e-18 BessellR
52925.7 2.36894e-16 1.6225e-18 BessellR
52926.7 2.33847e-16 1.6106e-18 BessellR
52927.7 2.30839e-16 1.59874e-18 BessellR
52928.7 2.27869e-16 1.58692e-18 BessellR
52929.7 2.24938e-16 1.57515e-18 BessellR
52930.7 2.22045e-16 1.56342e-18 BessellR
52931.7 2.19188e-16 1.55174e-18 BessellR
52932.7 2.16369e-16 1.5401e-18 BessellR
52933.7 2.13586e-16 1.5285e-18 BessellR
52934.7 2.10838e-16 1.51695e-18 BessellR
52935.7 2.08126e-16 1.50545e-18 BessellR
52936.7 2.05449e-16 1.494e-18 BessellR
52937.7 2.02806e-16 1.48259e-18 BessellR
52938.7 2.00198e-16 1.47123e-18 BessellR
52939.7 1.97622e-16 1.45992e-18 BessellR
52940.7 1.9508e-16 1.44866e-18 BessellR
52941.7 1.92571e-16 1.43746e-18 BessellR
52942.7 1.90094e-16 1.4263e-18 BessellR
52943.7 1.87648e-16 1.41519e-18 BessellR
52944.7 1.85235e-16 1.40414e-18 BessellR
52945.7 1.82852e-16 1.39313e-18 BessellR
52946.7 1.805e-16 1.38218e-18 BessellR
52947.7 1.78178e-16 1.37129e-18 BessellR
52948.7 1.75886e-16 1.36044e-18 BessellR
52949.7 1.73624e-16 1.34966e-18 BessellR
52950.7 1.7139e-16 1.33892e-18 BessellR
52951.7 1.69186e-16 1.32824e-18 BessellR
52952.7 1.67009e-16 1.31761e-18 BessellR
52953.7 1.64861e-16 1.30704e-18 BessellR
52954.7 1.6274e-16 1.29653e-18 BessellR
52955.7 1.60647e-16 1.28607e-18 BessellR
52956.7 1.58581e-16 1.27567e-18 BessellR
52957.7 1.56541e-16 1.26532e-18 BessellR
52958.7 1.54527e-16 1.25503e-18 BessellR
52959.7 1.52539e-16 1.24479e-18 BessellR
52960.7 1.50577e-16 1.23462e-18 BessellR
52961.7 1.4864e-16 1.2245e-18 BessellR
52962.7 1.46728e-16 1.21443e-18 BessellR
52963.7 1.44841e-16 1.20443e-18 BessellR
52964.7 1.42978e-16 1.19448e-18 BessellR
52965.7 1.41139e-16 1.18459e-18 BessellR
52966.7 1.39323e-16 1.17476e-18 BessellR
52967.7 1.37531e-16 1.16499e-18 BessellR
52968.7 1.35762e-16 1.15527e-18 BessellR
52969.7 1.34015e-16 1.14561e-18 BessellR
52970.7 1.32292e-16 1.13601e-18 BessellR
52687 2.79233e-21 6.05461e-21 BessellV
52688 6.71223e-21 1.38012e-20 BessellV
52689 1.62118e-20 3.15616e-20 BessellV
52690 3.93626e-20 7.24238e-20 BessellV
52691 9.61413e-20 1.66771e-19 BessellV
52692 2.36413e-19 3.85356e-19 BessellV
52693 5.85913e-19 8.93328e-19 BessellV
52694 1.46548e-18 2.0765e-18 BessellV
52695 3.70538e-18 4.83455e-18 BessellV
52696 9.48943e-18 1.12499e-17 BessellV
52697 2.46652e-17 2.60512e-17 BessellV
52698 6.51611e-17 5.94714e-17 BessellV
52699 1.74775e-16 1.30921e-16 BessellV
52700 4.71895e-16 2.61998e-16 BessellV
52701 1.24598e-15 3.83888e-16 BessellV
52702 2.89586e-15 5.72595e-17 BessellV
52703 4.55218e-15 4.21148e-16 BessellV
52704 5.29198e-15 2.79494e-16 BessellV
52705 5.51418e-15 1.34329e-16 BessellV
52706 5.53213e-15 6.21511e-17 BessellV
52707 5.47661e-15 3.79196e-17 BessellV
52708 5.3958e-15 3.32981e-17 BessellV
52709 5.30691e-15 3.24325e-17 BessellV
52710 5.21611e-15 3.16736e-17 BessellV
52711 5.1256e-15 3.07203e-17 BessellV
52712 5.03619e-15 2.967e-17 BessellV
52713 4.94816e-15 2.85969e-17 BessellV
52714 4.86159e-15 2.75357e-17 BessellV
52715 4.77652e-15 2.65008e-17 BessellV
52716 4.69292e-15 2.54977e-17 BessellV
52717 4.61078e-15 2.45282e-17 BessellV
52718 4.53008e-15 2.35927e-17 BessellV
52719 4.45078e-15 2.2691e-17 BessellV
52720 4.37288e-15 2.18228e-17 BessellV
52721 4.29634e-15 2.09877e-17 BessellV
52722 4.22114e-15 2.01854e-17 BessellV
52723 4.14725e-15 1.94153e-17 BessellV
52724 4.07466e-15 1.86772e-17 BessellV
52725 4.00334e-15 1.79706e-17 BessellV
52726 3.93327e-15 1.72952e-17 BessellV
52727 3.86443e-15 1.66508e-17 BessellV
52728 3.79679e-15 1.60369e-17 BessellV
52729 3.73033e-15 1.54533e-17 BessellV
52730 3.66504e-15 1.48997e-17 BessellV
52731 3.60089e-15 1.43758e-17 BessellV
52732 3.53786e-15 1.38812e-17 BessellV
52733 3.47594e-15 1.34157e-17 BessellV
52734 3.4151e-15 1.29789e-17 BessellV
52735 3.35532e-15 1.25704e-17 BessellV
52736 3.29659e-15 1.21899e-17 BessellV
52737 3.23889e-15 1.18367e-17 BessellV
52738 3.1822e-15 1.15105e-17 BessellV
52739 3.12651e-15 1.12106e-17 BessellV
52740 3.07178e-15 1.09364e-17 BessellV
52741 3.01802e-15 1.0687e-17 BessellV
52742 2.96519e-15 1.04618e-17 BessellV
52743 2.91329e-15 1.02597e-17 BessellV
52744 2.8623e-15 1.00799e-17 BessellV
52745 2.8122e-15 9.92133e-18 BessellV
52746 2.76298e-15 9.78282e-18 BessellV
52747 2.71462e-15 9.66326e-18 BessellV
52748 2.66711e-15 9.56146e-18 BessellV
52749 2.62043e-15 9.47621e-18 BessellV
52750 2.57456e-15 9.40627e-18 BessellV
52751 2.5295e-15 9.3504e-18 BessellV
52752 2.48523e-15 9.3074e-18 BessellV
52753 2.44173e-15 9.27607e-18 BessellV
52754 2.39899e-15 9.25525e-18 BessellV
52755 2.357e-15 9.24382e-18 BessellV
52756 2.31575e-15 9.24072e-18 BessellV
52757 2.27522e-15 9.24492e-18 BessellV
52758 2.23539e-15 9.25549e-18 BessellV
52759 2.19627e-15 9.27153e-18 BessellV
52760 2.15783e-15 9.2922e-18 BessellV
52761 2.12006e-15 9.31676e-18 BessellV
52762 2.08296e-15 9.34449e-18 BessellV
52763 2.0465e-15 9.37474e-18 BessellV
52764 2.01068e-15 9.40694e-18 BessellV
52765 1.97549e-15 9.44054e-18 BessellV
52766 1.94091e-15 9.47506e-18 BessellV
52767 1.90694e-15 9.51008e-18 BessellV
52768 1.87357e-15 9.54521e-18 BessellV
52769 1.84077e-15 9.58009e-18 BessellV
52770 1.80856e-15 9.61441e-18 BessellV
52771 1.7769e-15 9.64792e-18 BessellV
52772 1.7458e-15 9.68036e-18 BessellV
52773 1.71525e-15 9.71153e-18 BessellV
52774 1.68523e-15 9.74124e-18 BessellV
52775 1.65573e-15 9.76934e-18 BessellV
52776 1.62675e-15 9.79569e-18 BessellV
52777 1.59828e-15 9.82017e-18 BessellV
52778 1.57031e-15 9.84269e-18 BessellV
52779 1.54282e-15 9.86316e-18 BessellV
52780 1.51582e-15 9.88153e-18 BessellV
52781 1.48929e-15 9.89774e-18 BessellV
52782 1.46322e-15 9.91175e-18 BessellV
52783 1.43761e-15 9.92353e-18 BessellV
52784 1.41245e-15 9.93306e-18 BessellV
52785 1.38773e-15 9.94033e-18 BessellV
52786 1.36344e-15 9.94535e-18 BessellV
52787 1.33958e-15 9.94811e-18 BessellV
52788 1.31614e-15 9.94862e-18 BessellV
52789 1.2931e-15 9.94691e-18 BessellV
52790 1.27047e-15 9.94299e-18 BessellV
52791 1.24823e-15 9.93689e-18 BessellV
52792 1.22639e-15 9.92863e-18 BessellV
52793 1.20492e-15 9.91825e-18 BessellV
52794 1.18384e-15 9.90579e-18 BessellV
52795 1.16312e-15 9.89128e-18 BessellV
52796 1.14276e-15 9.87476e-18 BessellV
52797 1.12276e-15 9.85628e-18 BessellV
52798 1.10311e-15 9.83587e-18 BessellV
52799 1.0838e-15 9.81359e-18 BessellV
52800 1.06483e-15 9.78947e-18 BessellV
52801 1.0462e-15 9.76357e-18 BessellV
52802 1.02789e-15 9.73592e-18 BessellV
52803 1.0099e-15 9.70659e-18 BessellV
52804 9.92223e-16 9.67561e-18 BessellV
52805 9.74858e-16 9.64303e-18 BessellV
52806 9.57796e-16 9.60891e-18 BessellV
52807 9.41033e-16 9.57329e-18 BessellV
52808 9.24564e-16 9.53621e-18 BessellV
52809 9.08383e-16 9.49774e-18 BessellV
52810 8.92484e-16 9.4579e-18 BessellV
52811 8.76865e-16 9.41675e-18 BessellV
52812 8.61518e-16 9.37434e-18 BessellV
52813 8.46441e-16 9.33072e-18 BessellV
52814 8.31627e-16 9.28592e-18 BessellV
52815 8.17072e-16 9.24e-18 BessellV
52816 8.02772e-16 9.19299e-18 BessellV
52817 7.88723e-16 9.14494e-18 BessellV
52818 7.74919e-16 9.0959e-18 BessellV
52819 7.61357e-16 9.0459e-18 BessellV
52820 7.48032e-16 8.99499e-18 BessellV
52821 7.34941e-16 8.94321e-18 BessellV
52822 7.22078e-16 8.8906e-18 BessellV
52823 7.09441e-16 8.8372e-18 BessellV
52824 6.97025e-16 8.78304e-18 BessellV
52825 6.84826e-16 8.72816e-18 BessellV
52826 6.72841e-16 8.67261e-18 BessellV
52827 6.61066e-16 8.61641e-18 BessellV
52828 6.49496e-16 8.5596e-18 BessellV
52829 6.38129e-16 8.50222e-18 BessellV
52830 6.26961e-16 8.4443e-18 BessellV
52831 6.15989e-16 8.38588e-18 BessellV
52832 6.05209e-16 8.32697e-18 BessellV
52833 5.94617e-16 8.26763e-18 BessellV
52834 5.8421e-16 8.20787e-18 BessellV
52835 5.73986e-16 8.14773e-18 BessellV
52836 5.63941e-16 8.08723e-18 BessellV
52837 5.54072e-16 8.0264e-18 BessellV
52838 5.44375e-16 7.96528e-18 BessellV
52839 5.34848e-16 7.90389e-18 BessellV
52840 5.25487e-16 7.84225e-18 BessellV
52841 5.16291e-16 7.78039e-18 BessellV
52842 5.07256e-16 7.71833e-18 BessellV
52843 4.98378e-16 7.6561e-18 BessellV
52844 4.89656e-16 7.59372e-18 BessellV
52845 4.81087e-16 7.53122e-18 BessellV
52846 4.72668e-16 7.46861e-18 BessellV
52847 4.64396e-16 7.40592e-18 BessellV
52848 4.56268e-16 7.34317e-18 BessellV
52849 4.48283e-16 7.28037e-18 BessellV
52850 4.40438e-16 7.21755e-18 BessellV
52851 4.3273e-16 7.15473e-18 BessellV
52852 4.25157e-16 7.09192e-18 BessellV
52853 4.17717e-16 7.02914e-18 BessellV
52854 4.10406e-16 6.96641e-18 BessellV
52855 4.03224e-16 6.90375e-18 BessellV
52856 3.96168e-16 6.84117e-18 BessellV
52857 3.89234e-16 6.77868e-18 BessellV
52858 3.82423e-16 6.71631e-18 BessellV
52859 3.7573e-16 6.65406e-18 BessellV
52860 3.69155e-16 6.59195e-18 BessellV
52861 3.62694e-16 6.52999e-18 BessellV
52862 3.56347e-16 6.46821e-18 BessellV
52863 3.50111e-16 6.4066e-18 BessellV
52864 3.43984e-16 6.34518e-18 BessellV
52865 3.37964e-16 6.28396e-18 BessellV
