54842.5 1.3719e-16 1.46674e-17 BessellB
54843.5 1.39262e-16 1.46661e-17 BessellB
54844.5 1.41365e-16 1.46619e-17 BessellB
54845.5 1.43501e-16 1.46546e-17 BessellB
54846.5 1.45669e-16 1.46442e-17 BessellB
54847.5 1.47871e-16 1.46306e-17 BessellB
54848.5 1.50106e-16 1.46137e-17 BessellB
54849.5 1.52375e-16 1.45935e-17 BessellB
54850.5 1.54679e-16 1.45699e-17 BessellB
54851.5 1.57018e-16 1.45429e-17 BessellB
54852.5 1.59392e-16 1.45123e-17 BessellB
54853.5 1.61803e-16 1.44782e-17 BessellB
54854.5 1.64251e-16 1.44404e-17 BessellB
54855.5 1.66736e-16 1.43989e-17 BessellB
54856.5 1.69258e-16 1.43537e-17 BessellB
54857.5 1.7182e-16 1.43047e-17 BessellB
54858.5 1.7442e-16 1.42519e-17 BessellB
54859.5 1.77059e-16 1.41952e-17 BessellB
54860.5 1.79739e-16 1.41346e-17 BessellB
54861.5 1.82459e-16 1.40701e-17 BessellB
54862.5 1.85221e-16 1.40015e-17 BessellB
54863.5 1.88024e-16 1.3929e-17 BessellB
54864.5 1.9087e-16 1.38526e-17 BessellB
54865.5 1.93758e-16 1.37721e-17 BessellB
54866.5 1.96691e-16 1.36876e-17 BessellB
54867.5 1.99667e-16 1.35992e-17 BessellB
54868.5 2.02688e-16 1.35069e-17 BessellB
54869.5 2.05754e-16 1.34107e-17 BessellB
54870.5 2.08865e-16 1.33106e-17 BessellB
54871.5 2.12023e-16 1.32068e-17 BessellB
54872.5 2.15228e-16 1.30994e-17 BessellB
54873.5 2.1848e-16 1.29884e-17 BessellB
54874.5 2.2178e-16 1.2874e-17 BessellB
54875.5 2.25128e-16 1.27563e-17 BessellB
54876.5 2.28524e-16 1.26355e-17 BessellB
54877.5 2.3197e-16 1.25118e-17 BessellB
54878.5 2.35465e-16 1.23854e-17 BessellB
54879.5 2.39009e-16 1.22566e-17 BessellB
54880.5 2.42604e-16 1.21256e-17 BessellB
54881.5 2.46248e-16 1.19927e-17 BessellB
54882.5 2.49942e-16 1.18583e-17 BessellB
54883.5 2.53687e-16 1.17227e-17 BessellB
54884.5 2.57482e-16 1.15863e-17 BessellB
54885.5 2.61327e-16 1.14496e-17 BessellB
54886.5 2.65221e-16 1.13129e-17 BessellB
54887.5 2.69164e-16 1.11767e-17 BessellB
54888.5 2.73156e-16 1.10416e-17 BessellB
54889.5 2.77195e-16 1.0908e-17 BessellB
54890.5 2.81281e-16 1.07764e-17 BessellB
54891.5 2.85413e-16 1.06473e-17 BessellB
54892.5 2.89588e-16 1.05212e-17 BessellB
54893.5 2.93805e-16 1.03986e-17 BessellB
54894.5 2.98062e-16 1.02799e-17 BessellB
54895.5 3.02357e-16 1.01656e-17 BessellB
54896.5 3.06685e-16 1.00558e-17 BessellB
54897.5 3.11045e-16 9.95091e-18 BessellB
54898.5 3.15431e-16 9.85097e-18 BessellB
54899.5 3.1984e-16 9.75602e-18 BessellB
54900.5 3.24265e-16 9.6659e-18 BessellB
54901.5 3.28701e-16 9.58035e-18 BessellB
54902.5 3.33141e-16 9.49891e-18 BessellB
54903.5 3.37578e-16 9.42095e-18 BessellB
54904.5 3.42001e-16 9.3457e-18 BessellB
54905.5 3.46402e-16 9.27219e-18 BessellB
54906.5 3.50769e-16 9.19931e-18 BessellB
54907.5 3.55089e-16 9.12584e-18 BessellB
54908.5 3.59348e-16 9.05044e-18 BessellB
54909.5 3.63531e-16 8.97176e-18 BessellB
54910.5 3.67621e-16 8.88846e-18 BessellB
54911.5 3.71597e-16 8.79928e-18 BessellB
54912.5 3.75438e-16 8.70316e-18 BessellB
54913.5 3.79121e-16 8.59933e-18 BessellB
54914.5 3.8262e-16 8.48741e-18 BessellB
54915.5 3.85907e-16 8.36759e-18 BessellB
54916.5 3.88952e-16 8.24071e-18 BessellB
54917.5 3.91722e-16 8.10841e-18 BessellB
54918.5 3.94181e-16 7.97326e-18 BessellB
54919.5 3.96292e-16 7.83878e-18 BessellB
54920.5 3.98015e-16 7.70946e-18 BessellB
54921.5 3.9931e-16 7.59064e-18 BessellB
54922.5 4.00132e-16 7.48817e-18 BessellB
54923.5 4.00439e-16 7.40799e-18 BessellB
54924.5 4.00185e-16 7.35546e-18 BessellB
54925.5 3.99327e-16 7.33456e-18 BessellB
54926.5 3.97822e-16 7.34712e-18 BessellB
54927.5 3.9563e-16 7.39219e-18 BessellB
54928.5 3.92712e-16 7.46575e-18 BessellB
54929.5 3.89037e-16 7.56081e-18 BessellB
54930.5 3.84577e-16 7.66796e-18 BessellB
54931.5 3.79313e-16 7.7763e-18 BessellB
54932.5 3.73234e-16 7.87449e-18 BessellB
54933.5 3.66339e-16 7.95208e-18 BessellB
54934.5 3.58637e-16 8.00066e-18 BessellB
54935.5 3.5015e-16 8.01505e-18 BessellB
54936.5 3.4091e-16 7.99437e-18 BessellB
54937.5 3.30964e-16 7.94279e-18 BessellB
54938.5 3.20368e-16 7.87002e-18 BessellB
54939.5 3.09191e-16 7.79109e-18 BessellB
54940.5 2.97509e-16 7.72541e-18 BessellB
54941.5 2.85408e-16 7.69461e-18 BessellB
54942.5 2.7298e-16 7.71939e-18 BessellB
54943.5 2.6032e-16 7.81563e-18 BessellB
54944.5 2.47523e-16 7.99114e-18 BessellB
54945.5 2.34685e-16 8.24395e-18 BessellB
54946.5 2.21898e-16 8.56298e-18 BessellB
54947.5 2.09247e-16 8.93044e-18 BessellB
54948.5 1.96812e-16 9.32515e-18 BessellB
54949.5 1.84663e-16 9.72545e-18 BessellB
54950.5 1.72863e-16 1.01114e-17 BessellB
54951.5 1.61463e-16 1.04661e-17 BessellB
54952.5 1.50505e-16 1.07762e-17 BessellB
54953.5 1.40022e-16 1.10321e-17 BessellB
54954.5 1.30036e-16 1.12275e-17 BessellB
54955.5 1.20562e-16 1.13593e-17 BessellB
54956.5 1.11609e-16 1.14269e-17 BessellB
54957.5 1.03175e-16 1.14319e-17 BessellB
54958.5 9.52563e-17 1.13774e-17 BessellB
54959.5 8.78422e-17 1.12676e-17 BessellB
54960.5 8.0919e-17 1.11077e-17 BessellB
54961.5 7.44693e-17 1.09032e-17 BessellB
54962.5 6.84739e-17 1.06601e-17 BessellB
54963.5 6.29116e-17 1.0384e-17 BessellB
54964.5 5.77602e-17 1.00807e-17 BessellB
54965.5 5.29971e-17 9.75542e-18 BessellB
54966.5 4.85991e-17 9.41322e-18 BessellB
54967.5 4.45437e-17 9.05869e-18 BessellB
54968.5 4.08084e-17 8.69594e-18 BessellB
54969.5 3.73716e-17 8.32866e-18 BessellB
54970.5 3.42122e-17 7.96009e-18 BessellB
54971.5 3.13104e-17 7.59303e-18 BessellB
54972.5 2.8647e-17 7.2299e-18 BessellB
54973.5 2.62041e-17 6.8727e-18 BessellB
54974.5 2.39648e-17 6.52313e-18 BessellB
54975.5 2.1913e-17 6.18255e-18 BessellB
54976.5 2.0034e-17 5.85206e-18 BessellB
54977.5 1.83139e-17 5.53249e-18 BessellB
54978.5 1.67399e-17 5.22447e-18 BessellB
54979.5 1.52998e-17 4.92844e-18 BessellB
54980.5 1.39828e-17 4.64467e-18 BessellB
54981.5 1.27785e-17 4.37329e-18 BessellB
54982.5 1.16775e-17 4.1143e-18 BessellB
54983.5 1.06711e-17 3.86764e-18 BessellB
54984.5 9.75141e-18 3.63311e-18 BessellB
54985.5 8.91095e-18 3.4105e-18 BessellB
54986.5 8.14299e-18 3.1995e-18 BessellB
54987.5 7.44135e-18 2.99979e-18 BessellB
54988.5 6.80032e-18 2.811e-18 BessellB
54989.5 6.21471e-18 2.63274e-18 BessellB
54990.5 5.67973e-18 2.4646e-18 BessellB
54991.5 5.19103e-18 2.30616e-18 BessellB
54992.5 4.74459e-18 2.15699e-18 BessellB
54993.5 4.33677e-18 2.01669e-18 BessellB
54994.5 3.96422e-18 1.88481e-18 BessellB
54995.5 3.62389e-18 1.76095e-18 BessellB
54996.5 3.31297e-18 1.6447e-18 BessellB
54997.5 3.02893e-18 1.53566e-18 BessellB
54998.5 2.76942e-18 1.43343e-18 BessellB
54999.5 2.53232e-18 1.33766e-18 BessellB
55000.5 2.31568e-18 1.24798e-18 BessellB
55001.5 2.11773e-18 1.16403e-18 BessellB
54842.5 7.47738e-17 5.21724e-18 BessellI
54843.5 7.97575e-17 5.25906e-18 BessellI
54844.5 8.50478e-17 5.28617e-18 BessellI
54845.5 9.06592e-17 5.29778e-18 BessellI
54846.5 9.66065e-17 5.2934e-18 BessellI
54847.5 1.02904e-16 5.27309e-18 BessellI
54848.5 1.09567e-16 5.23757e-18 BessellI
54849.5 1.16609e-16 5.18855e-18 BessellI
54850.5 1.24042e-16 5.12905e-18 BessellI
54851.5 1.31881e-16 5.06376e-18 BessellI
54852.5 1.40136e-16 4.99952e-18 BessellI
54853.5 1.48817e-16 4.94573e-18 BessellI
54854.5 1.57932e-16 4.91462e-18 BessellI
54855.5 1.67489e-16 4.9211e-18 BessellI
54856.5 1.77491e-16 4.98202e-18 BessellI
54857.5 1.8794e-16 5.11456e-18 BessellI
54858.5 1.98834e-16 5.33397e-18 BessellI
54859.5 2.10168e-16 5.6514e-18 BessellI
54860.5 2.21933e-16 6.07243e-18 BessellI
54861.5 2.34117e-16 6.59696e-18 BessellI
54862.5 2.46701e-16 7.22014e-18 BessellI
54863.5 2.59664e-16 7.9337e-18 BessellI
54864.5 2.72978e-16 8.72715e-18 BessellI
54865.5 2.8661e-16 9.58867e-18 BessellI
54866.5 3.00524e-16 1.05056e-17 BessellI
54867.5 3.14675e-16 1.14647e-17 BessellI
54868.5 3.29016e-16 1.24523e-17 BessellI
54869.5 3.43494e-16 1.34544e-17 BessellI
54870.5 3.58051e-16 1.44567e-17 BessellI
54871.5 3.72626e-16 1.54449e-17 BessellI
54872.5 3.87154e-16 1.64047e-17 BessellI
54873.5 4.01568e-16 1.73222e-17 BessellI
54874.5 4.15799e-16 1.81839e-17 BessellI
54875.5 4.29777e-16 1.89774e-17 BessellI
54876.5 4.43433e-16 1.96913e-17 BessellI
54877.5 4.56699e-16 2.03155e-17 BessellI
54878.5 4.69509e-16 2.08416e-17 BessellI
54879.5 4.81802e-16 2.1263e-17 BessellI
54880.5 4.93518e-16 2.15751e-17 BessellI
54881.5 5.04606e-16 2.1775e-17 BessellI
54882.5 5.15017e-16 2.18622e-17 BessellI
54883.5 5.24713e-16 2.1838e-17 BessellI
54884.5 5.33658e-16 2.17054e-17 BessellI
54885.5 5.41827e-16 2.14693e-17 BessellI
54886.5 5.492e-16 2.1136e-17 BessellI
54887.5 5.55765e-16 2.0713e-17 BessellI
54888.5 5.61518e-16 2.02088e-17 BessellI
54889.5 5.66458e-16 1.96326e-17 BessellI
54890.5 5.70595e-16 1.89943e-17 BessellI
54891.5 5.73942e-16 1.83037e-17 BessellI
54892.5 5.76517e-16 1.75707e-17 BessellI
54893.5 5.78344e-16 1.68052e-17 BessellI
54894.5 5.79449e-16 1.60164e-17 BessellI
54895.5 5.79863e-16 1.52132e-17 BessellI
54896.5 5.79618e-16 1.44039e-17 BessellI
54897.5 5.78749e-16 1.35959e-17 BessellI
54898.5 5.77293e-16 1.2796e-17 BessellI
54899.5 5.75285e-16 1.20103e-17 BessellI
54900.5 5.72763e-16 1.12439e-17 BessellI
54901.5 5.69765e-16 1.05014e-17 BessellI
54902.5 5.66327e-16 9.78649e-18 BessellI
54903.5 5.62485e-16 9.1022e-18 BessellI
54904.5 5.58275e-16 8.45097e-18 BessellI
54905.5 5.5373e-16 7.83463e-18 BessellI
54906.5 5.48882e-16 7.25448e-18 BessellI
54907.5 5.43763e-16 6.71135e-18 BessellI
54908.5 5.38402e-16 6.20563e-18 BessellI
54909.5 5.32827e-16 5.73733e-18 BessellI
54910.5 5.27064e-16 5.30613e-18 BessellI
54911.5 5.21138e-16 4.9114e-18 BessellI
54912.5 5.15071e-16 4.5522e-18 BessellI
54913.5 5.08884e-16 4.22737e-18 BessellI
54914.5 5.02598e-16 3.93548e-18 BessellI
54915.5 4.9623e-16 3.67486e-18 BessellI
54916.5 4.89797e-16 3.44366e-18 BessellI
54917.5 4.83314e-16 3.2398e-18 BessellI
54918.5 4.76795e-16 3.06106e-18 BessellI
54919.5 4.70254e-16 2.90508e-18 BessellI
54920.5 4.63701e-16 2.76944e-18 BessellI
54921.5 4.57148e-16 2.65171e-18 BessellI
54922.5 4.50604e-16 2.5495e-18 BessellI
54923.5 4.44077e-16 2.46053e-18 BessellI
54924.5 4.37575e-16 2.38268e-18 BessellI
54925.5 4.31106e-16 2.31401e-18 BessellI
54926.5 4.24675e-16 2.25279e-18 BessellI
54927.5 4.18288e-16 2.19753e-18 BessellI
54928.5 4.11949e-16 2.14694e-18 BessellI
54929.5 4.05664e-16 2.09996e-18 BessellI
54930.5 3.99436e-16 2.0557e-18 BessellI
54931.5 3.93269e-16 2.01345e-18 BessellI
54932.5 3.87164e-16 1.97266e-18 BessellI
54933.5 3.81126e-16 1.93291e-18 BessellI
54934.5 3.75155e-16 1.89386e-18 BessellI
54935.5 3.69254e-16 1.8553e-18 BessellI
54936.5 3.63424e-16 1.81707e-18 BessellI
54937.5 3.57667e-16 1.77906e-18 BessellI
54938.5 3.51983e-16 1.74124e-18 BessellI
54939.5 3.46373e-16 1.70359e-18 BessellI
54940.5 3.40839e-16 1.66613e-18 BessellI
54941.5 3.35379e-16 1.6289e-18 BessellI
54942.5 3.29996e-16 1.59195e-18 BessellI
54943.5 3.24687e-16 1.55535e-18 BessellI
54944.5 3.19455e-16 1.51918e-18 BessellI
54945.5 3.14298e-16 1.48352e-18 BessellI
54946.5 3.09216e-16 1.44845e-18 BessellI
54947.5 3.04209e-16 1.41404e-18 BessellI
54948.5 2.99276e-16 1.38038e-18 BessellI
54949.5 2.94418e-16 1.34754e-18 BessellI
54950.5 2.89633e-16 1.3156e-18 BessellI
54951.5 2.84921e-16 1.28463e-18 BessellI
54952.5 2.80281e-16 1.25469e-18 BessellI
54953.5 2.75713e-16 1.22583e-18 BessellI
54954.5 2.71216e-16 1.19811e-18 BessellI
54955.5 2.66789e-16 1.17158e-18 BessellI
54956.5 2.62431e-16 1.14627e-18 BessellI
54957.5 2.58142e-16 1.12221e-18 BessellI
54958.5 2.5392e-16 1.09943e-18 BessellI
54959.5 2.49765e-16 1.07794e-18 BessellI
54960.5 2.45677e-16 1.05777e-18 BessellI
54961.5 2.41653e-16 1.0389e-18 BessellI
54962.5 2.37694e-16 1.02133e-18 BessellI
54963.5 2.33798e-16 1.00506e-18 BessellI
54964.5 2.29965e-16 9.90057e-19 BessellI
54965.5 2.26193e-16 9.76309e-19 BessellI
54966.5 2.22482e-16 9.63779e-19 BessellI
54967.5 2.18831e-16 9.52432e-19 BessellI
54968.5 2.15239e-16 9.42227e-19 BessellI
54969.5 2.11705e-16 9.33118e-19 BessellI
54970.5 2.08229e-16 9.25055e-19 BessellI
54971.5 2.04809e-16 9.17985e-19 BessellI
54972.5 2.01444e-16 9.11854e-19 BessellI
54973.5 1.98134e-16 9.06603e-19 BessellI
54974.5 1.94879e-16 9.02175e-19 BessellI
54975.5 1.91676e-16 8.98511e-19 BessellI
54976.5 1.88525e-16 8.95551e-19 BessellI
54977.5 1.85426e-16 8.93238e-19 BessellI
54978.5 1.82378e-16 8.91515e-19 BessellI
54979.5 1.79379e-16 8.90325e-19 BessellI
54980.5 1.76429e-16 8.89615e-19 BessellI
54981.5 1.73528e-16 8.89333e-19 BessellI
54982.5 1.70674e-16 8.89428e-19 BessellI
54983.5 1.67867e-16 8.89854e-19 BessellI
54984.5 1.65106e-16 8.90566e-19 BessellI
54985.5 1.6239e-16 8.91523e-19 BessellI
54986.5 1.59719e-16 8.92683e-19 BessellI
54987.5 1.57091e-16 8.94012e-19 BessellI
54988.5 1.54507e-16 8.95475e-19 BessellI
54989.5 1.51965e-16 8.97039e-19 BessellI
54990.5 1.49465e-16 8.98677e-19 BessellI
54991.5 1.47005e-16 9.00361e-19 BessellI
54992.5 1.44587e-16 9.02067e-19 BessellI
54993.5 1.42208e-16 9.03772e-19 BessellI
54994.5 1.39868e-16 9.05456e-19 BessellI
54995.5 1.37566e-16 9.07101e-19 BessellI
54996.5 1.35302e-16 9.08691e-19 BessellI
54997.5 1.33076e-16 9.1021e-19 BessellI
54998.5 1.30886e-16 9.11645e-19 BessellI
54999.5 1.28732e-16 9.12985e-19 BessellI
55000.5 1.26613e-16 9.14219e-19 BessellI
55001.5 1.2453e-16 9.15338e-19 BessellI
55002.5 1.2248e-16 9.16334e-19 BessellI
55003.5 1.20465e-16 9.17201e-19 BessellI
55004.5 1.18482e-16 9.17931e-19 BessellI
55005.5 1.16532e-16 9.18521e-19 BessellI
55006.5 1.14614e-16 9.18967e-19 BessellI
55007.5 1.12728e-16 9.19264e-19 BessellI
55008.5 1.10873e-16 9.1941e-19 BessellI
55009.5 1.09048e-16 9.19404e-19 BessellI
55010.5 1.07253e-16 9.19244e-19 BessellI
55011.5 1.05488e-16 9.18928e-19 BessellI
55012.5 1.03752e-16 9.18457e-19 BessellI
55013.5 1.02044e-16 9.17831e-19 BessellI
55014.5 1.00365e-16 9.17049e-19 BessellI
55015.5 9.87128e-17 9.16114e-19 BessellI
55016.5 9.70881e-17 9.15025e-19 BessellI
55017.5 9.54901e-17 9.13784e-19 BessellI
55018.5 9.39185e-17 9.12393e-19 BessellI
55019.5 9.23727e-17 9.10854e-19 BessellI
55020.5 9.08523e-17 9.09169e-19 BessellI
55021.5 8.9357e-17 9.0734e-19 BessellI
55022.5 8.78863e-17 9.05369e-19 BessellI
55023.5 8.64398e-17 9.0326e-19 BessellI
55024.5 8.50171e-17 9.01014e-19 BessellI
55025.5 8.36178e-17 8.98635e-19 BessellI
55026.5 8.22415e-17 8.96125e-19 BessellI
55027.5 8.08879e-17 8.93488e-19 BessellI
55028.5 7.95566e-17 8.90726e-19 BessellI
55029.5 7.82472e-17 8.87843e-19 BessellI
55030.5 7.69593e-17 8.84841e-19 BessellI
55031.5 7.56926e-17 8.81724e-19 BessellI
55032.5 7.44468e-17 8.78495e-19 BessellI
55033.5 7.32215e-17 8.75157e-19 BessellI
55034.5 7.20164e-17 8.71713e-19 BessellI
55035.5 7.0831e-17 8.68167e-19 BessellI
55036.5 6.96652e-17 8.64521e-19 BessellI
55037.5 6.85186e-17 8.60779e-19 BessellI
55038.5 6.73909e-17 8.56945e-19 BessellI
55039.5 6.62817e-17 8.5302e-19 BessellI
55040.5 6.51908e-17 8.49009e-19 BessellI
55041.5 6.41178e-17 8.44914e-19 BessellI
55042.5 6.30625e-17 8.40738e-19 BessellI
55043.5 6.20246e-17 8.36485e-19 BessellI
55044.5 6.10038e-17 8.32157e-19 BessellI
55045.5 5.99997e-17 8.27758e-19 BessellI
55046.5 5.90122e-17 8.2329e-19 BessellI
55047.5 5.80409e-17 8.18756e-19 BessellI
55048.5 5.70857e-17 8.14159e-19 BessellI
55049.5 5.61461e-17 8.09502e-19 BessellI
55050.5 5.5222e-17 8.04788e-19 BessellI
55051.5 5.43131e-17 8.00018e-19 BessellI
55052.5 5.34192e-17 7.95197e-19 BessellI
55053.5 5.254e-17 7.90326e-19 BessellI
55054.5 5.16753e-17 7.85408e-19 BessellI
55055.5 5.08248e-17 7.80445e-19 BessellI
55056.5 4.99883e-17 7.7544e-19 BessellI
55057.5 4.91656e-17 7.70396e-19 BessellI
55058.5 4.83564e-17 7.65314e-19 BessellI
55059.5 4.75605e-17 7.60197e-19 BessellI
55060.5 4.67777e-17 7.55048e-19 BessellI
55061.5 4.60078e-17 7.49867e-19 BessellI
55062.5 4.52506e-17 7.44659e-19 BessellI
55063.5 4.45059e-17 7.39423e-19 BessellI
55064.5 4.37734e-17 7.34164e-19 BessellI
55065.5 4.3053e-17 7.28882e-19 BessellI
55066.5 4.23444e-17 7.2358e-19 BessellI
55067.5 4.16475e-17 7.18259e-19 BessellI
55068.5 4.0962e-17 7.12922e-19 BessellI
55069.5 4.02879e-17 7.0757e-19 BessellI
55070.5 3.96248e-17 7.02205e-19 BessellI
55071.5 3.89727e-17 6.96828e-19 BessellI
55072.5 3.83312e-17 6.91442e-19 BessellI
55073.5 3.77004e-17 6.86048e-19 BessellI
55074.5 3.70799e-17 6.80647e-19 BessellI
55075.5 3.64696e-17 6.75242e-19 BessellI
55076.5 3.58694e-17 6.69832e-19 BessellI
55077.5 3.52791e-17 6.64421e-19 BessellI
55078.5 3.46985e-17 6.5901e-19 BessellI
55079.5 3.41274e-17 6.53599e-19 BessellI
55080.5 3.35657e-17 6.4819e-19 BessellI
55081.5 3.30133e-17 6.42785e-19 BessellI
55082.5 3.247e-17 6.37384e-19 BessellI
55083.5 3.19356e-17 6.3199e-19 BessellI
55084.5 3.141e-17 6.26602e-19 BessellI
55085.5 3.08931e-17 6.21223e-19 BessellI
55086.5 3.03847e-17 6.15853e-19 BessellI
55087.5 2.98846e-17 6.10493e-19 BessellI
55088.5 2.93928e-17 6.05145e-19 BessellI
55089.5 2.8909e-17 5.99809e-19 BessellI
55090.5 2.84333e-17 5.94487e-19 BessellI
55091.5 2.79653e-17 5.89179e-19 BessellI
55092.5 2.75051e-17 5.83886e-19 BessellI
55093.5 2.70524e-17 5.7861e-19 BessellI
55094.5 2.66072e-17 5.7335e-19 BessellI
55095.5 2.61693e-17 5.68109e-19 BessellI
55096.5 2.57386e-17 5.62885e-19 BessellI
55097.5 2.5315e-17 5.57682e-19 BessellI
55098.5 2.48984e-17 5.52498e-19 BessellI
54819.1 9.76531e-17 3.20858e-18 BessellR
54820.1 9.9825e-17 3.24445e-18 BessellR
54821.1 1.02045e-16 3.28034e-18 BessellR
54822.1 1.04315e-16 3.31623e-18 BessellR
54823.1 1.06634e-16 3.35211e-18 BessellR
54824.1 1.09006e-16 3.38795e-18 BessellR
54825.1 1.11429e-16 3.42374e-18 BessellR
54826.1 1.13907e-16 3.45945e-18 BessellR
54827.1 1.16439e-16 3.49508e-18 BessellR
54828.1 1.19028e-16 3.53059e-18 BessellR
54829.1 1.21674e-16 3.56596e-18 BessellR
54830.1 1.24378e-16 3.60118e-18 BessellR
54831.1 1.27142e-16 3.63621e-18 BessellR
54832.1 1.29967e-16 3.67104e-18 BessellR
54833.1 1.32855e-16 3.70564e-18 BessellR
54834.1 1.35807e-16 3.73998e-18 BessellR
54835.1 1.38823e-16 3.77403e-18 BessellR
54836.1 1.41907e-16 3.80777e-18 BessellR
54837.1 1.45058e-16 3.84116e-18 BessellR
54838.1 1.48278e-16 3.87418e-18 BessellR
54839.1 1.5157e-16 3.9068e-18 BessellR
54840.1 1.54934e-16 3.93897e-18 BessellR
54841.1 1.58371e-16 3.97067e-18 BessellR
54842.1 1.61884e-16 4.00186e-18 BessellR
54843.1 1.65475e-16 4.03251e-18 BessellR
54844.1 1.69143e-16 4.06257e-18 BessellR
54845.1 1.72892e-16 4.09201e-18 BessellR
54846.1 1.76723e-16 4.12079e-18 BessellR
54847.1 1.80637e-16 4.14886e-18 BessellR
54848.1 1.84637e-16 4.17618e-18 BessellR
54849.1 1.88723e-16 4.20272e-18 BessellR
54850.1 1.92898e-16 4.22842e-18 BessellR
54851.1 1.97163e-16 4.25323e-18 BessellR
54852.1 2.0152e-16 4.27711e-18 BessellR
54853.1 2.05971e-16 4.3e-18 BessellR
54854.1 2.10518e-16 4.32186e-18 BessellR
54855.1 2.15162e-16 4.34264e-18 BessellR
54856.1 2.19905e-16 4.36227e-18 BessellR
54857.1 2.24748e-16 4.3807e-18 BessellR
54858.1 2.29695e-16 4.39788e-18 BessellR
54859.1 2.34746e-16 4.41374e-18 BessellR
54860.1 2.39903e-16 4.42824e-18 BessellR
54861.1 2.45168e-16 4.44129e-18 BessellR
54862.1 2.50542e-16 4.45285e-18 BessellR
54863.1 2.56028e-16 4.46285e-18 BessellR
54864.1 2.61627e-16 4.47122e-18 BessellR
54865.1 2.6734e-16 4.4779e-18 BessellR
54866.1 2.73169e-16 4.48282e-18 BessellR
54867.1 2.79115e-16 4.48591e-18 BessellR
54868.1 2.85181e-16 4.48711e-18 BessellR
54869.1 2.91366e-16 4.48634e-18 BessellR
54870.1 2.97673e-16 4.48353e-18 BessellR
54871.1 3.04102e-16 4.47863e-18 BessellR
54872.1 3.10654e-16 4.47154e-18 BessellR
54873.1 3.1733e-16 4.46222e-18 BessellR
54874.1 3.24131e-16 4.45058e-18 BessellR
54875.1 3.31057e-16 4.43657e-18 BessellR
54876.1 3.38108e-16 4.42012e-18 BessellR
54877.1 3.45285e-16 4.40117e-18 BessellR
54878.1 3.52586e-16 4.37965e-18 BessellR
54879.1 3.60011e-16 4.35552e-18 BessellR
54880.1 3.67559e-16 4.32872e-18 BessellR
54881.1 3.7523e-16 4.29921e-18 BessellR
54882.1 3.8302e-16 4.26695e-18 BessellR
54883.1 3.90928e-16 4.23191e-18 BessellR
54884.1 3.98952e-16 4.19407e-18 BessellR
54885.1 4.07087e-16 4.15343e-18 BessellR
54886.1 4.15331e-16 4.10997e-18 BessellR
54887.1 4.23678e-16 4.06373e-18 BessellR
54888.1 4.32123e-16 4.01475e-18 BessellR
54889.1 4.40661e-16 3.96306e-18 BessellR
54890.1 4.49285e-16 3.90877e-18 BessellR
54891.1 4.57986e-16 3.85196e-18 BessellR
54892.1 4.66757e-16 3.79278e-18 BessellR
54893.1 4.75588e-16 3.73139e-18 BessellR
54894.1 4.84468e-16 3.668e-18 BessellR
54895.1 4.93385e-16 3.60285e-18 BessellR
54896.1 5.02326e-16 3.53625e-18 BessellR
54897.1 5.11276e-16 3.46853e-18 BessellR
54898.1 5.2022e-16 3.40011e-18 BessellR
54899.1 5.29139e-16 3.33144e-18 BessellR
54900.1 5.38017e-16 3.26305e-18 BessellR
54901.1 5.46831e-16 3.19554e-18 BessellR
54902.1 5.5556e-16 3.12956e-18 BessellR
54903.1 5.6418e-16 3.06584e-18 BessellR
54904.1 5.72665e-16 3.00515e-18 BessellR
54905.1 5.8099e-16 2.94831e-18 BessellR
54906.1 5.89124e-16 2.89616e-18 BessellR
54907.1 5.97037e-16 2.84957e-18 BessellR
54908.1 6.04697e-16 2.80933e-18 BessellR
54909.1 6.12072e-16 2.7762e-18 BessellR
54910.1 6.19125e-16 2.7508e-18 BessellR
54911.1 6.2582e-16 2.73362e-18 BessellR
54912.1 6.32122e-16 2.72494e-18 BessellR
54913.1 6.3799e-16 2.72479e-18 BessellR
54914.1 6.43387e-16 2.73298e-18 BessellR
54915.1 6.48275e-16 2.74905e-18 BessellR
54916.1 6.52613e-16 2.77225e-18 BessellR
54917.1 6.56365e-16 2.80165e-18 BessellR
54918.1 6.59492e-16 2.83607e-18 BessellR
54919.1 6.61959e-16 2.8742e-18 BessellR
54920.1 6.63732e-16 2.91459e-18 BessellR
54921.1 6.64778e-16 2.95571e-18 BessellR
54922.1 6.65069e-16 2.99604e-18 BessellR
54923.1 6.6458e-16 3.03401e-18 BessellR
54924.1 6.63289e-16 3.06815e-18 BessellR
54925.1 6.61178e-16 3.09703e-18 BessellR
54926.1 6.58235e-16 3.11934e-18 BessellR
54927.1 6.54452e-16 3.1339e-18 BessellR
54928.1 6.49827e-16 3.13969e-18 BessellR
54929.1 6.44364e-16 3.13586e-18 BessellR
54930.1 6.38072e-16 3.12174e-18 BessellR
54931.1 6.30966e-16 3.09687e-18 BessellR
54932.1 6.23068e-16 3.061e-18 BessellR
54933.1 6.14405e-16 3.01409e-18 BessellR
54934.1 6.05008e-16 2.95631e-18 BessellR
54935.1 5.94914e-16 2.88807e-18 BessellR
54936.1 5.84166e-16 2.80998e-18 BessellR
54937.1 5.7281e-16 2.72285e-18 BessellR
54938.1 5.60896e-16 2.62769e-18 BessellR
54939.1 5.48475e-16 2.52569e-18 BessellR
54940.1 5.35604e-16 2.41821e-18 BessellR
54941.1 5.22338e-16 2.30676e-18 BessellR
54942.1 5.08734e-16 2.19301e-18 BessellR
54943.1 4.94852e-16 2.07872e-18 BessellR
54944.1 4.80748e-16 1.96579e-18 BessellR
54945.1 4.66478e-16 1.85617e-18 BessellR
54946.1 4.52097e-16 1.75187e-18 BessellR
54947.1 4.37659e-16 1.65489e-18 BessellR
54948.1 4.23213e-16 1.56717e-18 BessellR
54949.1 4.08808e-16 1.49045e-18 BessellR
54950.1 3.94487e-16 1.42616e-18 BessellR
54951.1 3.80293e-16 1.37528e-18 BessellR
54952.1 3.66263e-16 1.3382e-18 BessellR
54953.1 3.52431e-16 1.31465e-18 BessellR
54954.1 3.38828e-16 1.3037e-18 BessellR
54955.1 3.25483e-16 1.30389e-18 BessellR
54956.1 3.12417e-16 1.3134e-18 BessellR
54957.1 2.99653e-16 1.33023e-18 BessellR
54958.1 2.87206e-16 1.35238e-18 BessellR
54959.1 2.75092e-16 1.37803e-18 BessellR
54960.1 2.63322e-16 1.40555e-18 BessellR
54961.1 2.51905e-16 1.43356e-18 BessellR
54962.1 2.40845e-16 1.46094e-18 BessellR
54963.1 2.30149e-16 1.48681e-18 BessellR
54964.1 2.19817e-16 1.51051e-18 BessellR
54965.1 2.09849e-16 1.53152e-18 BessellR
54966.1 2.00244e-16 1.54952e-18 BessellR
54967.1 1.90999e-16 1.56427e-18 BessellR
54968.1 1.8211e-16 1.57566e-18 BessellR
54969.1 1.7357e-16 1.58365e-18 BessellR
54970.1 1.65374e-16 1.58826e-18 BessellR
54971.1 1.57514e-16 1.58957e-18 BessellR
54972.1 1.49982e-16 1.5877e-18 BessellR
54973.1 1.4277e-16 1.58278e-18 BessellR
54974.1 1.35869e-16 1.57499e-18 BessellR
54975.1 1.29269e-16 1.56449e-18 BessellR
54976.1 1.22962e-16 1.55147e-18 BessellR
54977.1 1.16937e-16 1.53613e-18 BessellR
54978.1 1.11186e-16 1.51867e-18 BessellR
54979.1 1.05697e-16 1.49926e-18 BessellR
54980.1 1.00462e-16 1.4781e-18 BessellR
54981.1 9.54707e-17 1.45538e-18 BessellR
54982.1 9.07136e-17 1.43127e-18 BessellR
54983.1 8.61814e-17 1.40593e-18 BessellR
54984.1 8.18649e-17 1.37953e-18 BessellR
54985.1 7.77551e-17 1.35223e-18 BessellR
54986.1 7.38433e-17 1.32416e-18 BessellR
54987.1 7.01208e-17 1.29546e-18 BessellR
54988.1 6.65795e-17 1.26625e-18 BessellR
54989.1 6.32112e-17 1.23666e-18 BessellR
54990.1 6.00082e-17 1.20678e-18 BessellR
54991.1 5.69631e-17 1.17673e-18 BessellR
54992.1 5.40685e-17 1.14658e-18 BessellR
54993.1 5.13175e-17 1.11644e-18 BessellR
54994.1 4.87033e-17 1.08636e-18 BessellR
54995.1 4.62197e-17 1.05642e-18 BessellR
54996.1 4.38603e-17 1.02668e-18 BessellR
54997.1 4.16192e-17 9.97208e-19 BessellR
54998.1 3.94908e-17 9.68043e-19 BessellR
54999.1 3.74696e-17 9.39234e-19 BessellR
55000.1 3.55504e-17 9.1082e-19 BessellR
55001.1 3.37282e-17 8.82837e-19 BessellR
55002.1 3.19983e-17 8.55314e-19 BessellR
55003.1 3.03561e-17 8.2828e-19 BessellR
55004.1 2.87974e-17 8.01756e-19 BessellR
55005.1 2.73179e-17 7.75762e-19 BessellR
55006.1 2.59138e-17 7.50313e-19 BessellR
55007.1 2.45813e-17 7.25423e-19 BessellR
55008.1 2.33167e-17 7.01102e-19 BessellR
55009.1 2.21168e-17 6.77357e-19 BessellR
55010.1 2.09782e-17 6.54193e-19 BessellR
55011.1 1.98979e-17 6.31615e-19 BessellR
55012.1 1.88729e-17 6.09623e-19 BessellR
55013.1 1.79004e-17 5.88218e-19 BessellR
55014.1 1.69778e-17 5.67397e-19 BessellR
54825.3 1.81027e-16 1.2801e-17 BessellV
54826.3 1.83991e-16 1.28596e-17 BessellV
54827.3 1.87004e-16 1.2917e-17 BessellV
54828.3 1.90067e-16 1.29732e-17 BessellV
54829.3 1.93179e-16 1.30281e-17 BessellV
54830.3 1.96343e-16 1.30819e-17 BessellV
54831.3 1.99559e-16 1.31343e-17 BessellV
54832.3 2.02827e-16 1.31854e-17 BessellV
54833.3 2.06148e-16 1.32352e-17 BessellV
54834.3 2.09525e-16 1.32835e-17 BessellV
54835.3 2.12956e-16 1.33305e-17 BessellV
54836.3 2.16444e-16 1.3376e-17 BessellV
54837.3 2.19988e-16 1.34201e-17 BessellV
54838.3 2.23591e-16 1.34627e-17 BessellV
54839.3 2.27253e-16 1.35038e-17 BessellV
54840.3 2.30974e-16 1.35434e-17 BessellV
54841.3 2.34756e-16 1.35814e-17 BessellV
54842.3 2.386e-16 1.36179e-17 BessellV
54843.3 2.42507e-16 1.36528e-17 BessellV
54844.3 2.46477e-16 1.36861e-17 BessellV
54845.3 2.50512e-16 1.37179e-17 BessellV
54846.3 2.54613e-16 1.3748e-17 BessellV
54847.3 2.58781e-16 1.37766e-17 BessellV
54848.3 2.63016e-16 1.38036e-17 BessellV
54849.3 2.6732e-16 1.3829e-17 BessellV
54850.3 2.71694e-16 1.38528e-17 BessellV
54851.3 2.76139e-16 1.38751e-17 BessellV
54852.3 2.80655e-16 1.38959e-17 BessellV
54853.3 2.85245e-16 1.39152e-17 BessellV
54854.3 2.89908e-16 1.39331e-17 BessellV
54855.3 2.94647e-16 1.39495e-17 BessellV
54856.3 2.99461e-16 1.39646e-17 BessellV
54857.3 3.04353e-16 1.39784e-17 BessellV
54858.3 3.09323e-16 1.39909e-17 BessellV
54859.3 3.14372e-16 1.40022e-17 BessellV
54860.3 3.19501e-16 1.40125e-17 BessellV
54861.3 3.24712e-16 1.40217e-17 BessellV
54862.3 3.30005e-16 1.403e-17 BessellV
54863.3 3.35381e-16 1.40375e-17 BessellV
54864.3 3.40842e-16 1.40443e-17 BessellV
54865.3 3.46388e-16 1.40505e-17 BessellV
54866.3 3.52019e-16 1.40562e-17 BessellV
54867.3 3.57738e-16 1.40615e-17 BessellV
54868.3 3.63544e-16 1.40667e-17 BessellV
54869.3 3.69439e-16 1.40718e-17 BessellV
54870.3 3.75422e-16 1.4077e-17 BessellV
54871.3 3.81496e-16 1.40824e-17 BessellV
54872.3 3.87659e-16 1.40883e-17 BessellV
54873.3 3.93914e-16 1.40947e-17 BessellV
54874.3 4.00259e-16 1.41018e-17 BessellV
54875.3 4.06696e-16 1.41098e-17 BessellV
54876.3 4.13224e-16 1.41188e-17 BessellV
54877.3 4.19843e-16 1.4129e-17 BessellV
54878.3 4.26553e-16 1.41405e-17 BessellV
54879.3 4.33354e-16 1.41534e-17 BessellV
54880.3 4.40244e-16 1.41678e-17 BessellV
54881.3 4.47224e-16 1.41838e-17 BessellV
54882.3 4.54291e-16 1.42014e-17 BessellV
54883.3 4.61445e-16 1.42207e-17 BessellV
54884.3 4.68684e-16 1.42416e-17 BessellV
54885.3 4.76005e-16 1.42641e-17 BessellV
54886.3 4.83406e-16 1.42881e-17 BessellV
54887.3 4.90884e-16 1.43133e-17 BessellV
54888.3 4.98436e-16 1.43396e-17 BessellV
54889.3 5.06057e-16 1.43667e-17 BessellV
54890.3 5.13744e-16 1.43941e-17 BessellV
54891.3 5.2149e-16 1.44216e-17 BessellV
54892.3 5.29291e-16 1.44485e-17 BessellV
54893.3 5.37138e-16 1.44743e-17 BessellV
54894.3 5.45025e-16 1.44983e-17 BessellV
54895.3 5.52944e-16 1.45198e-17 BessellV
54896.3 5.60884e-16 1.45378e-17 BessellV
54897.3 5.68835e-16 1.45516e-17 BessellV
54898.3 5.76785e-16 1.45601e-17 BessellV
54899.3 5.84721e-16 1.45624e-17 BessellV
54900.3 5.92629e-16 1.45573e-17 BessellV
54901.3 6.00493e-16 1.45438e-17 BessellV
54902.3 6.08296e-16 1.45208e-17 BessellV
54903.3 6.16017e-16 1.44873e-17 BessellV
54904.3 6.23636e-16 1.44423e-17 BessellV
54905.3 6.31131e-16 1.43849e-17 BessellV
54906.3 6.38475e-16 1.43145e-17 BessellV
54907.3 6.45643e-16 1.42307e-17 BessellV
54908.3 6.52606e-16 1.41332e-17 BessellV
54909.3 6.59331e-16 1.40222e-17 BessellV
54910.3 6.65786e-16 1.38984e-17 BessellV
54911.3 6.71935e-16 1.3763e-17 BessellV
54912.3 6.77739e-16 1.36177e-17 BessellV
54913.3 6.8316e-16 1.3465e-17 BessellV
54914.3 6.88155e-16 1.33081e-17 BessellV
54915.3 6.92679e-16 1.31509e-17 BessellV
54916.3 6.96688e-16 1.2998e-17 BessellV
54917.3 7.00135e-16 1.2855e-17 BessellV
54918.3 7.02971e-16 1.27276e-17 BessellV
54919.3 7.05148e-16 1.26219e-17 BessellV
54920.3 7.06618e-16 1.2544e-17 BessellV
54921.3 7.07332e-16 1.24994e-17 BessellV
54922.3 7.07244e-16 1.24926e-17 BessellV
54923.3 7.06309e-16 1.25266e-17 BessellV
54924.3 7.04484e-16 1.26023e-17 BessellV
54925.3 7.01731e-16 1.27186e-17 BessellV
54926.3 6.98016e-16 1.28719e-17 BessellV
54927.3 6.9331e-16 1.30562e-17 BessellV
54928.3 6.8759e-16 1.32638e-17 BessellV
54929.3 6.80842e-16 1.34851e-17 BessellV
54930.3 6.73057e-16 1.37098e-17 BessellV
54931.3 6.64236e-16 1.3927e-17 BessellV
54932.3 6.54391e-16 1.41258e-17 BessellV
54933.3 6.43541e-16 1.42961e-17 BessellV
54934.3 6.31716e-16 1.44288e-17 BessellV
54935.3 6.18954e-16 1.45162e-17 BessellV
54936.3 6.05306e-16 1.45523e-17 BessellV
54937.3 5.90829e-16 1.45331e-17 BessellV
54938.3 5.75589e-16 1.44567e-17 BessellV
54939.3 5.5966e-16 1.43231e-17 BessellV
54940.3 5.43123e-16 1.41344e-17 BessellV
54941.3 5.26063e-16 1.38947e-17 BessellV
54942.3 5.08567e-16 1.36096e-17 BessellV
54943.3 4.90729e-16 1.32863e-17 BessellV
54944.3 4.72639e-16 1.29331e-17 BessellV
54945.3 4.54389e-16 1.2559e-17 BessellV
54946.3 4.36069e-16 1.21734e-17 BessellV
54947.3 4.17764e-16 1.17855e-17 BessellV
54948.3 3.99558e-16 1.14042e-17 BessellV
54949.3 3.81526e-16 1.10374e-17 BessellV
54950.3 3.6374e-16 1.06919e-17 BessellV
54951.3 3.46263e-16 1.03726e-17 BessellV
54952.3 3.29153e-16 1.0083e-17 BessellV
54953.3 3.12461e-16 9.82464e-18 BessellV
54954.3 2.96229e-16 9.59731e-18 BessellV
54955.3 2.80492e-16 9.39925e-18 BessellV
54956.3 2.65281e-16 9.22748e-18 BessellV
54957.3 2.50617e-16 9.0781e-18 BessellV
54958.3 2.36517e-16 8.9467e-18 BessellV
54959.3 2.22992e-16 8.8287e-18 BessellV
54960.3 2.10047e-16 8.71966e-18 BessellV
54961.3 1.97683e-16 8.61548e-18 BessellV
54962.3 1.85898e-16 8.51258e-18 BessellV
54963.3 1.74683e-16 8.40796e-18 BessellV
54964.3 1.64031e-16 8.29922e-18 BessellV
54965.3 1.53928e-16 8.18456e-18 BessellV
54966.3 1.44361e-16 8.06273e-18 BessellV
54967.3 1.35312e-16 7.93294e-18 BessellV
54968.3 1.26765e-16 7.79486e-18 BessellV
54969.3 1.18701e-16 7.64846e-18 BessellV
54970.3 1.111e-16 7.49402e-18 BessellV
54971.3 1.03944e-16 7.33202e-18 BessellV
54972.3 9.72119e-17 7.16311e-18 BessellV
54973.3 9.08844e-17 6.98805e-18 BessellV
54974.3 8.49416e-17 6.80767e-18 BessellV
54975.3 7.93642e-17 6.62285e-18 BessellV
54976.3 7.4133e-17 6.43447e-18 BessellV
54977.3 6.92296e-17 6.2434e-18 BessellV
54978.3 6.46358e-17 6.05051e-18 BessellV
54979.3 6.03344e-17 5.85659e-18 BessellV
54980.3 5.63085e-17 5.66241e-18 BessellV
54981.3 5.25422e-17 5.46869e-18 BessellV
54982.3 4.902e-17 5.27608e-18 BessellV
54983.3 4.57274e-17 5.08517e-18 BessellV
54984.3 4.26503e-17 4.89649e-18 BessellV
54985.3 3.97755e-17 4.71053e-18 BessellV
54986.3 3.70905e-17 4.5277e-18 BessellV
54987.3 3.45834e-17 4.34837e-18 BessellV
54988.3 3.22428e-17 4.17285e-18 BessellV
54989.3 3.00582e-17 4.00141e-18 BessellV
54990.3 2.80196e-17 3.83425e-18 BessellV
54991.3 2.61175e-17 3.67157e-18 BessellV
54992.3 2.43431e-17 3.51349e-18 BessellV
54993.3 2.26881e-17 3.36013e-18 BessellV
54994.3 2.11445e-17 3.21155e-18 BessellV
54995.3 1.97052e-17 3.0678e-18 BessellV
54996.3 1.83632e-17 2.92889e-18 BessellV
54997.3 1.71119e-17 2.79482e-18 BessellV
54998.3 1.59455e-17 2.66557e-18 BessellV
54999.3 1.48582e-17 2.54109e-18 BessellV
55000.3 1.38447e-17 2.42132e-18 BessellV
55001.3 1.29002e-17 2.30619e-18 BessellV
