51463.9 5.41363e-16 2.77934e-17 BessellB
51464.9 6.21939e-16 2.96422e-17 BessellB
51465.9 7.12964e-16 3.13487e-17 BessellB
51466.9 8.15219e-16 3.28313e-17 BessellB
51467.9 9.29327e-16 3.39971e-17 BessellB
51468.9 1.05566e-15 3.47454e-17 BessellB
51469.9 1.19424e-15 3.49739e-17 BessellB
51470.9 1.34461e-15 3.45886e-17 BessellB
51471.9 1.5057e-15 3.35162e-17 BessellB
51472.9 1.67579e-15 3.17192e-17 BessellB
51473.9 1.85234e-15 2.92118e-17 BessellB
51474.9 2.03211e-15 2.60738e-17 BessellB
51475.9 2.21116e-15 2.24611e-17 BessellB
51476.9 2.38505e-15 1.8612e-17 BessellB
51477.9 2.54918e-15 1.48538e-17 BessellB
51478.9 2.69903e-15 1.16133e-17 BessellB
51479.9 2.8306e-15 9.39576e-18 BessellB
51480.9 2.94068e-15 8.54376e-18 BessellB
51481.9 3.02711e-15 8.79847e-18 BessellB
51482.9 3.08886e-15 9.48311e-18 BessellB
51483.9 3.12603e-15 1.00856e-17 BessellB
51484.9 3.13969e-15 1.03867e-17 BessellB
51485.9 3.13169e-15 1.03501e-17 BessellB
51486.9 3.10441e-15 1.0028e-17 BessellB
51487.9 3.06052e-15 9.5075e-18 BessellB
51488.9 3.00277e-15 8.88142e-18 BessellB
51489.9 2.93385e-15 8.23134e-18 BessellB
51490.9 2.85624e-15 7.61931e-18 BessellB
51491.9 2.77216e-15 7.08447e-18 BessellB
51492.9 2.68356e-15 6.6435e-18 BessellB
51493.9 2.59209e-15 6.29451e-18 BessellB
51494.9 2.4991e-15 6.02314e-18 BessellB
51495.9 2.40572e-15 5.80928e-18 BessellB
51496.9 2.31284e-15 5.63269e-18 BessellB
51497.9 2.22115e-15 5.47628e-18 BessellB
51498.9 2.13118e-15 5.32749e-18 BessellB
51499.9 2.04333e-15 5.17814e-18 BessellB
51500.9 1.9579e-15 5.02366e-18 BessellB
51501.9 1.87508e-15 4.8621e-18 BessellB
51502.9 1.79501e-15 4.69331e-18 BessellB
51503.9 1.71777e-15 4.51823e-18 BessellB
51504.9 1.64337e-15 4.33834e-18 BessellB
51505.9 1.57182e-15 4.15541e-18 BessellB
51506.9 1.5031e-15 3.9712e-18 BessellB
51507.9 1.43715e-15 3.78735e-18 BessellB
51508.9 1.37391e-15 3.60532e-18 BessellB
51509.9 1.3133e-15 3.42638e-18 BessellB
51510.9 1.25526e-15 3.25153e-18 BessellB
51511.9 1.1997e-15 3.08161e-18 BessellB
51512.9 1.14652e-15 2.91723e-18 BessellB
51513.9 1.09565e-15 2.75886e-18 BessellB
51514.9 1.04699e-15 2.60682e-18 BessellB
51515.9 1.00046e-15 2.46128e-18 BessellB
51516.9 9.55967e-16 2.32234e-18 BessellB
51517.9 9.13433e-16 2.19002e-18 BessellB
51518.9 8.72775e-16 2.06425e-18 BessellB
51519.9 8.33914e-16 1.94491e-18 BessellB
51520.9 7.96773e-16 1.83187e-18 BessellB
51521.9 7.61278e-16 1.72493e-18 BessellB
51522.9 7.27358e-16 1.62389e-18 BessellB
51523.9 6.94945e-16 1.52854e-18 BessellB
51524.9 6.63972e-16 1.43865e-18 BessellB
51525.9 6.34376e-16 1.35398e-18 BessellB
51526.9 6.06097e-16 1.2743e-18 BessellB
51527.9 5.79077e-16 1.19937e-18 BessellB
51528.9 5.5326e-16 1.12897e-18 BessellB
51529.9 5.28592e-16 1.06286e-18 BessellB
51530.9 5.05024e-16 1.00082e-18 BessellB
51531.9 4.82506e-16 9.42635e-19 BessellB
51532.9 4.60991e-16 8.88103e-19 BessellB
51533.9 4.40435e-16 8.37021e-19 BessellB
51534.9 4.20795e-16 7.89197e-19 BessellB
51535.9 4.02031e-16 7.44446e-19 BessellB
51536.9 3.84104e-16 7.02591e-19 BessellB
51537.9 3.66975e-16 6.63465e-19 BessellB
51538.9 3.5061e-16 6.26905e-19 BessellB
51539.9 3.34975e-16 5.92757e-19 BessellB
51540.9 3.20038e-16 5.60875e-19 BessellB
51541.9 3.05766e-16 5.31118e-19 BessellB
51542.9 2.9213e-16 5.03354e-19 BessellB
51543.9 2.79103e-16 4.77454e-19 BessellB
51544.9 2.66656e-16 4.53299e-19 BessellB
51545.9 2.54765e-16 4.30773e-19 BessellB
51546.9 2.43404e-16 4.09768e-19 BessellB
51547.9 2.32549e-16 3.9018e-19 BessellB
51548.9 2.22179e-16 3.71909e-19 BessellB
51549.9 2.12271e-16 3.54865e-19 BessellB
51550.9 2.02804e-16 3.38958e-19 BessellB
51551.9 1.9376e-16 3.24106e-19 BessellB
51552.9 1.8512e-16 3.10229e-19 BessellB
51553.9 1.76864e-16 2.97255e-19 BessellB
51554.9 1.68977e-16 2.85115e-19 BessellB
51555.9 1.61441e-16 2.73743e-19 BessellB
51556.9 1.54242e-16 2.63079e-19 BessellB
51557.9 1.47363e-16 2.53066e-19 BessellB
51558.9 1.40792e-16 2.43652e-19 BessellB
51559.9 1.34513e-16 2.34788e-19 BessellB
51560.9 1.28514e-16 2.2643e-19 BessellB
51561.9 1.22783e-16 2.18535e-19 BessellB
51562.9 1.17308e-16 2.11065e-19 BessellB
51563.9 1.12076e-16 2.03986e-19 BessellB
51564.9 1.07078e-16 1.97265e-19 BessellB
51565.9 1.02303e-16 1.90872e-19 BessellB
51566.9 9.7741e-17 1.84781e-19 BessellB
51567.9 9.33822e-17 1.78968e-19 BessellB
51568.9 8.92178e-17 1.73411e-19 BessellB
51569.9 8.52392e-17 1.68089e-19 BessellB
51570.9 8.14379e-17 1.62984e-19 BessellB
51571.9 7.78062e-17 1.5808e-19 BessellB
51572.9 7.43364e-17 1.53362e-19 BessellB
51573.9 7.10214e-17 1.48818e-19 BessellB
51574.9 6.78542e-17 1.44435e-19 BessellB
51575.9 6.48282e-17 1.40202e-19 BessellB
51576.9 6.19372e-17 1.3611e-19 BessellB
51577.9 5.91751e-17 1.3215e-19 BessellB
51578.9 5.65362e-17 1.28314e-19 BessellB
51579.9 5.40149e-17 1.24596e-19 BessellB
51580.9 5.16061e-17 1.20989e-19 BessellB
51581.9 4.93047e-17 1.17487e-19 BessellB
51582.9 4.7106e-17 1.14086e-19 BessellB
51583.9 4.50053e-17 1.1078e-19 BessellB
51584.9 4.29983e-17 1.07567e-19 BessellB
51585.9 4.10808e-17 1.04441e-19 BessellB
51586.9 3.92488e-17 1.014e-19 BessellB
51587.9 3.74985e-17 9.84399e-20 BessellB
51588.9 3.58262e-17 9.55588e-20 BessellB
51589.9 3.42286e-17 9.27537e-20 BessellB
51590.9 3.27021e-17 9.00224e-20 BessellB
51591.9 3.12438e-17 8.73625e-20 BessellB
51592.9 2.98505e-17 8.47721e-20 BessellB
51593.9 2.85193e-17 8.22492e-20 BessellB
51594.9 2.72475e-17 7.97921e-20 BessellB
51595.9 2.60324e-17 7.73992e-20 BessellB
51596.9 2.48714e-17 7.50688e-20 BessellB
51597.9 2.37623e-17 7.27994e-20 BessellB
51598.9 2.27026e-17 7.05897e-20 BessellB
51599.9 2.16902e-17 6.84382e-20 BessellB
51600.9 2.07229e-17 6.63436e-20 BessellB
51601.9 1.97988e-17 6.43047e-20 BessellB
51602.9 1.89159e-17 6.23203e-20 BessellB
51603.9 1.80723e-17 6.03892e-20 BessellB
51604.9 1.72664e-17 5.85102e-20 BessellB
51605.9 1.64964e-17 5.66821e-20 BessellB
51606.9 1.57607e-17 5.49039e-20 BessellB
51607.9 1.50579e-17 5.31746e-20 BessellB
51608.9 1.43864e-17 5.1493e-20 BessellB
51609.9 1.37448e-17 4.98581e-20 BessellB
51610.9 1.31319e-17 4.82688e-20 BessellB
51611.9 1.25462e-17 4.67243e-20 BessellB
51612.9 1.19867e-17 4.52234e-20 BessellB
51613.9 1.14522e-17 4.37652e-20 BessellB
51614.9 1.09415e-17 4.23487e-20 BessellB
51615.9 1.04535e-17 4.0973e-20 BessellB
51616.9 9.98737e-18 3.96372e-20 BessellB
51617.9 9.54198e-18 3.83403e-20 BessellB
51618.9 9.11646e-18 3.70814e-20 BessellB
51619.9 8.70991e-18 3.58596e-20 BessellB
51620.9 8.32149e-18 3.4674e-20 BessellB
51621.9 7.9504e-18 3.35237e-20 BessellB
51622.9 7.59585e-18 3.24079e-20 BessellB
51623.9 7.25711e-18 3.13257e-20 BessellB
51624.9 6.93348e-18 3.02763e-20 BessellB
51625.9 6.62428e-18 2.92589e-20 BessellB
51626.9 6.32887e-18 2.82725e-20 BessellB
51627.9 6.04664e-18 2.73166e-20 BessellB
51628.9 5.77699e-18 2.63901e-20 BessellB
51629.9 5.51936e-18 2.54925e-20 BessellB
51630.9 5.27323e-18 2.46229e-20 BessellB
51631.9 5.03807e-18 2.37805e-20 BessellB
51632.9 4.8134e-18 2.29647e-20 BessellB
51633.9 4.59874e-18 2.21747e-20 BessellB
51634.9 4.39366e-18 2.14098e-20 BessellB
51635.9 4.19773e-18 2.06694e-20 BessellB
51636.9 4.01053e-18 1.99526e-20 BessellB
51637.9 3.83168e-18 1.9259e-20 BessellB
51638.9 3.66081e-18 1.85878e-20 BessellB
51639.9 3.49755e-18 1.79383e-20 BessellB
51640.9 3.34158e-18 1.73101e-20 BessellB
51641.9 3.19256e-18 1.67023e-20 BessellB
51642.9 3.05019e-18 1.61145e-20 BessellB
51643.9 2.91417e-18 1.55461e-20 BessellB
51644.9 2.78421e-18 1.49965e-20 BessellB
51645.9 2.66005e-18 1.44652e-20 BessellB
51646.9 2.54142e-18 1.39515e-20 BessellB
51647.9 2.42809e-18 1.3455e-20 BessellB
51648.9 2.31981e-18 1.29752e-20 BessellB
51649.9 2.21636e-18 1.25115e-20 BessellB
51650.9 2.11752e-18 1.20634e-20 BessellB
51651.9 2.02309e-18 1.16305e-20 BessellB
51652.9 1.93287e-18 1.12123e-20 BessellB
51653.9 1.84667e-18 1.08084e-20 BessellB
51654.9 1.76432e-18 1.04183e-20 BessellB
51655.9 1.68564e-18 1.00415e-20 BessellB
51656.9 1.61047e-18 9.67767e-21 BessellB
51657.9 1.53865e-18 9.32639e-21 BessellB
51658.9 1.47004e-18 8.98724e-21 BessellB
51659.9 1.40448e-18 8.65985e-21 BessellB
51660.9 1.34185e-18 8.34383e-21 BessellB
51661.9 1.28201e-18 8.03882e-21 BessellB
51662.9 1.22484e-18 7.74446e-21 BessellB
51663.9 1.17022e-18 7.46041e-21 BessellB
51664.9 1.11803e-18 7.18632e-21 BessellB
51665.9 1.06817e-18 6.92188e-21 BessellB
51666.9 1.02054e-18 6.66676e-21 BessellB
51667.9 9.75026e-19 6.42065e-21 BessellB
51668.9 9.31545e-19 6.18327e-21 BessellB
51669.9 8.90003e-19 5.95432e-21 BessellB
51670.9 8.50313e-19 5.73351e-21 BessellB
51671.9 8.12394e-19 5.52057e-21 BessellB
51672.9 7.76165e-19 5.31525e-21 BessellB
51673.9 7.41552e-19 5.11728e-21 BessellB
51674.9 7.08483e-19 4.92641e-21 BessellB
51675.9 6.76888e-19 4.7424e-21 BessellB
51676.9 6.46703e-19 4.56503e-21 BessellB
51677.9 6.17863e-19 4.39406e-21 BessellB
51678.9 5.90309e-19 4.22927e-21 BessellB
51679.9 5.63985e-19 4.07045e-21 BessellB
51680.9 5.38834e-19 3.9174e-21 BessellB
51681.9 5.14805e-19 3.76992e-21 BessellB
51682.9 4.91847e-19 3.62781e-21 BessellB
51683.9 4.69913e-19 3.49089e-21 BessellB
51684.9 4.48958e-19 3.35897e-21 BessellB
51685.9 4.28936e-19 3.23188e-21 BessellB
51686.9 4.09808e-19 3.10946e-21 BessellB
51687.9 3.91533e-19 2.99154e-21 BessellB
51688.9 3.74073e-19 2.87795e-21 BessellB
51689.9 3.57391e-19 2.76856e-21 BessellB
51690.9 3.41453e-19 2.6632e-21 BessellB
51691.9 3.26226e-19 2.56174e-21 BessellB
51692.9 3.11678e-19 2.46404e-21 BessellB
51693.9 2.97779e-19 2.36996e-21 BessellB
51694.9 2.84499e-19 2.27938e-21 BessellB
51695.9 2.71812e-19 2.19217e-21 BessellB
51696.9 2.59691e-19 2.10821e-21 BessellB
51697.9 2.4811e-19 2.02738e-21 BessellB
51698.9 2.37046e-19 1.94957e-21 BessellB
51699.9 2.26475e-19 1.87467e-21 BessellB
51700.9 2.16375e-19 1.80258e-21 BessellB
51701.9 2.06726e-19 1.73319e-21 BessellB
51702.9 1.97507e-19 1.66641e-21 BessellB
51703.9 1.88699e-19 1.60214e-21 BessellB
51704.9 1.80284e-19 1.54029e-21 BessellB
51705.9 1.72245e-19 1.48078e-21 BessellB
51706.9 1.64563e-19 1.42351e-21 BessellB
51707.9 1.57225e-19 1.3684e-21 BessellB
51708.9 1.50213e-19 1.31539e-21 BessellB
51709.9 1.43515e-19 1.26438e-21 BessellB
51710.9 1.37115e-19 1.2153e-21 BessellB
51711.9 1.31e-19 1.16809e-21 BessellB
51712.9 1.25158e-19 1.12268e-21 BessellB
51713.9 1.19577e-19 1.07899e-21 BessellB
51714.9 1.14244e-19 1.03697e-21 BessellB
51715.9 1.0915e-19 9.96552e-22 BessellB
51716.9 1.04282e-19 9.57678e-22 BessellB
51717.9 9.96316e-20 9.2029e-22 BessellB
51718.9 9.51885e-20 8.84334e-22 BessellB
51463.9 4.44381e-16 2.30573e-17 BessellI
51464.9 5.04818e-16 2.42532e-17 BessellI
51465.9 5.72275e-16 2.53052e-17 BessellI
51466.9 6.47169e-16 2.61614e-17 BessellI
51467.9 7.29809e-16 2.67665e-17 BessellI
51468.9 8.20345e-16 2.70653e-17 BessellI
51469.9 9.18717e-16 2.70071e-17 BessellI
51470.9 1.02459e-15 2.65512e-17 BessellI
51471.9 1.13731e-15 2.56742e-17 BessellI
51472.9 1.25586e-15 2.43762e-17 BessellI
51473.9 1.37879e-15 2.26876e-17 BessellI
51474.9 1.50431e-15 2.06727e-17 BessellI
51475.9 1.63023e-15 1.84309e-17 BessellI
51476.9 1.75412e-15 1.60927e-17 BessellI
51477.9 1.87338e-15 1.38113e-17 BessellI
51478.9 1.98542e-15 1.17487e-17 BessellI
51479.9 2.08781e-15 1.00535e-17 BessellI
51480.9 2.17845e-15 8.82899e-18 BessellI
51481.9 2.25569e-15 8.09794e-18 BessellI
51482.9 2.31842e-15 7.7957e-18 BessellI
51483.9 2.36612e-15 7.81222e-18 BessellI
51484.9 2.39879e-15 8.04915e-18 BessellI
51485.9 2.41695e-15 8.44343e-18 BessellI
51486.9 2.42152e-15 8.95688e-18 BessellI
51487.9 2.41369e-15 9.55768e-18 BessellI
51488.9 2.39485e-15 1.02102e-17 BessellI
51489.9 2.36646e-15 1.08751e-17 BessellI
51490.9 2.32999e-15 1.15136e-17 BessellI
51491.9 2.28685e-15 1.20927e-17 BessellI
51492.9 2.23836e-15 1.25877e-17 BessellI
51493.9 2.18571e-15 1.2983e-17 BessellI
51494.9 2.12993e-15 1.32714e-17 BessellI
51495.9 2.07193e-15 1.34521e-17 BessellI
51496.9 2.0125e-15 1.35296e-17 BessellI
51497.9 1.95228e-15 1.35119e-17 BessellI
51498.9 1.89181e-15 1.34088e-17 BessellI
51499.9 1.83152e-15 1.32313e-17 BessellI
51500.9 1.77178e-15 1.29905e-17 BessellI
51501.9 1.71285e-15 1.26974e-17 BessellI
51502.9 1.65497e-15 1.23619e-17 BessellI
51503.9 1.5983e-15 1.19934e-17 BessellI
51504.9 1.54295e-15 1.16e-17 BessellI
51505.9 1.48903e-15 1.11889e-17 BessellI
51506.9 1.43659e-15 1.07663e-17 BessellI
51507.9 1.38567e-15 1.03375e-17 BessellI
51508.9 1.3363e-15 9.90681e-18 BessellI
51509.9 1.28847e-15 9.47794e-18 BessellI
51510.9 1.24218e-15 9.05387e-18 BessellI
51511.9 1.19741e-15 8.63698e-18 BessellI
51512.9 1.15414e-15 8.22917e-18 BessellI
51513.9 1.11235e-15 7.83191e-18 BessellI
51514.9 1.07199e-15 7.44629e-18 BessellI
51515.9 1.03304e-15 7.07312e-18 BessellI
51516.9 9.95457e-16 6.71294e-18 BessellI
51517.9 9.59201e-16 6.36611e-18 BessellI
51518.9 9.24235e-16 6.03279e-18 BessellI
51519.9 8.90517e-16 5.713e-18 BessellI
51520.9 8.58009e-16 5.40668e-18 BessellI
51521.9 8.26671e-16 5.11364e-18 BessellI
51522.9 7.96464e-16 4.83367e-18 BessellI
51523.9 7.6735e-16 4.56645e-18 BessellI
51524.9 7.39292e-16 4.31166e-18 BessellI
51525.9 7.12252e-16 4.06894e-18 BessellI
51526.9 6.86196e-16 3.83791e-18 BessellI
51527.9 6.61088e-16 3.61817e-18 BessellI
51528.9 6.36896e-16 3.40932e-18 BessellI
51529.9 6.13585e-16 3.21095e-18 BessellI
51530.9 5.91126e-16 3.02266e-18 BessellI
51531.9 5.69486e-16 2.84405e-18 BessellI
51532.9 5.48637e-16 2.67473e-18 BessellI
51533.9 5.2855e-16 2.5143e-18 BessellI
51534.9 5.09198e-16 2.36241e-18 BessellI
51535.9 4.90553e-16 2.21868e-18 BessellI
51536.9 4.72591e-16 2.08276e-18 BessellI
51537.9 4.55285e-16 1.95432e-18 BessellI
51538.9 4.38613e-16 1.83303e-18 BessellI
51539.9 4.22551e-16 1.71858e-18 BessellI
51540.9 4.07077e-16 1.61067e-18 BessellI
51541.9 3.92169e-16 1.509e-18 BessellI
51542.9 3.77807e-16 1.41332e-18 BessellI
51543.9 3.63971e-16 1.32335e-18 BessellI
51544.9 3.50641e-16 1.23885e-18 BessellI
51545.9 3.378e-16 1.15959e-18 BessellI
51546.9 3.25429e-16 1.08533e-18 BessellI
51547.9 3.1351e-16 1.01587e-18 BessellI
51548.9 3.02029e-16 9.50996e-19 BessellI
51549.9 2.90967e-16 8.90523e-19 BessellI
51550.9 2.80311e-16 8.34265e-19 BessellI
51551.9 2.70045e-16 7.82046e-19 BessellI
51552.9 2.60155e-16 7.33699e-19 BessellI
51553.9 2.50627e-16 6.8906e-19 BessellI
51554.9 2.41448e-16 6.47972e-19 BessellI
51555.9 2.32606e-16 6.10281e-19 BessellI
51556.9 2.24087e-16 5.75834e-19 BessellI
51557.9 2.1588e-16 5.4448e-19 BessellI
51558.9 2.07973e-16 5.16063e-19 BessellI
51559.9 2.00357e-16 4.90428e-19 BessellI
51560.9 1.93019e-16 4.67415e-19 BessellI
51561.9 1.8595e-16 4.46858e-19 BessellI
51562.9 1.79139e-16 4.28588e-19 BessellI
51563.9 1.72579e-16 4.12433e-19 BessellI
51564.9 1.66258e-16 3.98215e-19 BessellI
51565.9 1.60169e-16 3.85758e-19 BessellI
51566.9 1.54303e-16 3.74886e-19 BessellI
51567.9 1.48652e-16 3.65424e-19 BessellI
51568.9 1.43208e-16 3.57206e-19 BessellI
51569.9 1.37963e-16 3.5007e-19 BessellI
51570.9 1.3291e-16 3.43868e-19 BessellI
51571.9 1.28043e-16 3.38458e-19 BessellI
51572.9 1.23353e-16 3.33713e-19 BessellI
51573.9 1.18836e-16 3.29518e-19 BessellI
51574.9 1.14483e-16 3.25771e-19 BessellI
51575.9 1.10291e-16 3.22379e-19 BessellI
51576.9 1.06251e-16 3.19265e-19 BessellI
51577.9 1.0236e-16 3.16359e-19 BessellI
51578.9 9.86112e-17 3.13603e-19 BessellI
51579.9 9.49997e-17 3.10949e-19 BessellI
51580.9 9.15205e-17 3.08354e-19 BessellI
51581.9 8.81687e-17 3.05784e-19 BessellI
51582.9 8.49396e-17 3.03212e-19 BessellI
51583.9 8.18289e-17 3.00616e-19 BessellI
51584.9 7.8832e-17 2.97977e-19 BessellI
51585.9 7.59449e-17 2.95283e-19 BessellI
51586.9 7.31635e-17 2.92522e-19 BessellI
51587.9 7.0484e-17 2.89689e-19 BessellI
51588.9 6.79027e-17 2.86778e-19 BessellI
51589.9 6.54158e-17 2.83787e-19 BessellI
51590.9 6.30201e-17 2.80716e-19 BessellI
51591.9 6.07121e-17 2.77564e-19 BessellI
51592.9 5.84886e-17 2.74333e-19 BessellI
51593.9 5.63465e-17 2.71027e-19 BessellI
51594.9 5.4283e-17 2.67649e-19 BessellI
51595.9 5.22949e-17 2.64203e-19 BessellI
51596.9 5.03797e-17 2.60693e-19 BessellI
51597.9 4.85346e-17 2.57124e-19 BessellI
51598.9 4.67572e-17 2.53502e-19 BessellI
51599.9 4.50448e-17 2.49831e-19 BessellI
51600.9 4.33951e-17 2.46117e-19 BessellI
51601.9 4.18058e-17 2.42365e-19 BessellI
51602.9 4.02747e-17 2.38581e-19 BessellI
51603.9 3.87998e-17 2.34769e-19 BessellI
51604.9 3.73788e-17 2.30936e-19 BessellI
51605.9 3.60099e-17 2.27085e-19 BessellI
51606.9 3.46911e-17 2.23221e-19 BessellI
51607.9 3.34206e-17 2.1935e-19 BessellI
51608.9 3.21966e-17 2.15476e-19 BessellI
51609.9 3.10175e-17 2.11603e-19 BessellI
51610.9 2.98815e-17 2.07735e-19 BessellI
51611.9 2.87872e-17 2.03875e-19 BessellI
51612.9 2.77329e-17 2.00029e-19 BessellI
51613.9 2.67172e-17 1.96199e-19 BessellI
51614.9 2.57388e-17 1.92388e-19 BessellI
51615.9 2.47961e-17 1.886e-19 BessellI
51616.9 2.3888e-17 1.84837e-19 BessellI
51617.9 2.30132e-17 1.81102e-19 BessellI
51618.9 2.21704e-17 1.77399e-19 BessellI
51619.9 2.13584e-17 1.73728e-19 BessellI
51620.9 2.05762e-17 1.70092e-19 BessellI
51621.9 1.98227e-17 1.66494e-19 BessellI
51622.9 1.90967e-17 1.62935e-19 BessellI
51623.9 1.83973e-17 1.59416e-19 BessellI
51624.9 1.77236e-17 1.5594e-19 BessellI
51625.9 1.70745e-17 1.52507e-19 BessellI
51626.9 1.64492e-17 1.49119e-19 BessellI
51627.9 1.58468e-17 1.45777e-19 BessellI
51628.9 1.52664e-17 1.42482e-19 BessellI
51629.9 1.47073e-17 1.39235e-19 BessellI
51630.9 1.41687e-17 1.36037e-19 BessellI
51631.9 1.36498e-17 1.32888e-19 BessellI
51632.9 1.31499e-17 1.29788e-19 BessellI
51633.9 1.26683e-17 1.26739e-19 BessellI
51634.9 1.22044e-17 1.23741e-19 BessellI
51635.9 1.17574e-17 1.20794e-19 BessellI
51636.9 1.13268e-17 1.17897e-19 BessellI
51637.9 1.0912e-17 1.15052e-19 BessellI
51638.9 1.05124e-17 1.12258e-19 BessellI
51639.9 1.01274e-17 1.09516e-19 BessellI
51640.9 9.75651e-18 1.06824e-19 BessellI
51641.9 9.3992e-18 1.04184e-19 BessellI
51642.9 9.05498e-18 1.01595e-19 BessellI
51643.9 8.72336e-18 9.90561e-20 BessellI
51644.9 8.40389e-18 9.65677e-20 BessellI
51645.9 8.09612e-18 9.41294e-20 BessellI
51646.9 7.79962e-18 9.17407e-20 BessellI
51647.9 7.51398e-18 8.94012e-20 BessellI
51648.9 7.2388e-18 8.71106e-20 BessellI
51649.9 6.9737e-18 8.48683e-20 BessellI
51650.9 6.71831e-18 8.26739e-20 BessellI
51651.9 6.47227e-18 8.05267e-20 BessellI
51652.9 6.23524e-18 7.84264e-20 BessellI
51653.9 6.00689e-18 7.63722e-20 BessellI
51654.9 5.7869e-18 7.43637e-20 BessellI
51655.9 5.57498e-18 7.24001e-20 BessellI
51656.9 5.37081e-18 7.04809e-20 BessellI
51657.9 5.17412e-18 6.86055e-20 BessellI
51658.9 4.98463e-18 6.67731e-20 BessellI
51659.9 4.80208e-18 6.49832e-20 BessellI
51660.9 4.62622e-18 6.32351e-20 BessellI
51661.9 4.4568e-18 6.15281e-20 BessellI
51662.9 4.29358e-18 5.98614e-20 BessellI
51663.9 4.13634e-18 5.82346e-20 BessellI
51664.9 3.98486e-18 5.66467e-20 BessellI
51665.9 3.83893e-18 5.50972e-20 BessellI
51666.9 3.69834e-18 5.35854e-20 BessellI
51667.9 3.5629e-18 5.21106e-20 BessellI
51668.9 3.43242e-18 5.06721e-20 BessellI
51669.9 3.30671e-18 4.92692e-20 BessellI
51670.9 3.18562e-18 4.79012e-20 BessellI
51671.9 3.06895e-18 4.65674e-20 BessellI
51672.9 2.95656e-18 4.52672e-20 BessellI
51673.9 2.84829e-18 4.39998e-20 BessellI
51674.9 2.74398e-18 4.27647e-20 BessellI
51675.9 2.64349e-18 4.15611e-20 BessellI
51676.9 2.54668e-18 4.03884e-20 BessellI
51677.9 2.45342e-18 3.92459e-20 BessellI
51678.9 2.36357e-18 3.8133e-20 BessellI
51679.9 2.27701e-18 3.70491e-20 BessellI
51680.9 2.19362e-18 3.59935e-20 BessellI
51681.9 2.11329e-18 3.49655e-20 BessellI
51682.9 2.03589e-18 3.39647e-20 BessellI
51683.9 1.96134e-18 3.29903e-20 BessellI
51684.9 1.88951e-18 3.20418e-20 BessellI
51685.9 1.82031e-18 3.11185e-20 BessellI
51686.9 1.75365e-18 3.022e-20 BessellI
51687.9 1.68943e-18 2.93456e-20 BessellI
51688.9 1.62756e-18 2.84947e-20 BessellI
51689.9 1.56795e-18 2.76668e-20 BessellI
51690.9 1.51053e-18 2.68614e-20 BessellI
51691.9 1.45522e-18 2.60779e-20 BessellI
51692.9 1.40192e-18 2.53159e-20 BessellI
51693.9 1.35058e-18 2.45746e-20 BessellI
51694.9 1.30112e-18 2.38538e-20 BessellI
51695.9 1.25347e-18 2.31528e-20 BessellI
51696.9 1.20757e-18 2.24712e-20 BessellI
51697.9 1.16335e-18 2.18085e-20 BessellI
51698.9 1.12074e-18 2.11642e-20 BessellI
51699.9 1.0797e-18 2.05379e-20 BessellI
51700.9 1.04016e-18 1.99291e-20 BessellI
51701.9 1.00207e-18 1.93374e-20 BessellI
51702.9 9.65371e-19 1.87623e-20 BessellI
51703.9 9.30018e-19 1.82034e-20 BessellI
51704.9 8.95959e-19 1.76602e-20 BessellI
51705.9 8.63148e-19 1.71325e-20 BessellI
51706.9 8.31538e-19 1.66198e-20 BessellI
51707.9 8.01087e-19 1.61216e-20 BessellI
51708.9 7.7175e-19 1.56377e-20 BessellI
51709.9 7.43487e-19 1.51676e-20 BessellI
51710.9 7.1626e-19 1.4711e-20 BessellI
51711.9 6.9003e-19 1.42675e-20 BessellI
51712.9 6.6476e-19 1.38367e-20 BessellI
51713.9 6.40416e-19 1.34184e-20 BessellI
51714.9 6.16963e-19 1.30122e-20 BessellI
51715.9 5.94369e-19 1.26177e-20 BessellI
51716.9 5.72603e-19 1.22347e-20 BessellI
51717.9 5.51633e-19 1.18628e-20 BessellI
51463.9 4.03949e-16 1.12541e-17 BessellR
51464.9 4.64248e-16 1.21466e-17 BessellR
51465.9 5.32811e-16 1.30342e-17 BessellR
51466.9 6.10499e-16 1.38944e-17 BessellR
51467.9 6.98157e-16 1.46996e-17 BessellR
51468.9 7.96575e-16 1.54172e-17 BessellR
51469.9 9.06427e-16 1.60099e-17 BessellR
51470.9 1.0282e-15 1.64375e-17 BessellR
51471.9 1.16209e-15 1.66592e-17 BessellR
51472.9 1.30791e-15 1.66371e-17 BessellR
51473.9 1.465e-15 1.63411e-17 BessellR
51474.9 1.6321e-15 1.57554e-17 BessellR
51475.9 1.80726e-15 1.48845e-17 BessellR
51476.9 1.98785e-15 1.37601e-17 BessellR
51477.9 2.17057e-15 1.24464e-17 BessellR
51478.9 2.35153e-15 1.10426e-17 BessellR
51479.9 2.52648e-15 9.68038e-18 BessellR
51480.9 2.69106e-15 8.51053e-18 BessellR
51481.9 2.8411e-15 7.66791e-18 BessellR
51482.9 2.97293e-15 7.21356e-18 BessellR
51483.9 3.08366e-15 7.09418e-18 BessellR
51484.9 3.17137e-15 7.17427e-18 BessellR
51485.9 3.23516e-15 7.31379e-18 BessellR
51486.9 3.27513e-15 7.4184e-18 BessellR
51487.9 3.29228e-15 7.44592e-18 BessellR
51488.9 3.28831e-15 7.39204e-18 BessellR
51489.9 3.26539e-15 7.27325e-18 BessellR
51490.9 3.22597e-15 7.11323e-18 BessellR
51491.9 3.17263e-15 6.93407e-18 BessellR
51492.9 3.10785e-15 6.75174e-18 BessellR
51493.9 3.034e-15 6.57494e-18 BessellR
51494.9 2.9532e-15 6.40618e-18 BessellR
51495.9 2.86734e-15 6.24386e-18 BessellR
51496.9 2.77803e-15 6.08438e-18 BessellR
51497.9 2.68664e-15 5.92388e-18 BessellR
51498.9 2.59429e-15 5.75918e-18 BessellR
51499.9 2.5019e-15 5.58826e-18 BessellR
51500.9 2.41021e-15 5.41024e-18 BessellR
51501.9 2.31979e-15 5.22528e-18 BessellR
51502.9 2.23108e-15 5.03423e-18 BessellR
51503.9 2.14441e-15 4.83844e-18 BessellR
51504.9 2.06004e-15 4.63947e-18 BessellR
51505.9 1.97812e-15 4.43897e-18 BessellR
51506.9 1.89877e-15 4.23854e-18 BessellR
51507.9 1.82206e-15 4.03963e-18 BessellR
51508.9 1.74801e-15 3.84356e-18 BessellR
51509.9 1.67662e-15 3.6514e-18 BessellR
51510.9 1.60787e-15 3.46408e-18 BessellR
51511.9 1.54172e-15 3.28232e-18 BessellR
51512.9 1.47812e-15 3.10667e-18 BessellR
51513.9 1.417e-15 2.93753e-18 BessellR
51514.9 1.3583e-15 2.77519e-18 BessellR
51515.9 1.30194e-15 2.6198e-18 BessellR
51516.9 1.24785e-15 2.47144e-18 BessellR
51517.9 1.19596e-15 2.3301e-18 BessellR
51518.9 1.14617e-15 2.19571e-18 BessellR
51519.9 1.09843e-15 2.06816e-18 BessellR
51520.9 1.05264e-15 1.9473e-18 BessellR
51521.9 1.00875e-15 1.83294e-18 BessellR
51522.9 9.66663e-16 1.72487e-18 BessellR
51523.9 9.26321e-16 1.62288e-18 BessellR
51524.9 8.87652e-16 1.52674e-18 BessellR
51525.9 8.50588e-16 1.43621e-18 BessellR
51526.9 8.15065e-16 1.35106e-18 BessellR
51527.9 7.81019e-16 1.27104e-18 BessellR
51528.9 7.48392e-16 1.19593e-18 BessellR
51529.9 7.17124e-16 1.12548e-18 BessellR
51530.9 6.8716e-16 1.05948e-18 BessellR
51531.9 6.58445e-16 9.97701e-19 BessellR
51532.9 6.30929e-16 9.39929e-19 BessellR
51533.9 6.04562e-16 8.85957e-19 BessellR
51534.9 5.79295e-16 8.35583e-19 BessellR
51535.9 5.55083e-16 7.88615e-19 BessellR
51536.9 5.31883e-16 7.44863e-19 BessellR
51537.9 5.09651e-16 7.04147e-19 BessellR
51538.9 4.88349e-16 6.66293e-19 BessellR
51539.9 4.67937e-16 6.31132e-19 BessellR
51540.9 4.48377e-16 5.98502e-19 BessellR
51541.9 4.29635e-16 5.68246e-19 BessellR
51542.9 4.11676e-16 5.40213e-19 BessellR
51543.9 3.94468e-16 5.14258e-19 BessellR
51544.9 3.77979e-16 4.90241e-19 BessellR
51545.9 3.62179e-16 4.68026e-19 BessellR
51546.9 3.47039e-16 4.47484e-19 BessellR
51547.9 3.32532e-16 4.28491e-19 BessellR
51548.9 3.18632e-16 4.10927e-19 BessellR
51549.9 3.05313e-16 3.94679e-19 BessellR
51550.9 2.9255e-16 3.79639e-19 BessellR
51551.9 2.80321e-16 3.65704e-19 BessellR
51552.9 2.68603e-16 3.52779e-19 BessellR
51553.9 2.57375e-16 3.40771e-19 BessellR
51554.9 2.46616e-16 3.29597e-19 BessellR
51555.9 2.36307e-16 3.19177e-19 BessellR
51556.9 2.26429e-16 3.09438e-19 BessellR
51557.9 2.16964e-16 3.00312e-19 BessellR
51558.9 2.07894e-16 2.91738e-19 BessellR
51559.9 1.99204e-16 2.83659e-19 BessellR
51560.9 1.90877e-16 2.76023e-19 BessellR
51561.9 1.82898e-16 2.68783e-19 BessellR
51562.9 1.75252e-16 2.61899e-19 BessellR
51563.9 1.67926e-16 2.55331e-19 BessellR
51564.9 1.60906e-16 2.49048e-19 BessellR
51565.9 1.5418e-16 2.43018e-19 BessellR
51566.9 1.47735e-16 2.37216e-19 BessellR
51567.9 1.4156e-16 2.31618e-19 BessellR
51568.9 1.35642e-16 2.26203e-19 BessellR
51569.9 1.29972e-16 2.20954e-19 BessellR
51570.9 1.24539e-16 2.15856e-19 BessellR
51571.9 1.19333e-16 2.10893e-19 BessellR
51572.9 1.14344e-16 2.06056e-19 BessellR
51573.9 1.09565e-16 2.01333e-19 BessellR
51574.9 1.04985e-16 1.96716e-19 BessellR
51575.9 1.00596e-16 1.92197e-19 BessellR
51576.9 9.63909e-17 1.87771e-19 BessellR
51577.9 9.23615e-17 1.83431e-19 BessellR
51578.9 8.85006e-17 1.79173e-19 BessellR
51579.9 8.48011e-17 1.74994e-19 BessellR
51580.9 8.12562e-17 1.7089e-19 BessellR
51581.9 7.78596e-17 1.66859e-19 BessellR
51582.9 7.46049e-17 1.62897e-19 BessellR
51583.9 7.14862e-17 1.59004e-19 BessellR
51584.9 6.8498e-17 1.55179e-19 BessellR
51585.9 6.56346e-17 1.51419e-19 BessellR
51586.9 6.28909e-17 1.47723e-19 BessellR
51587.9 6.0262e-17 1.44092e-19 BessellR
51588.9 5.77429e-17 1.40523e-19 BessellR
51589.9 5.53291e-17 1.37018e-19 BessellR
51590.9 5.30162e-17 1.33574e-19 BessellR
51591.9 5.08e-17 1.30193e-19 BessellR
51592.9 4.86765e-17 1.26873e-19 BessellR
51593.9 4.66417e-17 1.23614e-19 BessellR
51594.9 4.4692e-17 1.20416e-19 BessellR
51595.9 4.28238e-17 1.17278e-19 BessellR
51596.9 4.10337e-17 1.14201e-19 BessellR
51597.9 3.93184e-17 1.11184e-19 BessellR
51598.9 3.76748e-17 1.08226e-19 BessellR
51599.9 3.60999e-17 1.05328e-19 BessellR
51600.9 3.45908e-17 1.02489e-19 BessellR
51601.9 3.31449e-17 9.97082e-20 BessellR
51602.9 3.17593e-17 9.6986e-20 BessellR
51603.9 3.04317e-17 9.43217e-20 BessellR
51604.9 2.91596e-17 9.17147e-20 BessellR
51605.9 2.79407e-17 8.91646e-20 BessellR
51606.9 2.67727e-17 8.6671e-20 BessellR
51607.9 2.56536e-17 8.42332e-20 BessellR
51608.9 2.45812e-17 8.18506e-20 BessellR
51609.9 2.35536e-17 7.95228e-20 BessellR
51610.9 2.25691e-17 7.7249e-20 BessellR
51611.9 2.16256e-17 7.50286e-20 BessellR
51612.9 2.07216e-17 7.28609e-20 BessellR
51613.9 1.98554e-17 7.07453e-20 BessellR
51614.9 1.90254e-17 6.8681e-20 BessellR
51615.9 1.82301e-17 6.66673e-20 BessellR
51616.9 1.74681e-17 6.47035e-20 BessellR
51617.9 1.67379e-17 6.27887e-20 BessellR
51618.9 1.60382e-17 6.09222e-20 BessellR
51619.9 1.53678e-17 5.91032e-20 BessellR
51620.9 1.47254e-17 5.73309e-20 BessellR
51621.9 1.41098e-17 5.56046e-20 BessellR
51622.9 1.352e-17 5.39233e-20 BessellR
51623.9 1.29548e-17 5.22862e-20 BessellR
51624.9 1.24133e-17 5.06926e-20 BessellR
51625.9 1.18944e-17 4.91416e-20 BessellR
51626.9 1.13972e-17 4.76324e-20 BessellR
51627.9 1.09208e-17 4.6164e-20 BessellR
51628.9 1.04642e-17 4.47359e-20 BessellR
51629.9 1.00268e-17 4.33469e-20 BessellR
51630.9 9.60768e-18 4.19965e-20 BessellR
51631.9 9.20606e-18 4.06836e-20 BessellR
51632.9 8.82123e-18 3.94076e-20 BessellR
51633.9 8.45248e-18 3.81675e-20 BessellR
51634.9 8.09915e-18 3.69626e-20 BessellR
51635.9 7.76059e-18 3.57921e-20 BessellR
51636.9 7.43618e-18 3.46552e-20 BessellR
51637.9 7.12533e-18 3.35511e-20 BessellR
51638.9 6.82748e-18 3.2479e-20 BessellR
51639.9 6.54208e-18 3.14382e-20 BessellR
51640.9 6.26861e-18 3.04279e-20 BessellR
51641.9 6.00657e-18 2.94473e-20 BessellR
51642.9 5.75548e-18 2.84958e-20 BessellR
51643.9 5.51489e-18 2.75725e-20 BessellR
51644.9 5.28436e-18 2.66768e-20 BessellR
51645.9 5.06346e-18 2.5808e-20 BessellR
51646.9 4.8518e-18 2.49654e-20 BessellR
51647.9 4.64898e-18 2.41482e-20 BessellR
51648.9 4.45465e-18 2.33559e-20 BessellR
51649.9 4.26843e-18 2.25877e-20 BessellR
51650.9 4.09e-18 2.18431e-20 BessellR
51651.9 3.91903e-18 2.11214e-20 BessellR
51652.9 3.75521e-18 2.04219e-20 BessellR
51653.9 3.59824e-18 1.97441e-20 BessellR
51654.9 3.44782e-18 1.90874e-20 BessellR
51655.9 3.3037e-18 1.84511e-20 BessellR
51656.9 3.1656e-18 1.78348e-20 BessellR
51657.9 3.03327e-18 1.72378e-20 BessellR
51658.9 2.90647e-18 1.66597e-20 BessellR
51659.9 2.78498e-18 1.60998e-20 BessellR
51660.9 2.66856e-18 1.55576e-20 BessellR
51661.9 2.55701e-18 1.50328e-20 BessellR
51662.9 2.45012e-18 1.45246e-20 BessellR
51663.9 2.3477e-18 1.40327e-20 BessellR
51664.9 2.24956e-18 1.35567e-20 BessellR
51665.9 2.15553e-18 1.30959e-20 BessellR
51666.9 2.06542e-18 1.265e-20 BessellR
51667.9 1.97908e-18 1.22185e-20 BessellR
51668.9 1.89635e-18 1.18011e-20 BessellR
51669.9 1.81708e-18 1.13972e-20 BessellR
51670.9 1.74112e-18 1.10065e-20 BessellR
51671.9 1.66834e-18 1.06286e-20 BessellR
51672.9 1.5986e-18 1.0263e-20 BessellR
51673.9 1.53178e-18 9.90951e-21 BessellR
51674.9 1.46775e-18 9.56763e-21 BessellR
51675.9 1.40639e-18 9.23704e-21 BessellR
51676.9 1.3476e-18 8.91739e-21 BessellR
51677.9 1.29127e-18 8.60834e-21 BessellR
51678.9 1.23729e-18 8.30956e-21 BessellR
51679.9 1.18557e-18 8.02074e-21 BessellR
51680.9 1.13601e-18 7.74155e-21 BessellR
51681.9 1.08852e-18 7.47171e-21 BessellR
51682.9 1.04302e-18 7.21092e-21 BessellR
51683.9 9.99422e-19 6.95888e-21 BessellR
51684.9 9.57644e-19 6.71533e-21 BessellR
51685.9 9.17613e-19 6.47999e-21 BessellR
51686.9 8.79255e-19 6.2526e-21 BessellR
51687.9 8.425e-19 6.03291e-21 BessellR
51688.9 8.07282e-19 5.82067e-21 BessellR
51689.9 7.73536e-19 5.61564e-21 BessellR
51690.9 7.41201e-19 5.41759e-21 BessellR
51691.9 7.10217e-19 5.22629e-21 BessellR
51692.9 6.80529e-19 5.04152e-21 BessellR
51693.9 6.52082e-19 4.86308e-21 BessellR
51694.9 6.24823e-19 4.69075e-21 BessellR
51695.9 5.98705e-19 4.52434e-21 BessellR
51696.9 5.73678e-19 4.36365e-21 BessellR
51697.9 5.49697e-19 4.20849e-21 BessellR
51698.9 5.26719e-19 4.05869e-21 BessellR
51699.9 5.04701e-19 3.91406e-21 BessellR
51700.9 4.83603e-19 3.77443e-21 BessellR
51701.9 4.63388e-19 3.63964e-21 BessellR
51702.9 4.44017e-19 3.50953e-21 BessellR
51703.9 4.25457e-19 3.38394e-21 BessellR
51704.9 4.07672e-19 3.26272e-21 BessellR
51705.9 3.9063e-19 3.14573e-21 BessellR
51706.9 3.74301e-19 3.03282e-21 BessellR
51707.9 3.58655e-19 2.92385e-21 BessellR
51708.9 3.43662e-19 2.8187e-21 BessellR
51709.9 3.29297e-19 2.71723e-21 BessellR
51710.9 3.15531e-19 2.61932e-21 BessellR
51711.9 3.02342e-19 2.52486e-21 BessellR
51712.9 2.89703e-19 2.43371e-21 BessellR
51713.9 2.77593e-19 2.34578e-21 BessellR
51714.9 2.65989e-19 2.26094e-21 BessellR
51715.9 2.5487e-19 2.1791e-21 BessellR
51716.9 2.44216e-19 2.10016e-21 BessellR
51717.9 2.34008e-19 2.024e-21 BessellR
51718.9 2.24226e-19 1.95055e-21 BessellR
51719.9 2.14853e-19 1.8797e-21 BessellR
51720.9 2.05872e-19 1.81137e-21 BessellR
51721.9 1.97266e-19 1.74547e-21 BessellR
51722.9 1.8902e-19 1.68191e-21 BessellR
51723.9 1.81118e-19 1.62062e-21 BessellR
51724.9 1.73547e-19 1.56151e-21 BessellR
51725.9 1.66293e-19 1.50452e-21 BessellR
51726.9 1.59341e-19 1.44956e-21 BessellR
51727.9 1.52681e-19 1.39657e-21 BessellR
51728.9 1.46298e-19 1.34547e-21 BessellR
51729.9 1.40183e-19 1.29621e-21 BessellR
51730.9 1.34323e-19 1.24872e-21 BessellR
51731.9 1.28708e-19 1.20293e-21 BessellR
51732.9 1.23328e-19 1.15879e-21 BessellR
51733.9 1.18172e-19 1.11624e-21 BessellR
51734.9 1.13233e-19 1.07522e-21 BessellR
51735.9 1.08499e-19 1.03568e-21 BessellR
51736.9 1.03964e-19 9.97572e-22 BessellR
51737.9 9.96179e-20 9.60838e-22 BessellR
51738.9 9.54537e-20 9.25431e-22 BessellR
51739.9 9.14636e-20 8.91307e-22 BessellR
51740.9 8.76403e-20 8.58418e-22 BessellR
51741.9 8.39767e-20 8.26722e-22 BessellR
51742.9 8.04664e-20 7.96177e-22 BessellR
51743.9 7.71027e-20 7.66741e-22 BessellR
51744.9 7.38797e-20 7.38374e-22 BessellR
51745.9 7.07914e-20 7.1104e-22 BessellR
51746.9 6.78322e-20 6.84702e-22 BessellR
51747.9 6.49967e-20 6.59323e-22 BessellR
51748.9 6.22797e-20 6.34869e-22 BessellR
51749.9 5.96763e-20 6.11308e-22 BessellR
51750.9 5.71818e-20 5.88608e-22 BessellR
51751.9 5.47915e-20 5.66738e-22 BessellR
51465.1 2.33374e-26 4.99128e-26 BessellV
51466.1 9.93501e-26 2.07005e-25 BessellV
51467.1 4.24421e-25 8.59042e-25 BessellV
51468.1 1.82055e-24 3.56732e-24 BessellV
51469.1 7.8471e-24 1.48251e-23 BessellV
51470.1 3.40198e-23 6.16617e-23 BessellV
51471.1 1.48525e-22 2.56709e-22 BessellV
51472.1 6.54026e-22 1.06983e-21 BessellV
51473.1 2.91094e-21 4.46337e-21 BessellV
51474.1 1.31325e-20 1.864e-20 BessellV
51475.1 6.0286e-20 7.78747e-20 BessellV
51476.1 2.83021e-19 3.24713e-19 BessellV
51477.1 1.36583e-18 1.33995e-18 BessellV
51478.1 6.76704e-18 5.29833e-18 BessellV
51479.1 3.33322e-17 1.71731e-17 BessellV
51480.1 1.41422e-16 6.8314e-19 BessellV
51481.1 2.47034e-16 1.68793e-17 BessellV
51482.1 2.69848e-16 5.28296e-18 BessellV
51483.1 2.71735e-16 1.8589e-18 BessellV
51484.1 2.69484e-16 1.34888e-18 BessellV
51485.1 2.66459e-16 1.28619e-18 BessellV
51486.1 2.63311e-16 1.25969e-18 BessellV
51487.1 2.60167e-16 1.23654e-18 BessellV
51488.1 2.57054e-16 1.21407e-18 BessellV
51489.1 2.53977e-16 1.192e-18 BessellV
51490.1 2.50937e-16 1.1703e-18 BessellV
51491.1 2.47933e-16 1.14896e-18 BessellV
51492.1 2.44964e-16 1.12797e-18 BessellV
51493.1 2.42032e-16 1.10732e-18 BessellV
51494.1 2.39134e-16 1.08701e-18 BessellV
51495.1 2.36271e-16 1.06704e-18 BessellV
51496.1 2.33443e-16 1.0474e-18 BessellV
51497.1 2.30648e-16 1.02809e-18 BessellV
51498.1 2.27887e-16 1.0091e-18 BessellV
51499.1 2.25158e-16 9.9042e-19 BessellV
51500.1 2.22463e-16 9.72055e-19 BessellV
51501.1 2.198e-16 9.53995e-19 BessellV
51502.1 2.17168e-16 9.36238e-19 BessellV
51503.1 2.14568e-16 9.18778e-19 BessellV
51504.1 2.12e-16 9.0161e-19 BessellV
51505.1 2.09462e-16 8.84731e-19 BessellV
51506.1 2.06954e-16 8.68136e-19 BessellV
51507.1 2.04476e-16 8.51821e-19 BessellV
51508.1 2.02028e-16 8.3578e-19 BessellV
51509.1 1.9961e-16 8.20012e-19 BessellV
51510.1 1.9722e-16 8.0451e-19 BessellV
51511.1 1.94859e-16 7.89271e-19 BessellV
51512.1 1.92526e-16 7.74292e-19 BessellV
51513.1 1.90221e-16 7.59567e-19 BessellV
51514.1 1.87944e-16 7.45094e-19 BessellV
51515.1 1.85694e-16 7.30868e-19 BessellV
51516.1 1.83471e-16 7.16886e-19 BessellV
51517.1 1.81274e-16 7.03144e-19 BessellV
51518.1 1.79104e-16 6.89639e-19 BessellV
51519.1 1.7696e-16 6.76366e-19 BessellV
51520.1 1.74841e-16 6.63322e-19 BessellV
51521.1 1.72748e-16 6.50504e-19 BessellV
51522.1 1.7068e-16 6.37909e-19 BessellV
51523.1 1.68637e-16 6.25532e-19 BessellV
51524.1 1.66618e-16 6.13371e-19 BessellV
51525.1 1.64623e-16 6.01423e-19 BessellV
51526.1 1.62652e-16 5.89683e-19 BessellV
51527.1 1.60705e-16 5.78149e-19 BessellV
51528.1 1.58781e-16 5.66819e-19 BessellV
51529.1 1.5688e-16 5.55687e-19 BessellV
51530.1 1.55002e-16 5.44753e-19 BessellV
51531.1 1.53147e-16 5.34012e-19 BessellV
51532.1 1.51313e-16 5.23462e-19 BessellV
51533.1 1.49502e-16 5.131e-19 BessellV
51534.1 1.47712e-16 5.02923e-19 BessellV
51535.1 1.45943e-16 4.92929e-19 BessellV
51536.1 1.44196e-16 4.83113e-19 BessellV
51537.1 1.4247e-16 4.73475e-19 BessellV
51538.1 1.40764e-16 4.6401e-19 BessellV
51539.1 1.39079e-16 4.54717e-19 BessellV
51540.1 1.37414e-16 4.45593e-19 BessellV
51541.1 1.35769e-16 4.36635e-19 BessellV
51542.1 1.34144e-16 4.27841e-19 BessellV
51543.1 1.32538e-16 4.19208e-19 BessellV
51544.1 1.30951e-16 4.10734e-19 BessellV
51545.1 1.29383e-16 4.02417e-19 BessellV
51546.1 1.27834e-16 3.94254e-19 BessellV
51547.1 1.26304e-16 3.86242e-19 BessellV
51548.1 1.24792e-16 3.78381e-19 BessellV
51549.1 1.23298e-16 3.70666e-19 BessellV
51550.1 1.21822e-16 3.63097e-19 BessellV
51551.1 1.20363e-16 3.5567e-19 BessellV
51552.1 1.18922e-16 3.48385e-19 BessellV
51553.1 1.17499e-16 3.41238e-19 BessellV
51554.1 1.16092e-16 3.34227e-19 BessellV
51555.1 1.14702e-16 3.27352e-19 BessellV
51556.1 1.13329e-16 3.20609e-19 BessellV
51557.1 1.11972e-16 3.13996e-19 BessellV
51558.1 1.10632e-16 3.07513e-19 BessellV
51559.1 1.09307e-16 3.01156e-19 BessellV
51560.1 1.07999e-16 2.94924e-19 BessellV
51561.1 1.06706e-16 2.88815e-19 BessellV
51562.1 1.05428e-16 2.82828e-19 BessellV
51563.1 1.04166e-16 2.7696e-19 BessellV
51564.1 1.02919e-16 2.7121e-19 BessellV
51565.1 1.01687e-16 2.65576e-19 BessellV
51566.1 1.0047e-16 2.60057e-19 BessellV
51567.1 9.92668e-17 2.5465e-19 BessellV
51568.1 9.80784e-17 2.49354e-19 BessellV
51569.1 9.69042e-17 2.44168e-19 BessellV
51570.1 9.57441e-17 2.3909e-19 BessellV
51571.1 9.45979e-17 2.34118e-19 BessellV
51572.1 9.34654e-17 2.29251e-19 BessellV
51573.1 9.23465e-17 2.24487e-19 BessellV
51574.1 9.12409e-17 2.19825e-19 BessellV
51575.1 9.01486e-17 2.15264e-19 BessellV
51576.1 8.90694e-17 2.10801e-19 BessellV
51577.1 8.80031e-17 2.06437e-19 BessellV
51578.1 8.69495e-17 2.02168e-19 BessellV
51579.1 8.59086e-17 1.97994e-19 BessellV
51580.1 8.48801e-17 1.93914e-19 BessellV
51581.1 8.38639e-17 1.89926e-19 BessellV
51582.1 8.28599e-17 1.86029e-19 BessellV
51583.1 8.1868e-17 1.82222e-19 BessellV
51584.1 8.08879e-17 1.78502e-19 BessellV
51585.1 7.99195e-17 1.7487e-19 BessellV
51586.1 7.89627e-17 1.71324e-19 BessellV
51587.1 7.80174e-17 1.67863e-19 BessellV
51588.1 7.70834e-17 1.64485e-19 BessellV
51589.1 7.61606e-17 1.61189e-19 BessellV
51590.1 7.52488e-17 1.57975e-19 BessellV
51591.1 7.43479e-17 1.5484e-19 BessellV
51592.1 7.34579e-17 1.51785e-19 BessellV
51593.1 7.25785e-17 1.48807e-19 BessellV
51594.1 7.17096e-17 1.45906e-19 BessellV
51595.1 7.08511e-17 1.4308e-19 BessellV
51596.1 7.00029e-17 1.40328e-19 BessellV
51597.1 6.91648e-17 1.3765e-19 BessellV
51598.1 6.83368e-17 1.35044e-19 BessellV
51599.1 6.75187e-17 1.32509e-19 BessellV
51600.1 6.67104e-17 1.30044e-19 BessellV
51601.1 6.59117e-17 1.27648e-19 BessellV
51602.1 6.51227e-17 1.2532e-19 BessellV
51603.1 6.4343e-17 1.23059e-19 BessellV
51604.1 6.35727e-17 1.20863e-19 BessellV
51605.1 6.28117e-17 1.18732e-19 BessellV
51606.1 6.20597e-17 1.16665e-19 BessellV
51607.1 6.13167e-17 1.1466e-19 BessellV
51608.1 6.05827e-17 1.12716e-19 BessellV
51609.1 5.98574e-17 1.10833e-19 BessellV
51610.1 5.91408e-17 1.09009e-19 BessellV
51611.1 5.84328e-17 1.07243e-19 BessellV
51612.1 5.77332e-17 1.05534e-19 BessellV
51613.1 5.70421e-17 1.03881e-19 BessellV
51614.1 5.63592e-17 1.02282e-19 BessellV
51615.1 5.56845e-17 1.00737e-19 BessellV
51616.1 5.50178e-17 9.92451e-20 BessellV
51617.1 5.43592e-17 9.78042e-20 BessellV
51618.1 5.37084e-17 9.64135e-20 BessellV
51619.1 5.30654e-17 9.50719e-20 BessellV
51620.1 5.24301e-17 9.37781e-20 BessellV
51621.1 5.18025e-17 9.25311e-20 BessellV
51622.1 5.11823e-17 9.13297e-20 BessellV
51623.1 5.05696e-17 9.01726e-20 BessellV
51624.1 4.99642e-17 8.90588e-20 BessellV
51625.1 4.9366e-17 8.7987e-20 BessellV
51626.1 4.8775e-17 8.69561e-20 BessellV
51627.1 4.81911e-17 8.59648e-20 BessellV
51628.1 4.76142e-17 8.5012e-20 BessellV
51629.1 4.70441e-17 8.40965e-20 BessellV
51630.1 4.64809e-17 8.32172e-20 BessellV
51631.1 4.59245e-17 8.23729e-20 BessellV
51632.1 4.53747e-17 8.15623e-20 BessellV
51633.1 4.48315e-17 8.07844e-20 BessellV
51634.1 4.42948e-17 8.00379e-20 BessellV
51635.1 4.37645e-17 7.93219e-20 BessellV
51636.1 4.32406e-17 7.86351e-20 BessellV
51637.1 4.27229e-17 7.79763e-20 BessellV
51638.1 4.22114e-17 7.73446e-20 BessellV
51639.1 4.17061e-17 7.67389e-20 BessellV
51640.1 4.12068e-17 7.6158e-20 BessellV
51641.1 4.07135e-17 7.56009e-20 BessellV
51642.1 4.02261e-17 7.50667e-20 BessellV
51643.1 3.97445e-17 7.45542e-20 BessellV
51644.1 3.92687e-17 7.40626e-20 BessellV
51645.1 3.87986e-17 7.35907e-20 BessellV
51646.1 3.83341e-17 7.31378e-20 BessellV
51647.1 3.78752e-17 7.27028e-20 BessellV
51648.1 3.74217e-17 7.2285e-20 BessellV
51649.1 3.69737e-17 7.18833e-20 BessellV
51650.1 3.65311e-17 7.14971e-20 BessellV
51651.1 3.60938e-17 7.11253e-20 BessellV
51652.1 3.56617e-17 7.07674e-20 BessellV
51653.1 3.52347e-17 7.04224e-20 BessellV
51654.1 3.48129e-17 7.00897e-20 BessellV
51655.1 3.43961e-17 6.97685e-20 BessellV
51656.1 3.39844e-17 6.94582e-20 BessellV
51657.1 3.35775e-17 6.9158e-20 BessellV
51658.1 3.31755e-17 6.88674e-20 BessellV
51659.1 3.27784e-17 6.85857e-20 BessellV
51660.1 3.2386e-17 6.83123e-20 BessellV
51661.1 3.19983e-17 6.80467e-20 BessellV
51662.1 3.16152e-17 6.77883e-20 BessellV
51663.1 3.12367e-17 6.75366e-20 BessellV
51664.1 3.08627e-17 6.72911e-20 BessellV
51665.1 3.04933e-17 6.70513e-20 BessellV
51666.1 3.01282e-17 6.68168e-20 BessellV
51667.1 2.97675e-17 6.65872e-20 BessellV
51668.1 2.94112e-17 6.6362e-20 BessellV
51669.1 2.90591e-17 6.61408e-20 BessellV
51670.1 2.87112e-17 6.59233e-20 BessellV
51671.1 2.83675e-17 6.57091e-20 BessellV
51672.1 2.80278e-17 6.54979e-20 BessellV
51673.1 2.76923e-17 6.52894e-20 BessellV
51674.1 2.73608e-17 6.50832e-20 BessellV
51675.1 2.70332e-17 6.48791e-20 BessellV
51676.1 2.67096e-17 6.46768e-20 BessellV
51677.1 2.63898e-17 6.44761e-20 BessellV
51678.1 2.60739e-17 6.42767e-20 BessellV
51679.1 2.57618e-17 6.40784e-20 BessellV
51680.1 2.54534e-17 6.3881e-20 BessellV
51681.1 2.51486e-17 6.36842e-20 BessellV
51682.1 2.48476e-17 6.3488e-20 BessellV
51683.1 2.45501e-17 6.32921e-20 BessellV
51684.1 2.42562e-17 6.30964e-20 BessellV
51685.1 2.39658e-17 6.29007e-20 BessellV
51686.1 2.36789e-17 6.27049e-20 BessellV
51687.1 2.33954e-17 6.25088e-20 BessellV
51688.1 2.31153e-17 6.23124e-20 BessellV
51689.1 2.28386e-17 6.21154e-20 BessellV
51690.1 2.25652e-17 6.19179e-20 BessellV
51691.1 2.22951e-17 6.17197e-20 BessellV
51692.1 2.20281e-17 6.15207e-20 BessellV
51693.1 2.17644e-17 6.13209e-20 BessellV
51694.1 2.15039e-17 6.11202e-20 BessellV
51695.1 2.12464e-17 6.09184e-20 BessellV
51696.1 2.09921e-17 6.07156e-20 BessellV
51697.1 2.07408e-17 6.05117e-20 BessellV
51698.1 2.04925e-17 6.03066e-20 BessellV
51699.1 2.02472e-17 6.01004e-20 BessellV
51700.1 2.00048e-17 5.98929e-20 BessellV
51701.1 1.97653e-17 5.96841e-20 BessellV
51702.1 1.95287e-17 5.94741e-20 BessellV
51703.1 1.92949e-17 5.92627e-20 BessellV
51704.1 1.90639e-17 5.905e-20 BessellV
51705.1 1.88356e-17 5.88359e-20 BessellV
51706.1 1.86102e-17 5.86205e-20 BessellV
51707.1 1.83874e-17 5.84037e-20 BessellV
51708.1 1.81672e-17 5.81855e-20 BessellV
51709.1 1.79497e-17 5.79659e-20 BessellV
51710.1 1.77349e-17 5.77449e-20 BessellV
51711.1 1.75225e-17 5.75226e-20 BessellV
51712.1 1.73128e-17 5.72989e-20 BessellV
51713.1 1.71055e-17 5.70738e-20 BessellV
51714.1 1.69007e-17 5.68474e-20 BessellV
51715.1 1.66984e-17 5.66196e-20 BessellV
51716.1 1.64985e-17 5.63905e-20 BessellV
51717.1 1.6301e-17 5.616e-20 BessellV
51718.1 1.61058e-17 5.59283e-20 BessellV
