50872.7 1.01807e-13 3.38572e-16 BessellB
50873.7 9.81265e-14 3.22296e-16 BessellB
50874.7 9.45766e-14 3.0676e-16 BessellB
50875.7 9.11529e-14 2.91931e-16 BessellB
50876.7 8.78509e-14 2.77779e-16 BessellB
50877.7 8.46665e-14 2.64275e-16 BessellB
50878.7 8.15954e-14 2.51391e-16 BessellB
50879.7 7.86338e-14 2.39101e-16 BessellB
50880.7 7.57777e-14 2.27378e-16 BessellB
50881.7 7.30236e-14 2.16199e-16 BessellB
50882.7 7.03678e-14 2.05539e-16 BessellB
50883.7 6.78069e-14 1.95376e-16 BessellB
50884.7 6.53376e-14 1.85689e-16 BessellB
50885.7 6.29566e-14 1.76456e-16 BessellB
50886.7 6.06609e-14 1.67658e-16 BessellB
50887.7 5.84474e-14 1.59276e-16 BessellB
50888.7 5.63133e-14 1.51291e-16 BessellB
50889.7 5.42557e-14 1.43687e-16 BessellB
50890.7 5.22721e-14 1.36445e-16 BessellB
50891.7 5.03596e-14 1.29551e-16 BessellB
50892.7 4.8516e-14 1.22989e-16 BessellB
50893.7 4.67386e-14 1.16743e-16 BessellB
50894.7 4.50253e-14 1.10801e-16 BessellB
50895.7 4.33737e-14 1.05148e-16 BessellB
50896.7 4.17816e-14 9.97721e-17 BessellB
50897.7 4.02469e-14 9.46601e-17 BessellB
50898.7 3.87677e-14 8.98004e-17 BessellB
50899.7 3.73418e-14 8.51816e-17 BessellB
50900.7 3.59676e-14 8.0793e-17 BessellB
50901.7 3.4643e-14 7.66242e-17 BessellB
50902.7 3.33664e-14 7.26651e-17 BessellB
50903.7 3.2136e-14 6.89062e-17 BessellB
50904.7 3.09503e-14 6.53385e-17 BessellB
50905.7 2.98075e-14 6.19532e-17 BessellB
50906.7 2.87062e-14 5.87419e-17 BessellB
50907.7 2.7645e-14 5.56967e-17 BessellB
50908.7 2.66223e-14 5.281e-17 BessellB
50909.7 2.56368e-14 5.00744e-17 BessellB
50910.7 2.46871e-14 4.74829e-17 BessellB
50911.7 2.37721e-14 4.50288e-17 BessellB
50912.7 2.28904e-14 4.27057e-17 BessellB
50913.7 2.20409e-14 4.05075e-17 BessellB
50914.7 2.12223e-14 3.84283e-17 BessellB
50915.7 2.04337e-14 3.64624e-17 BessellB
50916.7 1.96739e-14 3.46045e-17 BessellB
50917.7 1.89419e-14 3.28495e-17 BessellB
50918.7 1.82367e-14 3.11923e-17 BessellB
50919.7 1.75572e-14 2.96282e-17 BessellB
50920.7 1.69027e-14 2.81527e-17 BessellB
50921.7 1.62722e-14 2.67615e-17 BessellB
50922.7 1.56649e-14 2.54503e-17 BessellB
50923.7 1.50798e-14 2.42151e-17 BessellB
50924.7 1.45163e-14 2.30521e-17 BessellB
50925.7 1.39734e-14 2.19575e-17 BessellB
50926.7 1.34506e-14 2.09279e-17 BessellB
50927.7 1.29469e-14 1.99597e-17 BessellB
50928.7 1.24619e-14 1.90497e-17 BessellB
50929.7 1.19947e-14 1.81948e-17 BessellB
50930.7 1.15448e-14 1.73918e-17 BessellB
50931.7 1.11115e-14 1.66378e-17 BessellB
50932.7 1.06942e-14 1.593e-17 BessellB
50933.7 1.02923e-14 1.52658e-17 BessellB
50934.7 9.90525e-15 1.46424e-17 BessellB
50935.7 9.53256e-15 1.40574e-17 BessellB
50936.7 9.17367e-15 1.35084e-17 BessellB
50937.7 8.82809e-15 1.2993e-17 BessellB
50938.7 8.49532e-15 1.25092e-17 BessellB
50939.7 8.17491e-15 1.20547e-17 BessellB
50940.7 7.8664e-15 1.16276e-17 BessellB
50941.7 7.56935e-15 1.12259e-17 BessellB
50942.7 7.28335e-15 1.08479e-17 BessellB
50943.7 7.008e-15 1.04919e-17 BessellB
50944.7 6.7429e-15 1.01561e-17 BessellB
50945.7 6.48767e-15 9.83915e-18 BessellB
50946.7 6.24197e-15 9.53954e-18 BessellB
50947.7 6.00543e-15 9.25595e-18 BessellB
50948.7 5.77772e-15 8.98711e-18 BessellB
50949.7 5.55852e-15 8.73187e-18 BessellB
50950.7 5.34751e-15 8.48912e-18 BessellB
50951.7 5.1444e-15 8.25788e-18 BessellB
50952.7 4.94888e-15 8.03722e-18 BessellB
50953.7 4.7607e-15 7.82626e-18 BessellB
50954.7 4.57956e-15 7.62425e-18 BessellB
50955.7 4.40522e-15 7.43044e-18 BessellB
50956.7 4.23742e-15 7.24419e-18 BessellB
50957.7 4.07592e-15 7.06489e-18 BessellB
50958.7 3.92049e-15 6.892e-18 BessellB
50959.7 3.7709e-15 6.72503e-18 BessellB
50960.7 3.62694e-15 6.56353e-18 BessellB
50961.7 3.4884e-15 6.40708e-18 BessellB
50962.7 3.35508e-15 6.25533e-18 BessellB
50963.7 3.22678e-15 6.10795e-18 BessellB
50964.7 3.10332e-15 5.96465e-18 BessellB
50965.7 2.98452e-15 5.82515e-18 BessellB
50966.7 2.87021e-15 5.68921e-18 BessellB
50967.7 2.76022e-15 5.55664e-18 BessellB
50968.7 2.65438e-15 5.42723e-18 BessellB
50969.7 2.55255e-15 5.30081e-18 BessellB
50970.7 2.45457e-15 5.17725e-18 BessellB
50971.7 2.3603e-15 5.05639e-18 BessellB
50972.7 2.26961e-15 4.93812e-18 BessellB
50973.7 2.18235e-15 4.82234e-18 BessellB
50974.7 2.0984e-15 4.70894e-18 BessellB
50975.7 2.01765e-15 4.59785e-18 BessellB
50976.7 1.93996e-15 4.48898e-18 BessellB
50977.7 1.86522e-15 4.38227e-18 BessellB
50978.7 1.79332e-15 4.27766e-18 BessellB
50979.7 1.72416e-15 4.1751e-18 BessellB
50980.7 1.65764e-15 4.07453e-18 BessellB
50981.7 1.59364e-15 3.97591e-18 BessellB
50982.7 1.53209e-15 3.8792e-18 BessellB
50983.7 1.47289e-15 3.78437e-18 BessellB
50984.7 1.41594e-15 3.69138e-18 BessellB
50985.7 1.36117e-15 3.60019e-18 BessellB
50986.7 1.30849e-15 3.51079e-18 BessellB
50987.7 1.25783e-15 3.42315e-18 BessellB
50988.7 1.2091e-15 3.33723e-18 BessellB
50989.7 1.16224e-15 3.25302e-18 BessellB
50990.7 1.11717e-15 3.1705e-18 BessellB
50991.7 1.07383e-15 3.08964e-18 BessellB
50992.7 1.03215e-15 3.01041e-18 BessellB
50993.7 9.92073e-16 2.93281e-18 BessellB
50994.7 9.5353e-16 2.85681e-18 BessellB
50995.7 9.16468e-16 2.78239e-18 BessellB
50996.7 8.80829e-16 2.70953e-18 BessellB
50997.7 8.46561e-16 2.63821e-18 BessellB
50998.7 8.1361e-16 2.56841e-18 BessellB
50999.7 7.81927e-16 2.50012e-18 BessellB
51000.7 7.51464e-16 2.43331e-18 BessellB
51001.7 7.22174e-16 2.36796e-18 BessellB
51002.7 6.94013e-16 2.30406e-18 BessellB
51003.7 6.66938e-16 2.24158e-18 BessellB
51004.7 6.40908e-16 2.1805e-18 BessellB
51005.7 6.15883e-16 2.12082e-18 BessellB
51006.7 5.91824e-16 2.06249e-18 BessellB
51007.7 5.68694e-16 2.00552e-18 BessellB
51008.7 5.46459e-16 1.94987e-18 BessellB
51009.7 5.25084e-16 1.89552e-18 BessellB
51010.7 5.04536e-16 1.84246e-18 BessellB
51011.7 4.84784e-16 1.79066e-18 BessellB
51012.7 4.65796e-16 1.7401e-18 BessellB
51013.7 4.47545e-16 1.69077e-18 BessellB
51014.7 4.30002e-16 1.64264e-18 BessellB
51015.7 4.13139e-16 1.59569e-18 BessellB
51016.7 3.9693e-16 1.54991e-18 BessellB
51017.7 3.81351e-16 1.50526e-18 BessellB
51018.7 3.66378e-16 1.46173e-18 BessellB
51019.7 3.51986e-16 1.41931e-18 BessellB
51020.7 3.38154e-16 1.37796e-18 BessellB
51021.7 3.2486e-16 1.33767e-18 BessellB
51022.7 3.12084e-16 1.29841e-18 BessellB
51023.7 2.99805e-16 1.26017e-18 BessellB
51024.7 2.88004e-16 1.22293e-18 BessellB
51025.7 2.76664e-16 1.18667e-18 BessellB
51026.7 2.65766e-16 1.15136e-18 BessellB
51027.7 2.55293e-16 1.11699e-18 BessellB
51028.7 2.45229e-16 1.08354e-18 BessellB
51029.7 2.35558e-16 1.05098e-18 BessellB
51030.7 2.26264e-16 1.0193e-18 BessellB
51031.7 2.17334e-16 9.88486e-19 BessellB
51032.7 2.08754e-16 9.58508e-19 BessellB
51033.7 2.00508e-16 9.29352e-19 BessellB
51034.7 1.92586e-16 9.00998e-19 BessellB
51035.7 1.84974e-16 8.73429e-19 BessellB
51036.7 1.7766e-16 8.46627e-19 BessellB
51037.7 1.70632e-16 8.20574e-19 BessellB
51038.7 1.63881e-16 7.95252e-19 BessellB
51039.7 1.57393e-16 7.70644e-19 BessellB
51040.7 1.51161e-16 7.46733e-19 BessellB
50883.1 2.6802e-14 9.75421e-17 BessellI
50884.1 2.60853e-14 9.37979e-17 BessellI
50885.1 2.5387e-14 9.01862e-17 BessellI
50886.1 2.47069e-14 8.67025e-17 BessellI
50887.1 2.40443e-14 8.33429e-17 BessellI
50888.1 2.3399e-14 8.01033e-17 BessellI
50889.1 2.27704e-14 7.69798e-17 BessellI
50890.1 2.21581e-14 7.39687e-17 BessellI
50891.1 2.15617e-14 7.10664e-17 BessellI
50892.1 2.09809e-14 6.82693e-17 BessellI
50893.1 2.04152e-14 6.55739e-17 BessellI
50894.1 1.98643e-14 6.29771e-17 BessellI
50895.1 1.93277e-14 6.04756e-17 BessellI
50896.1 1.88052e-14 5.80661e-17 BessellI
50897.1 1.82963e-14 5.57459e-17 BessellI
50898.1 1.78008e-14 5.35118e-17 BessellI
50899.1 1.73182e-14 5.13611e-17 BessellI
50900.1 1.68483e-14 4.9291e-17 BessellI
50901.1 1.63907e-14 4.72989e-17 BessellI
50902.1 1.59452e-14 4.53822e-17 BessellI
50903.1 1.55114e-14 4.35384e-17 BessellI
50904.1 1.5089e-14 4.17651e-17 BessellI
50905.1 1.46777e-14 4.00599e-17 BessellI
50906.1 1.42773e-14 3.84206e-17 BessellI
50907.1 1.38875e-14 3.68449e-17 BessellI
50908.1 1.35079e-14 3.53307e-17 BessellI
50909.1 1.31384e-14 3.38761e-17 BessellI
50910.1 1.27787e-14 3.24789e-17 BessellI
50911.1 1.24286e-14 3.11373e-17 BessellI
50912.1 1.20877e-14 2.98494e-17 BessellI
50913.1 1.17559e-14 2.86134e-17 BessellI
50914.1 1.14329e-14 2.74275e-17 BessellI
50915.1 1.11185e-14 2.629e-17 BessellI
50916.1 1.08125e-14 2.51993e-17 BessellI
50917.1 1.05146e-14 2.41538e-17 BessellI
50918.1 1.02247e-14 2.31519e-17 BessellI
50919.1 9.94253e-15 2.21922e-17 BessellI
50920.1 9.66791e-15 2.12733e-17 BessellI
50921.1 9.40064e-15 2.03937e-17 BessellI
50922.1 9.14053e-15 1.9552e-17 BessellI
50923.1 8.8874e-15 1.8747e-17 BessellI
50924.1 8.64107e-15 1.79774e-17 BessellI
50925.1 8.40135e-15 1.72419e-17 BessellI
50926.1 8.16809e-15 1.65394e-17 BessellI
50927.1 7.9411e-15 1.58686e-17 BessellI
50928.1 7.72023e-15 1.52286e-17 BessellI
50929.1 7.50532e-15 1.46181e-17 BessellI
50930.1 7.29621e-15 1.40361e-17 BessellI
50931.1 7.09276e-15 1.34815e-17 BessellI
50932.1 6.89481e-15 1.29535e-17 BessellI
50933.1 6.70222e-15 1.24509e-17 BessellI
50934.1 6.51485e-15 1.19728e-17 BessellI
50935.1 6.33256e-15 1.15182e-17 BessellI
50936.1 6.15523e-15 1.10864e-17 BessellI
50937.1 5.98271e-15 1.06763e-17 BessellI
50938.1 5.81489e-15 1.02871e-17 BessellI
50939.1 5.65164e-15 9.91797e-18 BessellI
50940.1 5.49284e-15 9.56804e-18 BessellI
50941.1 5.33838e-15 9.23649e-18 BessellI
50942.1 5.18813e-15 8.92252e-18 BessellI
50943.1 5.04199e-15 8.62535e-18 BessellI
50944.1 4.89985e-15 8.3442e-18 BessellI
50945.1 4.7616e-15 8.07831e-18 BessellI
50946.1 4.62714e-15 7.82695e-18 BessellI
50947.1 4.49638e-15 7.58938e-18 BessellI
50948.1 4.3692e-15 7.3649e-18 BessellI
50949.1 4.24552e-15 7.15282e-18 BessellI
50950.1 4.12525e-15 6.95245e-18 BessellI
50951.1 4.00828e-15 6.76315e-18 BessellI
50952.1 3.89454e-15 6.58427e-18 BessellI
50953.1 3.78395e-15 6.41518e-18 BessellI
50954.1 3.6764e-15 6.2553e-18 BessellI
50955.1 3.57183e-15 6.10404e-18 BessellI
50956.1 3.47015e-15 5.96085e-18 BessellI
50957.1 3.37129e-15 5.82518e-18 BessellI
50958.1 3.27517e-15 5.69653e-18 BessellI
50959.1 3.18172e-15 5.5744e-18 BessellI
50960.1 3.09086e-15 5.45833e-18 BessellI
50961.1 3.00253e-15 5.34788e-18 BessellI
50962.1 2.91665e-15 5.24263e-18 BessellI
50963.1 2.83317e-15 5.14218e-18 BessellI
50964.1 2.75201e-15 5.04616e-18 BessellI
50965.1 2.67312e-15 4.95423e-18 BessellI
50966.1 2.59643e-15 4.86604e-18 BessellI
50967.1 2.52189e-15 4.78131e-18 BessellI
50968.1 2.44942e-15 4.69975e-18 BessellI
50969.1 2.37899e-15 4.62109e-18 BessellI
50970.1 2.31054e-15 4.54509e-18 BessellI
50971.1 2.244e-15 4.47152e-18 BessellI
50972.1 2.17933e-15 4.40018e-18 BessellI
50973.1 2.11647e-15 4.33088e-18 BessellI
50974.1 2.05539e-15 4.26344e-18 BessellI
50975.1 1.99602e-15 4.19771e-18 BessellI
50976.1 1.93833e-15 4.13354e-18 BessellI
50977.1 1.88226e-15 4.0708e-18 BessellI
50978.1 1.82778e-15 4.00937e-18 BessellI
50979.1 1.77483e-15 3.94914e-18 BessellI
50980.1 1.72338e-15 3.89002e-18 BessellI
50981.1 1.67339e-15 3.83191e-18 BessellI
50982.1 1.62481e-15 3.77474e-18 BessellI
50983.1 1.57761e-15 3.71845e-18 BessellI
50984.1 1.53175e-15 3.66296e-18 BessellI
50985.1 1.48718e-15 3.60822e-18 BessellI
50986.1 1.44389e-15 3.55419e-18 BessellI
50987.1 1.40183e-15 3.50081e-18 BessellI
50988.1 1.36096e-15 3.44806e-18 BessellI
50989.1 1.32126e-15 3.3959e-18 BessellI
50990.1 1.28269e-15 3.34431e-18 BessellI
50991.1 1.24521e-15 3.29325e-18 BessellI
50992.1 1.20881e-15 3.24271e-18 BessellI
50993.1 1.17345e-15 3.19266e-18 BessellI
50994.1 1.1391e-15 3.14311e-18 BessellI
50995.1 1.10574e-15 3.09402e-18 BessellI
50996.1 1.07333e-15 3.04539e-18 BessellI
50997.1 1.04185e-15 2.99722e-18 BessellI
50998.1 1.01127e-15 2.9495e-18 BessellI
50999.1 9.81568e-16 2.90222e-18 BessellI
51000.1 9.52721e-16 2.85537e-18 BessellI
51001.1 9.24704e-16 2.80897e-18 BessellI
51002.1 8.97493e-16 2.763e-18 BessellI
51003.1 8.71066e-16 2.71746e-18 BessellI
51004.1 8.45401e-16 2.67236e-18 BessellI
51005.1 8.20476e-16 2.6277e-18 BessellI
51006.1 7.9627e-16 2.58347e-18 BessellI
51007.1 7.72764e-16 2.53968e-18 BessellI
51008.1 7.49938e-16 2.49634e-18 BessellI
51009.1 7.27772e-16 2.45344e-18 BessellI
51010.1 7.06248e-16 2.41098e-18 BessellI
51011.1 6.85348e-16 2.36898e-18 BessellI
51012.1 6.65054e-16 2.32743e-18 BessellI
51013.1 6.45348e-16 2.28633e-18 BessellI
51014.1 6.26215e-16 2.24569e-18 BessellI
51015.1 6.07639e-16 2.20551e-18 BessellI
51016.1 5.89602e-16 2.16579e-18 BessellI
51017.1 5.72091e-16 2.12654e-18 BessellI
51018.1 5.55089e-16 2.08776e-18 BessellI
51019.1 5.38583e-16 2.04944e-18 BessellI
51020.1 5.22559e-16 2.0116e-18 BessellI
51021.1 5.07002e-16 1.97423e-18 BessellI
51022.1 4.919e-16 1.93733e-18 BessellI
51023.1 4.77239e-16 1.90091e-18 BessellI
51024.1 4.63007e-16 1.86497e-18 BessellI
51025.1 4.49192e-16 1.82951e-18 BessellI
51026.1 4.35781e-16 1.79452e-18 BessellI
51027.1 4.22764e-16 1.76001e-18 BessellI
51028.1 4.10128e-16 1.72598e-18 BessellI
51029.1 3.97863e-16 1.69243e-18 BessellI
51030.1 3.85959e-16 1.65936e-18 BessellI
51031.1 3.74404e-16 1.62676e-18 BessellI
51032.1 3.6319e-16 1.59464e-18 BessellI
51033.1 3.52305e-16 1.563e-18 BessellI
51034.1 3.41741e-16 1.53182e-18 BessellI
51035.1 3.31488e-16 1.50113e-18 BessellI
51036.1 3.21537e-16 1.4709e-18 BessellI
51037.1 3.11881e-16 1.44114e-18 BessellI
51038.1 3.02509e-16 1.41184e-18 BessellI
51039.1 2.93414e-16 1.38301e-18 BessellI
51040.1 2.84588e-16 1.35465e-18 BessellI
50871 7.12314e-16 7.17119e-17 BessellR
50872 9.28096e-16 8.72045e-17 BessellR
50873 1.2077e-15 1.05263e-16 BessellR
50874 1.56884e-15 1.25923e-16 BessellR
50875 2.03329e-15 1.48975e-16 BessellR
50876 2.62719e-15 1.73837e-16 BessellR
50877 3.38089e-15 1.9938e-16 BessellR
50878 4.32791e-15 2.23759e-16 BessellR
50879 5.5025e-15 2.44287e-16 BessellR
50880 6.93525e-15 2.57475e-16 BessellR
50881 8.64629e-15 2.59366e-16 BessellR
50882 1.06365e-14 2.46321e-16 BessellR
50883 1.28781e-14 2.16276e-16 BessellR
50884 1.53079e-14 1.7027e-16 BessellR
50885 1.78273e-14 1.14146e-16 BessellR
50886 2.03121e-14 6.34117e-17 BessellR
50887 2.26309e-14 5.92986e-17 BessellR
50888 2.4668e-14 9.40731e-17 BessellR
50889 2.63422e-14 1.24051e-16 BessellR
50890 2.76158e-14 1.3971e-16 BessellR
50891 2.84915e-14 1.41654e-16 BessellR
50892 2.90029e-14 1.33462e-16 BessellR
50893 2.92013e-14 1.1937e-16 BessellR
50894 2.91442e-14 1.03133e-16 BessellR
50895 2.88876e-14 8.75525e-17 BessellR
50896 2.84809e-14 7.44074e-17 BessellR
50897 2.79652e-14 6.45225e-17 BessellR
50898 2.73737e-14 5.78925e-17 BessellR
50899 2.67319e-14 5.38988e-17 BessellR
50900 2.6059e-14 5.16598e-17 BessellR
50901 2.53696e-14 5.0368e-17 BessellR
50902 2.4674e-14 4.94551e-17 BessellR
50903 2.39798e-14 4.85923e-17 BessellR
50904 2.32923e-14 4.76226e-17 BessellR
50905 2.26154e-14 4.64924e-17 BessellR
50906 2.19514e-14 4.52029e-17 BessellR
50907 2.13022e-14 4.37799e-17 BessellR
50908 2.06687e-14 4.2258e-17 BessellR
50909 2.00515e-14 4.06715e-17 BessellR
50910 1.9451e-14 3.90509e-17 BessellR
50911 1.88672e-14 3.74219e-17 BessellR
50912 1.83e-14 3.58047e-17 BessellR
50913 1.77492e-14 3.42149e-17 BessellR
50914 1.72145e-14 3.26642e-17 BessellR
50915 1.66955e-14 3.11608e-17 BessellR
50916 1.61919e-14 2.97107e-17 BessellR
50917 1.57034e-14 2.83177e-17 BessellR
50918 1.52294e-14 2.69838e-17 BessellR
50919 1.47697e-14 2.57103e-17 BessellR
50920 1.43238e-14 2.44974e-17 BessellR
50921 1.38913e-14 2.33445e-17 BessellR
50922 1.34718e-14 2.22509e-17 BessellR
50923 1.30649e-14 2.12152e-17 BessellR
50924 1.26704e-14 2.02361e-17 BessellR
50925 1.22877e-14 1.93118e-17 BessellR
50926 1.19166e-14 1.84406e-17 BessellR
50927 1.15567e-14 1.76208e-17 BessellR
50928 1.12076e-14 1.68505e-17 BessellR
50929 1.08691e-14 1.61277e-17 BessellR
50930 1.05408e-14 1.54506e-17 BessellR
50931 1.02225e-14 1.48172e-17 BessellR
50932 9.91369e-15 1.42257e-17 BessellR
50933 9.61425e-15 1.36741e-17 BessellR
50934 9.32386e-15 1.31606e-17 BessellR
50935 9.04224e-15 1.26831e-17 BessellR
50936 8.76912e-15 1.22398e-17 BessellR
50937 8.50426e-15 1.18289e-17 BessellR
50938 8.24739e-15 1.14484e-17 BessellR
50939 7.99828e-15 1.10964e-17 BessellR
50940 7.7567e-15 1.07712e-17 BessellR
50941 7.52241e-15 1.04709e-17 BessellR
50942 7.2952e-15 1.01937e-17 BessellR
50943 7.07485e-15 9.9379e-18 BessellR
50944 6.86116e-15 9.70182e-18 BessellR
50945 6.65392e-15 9.48383e-18 BessellR
50946 6.45295e-15 9.28237e-18 BessellR
50947 6.25804e-15 9.09595e-18 BessellR
50948 6.06902e-15 8.92316e-18 BessellR
50949 5.8857e-15 8.76266e-18 BessellR
50950 5.70793e-15 8.61319e-18 BessellR
50951 5.53552e-15 8.47359e-18 BessellR
50952 5.36833e-15 8.34277e-18 BessellR
50953 5.20618e-15 8.21973e-18 BessellR
50954 5.04893e-15 8.10355e-18 BessellR
50955 4.89643e-15 7.99338e-18 BessellR
50956 4.74854e-15 7.88845e-18 BessellR
50957 4.60511e-15 7.78809e-18 BessellR
50958 4.46601e-15 7.69165e-18 BessellR
50959 4.33112e-15 7.59859e-18 BessellR
50960 4.2003e-15 7.50839e-18 BessellR
50961 4.07343e-15 7.42063e-18 BessellR
50962 3.9504e-15 7.3349e-18 BessellR
50963 3.83108e-15 7.25087e-18 BessellR
50964 3.71536e-15 7.16823e-18 BessellR
50965 3.60314e-15 7.08672e-18 BessellR
50966 3.49431e-15 7.00611e-18 BessellR
50967 3.38877e-15 6.92622e-18 BessellR
50968 3.28641e-15 6.84687e-18 BessellR
50969 3.18715e-15 6.76794e-18 BessellR
50970 3.09088e-15 6.6893e-18 BessellR
50971 2.99752e-15 6.61085e-18 BessellR
50972 2.90698e-15 6.53253e-18 BessellR
50973 2.81918e-15 6.45428e-18 BessellR
50974 2.73403e-15 6.37605e-18 BessellR
50975 2.65145e-15 6.2978e-18 BessellR
50976 2.57136e-15 6.21951e-18 BessellR
50977 2.4937e-15 6.14118e-18 BessellR
50978 2.41838e-15 6.06279e-18 BessellR
50979 2.34533e-15 5.98436e-18 BessellR
50980 2.27449e-15 5.90588e-18 BessellR
50981 2.20579e-15 5.82738e-18 BessellR
50982 2.13917e-15 5.74887e-18 BessellR
50983 2.07455e-15 5.67038e-18 BessellR
50984 2.01189e-15 5.59192e-18 BessellR
50985 1.95113e-15 5.51353e-18 BessellR
50986 1.89219e-15 5.43523e-18 BessellR
50987 1.83504e-15 5.35706e-18 BessellR
50988 1.77961e-15 5.27905e-18 BessellR
50989 1.72586e-15 5.20123e-18 BessellR
50990 1.67373e-15 5.12363e-18 BessellR
50991 1.62318e-15 5.04628e-18 BessellR
50992 1.57415e-15 4.96922e-18 BessellR
50993 1.52661e-15 4.89247e-18 BessellR
50994 1.4805e-15 4.81608e-18 BessellR
50995 1.43578e-15 4.74007e-18 BessellR
50996 1.39241e-15 4.66447e-18 BessellR
50997 1.35035e-15 4.58931e-18 BessellR
50998 1.30957e-15 4.51462e-18 BessellR
50999 1.27001e-15 4.44043e-18 BessellR
51000 1.23165e-15 4.36675e-18 BessellR
51001 1.19445e-15 4.29363e-18 BessellR
51002 1.15837e-15 4.22108e-18 BessellR
51003 1.12339e-15 4.14912e-18 BessellR
51004 1.08946e-15 4.07777e-18 BessellR
51005 1.05655e-15 4.00706e-18 BessellR
51006 1.02464e-15 3.93701e-18 BessellR
51007 9.93688e-16 3.86763e-18 BessellR
51008 9.63675e-16 3.79894e-18 BessellR
51009 9.34568e-16 3.73095e-18 BessellR
51010 9.0634e-16 3.66369e-18 BessellR
51011 8.78964e-16 3.59715e-18 BessellR
51012 8.52416e-16 3.53137e-18 BessellR
51013 8.26669e-16 3.46634e-18 BessellR
51014 8.017e-16 3.40207e-18 BessellR
51015 7.77485e-16 3.33859e-18 BessellR
51016 7.54002e-16 3.27588e-18 BessellR
51017 7.31228e-16 3.21397e-18 BessellR
51018 7.09142e-16 3.15286e-18 BessellR
51019 6.87722e-16 3.09255e-18 BessellR
51020 6.6695e-16 3.03304e-18 BessellR
51021 6.46806e-16 2.97435e-18 BessellR
51022 6.27269e-16 2.91648e-18 BessellR
51023 6.08323e-16 2.85941e-18 BessellR
51024 5.89949e-16 2.80317e-18 BessellR
51025 5.7213e-16 2.74775e-18 BessellR
51026 5.54849e-16 2.69314e-18 BessellR
51027 5.3809e-16 2.63935e-18 BessellR
51028 5.21838e-16 2.58638e-18 BessellR
51029 5.06076e-16 2.53423e-18 BessellR
51030 4.9079e-16 2.48288e-18 BessellR
51031 4.75966e-16 2.43235e-18 BessellR
51032 4.6159e-16 2.38262e-18 BessellR
51033 4.47648e-16 2.3337e-18 BessellR
51034 4.34127e-16 2.28558e-18 BessellR
51035 4.21015e-16 2.23825e-18 BessellR
51036 4.08298e-16 2.19171e-18 BessellR
51037 3.95966e-16 2.14595e-18 BessellR
51038 3.84006e-16 2.10097e-18 BessellR
51039 3.72408e-16 2.05676e-18 BessellR
51040 3.61159e-16 2.01332e-18 BessellR
50872.5 8.1532e-14 2.48452e-16 BessellV
50873.5 7.88421e-14 2.37309e-16 BessellV
50874.5 7.6239e-14 2.26635e-16 BessellV
50875.5 7.37201e-14 2.16412e-16 BessellV
50876.5 7.12825e-14 2.06621e-16 BessellV
50877.5 6.89239e-14 1.97247e-16 BessellV
50878.5 6.66416e-14 1.88271e-16 BessellV
50879.5 6.44334e-14 1.7968e-16 BessellV
50880.5 6.22967e-14 1.71456e-16 BessellV
50881.5 6.02293e-14 1.63587e-16 BessellV
50882.5 5.82292e-14 1.56057e-16 BessellV
50883.5 5.6294e-14 1.48853e-16 BessellV
50884.5 5.44218e-14 1.41962e-16 BessellV
50885.5 5.26105e-14 1.35372e-16 BessellV
50886.5 5.08583e-14 1.2907e-16 BessellV
50887.5 4.91631e-14 1.23046e-16 BessellV
50888.5 4.75233e-14 1.17287e-16 BessellV
50889.5 4.59371e-14 1.11783e-16 BessellV
50890.5 4.44026e-14 1.06524e-16 BessellV
50891.5 4.29184e-14 1.01499e-16 BessellV
50892.5 4.14827e-14 9.67004e-17 BessellV
50893.5 4.0094e-14 9.21174e-17 BessellV
50894.5 3.87509e-14 8.77418e-17 BessellV
50895.5 3.74518e-14 8.3565e-17 BessellV
50896.5 3.61954e-14 7.95788e-17 BessellV
50897.5 3.49802e-14 7.57755e-17 BessellV
50898.5 3.3805e-14 7.21476e-17 BessellV
50899.5 3.26685e-14 6.86878e-17 BessellV
50900.5 3.15693e-14 6.53891e-17 BessellV
50901.5 3.05064e-14 6.22449e-17 BessellV
50902.5 2.94786e-14 5.92488e-17 BessellV
50903.5 2.84847e-14 5.63946e-17 BessellV
50904.5 2.75236e-14 5.36763e-17 BessellV
50905.5 2.65942e-14 5.10884e-17 BessellV
50906.5 2.56956e-14 4.86253e-17 BessellV
50907.5 2.48268e-14 4.62818e-17 BessellV
50908.5 2.39867e-14 4.40528e-17 BessellV
50909.5 2.31745e-14 4.19335e-17 BessellV
50910.5 2.23893e-14 3.99192e-17 BessellV
50911.5 2.16301e-14 3.80054e-17 BessellV
50912.5 2.08961e-14 3.61879e-17 BessellV
50913.5 2.01865e-14 3.44625e-17 BessellV
50914.5 1.95006e-14 3.28252e-17 BessellV
50915.5 1.88375e-14 3.12722e-17 BessellV
50916.5 1.81965e-14 2.97998e-17 BessellV
50917.5 1.75769e-14 2.84044e-17 BessellV
50918.5 1.6978e-14 2.70827e-17 BessellV
50919.5 1.6399e-14 2.58313e-17 BessellV
50920.5 1.58395e-14 2.46471e-17 BessellV
50921.5 1.52986e-14 2.3527e-17 BessellV
50922.5 1.47759e-14 2.24681e-17 BessellV
50923.5 1.42707e-14 2.14675e-17 BessellV
50924.5 1.37824e-14 2.05225e-17 BessellV
50925.5 1.33105e-14 1.96303e-17 BessellV
50926.5 1.28544e-14 1.87886e-17 BessellV
50927.5 1.24137e-14 1.79946e-17 BessellV
50928.5 1.19878e-14 1.72462e-17 BessellV
50929.5 1.15762e-14 1.65408e-17 BessellV
50930.5 1.11785e-14 1.58764e-17 BessellV
50931.5 1.07942e-14 1.52507e-17 BessellV
50932.5 1.04228e-14 1.46615e-17 BessellV
50933.5 1.0064e-14 1.4107e-17 BessellV
50934.5 9.71736e-15 1.3585e-17 BessellV
50935.5 9.38239e-15 1.30937e-17 BessellV
50936.5 9.05876e-15 1.26314e-17 BessellV
50937.5 8.74608e-15 1.21961e-17 BessellV
50938.5 8.444e-15 1.17862e-17 BessellV
50939.5 8.15216e-15 1.14002e-17 BessellV
50940.5 7.87022e-15 1.10364e-17 BessellV
50941.5 7.59786e-15 1.06933e-17 BessellV
50942.5 7.33474e-15 1.03695e-17 BessellV
50943.5 7.08058e-15 1.00638e-17 BessellV
50944.5 6.83507e-15 9.7747e-18 BessellV
50945.5 6.59791e-15 9.5011e-18 BessellV
50946.5 6.36884e-15 9.24183e-18 BessellV
50947.5 6.14758e-15 8.99583e-18 BessellV
50948.5 5.93387e-15 8.76207e-18 BessellV
50949.5 5.72746e-15 8.53962e-18 BessellV
50950.5 5.5281e-15 8.32758e-18 BessellV
50951.5 5.33556e-15 8.12514e-18 BessellV
50952.5 5.14961e-15 7.93153e-18 BessellV
50953.5 4.97002e-15 7.74606e-18 BessellV
50954.5 4.7966e-15 7.56806e-18 BessellV
50955.5 4.62912e-15 7.39694e-18 BessellV
50956.5 4.46738e-15 7.23215e-18 BessellV
50957.5 4.31121e-15 7.07318e-18 BessellV
50958.5 4.1604e-15 6.91958e-18 BessellV
50959.5 4.01477e-15 6.77093e-18 BessellV
50960.5 3.87416e-15 6.62683e-18 BessellV
50961.5 3.73839e-15 6.48696e-18 BessellV
50962.5 3.6073e-15 6.35098e-18 BessellV
50963.5 3.48073e-15 6.21863e-18 BessellV
50964.5 3.35853e-15 6.08965e-18 BessellV
50965.5 3.24055e-15 5.9638e-18 BessellV
50966.5 3.12664e-15 5.84087e-18 BessellV
50967.5 3.01668e-15 5.7207e-18 BessellV
50968.5 2.91052e-15 5.6031e-18 BessellV
50969.5 2.80803e-15 5.48794e-18 BessellV
50970.5 2.7091e-15 5.37508e-18 BessellV
50971.5 2.61359e-15 5.2644e-18 BessellV
50972.5 2.5214e-15 5.1558e-18 BessellV
50973.5 2.43241e-15 5.04919e-18 BessellV
50974.5 2.34652e-15 4.94448e-18 BessellV
50975.5 2.2636e-15 4.84161e-18 BessellV
50976.5 2.18358e-15 4.7405e-18 BessellV
50977.5 2.10634e-15 4.64111e-18 BessellV
50978.5 2.03178e-15 4.54339e-18 BessellV
50979.5 1.95983e-15 4.44728e-18 BessellV
50980.5 1.89039e-15 4.35275e-18 BessellV
50981.5 1.82337e-15 4.25977e-18 BessellV
50982.5 1.75869e-15 4.1683e-18 BessellV
50983.5 1.69627e-15 4.07832e-18 BessellV
50984.5 1.63603e-15 3.98981e-18 BessellV
50985.5 1.5779e-15 3.90274e-18 BessellV
50986.5 1.52181e-15 3.81709e-18 BessellV
50987.5 1.46768e-15 3.73285e-18 BessellV
50988.5 1.41545e-15 3.65e-18 BessellV
50989.5 1.36505e-15 3.56852e-18 BessellV
50990.5 1.31642e-15 3.48841e-18 BessellV
50991.5 1.2695e-15 3.40965e-18 BessellV
50992.5 1.22422e-15 3.33222e-18 BessellV
50993.5 1.18054e-15 3.25613e-18 BessellV
50994.5 1.1384e-15 3.18135e-18 BessellV
50995.5 1.09773e-15 3.10787e-18 BessellV
50996.5 1.0585e-15 3.03569e-18 BessellV
50997.5 1.02066e-15 2.9648e-18 BessellV
50998.5 9.84145e-16 2.89518e-18 BessellV
50999.5 9.48922e-16 2.82682e-18 BessellV
51000.5 9.14942e-16 2.75972e-18 BessellV
51001.5 8.82163e-16 2.69386e-18 BessellV
51002.5 8.50542e-16 2.62924e-18 BessellV
51003.5 8.2004e-16 2.56584e-18 BessellV
51004.5 7.90617e-16 2.50365e-18 BessellV
51005.5 7.62236e-16 2.44266e-18 BessellV
51006.5 7.3486e-16 2.38285e-18 BessellV
51007.5 7.08455e-16 2.32423e-18 BessellV
51008.5 6.82987e-16 2.26676e-18 BessellV
51009.5 6.58423e-16 2.21045e-18 BessellV
51010.5 6.3473e-16 2.15528e-18 BessellV
51011.5 6.1188e-16 2.10124e-18 BessellV
51012.5 5.89842e-16 2.04831e-18 BessellV
51013.5 5.68588e-16 1.99648e-18 BessellV
51014.5 5.4809e-16 1.94574e-18 BessellV
51015.5 5.28322e-16 1.89607e-18 BessellV
51016.5 5.09258e-16 1.84746e-18 BessellV
51017.5 4.90874e-16 1.7999e-18 BessellV
51018.5 4.73146e-16 1.75336e-18 BessellV
51019.5 4.5605e-16 1.70785e-18 BessellV
51020.5 4.39565e-16 1.66333e-18 BessellV
51021.5 4.23668e-16 1.61981e-18 BessellV
51022.5 4.0834e-16 1.57725e-18 BessellV
51023.5 3.9356e-16 1.53566e-18 BessellV
51024.5 3.79308e-16 1.49501e-18 BessellV
51025.5 3.65567e-16 1.45528e-18 BessellV
51026.5 3.52318e-16 1.41647e-18 BessellV
51027.5 3.39543e-16 1.37856e-18 BessellV
51028.5 3.27227e-16 1.34153e-18 BessellV
51029.5 3.15352e-16 1.30537e-18 BessellV
51030.5 3.03904e-16 1.27007e-18 BessellV
51031.5 2.92866e-16 1.2356e-18 BessellV
51032.5 2.82225e-16 1.20196e-18 BessellV
51033.5 2.71967e-16 1.16912e-18 BessellV
51034.5 2.62077e-16 1.13708e-18 BessellV
51035.5 2.52543e-16 1.10581e-18 BessellV
51036.5 2.43353e-16 1.07531e-18 BessellV
51037.5 2.34493e-16 1.04556e-18 BessellV
51038.5 2.25952e-16 1.01655e-18 BessellV
51039.5 2.17719e-16 9.88256e-19 BessellV
51040.5 2.09783e-16 9.60668e-19 BessellV
51041.5 2.02134e-16 9.33773e-19 BessellV
51042.5 1.9476e-16 9.07556e-19 BessellV
51043.5 1.87653e-16 8.82003e-19 BessellV
51044.5 1.80802e-16 8.571e-19 BessellV
51045.5 1.742e-16 8.32835e-19 BessellV
51046.5 1.67835e-16 8.09193e-19 BessellV
51047.5 1.61701e-16 7.86161e-19 BessellV
51048.5 1.5579e-16 7.63727e-19 BessellV
51049.5 1.50092e-16 7.41876e-19 BessellV
51050.5 1.446e-16 7.20597e-19 BessellV
51051.5 1.39308e-16 6.99876e-19 BessellV
51052.5 1.34207e-16 6.79701e-19 BessellV
51053.5 1.29291e-16 6.60061e-19 BessellV
51054.5 1.24554e-16 6.40942e-19 BessellV
51055.5 1.19989e-16 6.22333e-19 BessellV
51056.5 1.15589e-16 6.04223e-19 BessellV
51057.5 1.1135e-16 5.86599e-19 BessellV
51058.5 1.07264e-16 5.6945e-19 BessellV
51059.5 1.03327e-16 5.52766e-19 BessellV
51060.5 9.95336e-17 5.36535e-19 BessellV
51061.5 9.58779e-17 5.20746e-19 BessellV
51062.5 9.23553e-17 5.05389e-19 BessellV
51063.5 8.8961e-17 4.90454e-19 BessellV
51064.5 8.56904e-17 4.75929e-19 BessellV
51065.5 8.25389e-17 4.61806e-19 BessellV
51066.5 7.95024e-17 4.48074e-19 BessellV
51067.5 7.65767e-17 4.34724e-19 BessellV
51068.5 7.37577e-17 4.21746e-19 BessellV
51069.5 7.10417e-17 4.09131e-19 BessellV
51070.5 6.84248e-17 3.9687e-19 BessellV
51071.5 6.59036e-17 3.84954e-19 BessellV
51072.5 6.34745e-17 3.73373e-19 BessellV
51073.5 6.11342e-17 3.62121e-19 BessellV
51074.5 5.88795e-17 3.51188e-19 BessellV
51075.5 5.67073e-17 3.40565e-19 BessellV
51076.5 5.46146e-17 3.30246e-19 BessellV
51077.5 5.25985e-17 3.20222e-19 BessellV
51078.5 5.06563e-17 3.10485e-19 BessellV
51079.5 4.87853e-17 3.01028e-19 BessellV
51080.5 4.69828e-17 2.91844e-19 BessellV
51081.5 4.52464e-17 2.82925e-19 BessellV
51082.5 4.35737e-17 2.74265e-19 BessellV
51083.5 4.19624e-17 2.65856e-19 BessellV
51084.5 4.04103e-17 2.57691e-19 BessellV
51085.5 3.89151e-17 2.49765e-19 BessellV
51086.5 3.74749e-17 2.42071e-19 BessellV
51087.5 3.60876e-17 2.34602e-19 BessellV
51088.5 3.47512e-17 2.27352e-19 BessellV
51089.5 3.3464e-17 2.20316e-19 BessellV
51090.5 3.22242e-17 2.13488e-19 BessellV
51091.5 3.10299e-17 2.06861e-19 BessellV
51092.5 2.98797e-17 2.00431e-19 BessellV
51093.5 2.87717e-17 1.94191e-19 BessellV
51094.5 2.77046e-17 1.88137e-19 BessellV
51095.5 2.66768e-17 1.82264e-19 BessellV
51096.5 2.56869e-17 1.76566e-19 BessellV
51097.5 2.47334e-17 1.71039e-19 BessellV
51098.5 2.38151e-17 1.65677e-19 BessellV
51099.5 2.29307e-17 1.60477e-19 BessellV
51100.5 2.20789e-17 1.55433e-19 BessellV
51101.5 2.12586e-17 1.50541e-19 BessellV
51102.5 2.04685e-17 1.45797e-19 BessellV
51103.5 1.97076e-17 1.41197e-19 BessellV
51104.5 1.89749e-17 1.36736e-19 BessellV
51105.5 1.82692e-17 1.3241e-19 BessellV
51106.5 1.75896e-17 1.28217e-19 BessellV
51107.5 1.69351e-17 1.24151e-19 BessellV
51108.5 1.63048e-17 1.20209e-19 BessellV
51109.5 1.56979e-17 1.16388e-19 BessellV
51110.5 1.51134e-17 1.12684e-19 BessellV
51111.5 1.45505e-17 1.09093e-19 BessellV
51112.5 1.40085e-17 1.05613e-19 BessellV
51113.5 1.34865e-17 1.0224e-19 BessellV
51114.5 1.29839e-17 9.89714e-20 BessellV
51115.5 1.24999e-17 9.58035e-20 BessellV
51116.5 1.20339e-17 9.27335e-20 BessellV
51117.5 1.15851e-17 8.97587e-20 BessellV
51118.5 1.1153e-17 8.68762e-20 BessellV
51119.5 1.07369e-17 8.40832e-20 BessellV
51120.5 1.03362e-17 8.13771e-20 BessellV
51121.5 9.95043e-18 7.87554e-20 BessellV
51122.5 9.57897e-18 7.62155e-20 BessellV
51123.5 9.2213e-18 7.3755e-20 BessellV
51124.5 8.87691e-18 7.13714e-20 BessellV
51125.5 8.54532e-18 6.90626e-20 BessellV
51126.5 8.22605e-18 6.68262e-20 BessellV
51127.5 7.91865e-18 6.46601e-20 BessellV
51128.5 7.62268e-18 6.25622e-20 BessellV
51129.5 7.33772e-18 6.05304e-20 BessellV
51130.5 7.06335e-18 5.85626e-20 BessellV
51131.5 6.79919e-18 5.6657e-20 BessellV
51132.5 6.54487e-18 5.48117e-20 BessellV
51133.5 6.30001e-18 5.30249e-20 BessellV
51134.5 6.06427e-18 5.12946e-20 BessellV
51135.5 5.8373e-18 4.96194e-20 BessellV
51136.5 5.61879e-18 4.79973e-20 BessellV
51137.5 5.40843e-18 4.64269e-20 BessellV
51138.5 5.2059e-18 4.49065e-20 BessellV
51139.5 5.01092e-18 4.34347e-20 BessellV
51140.5 4.82321e-18 4.20098e-20 BessellV
51141.5 4.6425e-18 4.06305e-20 BessellV
51142.5 4.46853e-18 3.92953e-20 BessellV
51143.5 4.30105e-18 3.80029e-20 BessellV
51144.5 4.13982e-18 3.6752e-20 BessellV
51145.5 3.98461e-18 3.55413e-20 BessellV
51146.5 3.83519e-18 3.43694e-20 BessellV
51147.5 3.69135e-18 3.32353e-20 BessellV
51148.5 3.55288e-18 3.21378e-20 BessellV
51149.5 3.41959e-18 3.10756e-20 BessellV
51150.5 3.29127e-18 3.00478e-20 BessellV
51151.5 3.16775e-18 2.90531e-20 BessellV
51152.5 3.04885e-18 2.80907e-20 BessellV
51153.5 2.93439e-18 2.71594e-20 BessellV
51154.5 2.82421e-18 2.62583e-20 BessellV
51155.5 2.71815e-18 2.53864e-20 BessellV
51156.5 2.61606e-18 2.45429e-20 BessellV
