56485.9 2.84856e-13 5.4216e-16 BessellU
56486.9 2.63225e-13 4.88557e-16 BessellU
56487.9 2.43232e-13 4.39977e-16 BessellU
56488.9 2.24754e-13 3.95967e-16 BessellU
56489.9 2.07675e-13 3.56115e-16 BessellU
56490.9 1.91891e-13 3.20044e-16 BessellU
56491.9 1.77303e-13 2.8741e-16 BessellU
56492.9 1.63821e-13 2.579e-16 BessellU
56493.9 1.51361e-13 2.31229e-16 BessellU
56494.9 1.39846e-13 2.07136e-16 BessellU
56495.9 1.29205e-13 1.85385e-16 BessellU
56496.9 1.19371e-13 1.65759e-16 BessellU
56497.9 1.10284e-13 1.48061e-16 BessellU
56498.9 1.01886e-13 1.32113e-16 BessellU
56499.9 9.4126e-14 1.17752e-16 BessellU
56500.9 8.69553e-14 1.0483e-16 BessellU
56501.9 8.03293e-14 9.32108e-17 BessellU
56502.9 7.42067e-14 8.2773e-17 BessellU
56503.9 6.85494e-14 7.34049e-17 BessellU
56504.9 6.33222e-14 6.50053e-17 BessellU
56505.9 5.84924e-14 5.74822e-17 BessellU
56506.9 5.40299e-14 5.07524e-17 BessellU
56507.9 4.99068e-14 4.47401e-17 BessellU
56508.9 4.60974e-14 3.9377e-17 BessellU
56509.9 4.2578e-14 3.4601e-17 BessellU
56510.9 3.93264e-14 3.0356e-17 BessellU
56511.9 3.63224e-14 2.65914e-17 BessellU
56512.9 3.35472e-14 2.32616e-17 BessellU
56513.9 3.09833e-14 2.03254e-17 BessellU
56514.9 2.86148e-14 1.77459e-17 BessellU
56515.9 2.64269e-14 1.54899e-17 BessellU
56516.9 2.44057e-14 1.35276e-17 BessellU
56517.9 2.25386e-14 1.18322e-17 BessellU
56518.9 2.08139e-14 1.03794e-17 BessellU
56519.9 1.92208e-14 9.14673e-18 BessellU
56520.9 1.77492e-14 8.11331e-18 BessellU
56521.9 1.639e-14 7.25877e-18 BessellU
56522.9 1.51345e-14 6.56288e-18 BessellU
56523.9 1.39749e-14 6.00507e-18 BessellU
56524.9 1.29038e-14 5.56447e-18 BessellU
56525.9 1.19146e-14 5.22033e-18 BessellU
56526.9 1.1001e-14 4.95278e-18 BessellU
56527.9 1.01572e-14 4.74371e-18 BessellU
56528.9 9.37795e-15 4.57741e-18 BessellU
56529.9 8.65827e-15 4.44094e-18 BessellU
56530.9 7.99365e-15 4.3241e-18 BessellU
56531.9 7.37988e-15 4.21921e-18 BessellU
56532.9 6.81308e-15 4.1207e-18 BessellU
56533.9 6.28968e-15 4.02471e-18 BessellU
56534.9 5.80636e-15 3.92871e-18 BessellU
56535.9 5.36005e-15 3.83113e-18 BessellU
56536.9 4.94794e-15 3.73116e-18 BessellU
56537.9 4.56741e-15 3.62846e-18 BessellU
56538.9 4.21605e-15 3.52307e-18 BessellU
56539.9 3.89163e-15 3.41524e-18 BessellU
56540.9 3.5921e-15 3.30539e-18 BessellU
56541.9 3.31554e-15 3.19398e-18 BessellU
56542.9 3.0602e-15 3.08156e-18 BessellU
56543.9 2.82447e-15 2.96864e-18 BessellU
56544.9 2.60683e-15 2.85575e-18 BessellU
56545.9 2.40591e-15 2.74335e-18 BessellU
56546.9 2.22042e-15 2.63191e-18 BessellU
56547.9 2.04918e-15 2.52182e-18 BessellU
56548.9 1.89111e-15 2.41344e-18 BessellU
56549.9 1.74519e-15 2.30709e-18 BessellU
56550.9 1.61049e-15 2.20303e-18 BessellU
56551.9 1.48615e-15 2.10149e-18 BessellU
56552.9 1.37138e-15 2.00266e-18 BessellU
56553.9 1.26544e-15 1.90669e-18 BessellU
56554.9 1.16766e-15 1.81371e-18 BessellU
56555.9 1.07741e-15 1.72379e-18 BessellU
56556.9 9.9411e-16 1.63701e-18 BessellU
56557.9 9.1723e-16 1.55339e-18 BessellU
56558.9 8.46274e-16 1.47296e-18 BessellU
56559.9 7.80789e-16 1.3957e-18 BessellU
56560.9 7.20354e-16 1.32161e-18 BessellU
56561.9 6.64581e-16 1.25064e-18 BessellU
56562.9 6.13111e-16 1.18274e-18 BessellU
56563.9 5.65614e-16 1.11787e-18 BessellU
56564.9 5.21784e-16 1.05596e-18 BessellU
56565.9 4.81338e-16 9.9693e-19 BessellU
56566.9 4.44017e-16 9.40705e-19 BessellU
56567.9 4.0958e-16 8.87203e-19 BessellU
56568.9 3.77804e-16 8.36337e-19 BessellU
56569.9 3.48485e-16 7.88018e-19 BessellU
56570.9 3.21434e-16 7.42156e-19 BessellU
56571.9 2.96475e-16 6.98659e-19 BessellU
56572.9 2.73447e-16 6.57436e-19 BessellU
56573.9 2.52202e-16 6.18393e-19 BessellU
56574.9 2.32602e-16 5.81442e-19 BessellU
56575.9 2.1452e-16 5.46491e-19 BessellU
56576.9 1.97838e-16 5.13453e-19 BessellU
56577.9 1.82449e-16 4.82242e-19 BessellU
56578.9 1.68253e-16 4.52772e-19 BessellU
56579.9 1.55158e-16 4.24961e-19 BessellU
56580.9 1.43079e-16 3.9873e-19 BessellU
56581.9 1.31936e-16 3.74001e-19 BessellU
56582.9 1.21659e-16 3.50699e-19 BessellU
56583.9 1.12179e-16 3.28752e-19 BessellU
56584.9 1.03435e-16 3.0809e-19 BessellU
56585.9 9.53706e-17 2.88645e-19 BessellU
56586.9 8.79326e-17 2.70355e-19 BessellU
56587.9 8.10727e-17 2.53157e-19 BessellU
56588.9 7.47461e-17 2.36992e-19 BessellU
56589.9 6.89115e-17 2.21804e-19 BessellU
56590.9 6.35308e-17 2.07538e-19 BessellU
56591.9 5.85687e-17 1.94144e-19 BessellU
56592.9 5.39928e-17 1.81572e-19 BessellU
56593.9 4.97732e-17 1.69776e-19 BessellU
56594.9 4.58823e-17 1.58711e-19 BessellU
56595.9 4.22944e-17 1.48335e-19 BessellU
56596.9 3.89861e-17 1.38609e-19 BessellU
56597.9 3.59357e-17 1.29494e-19 BessellU
56598.9 3.31232e-17 1.20953e-19 BessellU
56599.9 3.053e-17 1.12954e-19 BessellU
56600.9 2.81391e-17 1.05464e-19 BessellU
56601.9 2.59348e-17 9.84515e-20 BessellU
56602.9 2.39026e-17 9.18886e-20 BessellU
56603.9 2.20291e-17 8.57478e-20 BessellU
56604.9 2.03019e-17 8.00032e-20 BessellU
56605.9 1.87097e-17 7.46306e-20 BessellU
56606.9 1.72419e-17 6.9607e-20 BessellU
56607.9 1.58889e-17 6.49107e-20 BessellU
56608.9 1.46416e-17 6.05215e-20 BessellU
56609.9 1.3492e-17 5.64201e-20 BessellU
56610.9 1.24323e-17 5.25883e-20 BessellU
56611.9 1.14555e-17 4.90093e-20 BessellU
56612.9 1.05553e-17 4.5667e-20 BessellU
56613.9 9.7255e-18 4.25463e-20 BessellU
56614.9 8.96074e-18 3.96331e-20 BessellU
56615.9 8.25591e-18 3.69141e-20 BessellU
56616.9 7.60633e-18 3.43768e-20 BessellU
56617.9 7.00769e-18 3.20095e-20 BessellU
56618.9 6.456e-18 2.98012e-20 BessellU
56619.9 5.9476e-18 2.77415e-20 BessellU
56620.9 5.4791e-18 2.58208e-20 BessellU
56621.9 5.04737e-18 2.403e-20 BessellU
56622.9 4.64955e-18 2.23605e-20 BessellU
56623.9 4.28298e-18 2.08045e-20 BessellU
56624.9 3.94522e-18 1.93543e-20 BessellU
56625.9 3.634e-18 1.80031e-20 BessellU
56626.9 3.34724e-18 1.67442e-20 BessellU
56627.9 3.08304e-18 1.55715e-20 BessellU
56628.9 2.83963e-18 1.44793e-20 BessellU
56629.9 2.61536e-18 1.34621e-20 BessellU
56630.9 2.40875e-18 1.2515e-20 BessellU
56631.9 2.21841e-18 1.16333e-20 BessellU
56632.9 2.04306e-18 1.08125e-20 BessellU
56633.9 1.88152e-18 1.00485e-20 BessellU
56634.9 1.73272e-18 9.33751e-21 BessellU
56635.9 1.59564e-18 8.67594e-21 BessellU
56636.9 1.46937e-18 8.06041e-21 BessellU
56637.9 1.35306e-18 7.48779e-21 BessellU
56638.9 1.24593e-18 6.95516e-21 BessellU
56639.9 1.14725e-18 6.45977e-21 BessellU
56640.9 1.05637e-18 5.99909e-21 BessellU
56641.9 9.72656e-19 5.57073e-21 BessellU
56642.9 8.95557e-19 5.17246e-21 BessellU
56643.9 8.2455e-19 4.80221e-21 BessellU
56644.9 7.59155e-19 4.45806e-21 BessellU
56645.9 6.98929e-19 4.13819e-21 BessellU
56646.9 6.43466e-19 3.84093e-21 BessellU
56647.9 5.92391e-19 3.5647e-21 BessellU
56648.9 5.45356e-19 3.30805e-21 BessellU
56649.9 5.02044e-19 3.06961e-21 BessellU
56650.9 4.62161e-19 2.84811e-21 BessellU
56651.9 4.25437e-19 2.64237e-21 BessellU
56652.9 3.91621e-19 2.45129e-21 BessellU
56653.9 3.60485e-19 2.27383e-21 BessellU
56654.9 3.31817e-19 2.10905e-21 BessellU
56485.9 7.74947e-15 1.55015e-17 BessellI
56486.9 7.89211e-15 1.51773e-17 BessellI
56487.9 8.03665e-15 1.48417e-17 BessellI
56488.9 8.18305e-15 1.44953e-17 BessellI
56489.9 8.33126e-15 1.41388e-17 BessellI
56490.9 8.48124e-15 1.37727e-17 BessellI
56491.9 8.63293e-15 1.3398e-17 BessellI
56492.9 8.78625e-15 1.30156e-17 BessellI
56493.9 8.94113e-15 1.26269e-17 BessellI
56494.9 9.09748e-15 1.22332e-17 BessellI
56495.9 9.25521e-15 1.18362e-17 BessellI
56496.9 9.41419e-15 1.14377e-17 BessellI
56497.9 9.57433e-15 1.104e-17 BessellI
56498.9 9.73547e-15 1.06456e-17 BessellI
56499.9 9.89747e-15 1.02573e-17 BessellI
56500.9 1.00602e-14 9.87841e-18 BessellI
56501.9 1.02234e-14 9.51248e-18 BessellI
56502.9 1.0387e-14 9.16349e-18 BessellI
56503.9 1.05507e-14 8.83572e-18 BessellI
56504.9 1.07143e-14 8.53373e-18 BessellI
56505.9 1.08776e-14 8.26216e-18 BessellI
56506.9 1.10403e-14 8.02557e-18 BessellI
56507.9 1.12021e-14 7.82817e-18 BessellI
56508.9 1.13628e-14 7.67353e-18 BessellI
56509.9 1.15219e-14 7.56421e-18 BessellI
56510.9 1.16793e-14 7.50151e-18 BessellI
56511.9 1.18344e-14 7.48525e-18 BessellI
56512.9 1.1987e-14 7.51367e-18 BessellI
56513.9 1.21366e-14 7.58355e-18 BessellI
56514.9 1.22829e-14 7.69038e-18 BessellI
56515.9 1.24254e-14 7.82871e-18 BessellI
56516.9 1.25635e-14 7.99245e-18 BessellI
56517.9 1.2697e-14 8.17518e-18 BessellI
56518.9 1.28252e-14 8.37049e-18 BessellI
56519.9 1.29477e-14 8.57214e-18 BessellI
56520.9 1.30639e-14 8.77425e-18 BessellI
56521.9 1.31734e-14 8.97137e-18 BessellI
56522.9 1.32756e-14 9.15862e-18 BessellI
56523.9 1.337e-14 9.33168e-18 BessellI
56524.9 1.3456e-14 9.48683e-18 BessellI
56525.9 1.35332e-14 9.62103e-18 BessellI
56526.9 1.36009e-14 9.73186e-18 BessellI
56527.9 1.36588e-14 9.81762e-18 BessellI
56528.9 1.37063e-14 9.87727e-18 BessellI
56529.9 1.37429e-14 9.91054e-18 BessellI
56530.9 1.37683e-14 9.91786e-18 BessellI
56531.9 1.37819e-14 9.90043e-18 BessellI
56532.9 1.37835e-14 9.86017e-18 BessellI
56533.9 1.37728e-14 9.79973e-18 BessellI
56534.9 1.37494e-14 9.72245e-18 BessellI
56535.9 1.37131e-14 9.6323e-18 BessellI
56536.9 1.36638e-14 9.53376e-18 BessellI
56537.9 1.36014e-14 9.43169e-18 BessellI
56538.9 1.35258e-14 9.33119e-18 BessellI
56539.9 1.34371e-14 9.23733e-18 BessellI
56540.9 1.33353e-14 9.15492e-18 BessellI
56541.9 1.32206e-14 9.08824e-18 BessellI
56542.9 1.30933e-14 9.04078e-18 BessellI
56543.9 1.29536e-14 9.01498e-18 BessellI
56544.9 1.28019e-14 9.01208e-18 BessellI
56545.9 1.26387e-14 9.03203e-18 BessellI
56546.9 1.24644e-14 9.07349e-18 BessellI
56547.9 1.22795e-14 9.13398e-18 BessellI
56548.9 1.20848e-14 9.21005e-18 BessellI
56549.9 1.18807e-14 9.29752e-18 BessellI
56550.9 1.1668e-14 9.39179e-18 BessellI
56551.9 1.14474e-14 9.48805e-18 BessellI
56552.9 1.12196e-14 9.58156e-18 BessellI
56553.9 1.09854e-14 9.66781e-18 BessellI
56554.9 1.07456e-14 9.74271e-18 BessellI
56555.9 1.05009e-14 9.80263e-18 BessellI
56556.9 1.02521e-14 9.84453e-18 BessellI
56557.9 1e-14 9.86593e-18 BessellI
56558.9 9.74537e-15 9.86498e-18 BessellI
56559.9 9.48885e-15 9.84039e-18 BessellI
56560.9 9.23122e-15 9.7914e-18 BessellI
56561.9 8.97314e-15 9.71778e-18 BessellI
56562.9 8.71528e-15 9.61973e-18 BessellI
56563.9 8.45825e-15 9.49787e-18 BessellI
56564.9 8.20264e-15 9.35314e-18 BessellI
56565.9 7.94899e-15 9.18678e-18 BessellI
56566.9 7.6978e-15 9.00025e-18 BessellI
56567.9 7.44954e-15 8.7952e-18 BessellI
56568.9 7.20463e-15 8.57342e-18 BessellI
56569.9 6.96345e-15 8.33677e-18 BessellI
56570.9 6.72635e-15 8.08717e-18 BessellI
56571.9 6.49363e-15 7.82656e-18 BessellI
56572.9 6.26555e-15 7.55687e-18 BessellI
56573.9 6.04234e-15 7.27995e-18 BessellI
56574.9 5.82419e-15 6.99765e-18 BessellI
56575.9 5.61126e-15 6.71168e-18 BessellI
56576.9 5.40368e-15 6.42369e-18 BessellI
56577.9 5.20156e-15 6.13523e-18 BessellI
56578.9 5.00495e-15 5.84771e-18 BessellI
56579.9 4.81391e-15 5.56245e-18 BessellI
56580.9 4.62846e-15 5.28065e-18 BessellI
56581.9 4.4486e-15 5.00339e-18 BessellI
56582.9 4.27433e-15 4.73164e-18 BessellI
56583.9 4.10559e-15 4.46625e-18 BessellI
56584.9 3.94235e-15 4.20798e-18 BessellI
56585.9 3.78453e-15 3.95747e-18 BessellI
56586.9 3.63207e-15 3.71529e-18 BessellI
56587.9 3.48488e-15 3.48191e-18 BessellI
56588.9 3.34286e-15 3.25771e-18 BessellI
56589.9 3.20592e-15 3.04303e-18 BessellI
56590.9 3.07393e-15 2.83811e-18 BessellI
56591.9 2.9468e-15 2.64317e-18 BessellI
56592.9 2.82439e-15 2.45836e-18 BessellI
56593.9 2.70659e-15 2.28379e-18 BessellI
56594.9 2.59327e-15 2.11953e-18 BessellI
56595.9 2.4843e-15 1.96564e-18 BessellI
56596.9 2.37956e-15 1.82214e-18 BessellI
56597.9 2.27892e-15 1.68903e-18 BessellI
56598.9 2.18225e-15 1.56629e-18 BessellI
56599.9 2.08943e-15 1.45388e-18 BessellI
56600.9 2.00032e-15 1.35172e-18 BessellI
56601.9 1.9148e-15 1.25971e-18 BessellI
56602.9 1.83275e-15 1.17769e-18 BessellI
56603.9 1.75405e-15 1.10543e-18 BessellI
56604.9 1.67857e-15 1.04263e-18 BessellI
56605.9 1.60621e-15 9.88872e-19 BessellI
56606.9 1.53684e-15 9.43648e-19 BessellI
56607.9 1.47036e-15 9.0633e-19 BessellI
56608.9 1.40665e-15 8.76194e-19 BessellI
56609.9 1.34562e-15 8.52438e-19 BessellI
56610.9 1.28715e-15 8.34216e-19 BessellI
56611.9 1.23116e-15 8.20669e-19 BessellI
56612.9 1.17753e-15 8.10966e-19 BessellI
56613.9 1.12618e-15 8.04323e-19 BessellI
56614.9 1.07702e-15 8.00032e-19 BessellI
56615.9 1.02996e-15 7.97466e-19 BessellI
56616.9 9.84913e-16 7.96088e-19 BessellI
56617.9 9.41799e-16 7.95446e-19 BessellI
56618.9 9.00538e-16 7.95169e-19 BessellI
56619.9 8.61055e-16 7.94956e-19 BessellI
56620.9 8.23275e-16 7.94573e-19 BessellI
56621.9 7.87129e-16 7.93837e-19 BessellI
56622.9 7.52549e-16 7.92611e-19 BessellI
56623.9 7.19467e-16 7.90797e-19 BessellI
56624.9 6.87823e-16 7.88328e-19 BessellI
56625.9 6.57555e-16 7.85163e-19 BessellI
56626.9 6.28604e-16 7.81279e-19 BessellI
56627.9 6.00916e-16 7.76673e-19 BessellI
56628.9 5.74435e-16 7.71352e-19 BessellI
56629.9 5.49112e-16 7.65333e-19 BessellI
56630.9 5.24896e-16 7.58644e-19 BessellI
56631.9 5.01739e-16 7.51314e-19 BessellI
56632.9 4.79597e-16 7.4338e-19 BessellI
56633.9 4.58426e-16 7.3488e-19 BessellI
56634.9 4.38183e-16 7.25853e-19 BessellI
56635.9 4.18829e-16 7.16342e-19 BessellI
56636.9 4.00325e-16 7.06387e-19 BessellI
56637.9 3.82634e-16 6.9603e-19 BessellI
56638.9 3.65721e-16 6.85312e-19 BessellI
56639.9 3.49553e-16 6.74272e-19 BessellI
56640.9 3.34096e-16 6.62949e-19 BessellI
56641.9 3.1932e-16 6.51379e-19 BessellI
56642.9 3.05195e-16 6.39599e-19 BessellI
56643.9 2.91693e-16 6.27643e-19 BessellI
56644.9 2.78786e-16 6.15542e-19 BessellI
56645.9 2.66448e-16 6.03327e-19 BessellI
56646.9 2.54655e-16 5.91026e-19 BessellI
56647.9 2.43382e-16 5.78668e-19 BessellI
56648.9 2.32608e-16 5.66277e-19 BessellI
56649.9 2.22309e-16 5.53876e-19 BessellI
56650.9 2.12465e-16 5.41489e-19 BessellI
56651.9 2.03056e-16 5.29135e-19 BessellI
56652.9 1.94063e-16 5.16833e-19 BessellI
56653.9 1.85467e-16 5.04601e-19 BessellI
56654.9 1.77252e-16 4.92454e-19 BessellI
56655.9 1.694e-16 4.80408e-19 BessellI
56656.9 1.61895e-16 4.68476e-19 BessellI
56657.9 1.54722e-16 4.56669e-19 BessellI
56483.3 2.22343e-19 6.85397e-21 BessellB
56484.3 4.58377e-19 1.3296e-20 BessellB
56485.3 9.44982e-19 2.56929e-20 BessellB
56486.3 1.94816e-18 4.94296e-20 BessellB
56487.3 4.01626e-18 9.46157e-20 BessellB
56488.3 8.27967e-18 1.8005e-19 BessellB
56489.3 1.70682e-17 3.40279e-19 BessellB
56490.3 3.51823e-17 6.37846e-19 BessellB
56491.3 7.25067e-17 1.18375e-18 BessellB
56492.3 1.49367e-16 2.16957e-18 BessellB
56493.3 3.07428e-16 3.91244e-18 BessellB
56494.3 6.31545e-16 6.90179e-18 BessellB
56495.3 1.29209e-15 1.17975e-17 BessellB
56496.3 2.62079e-15 1.92289e-17 BessellB
56497.3 5.22151e-15 2.90975e-17 BessellB
56498.3 1.00384e-14 3.93655e-17 BessellB
56499.3 1.80701e-14 4.68005e-17 BessellB
56500.3 2.92626e-14 5.37405e-17 BessellB
56501.3 4.12711e-14 6.22185e-17 BessellB
56502.3 5.06461e-14 6.03451e-17 BessellB
56503.3 5.57974e-14 4.7379e-17 BessellB
56504.3 5.74517e-14 3.43938e-17 BessellB
56505.3 5.70125e-14 2.73332e-17 BessellB
56506.3 5.55358e-14 2.47296e-17 BessellB
56507.3 5.36145e-14 2.36407e-17 BessellB
56508.3 5.15406e-14 2.27479e-17 BessellB
56509.3 4.94486e-14 2.17713e-17 BessellB
56510.3 4.73975e-14 2.07247e-17 BessellB
56511.3 4.54119e-14 1.96599e-17 BessellB
56512.3 4.35007e-14 1.8613e-17 BessellB
56513.3 4.16661e-14 1.76037e-17 BessellB
56514.3 3.99071e-14 1.66404e-17 BessellB
56515.3 3.82216e-14 1.5726e-17 BessellB
56516.3 3.6607e-14 1.48605e-17 BessellB
56517.3 3.50604e-14 1.40426e-17 BessellB
56518.3 3.35791e-14 1.32703e-17 BessellB
56519.3 3.21603e-14 1.25415e-17 BessellB
56520.3 3.08015e-14 1.1854e-17 BessellB
56521.3 2.95001e-14 1.12056e-17 BessellB
56522.3 2.82537e-14 1.05943e-17 BessellB
56523.3 2.70599e-14 1.0018e-17 BessellB
56524.3 2.59165e-14 9.47501e-18 BessellB
56525.3 2.48215e-14 8.9634e-18 BessellB
56526.3 2.37728e-14 8.48151e-18 BessellB
56527.3 2.27683e-14 8.0277e-18 BessellB
56528.3 2.18063e-14 7.60045e-18 BessellB
56529.3 2.0885e-14 7.19828e-18 BessellB
56530.3 2.00025e-14 6.81982e-18 BessellB
56531.3 1.91574e-14 6.46374e-18 BessellB
56532.3 1.83479e-14 6.12878e-18 BessellB
56533.3 1.75727e-14 5.81376e-18 BessellB
56534.3 1.68302e-14 5.51754e-18 BessellB
56535.3 1.61191e-14 5.23905e-18 BessellB
56536.3 1.54381e-14 4.97726e-18 BessellB
56537.3 1.47858e-14 4.73121e-18 BessellB
56538.3 1.4161e-14 4.49997e-18 BessellB
56539.3 1.35627e-14 4.28267e-18 BessellB
56540.3 1.29897e-14 4.07847e-18 BessellB
56541.3 1.24408e-14 3.88658e-18 BessellB
56542.3 1.19152e-14 3.70625e-18 BessellB
56543.3 1.14117e-14 3.53677e-18 BessellB
56544.3 1.09296e-14 3.37746e-18 BessellB
56545.3 1.04678e-14 3.22769e-18 BessellB
56546.3 1.00255e-14 3.08684e-18 BessellB
56547.3 9.60189e-15 2.95434e-18 BessellB
56548.3 9.19619e-15 2.82965e-18 BessellB
56549.3 8.80763e-15 2.71225e-18 BessellB
56550.3 8.43549e-15 2.60167e-18 BessellB
56551.3 8.07907e-15 2.49744e-18 BessellB
56552.3 7.73772e-15 2.39913e-18 BessellB
56553.3 7.41078e-15 2.30634e-18 BessellB
56554.3 7.09766e-15 2.21869e-18 BessellB
56555.3 6.79777e-15 2.13583e-18 BessellB
56556.3 6.51055e-15 2.05742e-18 BessellB
56557.3 6.23547e-15 1.98315e-18 BessellB
56558.3 5.97201e-15 1.91273e-18 BessellB
56559.3 5.71968e-15 1.8459e-18 BessellB
56560.3 5.47801e-15 1.78239e-18 BessellB
56561.3 5.24656e-15 1.72197e-18 BessellB
56562.3 5.02488e-15 1.66444e-18 BessellB
56563.3 4.81257e-15 1.60958e-18 BessellB
56564.3 4.60923e-15 1.55722e-18 BessellB
56565.3 4.41448e-15 1.50717e-18 BessellB
56566.3 4.22796e-15 1.45929e-18 BessellB
56567.3 4.04932e-15 1.41343e-18 BessellB
56568.3 3.87823e-15 1.36945e-18 BessellB
56569.3 3.71437e-15 1.32723e-18 BessellB
56570.3 3.55743e-15 1.28666e-18 BessellB
56571.3 3.40712e-15 1.24763e-18 BessellB
56572.3 3.26316e-15 1.21005e-18 BessellB
56573.3 3.12529e-15 1.17383e-18 BessellB
56574.3 2.99324e-15 1.13889e-18 BessellB
56575.3 2.86677e-15 1.10515e-18 BessellB
56576.3 2.74564e-15 1.07256e-18 BessellB
56577.3 2.62963e-15 1.04104e-18 BessellB
56578.3 2.51852e-15 1.01055e-18 BessellB
56579.3 2.41211e-15 9.81022e-19 BessellB
56580.3 2.31019e-15 9.52419e-19 BessellB
56581.3 2.21258e-15 9.24694e-19 BessellB
56582.3 2.1191e-15 8.97806e-19 BessellB
56583.3 2.02956e-15 8.7172e-19 BessellB
56584.3 1.94381e-15 8.464e-19 BessellB
56585.3 1.86168e-15 8.21814e-19 BessellB
56586.3 1.78302e-15 7.97935e-19 BessellB
56587.3 1.70768e-15 7.74735e-19 BessellB
56588.3 1.63553e-15 7.52188e-19 BessellB
56589.3 1.56643e-15 7.30272e-19 BessellB
56590.3 1.50024e-15 7.08965e-19 BessellB
56591.3 1.43685e-15 6.88246e-19 BessellB
56592.3 1.37614e-15 6.68096e-19 BessellB
56593.3 1.318e-15 6.48498e-19 BessellB
56594.3 1.26231e-15 6.29434e-19 BessellB
56595.3 1.20898e-15 6.1089e-19 BessellB
56596.3 1.15789e-15 5.92849e-19 BessellB
56597.3 1.10897e-15 5.75297e-19 BessellB
56598.3 1.06212e-15 5.58222e-19 BessellB
56599.3 1.01724e-15 5.41609e-19 BessellB
56600.3 9.74258e-16 5.25448e-19 BessellB
56601.3 9.33094e-16 5.09725e-19 BessellB
56602.3 8.93669e-16 4.94429e-19 BessellB
56603.3 8.5591e-16 4.7955e-19 BessellB
56604.3 8.19746e-16 4.65077e-19 BessellB
56605.3 7.8511e-16 4.51e-19 BessellB
56606.3 7.51938e-16 4.37309e-19 BessellB
56607.3 7.20167e-16 4.23994e-19 BessellB
56608.3 6.89738e-16 4.11047e-19 BessellB
56609.3 6.60596e-16 3.98457e-19 BessellB
56610.3 6.32684e-16 3.86217e-19 BessellB
56611.3 6.05952e-16 3.74318e-19 BessellB
56612.3 5.80349e-16 3.62752e-19 BessellB
56613.3 5.55828e-16 3.5151e-19 BessellB
56614.3 5.32344e-16 3.40584e-19 BessellB
56615.3 5.09851e-16 3.29967e-19 BessellB
56616.3 4.88309e-16 3.19652e-19 BessellB
56617.3 4.67677e-16 3.09631e-19 BessellB
56618.3 4.47917e-16 2.99896e-19 BessellB
56619.3 4.28991e-16 2.9044e-19 BessellB
56620.3 4.10866e-16 2.81257e-19 BessellB
56621.3 3.93506e-16 2.7234e-19 BessellB
56622.3 3.76879e-16 2.63682e-19 BessellB
56623.3 3.60955e-16 2.55276e-19 BessellB
56624.3 3.45704e-16 2.47117e-19 BessellB
56625.3 3.31098e-16 2.39197e-19 BessellB
56626.3 3.17108e-16 2.31511e-19 BessellB
56627.3 3.0371e-16 2.24053e-19 BessellB
56628.3 2.90877e-16 2.16817e-19 BessellB
56629.3 2.78587e-16 2.09797e-19 BessellB
56630.3 2.66816e-16 2.02987e-19 BessellB
56631.3 2.55543e-16 1.96382e-19 BessellB
56632.3 2.44746e-16 1.89976e-19 BessellB
56633.3 2.34405e-16 1.83764e-19 BessellB
56634.3 2.24501e-16 1.77742e-19 BessellB
56635.3 2.15015e-16 1.71903e-19 BessellB
56636.3 2.0593e-16 1.66243e-19 BessellB
56637.3 1.97229e-16 1.60756e-19 BessellB
56638.3 1.88896e-16 1.55439e-19 BessellB
56639.3 1.80915e-16 1.50287e-19 BessellB
56640.3 1.73271e-16 1.45294e-19 BessellB
56641.3 1.6595e-16 1.40457e-19 BessellB
56642.3 1.58938e-16 1.35771e-19 BessellB
56643.3 1.52223e-16 1.31232e-19 BessellB
56644.3 1.45791e-16 1.26836e-19 BessellB
56645.3 1.39631e-16 1.22578e-19 BessellB
56646.3 1.33731e-16 1.18455e-19 BessellB
56647.3 1.28081e-16 1.14463e-19 BessellB
56648.3 1.22669e-16 1.10598e-19 BessellB
56649.3 1.17486e-16 1.06856e-19 BessellB
56650.3 1.12522e-16 1.03234e-19 BessellB
56651.3 1.07768e-16 9.97284e-20 BessellB
56652.3 1.03214e-16 9.63354e-20 BessellB
56653.3 9.88535e-17 9.3052e-20 BessellB
56654.3 9.46767e-17 8.98748e-20 BessellB
56655.3 9.06765e-17 8.68007e-20 BessellB
56656.3 8.68452e-17 8.38265e-20 BessellB
56657.3 8.31758e-17 8.09494e-20 BessellB
56658.3 7.96615e-17 7.81663e-20 BessellB
56659.3 7.62956e-17 7.54744e-20 BessellB
56660.3 7.3072e-17 7.2871e-20 BessellB
56661.3 6.99846e-17 7.03533e-20 BessellB
56662.3 6.70276e-17 6.79187e-20 BessellB
56663.3 6.41955e-17 6.55647e-20 BessellB
56664.3 6.14831e-17 6.32887e-20 BessellB
56665.3 5.88854e-17 6.10884e-20 BessellB
56666.3 5.63973e-17 5.89613e-20 BessellB
56667.3 5.40144e-17 5.69053e-20 BessellB
56668.3 5.17322e-17 5.49181e-20 BessellB
56669.3 4.95464e-17 5.29974e-20 BessellB
56670.3 4.7453e-17 5.11413e-20 BessellB
56671.3 4.5448e-17 4.93477e-20 BessellB
56672.3 4.35278e-17 4.76145e-20 BessellB
56673.3 4.16886e-17 4.594e-20 BessellB
56674.3 3.99272e-17 4.43221e-20 BessellB
56675.3 3.82402e-17 4.27592e-20 BessellB
56676.3 3.66245e-17 4.12493e-20 BessellB
56677.3 3.5077e-17 3.97909e-20 BessellB
56678.3 3.35949e-17 3.83822e-20 BessellB
56679.3 3.21755e-17 3.70217e-20 BessellB
56680.3 3.0816e-17 3.57078e-20 BessellB
56681.3 2.9514e-17 3.44389e-20 BessellB
56682.3 2.8267e-17 3.32137e-20 BessellB
56683.3 2.70726e-17 3.20306e-20 BessellB
56684.3 2.59288e-17 3.08882e-20 BessellB
56685.3 2.48332e-17 2.97854e-20 BessellB
56686.3 2.3784e-17 2.87207e-20 BessellB
56687.3 2.2779e-17 2.76928e-20 BessellB
56688.3 2.18166e-17 2.67007e-20 BessellB
56689.3 2.08948e-17 2.5743e-20 BessellB
56690.3 2.00119e-17 2.48186e-20 BessellB
56691.3 1.91664e-17 2.39265e-20 BessellB
56692.3 1.83566e-17 2.30655e-20 BessellB
56693.3 1.7581e-17 2.22346e-20 BessellB
56694.3 1.68382e-17 2.14328e-20 BessellB
56695.3 1.61267e-17 2.06592e-20 BessellB
56696.3 1.54453e-17 1.99127e-20 BessellB
56697.3 1.47927e-17 1.91924e-20 BessellB
56698.3 1.41677e-17 1.84975e-20 BessellB
56699.3 1.35691e-17 1.78271e-20 BessellB
56700.3 1.29958e-17 1.71803e-20 BessellB
56701.3 1.24467e-17 1.65565e-20 BessellB
56702.3 1.19208e-17 1.59547e-20 BessellB
56703.3 1.14171e-17 1.53742e-20 BessellB
56704.3 1.09347e-17 1.48144e-20 BessellB
56705.3 1.04727e-17 1.42744e-20 BessellB
56706.3 1.00302e-17 1.37536e-20 BessellB
56707.3 9.60641e-18 1.32514e-20 BessellB
56708.3 9.20052e-18 1.27671e-20 BessellB
56709.3 8.81178e-18 1.23001e-20 BessellB
56710.3 8.43947e-18 1.18498e-20 BessellB
56711.3 8.08288e-18 1.14156e-20 BessellB
56712.3 7.74136e-18 1.09969e-20 BessellB
56713.3 7.41428e-18 1.05933e-20 BessellB
56714.3 7.10101e-18 1.02042e-20 BessellB
56715.3 6.80098e-18 9.829e-21 BessellB
56716.3 6.51362e-18 9.46735e-21 BessellB
56717.3 6.23841e-18 9.11872e-21 BessellB
56718.3 5.97483e-18 8.78267e-21 BessellB
56719.3 5.72238e-18 8.45875e-21 BessellB
56720.3 5.4806e-18 8.14653e-21 BessellB
56721.3 5.24903e-18 7.8456e-21 BessellB
56722.3 5.02725e-18 7.55558e-21 BessellB
56723.3 4.81484e-18 7.27606e-21 BessellB
56724.3 4.6114e-18 7.00669e-21 BessellB
56725.3 4.41656e-18 6.74709e-21 BessellB
56726.3 4.22995e-18 6.49694e-21 BessellB
56727.3 4.05123e-18 6.25588e-21 BessellB
56728.3 3.88006e-18 6.0236e-21 BessellB
56729.3 3.71612e-18 5.79979e-21 BessellB
56730.3 3.5591e-18 5.58415e-21 BessellB
56731.3 3.40872e-18 5.37638e-21 BessellB
56732.3 3.2647e-18 5.1762e-21 BessellB
56733.3 3.12676e-18 4.98335e-21 BessellB
56734.3 2.99465e-18 4.79756e-21 BessellB
56735.3 2.86812e-18 4.61858e-21 BessellB
56736.3 2.74693e-18 4.44616e-21 BessellB
56737.3 2.63087e-18 4.28007e-21 BessellB
56738.3 2.51971e-18 4.12008e-21 BessellB
56739.3 2.41325e-18 3.96598e-21 BessellB
56740.3 2.31128e-18 3.81754e-21 BessellB
56741.3 2.21363e-18 3.67457e-21 BessellB
56742.3 2.1201e-18 3.53687e-21 BessellB
56743.3 2.03052e-18 3.40425e-21 BessellB
56744.3 1.94473e-18 3.27653e-21 BessellB
56745.3 1.86256e-18 3.15352e-21 BessellB
56746.3 1.78386e-18 3.03506e-21 BessellB
56747.3 1.70849e-18 2.92099e-21 BessellB
56748.3 1.6363e-18 2.81114e-21 BessellB
56749.3 1.56717e-18 2.70536e-21 BessellB
56750.3 1.50095e-18 2.6035e-21 BessellB
56751.3 1.43753e-18 2.50542e-21 BessellB
56752.3 1.37679e-18 2.41098e-21 BessellB
56753.3 1.31862e-18 2.32005e-21 BessellB
56754.3 1.26291e-18 2.2325e-21 BessellB
56755.3 1.20955e-18 2.14822e-21 BessellB
56756.3 1.15844e-18 2.06707e-21 BessellB
56757.3 1.10949e-18 1.98894e-21 BessellB
56758.3 1.06262e-18 1.91372e-21 BessellB
56759.3 1.01772e-18 1.84132e-21 BessellB
56760.3 9.74718e-19 1.77161e-21 BessellB
56761.3 9.33534e-19 1.70451e-21 BessellB
56762.3 8.94091e-19 1.63992e-21 BessellB
56763.3 8.56314e-19 1.57775e-21 BessellB
56764.3 8.20133e-19 1.5179e-21 BessellB
56765.3 7.85481e-19 1.46029e-21 BessellB
56766.3 7.52293e-19 1.40485e-21 BessellB
56767.3 7.20507e-19 1.35148e-21 BessellB
56768.3 6.90064e-19 1.30011e-21 BessellB
56769.3 6.60907e-19 1.25067e-21 BessellB
56770.3 6.32983e-19 1.20309e-21 BessellB
56771.3 6.06238e-19 1.1573e-21 BessellB
56772.3 5.80623e-19 1.11323e-21 BessellB
56773.3 5.56091e-19 1.07082e-21 BessellB
56774.3 5.32595e-19 1.03001e-21 BessellB
56775.3 5.10092e-19 9.90735e-22 BessellB
56776.3 4.88539e-19 9.5294e-22 BessellB
56777.3 4.67898e-19 9.16571e-22 BessellB
56778.3 4.48128e-19 8.81574e-22 BessellB
56779.3 4.29194e-19 8.47898e-22 BessellB
56780.3 4.1106e-19 8.15495e-22 BessellB
56781.3 3.93691e-19 7.84316e-22 BessellB
56782.3 3.77057e-19 7.54317e-22 BessellB
56783.3 3.61126e-19 7.25453e-22 BessellB
56784.3 3.45868e-19 6.97682e-22 BessellB
56785.3 3.31254e-19 6.70962e-22 BessellB
56786.3 3.17258e-19 6.45256e-22 BessellB
56787.3 3.03853e-19 6.20524e-22 BessellB
56788.3 2.91015e-19 5.9673e-22 BessellB
56789.3 2.78719e-19 5.73839e-22 BessellB
56790.3 2.66942e-19 5.51818e-22 BessellB
56791.3 2.55664e-19 5.30633e-22 BessellB
56792.3 2.44861e-19 5.10254e-22 BessellB
56793.3 2.34515e-19 4.90649e-22 BessellB
56794.3 2.24607e-19 4.71791e-22 BessellB
56795.3 2.15117e-19 4.5365e-22 BessellB
56796.3 2.06028e-19 4.362e-22 BessellB
56797.3 1.97322e-19 4.19415e-22 BessellB
56798.3 1.88985e-19 4.0327e-22 BessellB
56799.3 1.81e-19 3.87741e-22 BessellB
56800.3 1.73353e-19 3.72804e-22 BessellB
56801.3 1.66028e-19 3.58437e-22 BessellB
56802.3 1.59013e-19 3.44619e-22 BessellB
56803.3 1.52295e-19 3.31328e-22 BessellB
56804.3 1.4586e-19 3.18546e-22 BessellB
56805.3 1.39697e-19 3.06253e-22 BessellB
56806.3 1.33794e-19 2.94429e-22 BessellB
56807.3 1.28141e-19 2.83058e-22 BessellB
56808.3 1.22727e-19 2.72123e-22 BessellB
56809.3 1.17542e-19 2.61606e-22 BessellB
56810.3 1.12575e-19 2.51492e-22 BessellB
56811.3 1.07819e-19 2.41766e-22 BessellB
56812.3 1.03263e-19 2.32413e-22 BessellB
56813.3 9.89002e-20 2.23419e-22 BessellB
56814.3 9.47215e-20 2.1477e-22 BessellB
56815.3 9.07193e-20 2.06453e-22 BessellB
56816.3 8.68862e-20 1.98456e-22 BessellB
56817.3 8.32151e-20 1.90765e-22 BessellB
56818.3 7.96991e-20 1.83371e-22 BessellB
56819.3 7.63317e-20 1.7626e-22 BessellB
56820.3 7.31065e-20 1.69424e-22 BessellB
56821.3 7.00176e-20 1.6285e-22 BessellB
56822.3 6.70592e-20 1.5653e-22 BessellB
56823.3 6.42259e-20 1.50452e-22 BessellB
56824.3 6.15122e-20 1.44609e-22 BessellB
56825.3 5.89132e-20 1.38992e-22 BessellB
56826.3 5.6424e-20 1.3359e-22 BessellB
56827.3 5.404e-20 1.28398e-22 BessellB
56828.3 5.17567e-20 1.23405e-22 BessellB
56829.3 4.95699e-20 1.18605e-22 BessellB
56830.3 4.74754e-20 1.13991e-22 BessellB
56831.3 4.54695e-20 1.09554e-22 BessellB
56832.3 4.35483e-20 1.0529e-22 BessellB
56833.3 4.17083e-20 1.01189e-22 BessellB
56834.3 3.99461e-20 9.7248e-23 BessellB
56835.3 3.82583e-20 9.34589e-23 BessellB
56836.3 3.66418e-20 8.98164e-23 BessellB
56837.3 3.50936e-20 8.63149e-23 BessellB
56838.3 3.36108e-20 8.2949e-23 BessellB
56839.3 3.21907e-20 7.97134e-23 BessellB
56840.3 3.08306e-20 7.66032e-23 BessellB
56841.3 2.95279e-20 7.36135e-23 BessellB
56842.3 2.82803e-20 7.07397e-23 BessellB
56843.3 2.70854e-20 6.79773e-23 BessellB
56844.3 2.5941e-20 6.53221e-23 BessellB
56845.3 2.4845e-20 6.277e-23 BessellB
56846.3 2.37952e-20 6.03169e-23 BessellB
56847.3 2.27898e-20 5.7959e-23 BessellB
56848.3 2.18269e-20 5.56927e-23 BessellB
56849.3 2.09047e-20 5.35145e-23 BessellB
56850.3 2.00214e-20 5.14209e-23 BessellB
56851.3 1.91755e-20 4.94087e-23 BessellB
56852.3 1.83653e-20 4.74748e-23 BessellB
56853.3 1.75893e-20 4.5616e-23 BessellB
56854.3 1.68461e-20 4.38297e-23 BessellB
56855.3 1.61343e-20 4.21128e-23 BessellB
56856.3 1.54526e-20 4.04628e-23 BessellB
56857.3 1.47997e-20 3.8877e-23 BessellB
56858.3 1.41744e-20 3.7353e-23 BessellB
56859.3 1.35755e-20 3.58884e-23 BessellB
56860.3 1.30019e-20 3.44809e-23 BessellB
56861.3 1.24526e-20 3.31282e-23 BessellB
56862.3 1.19264e-20 3.18283e-23 BessellB
56863.3 1.14225e-20 3.05791e-23 BessellB
56864.3 1.09399e-20 2.93787e-23 BessellB
56865.3 1.04777e-20 2.82251e-23 BessellB
56866.3 1.0035e-20 2.71166e-23 BessellB
56867.3 9.61095e-21 2.60513e-23 BessellB
56868.3 9.20487e-21 2.50277e-23 BessellB
56869.3 8.81595e-21 2.4044e-23 BessellB
56870.3 8.44346e-21 2.30988e-23 BessellB
56871.3 8.08671e-21 2.21906e-23 BessellB
56872.3 7.74503e-21 2.13178e-23 BessellB
56873.3 7.41778e-21 2.04792e-23 BessellB
56874.3 7.10437e-21 1.96734e-23 BessellB
56875.3 6.8042e-21 1.88992e-23 BessellB
56876.3 6.51671e-21 1.81552e-23 BessellB
56877.3 6.24136e-21 1.74404e-23 BessellB
56878.3 5.97765e-21 1.67536e-23 BessellB
56879.3 5.72508e-21 1.60937e-23 BessellB
56880.3 5.48319e-21 1.54596e-23 BessellB
56881.3 5.25151e-21 1.48504e-23 BessellB
56882.3 5.02963e-21 1.42651e-23 BessellB
56883.3 4.81712e-21 1.37027e-23 BessellB
56884.3 4.61358e-21 1.31624e-23 BessellB
56885.3 4.41865e-21 1.26433e-23 BessellB
56886.3 4.23195e-21 1.21446e-23 BessellB
56887.3 4.05315e-21 1.16654e-23 BessellB
56888.3 3.88189e-21 1.1205e-23 BessellB
56889.3 3.71788e-21 1.07628e-23 BessellB
56890.3 3.56079e-21 1.03378e-23 BessellB
56891.3 3.41034e-21 9.92963e-24 BessellB
56892.3 3.26624e-21 9.53746e-24 BessellB
56893.3 3.12824e-21 9.1607e-24 BessellB
56894.3 2.99607e-21 8.79875e-24 BessellB
56895.3 2.86948e-21 8.45104e-24 BessellB
56896.3 2.74823e-21 8.117e-24 BessellB
56897.3 2.63212e-21 7.7961e-24 BessellB
56898.3 2.5209e-21 7.48783e-24 BessellB
56899.3 2.41439e-21 7.1917e-24 BessellB
56900.3 2.31238e-21 6.90722e-24 BessellB
56901.3 2.21468e-21 6.63394e-24 BessellB
56902.3 2.1211e-21 6.37142e-24 BessellB
56903.3 2.03148e-21 6.11925e-24 BessellB
56904.3 1.94565e-21 5.87701e-24 BessellB
56905.3 1.86344e-21 5.64432e-24 BessellB
56483.3 8.39142e-17 7.04046e-19 BessellR
56484.3 1.0902e-16 8.57235e-19 BessellR
56485.3 1.41623e-16 1.03902e-18 BessellR
56486.3 1.8395e-16 1.25278e-18 BessellR
56487.3 2.38882e-16 1.50141e-18 BessellR
56488.3 3.10142e-16 1.78667e-18 BessellR
56489.3 4.02524e-16 2.10838e-18 BessellR
56490.3 5.2219e-16 2.46324e-18 BessellR
56491.3 6.77028e-16 2.84318e-18 BessellR
56492.3 8.7708e-16 3.23353e-18 BessellR
56493.3 1.13504e-15 3.61104e-18 BessellR
56494.3 1.46681e-15 3.94294e-18 BessellR
56495.3 1.89203e-15 4.18987e-18 BessellR
56496.3 2.43453e-15 4.32046e-18 BessellR
56497.3 3.12249e-15 4.35808e-18 BessellR
56498.3 3.98805e-15 4.49833e-18 BessellR
56499.3 5.06591e-15 5.25472e-18 BessellR
56500.3 6.39048e-15 7.25069e-18 BessellR
56501.3 7.99095e-15 1.07354e-17 BessellR
56502.3 9.88423e-15 1.56179e-17 BessellR
56503.3 1.2066e-14 2.16171e-17 BessellR
56504.3 1.45021e-14 2.82312e-17 BessellR
56505.3 1.71224e-14 3.47151e-17 BessellR
56506.3 1.98223e-14 4.01668e-17 BessellR
56507.3 2.24734e-14 4.37277e-17 BessellR
56508.3 2.49421e-14 4.48281e-17 BessellR
56509.3 2.71117e-14 4.33652e-17 BessellR
56510.3 2.89002e-14 3.97274e-17 BessellR
56511.3 3.02688e-14 3.46653e-17 BessellR
56512.3 3.12196e-14 2.90905e-17 BessellR
56513.3 3.17856e-14 2.38943e-17 BessellR
56514.3 3.20184e-14 1.98162e-17 BessellR
56515.3 3.19768e-14 1.72985e-17 BessellR
56516.3 3.17186e-14 1.63062e-17 BessellR
56517.3 3.12957e-14 1.63604e-17 BessellR
56518.3 3.07518e-14 1.6886e-17 BessellR
56519.3 3.01224e-14 1.74847e-17 BessellR
56520.3 2.94353e-14 1.79587e-17 BessellR
56521.3 2.87116e-14 1.82386e-17 BessellR
56522.3 2.79674e-14 1.83201e-17 BessellR
56523.3 2.72144e-14 1.82266e-17 BessellR
56524.3 2.64611e-14 1.79905e-17 BessellR
56525.3 2.57138e-14 1.76442e-17 BessellR
56526.3 2.49766e-14 1.72165e-17 BessellR
56527.3 2.42527e-14 1.67314e-17 BessellR
56528.3 2.3544e-14 1.62082e-17 BessellR
56529.3 2.28519e-14 1.56619e-17 BessellR
56530.3 2.21771e-14 1.51041e-17 BessellR
56531.3 2.15201e-14 1.45435e-17 BessellR
56532.3 2.08809e-14 1.39865e-17 BessellR
56533.3 2.02596e-14 1.34379e-17 BessellR
56534.3 1.96559e-14 1.29009e-17 BessellR
56535.3 1.90696e-14 1.2378e-17 BessellR
56536.3 1.85003e-14 1.18707e-17 BessellR
56537.3 1.79477e-14 1.13799e-17 BessellR
56538.3 1.74114e-14 1.09062e-17 BessellR
56539.3 1.6891e-14 1.04499e-17 BessellR
56540.3 1.6386e-14 1.00108e-17 BessellR
56541.3 1.5896e-14 9.58892e-18 BessellR
56542.3 1.54206e-14 9.18389e-18 BessellR
56543.3 1.49594e-14 8.79535e-18 BessellR
56544.3 1.45119e-14 8.42287e-18 BessellR
56545.3 1.40778e-14 8.06599e-18 BessellR
56546.3 1.36567e-14 7.72422e-18 BessellR
56547.3 1.32481e-14 7.39707e-18 BessellR
56548.3 1.28518e-14 7.08404e-18 BessellR
56549.3 1.24673e-14 6.78463e-18 BessellR
56550.3 1.20943e-14 6.49834e-18 BessellR
56551.3 1.17325e-14 6.2247e-18 BessellR
56552.3 1.13815e-14 5.96323e-18 BessellR
56553.3 1.10409e-14 5.71348e-18 BessellR
56554.3 1.07106e-14 5.47499e-18 BessellR
56555.3 1.03902e-14 5.24734e-18 BessellR
56556.3 1.00793e-14 5.0301e-18 BessellR
56557.3 9.77775e-15 4.82288e-18 BessellR
56558.3 9.48522e-15 4.62526e-18 BessellR
56559.3 9.20143e-15 4.43689e-18 BessellR
56560.3 8.92614e-15 4.25737e-18 BessellR
56561.3 8.65908e-15 4.08637e-18 BessellR
56562.3 8.40001e-15 3.92352e-18 BessellR
56563.3 8.1487e-15 3.76851e-18 BessellR
56564.3 7.9049e-15 3.621e-18 BessellR
56565.3 7.6684e-15 3.48069e-18 BessellR
56566.3 7.43897e-15 3.34726e-18 BessellR
56567.3 7.2164e-15 3.22044e-18 BessellR
56568.3 7.0005e-15 3.09992e-18 BessellR
56569.3 6.79105e-15 2.98543e-18 BessellR
56570.3 6.58787e-15 2.87672e-18 BessellR
56571.3 6.39077e-15 2.77351e-18 BessellR
56572.3 6.19957e-15 2.67555e-18 BessellR
56573.3 6.01409e-15 2.58261e-18 BessellR
56574.3 5.83415e-15 2.49444e-18 BessellR
56575.3 5.6596e-15 2.41081e-18 BessellR
56576.3 5.49028e-15 2.33151e-18 BessellR
56577.3 5.32601e-15 2.25631e-18 BessellR
56578.3 5.16667e-15 2.185e-18 BessellR
56579.3 5.01209e-15 2.11739e-18 BessellR
56580.3 4.86213e-15 2.05327e-18 BessellR
56581.3 4.71666e-15 1.99246e-18 BessellR
56582.3 4.57555e-15 1.93478e-18 BessellR
56583.3 4.43865e-15 1.88004e-18 BessellR
56584.3 4.30586e-15 1.82808e-18 BessellR
56585.3 4.17703e-15 1.77874e-18 BessellR
56586.3 4.05206e-15 1.73186e-18 BessellR
56587.3 3.93083e-15 1.6873e-18 BessellR
56588.3 3.81322e-15 1.6449e-18 BessellR
56589.3 3.69914e-15 1.60453e-18 BessellR
56590.3 3.58846e-15 1.56606e-18 BessellR
56591.3 3.4811e-15 1.52938e-18 BessellR
56592.3 3.37695e-15 1.49435e-18 BessellR
56593.3 3.27592e-15 1.46088e-18 BessellR
56594.3 3.17791e-15 1.42885e-18 BessellR
56595.3 3.08283e-15 1.39817e-18 BessellR
56596.3 2.99059e-15 1.36875e-18 BessellR
56597.3 2.90112e-15 1.3405e-18 BessellR
56598.3 2.81432e-15 1.31334e-18 BessellR
56599.3 2.73012e-15 1.28718e-18 BessellR
56600.3 2.64844e-15 1.26197e-18 BessellR
56601.3 2.5692e-15 1.23763e-18 BessellR
56602.3 2.49233e-15 1.21411e-18 BessellR
56603.3 2.41777e-15 1.19134e-18 BessellR
56604.3 2.34543e-15 1.16927e-18 BessellR
56605.3 2.27526e-15 1.14786e-18 BessellR
56606.3 2.20719e-15 1.12706e-18 BessellR
56607.3 2.14115e-15 1.10683e-18 BessellR
56608.3 2.07709e-15 1.08712e-18 BessellR
56609.3 2.01495e-15 1.06792e-18 BessellR
56610.3 1.95466e-15 1.04917e-18 BessellR
56611.3 1.89618e-15 1.03086e-18 BessellR
56612.3 1.83945e-15 1.01295e-18 BessellR
56613.3 1.78442e-15 9.95427e-19 BessellR
56614.3 1.73103e-15 9.78262e-19 BessellR
56615.3 1.67924e-15 9.61436e-19 BessellR
56616.3 1.629e-15 9.44931e-19 BessellR
56617.3 1.58026e-15 9.2873e-19 BessellR
56618.3 1.53298e-15 9.12817e-19 BessellR
56619.3 1.48712e-15 8.97178e-19 BessellR
56620.3 1.44262e-15 8.81801e-19 BessellR
56621.3 1.39946e-15 8.66676e-19 BessellR
56622.3 1.35759e-15 8.5179e-19 BessellR
56623.3 1.31697e-15 8.37136e-19 BessellR
56624.3 1.27757e-15 8.22705e-19 BessellR
56625.3 1.23935e-15 8.08489e-19 BessellR
56626.3 1.20227e-15 7.94482e-19 BessellR
56627.3 1.1663e-15 7.80678e-19 BessellR
56628.3 1.13141e-15 7.6707e-19 BessellR
56629.3 1.09756e-15 7.53655e-19 BessellR
56630.3 1.06472e-15 7.40428e-19 BessellR
56631.3 1.03286e-15 7.27385e-19 BessellR
56632.3 1.00196e-15 7.14522e-19 BessellR
56633.3 9.71984e-16 7.01836e-19 BessellR
56634.3 9.42903e-16 6.89324e-19 BessellR
56635.3 9.14693e-16 6.76984e-19 BessellR
56636.3 8.87326e-16 6.64813e-19 BessellR
56637.3 8.60779e-16 6.52808e-19 BessellR
56638.3 8.35026e-16 6.40969e-19 BessellR
56639.3 8.10043e-16 6.29293e-19 BessellR
56640.3 7.85807e-16 6.17778e-19 BessellR
56641.3 7.62297e-16 6.06424e-19 BessellR
56642.3 7.3949e-16 5.95228e-19 BessellR
56643.3 7.17366e-16 5.84189e-19 BessellR
56644.3 6.95903e-16 5.73305e-19 BessellR
56645.3 6.75082e-16 5.62577e-19 BessellR
56646.3 6.54885e-16 5.52002e-19 BessellR
56647.3 6.35292e-16 5.41579e-19 BessellR
56648.3 6.16285e-16 5.31308e-19 BessellR
56649.3 5.97846e-16 5.21186e-19 BessellR
56650.3 5.79959e-16 5.11214e-19 BessellR
56651.3 5.62608e-16 5.0139e-19 BessellR
56652.3 5.45775e-16 4.91713e-19 BessellR
56653.3 5.29447e-16 4.82182e-19 BessellR
56654.3 5.13606e-16 4.72796e-19 BessellR
56655.3 4.9824e-16 4.63554e-19 BessellR
56656.3 4.83333e-16 4.54455e-19 BessellR
56657.3 4.68872e-16 4.45498e-19 BessellR
56658.3 4.54844e-16 4.36682e-19 BessellR
56659.3 4.41236e-16 4.28005e-19 BessellR
56660.3 4.28035e-16 4.19466e-19 BessellR
56661.3 4.15229e-16 4.11065e-19 BessellR
56662.3 4.02806e-16 4.02801e-19 BessellR
56663.3 3.90754e-16 3.94671e-19 BessellR
56664.3 3.79063e-16 3.86676e-19 BessellR
56665.3 3.67722e-16 3.78813e-19 BessellR
56666.3 3.56721e-16 3.71081e-19 BessellR
56667.3 3.46048e-16 3.6348e-19 BessellR
56668.3 3.35695e-16 3.56008e-19 BessellR
56669.3 3.25651e-16 3.48664e-19 BessellR
56670.3 3.15908e-16 3.41446e-19 BessellR
56671.3 3.06457e-16 3.34353e-19 BessellR
56672.3 2.97288e-16 3.27383e-19 BessellR
56673.3 2.88393e-16 3.20537e-19 BessellR
56674.3 2.79765e-16 3.13811e-19 BessellR
56675.3 2.71395e-16 3.07205e-19 BessellR
56676.3 2.63275e-16 3.00718e-19 BessellR
56677.3 2.55398e-16 2.94347e-19 BessellR
56678.3 2.47757e-16 2.88092e-19 BessellR
56679.3 2.40344e-16 2.81951e-19 BessellR
56680.3 2.33154e-16 2.75923e-19 BessellR
56681.3 2.26178e-16 2.70006e-19 BessellR
56682.3 2.19411e-16 2.64199e-19 BessellR
56683.3 2.12847e-16 2.585e-19 BessellR
56684.3 2.06479e-16 2.52909e-19 BessellR
56685.3 2.00301e-16 2.47423e-19 BessellR
56686.3 1.94308e-16 2.42041e-19 BessellR
56687.3 1.88495e-16 2.36762e-19 BessellR
56688.3 1.82855e-16 2.31584e-19 BessellR
56689.3 1.77385e-16 2.26506e-19 BessellR
56690.3 1.72077e-16 2.21526e-19 BessellR
56691.3 1.66929e-16 2.16643e-19 BessellR
56692.3 1.61935e-16 2.11856e-19 BessellR
56693.3 1.5709e-16 2.07162e-19 BessellR
56694.3 1.5239e-16 2.02562e-19 BessellR
56695.3 1.47831e-16 1.98052e-19 BessellR
56696.3 1.43408e-16 1.93633e-19 BessellR
56697.3 1.39117e-16 1.89302e-19 BessellR
56698.3 1.34955e-16 1.85058e-19 BessellR
56699.3 1.30917e-16 1.80899e-19 BessellR
56700.3 1.27001e-16 1.76825e-19 BessellR
56701.3 1.23201e-16 1.72833e-19 BessellR
56702.3 1.19515e-16 1.68923e-19 BessellR
56703.3 1.15939e-16 1.65093e-19 BessellR
56704.3 1.1247e-16 1.61342e-19 BessellR
56705.3 1.09105e-16 1.57669e-19 BessellR
56706.3 1.05841e-16 1.54072e-19 BessellR
56707.3 1.02675e-16 1.50549e-19 BessellR
56708.3 9.96026e-17 1.471e-19 BessellR
56709.3 9.66226e-17 1.43723e-19 BessellR
56710.3 9.37318e-17 1.40418e-19 BessellR
56711.3 9.09275e-17 1.37182e-19 BessellR
56712.3 8.82071e-17 1.34014e-19 BessellR
56713.3 8.5568e-17 1.30914e-19 BessellR
56714.3 8.3008e-17 1.2788e-19 BessellR
56715.3 8.05245e-17 1.24911e-19 BessellR
56716.3 7.81153e-17 1.22005e-19 BessellR
56717.3 7.57782e-17 1.19162e-19 BessellR
56718.3 7.3511e-17 1.1638e-19 BessellR
56719.3 7.13117e-17 1.13659e-19 BessellR
56720.3 6.91781e-17 1.10996e-19 BessellR
56721.3 6.71084e-17 1.08391e-19 BessellR
56722.3 6.51006e-17 1.05844e-19 BessellR
56723.3 6.31529e-17 1.03352e-19 BessellR
56724.3 6.12634e-17 1.00914e-19 BessellR
56725.3 5.94305e-17 9.85305e-20 BessellR
56726.3 5.76524e-17 9.61993e-20 BessellR
56727.3 5.59276e-17 9.39197e-20 BessellR
56728.3 5.42543e-17 9.16907e-20 BessellR
56729.3 5.26311e-17 8.95112e-20 BessellR
56730.3 5.10564e-17 8.73802e-20 BessellR
56731.3 4.95289e-17 8.52969e-20 BessellR
56732.3 4.8047e-17 8.32602e-20 BessellR
56733.3 4.66095e-17 8.12692e-20 BessellR
56734.3 4.5215e-17 7.9323e-20 BessellR
56735.3 4.38623e-17 7.74207e-20 BessellR
56736.3 4.255e-17 7.55614e-20 BessellR
56737.3 4.12769e-17 7.37442e-20 BessellR
56738.3 4.0042e-17 7.19683e-20 BessellR
56739.3 3.8844e-17 7.02327e-20 BessellR
56740.3 3.76818e-17 6.85368e-20 BessellR
56741.3 3.65544e-17 6.68796e-20 BessellR
56742.3 3.54608e-17 6.52603e-20 BessellR
56743.3 3.43998e-17 6.36781e-20 BessellR
56744.3 3.33706e-17 6.21324e-20 BessellR
56745.3 3.23722e-17 6.06222e-20 BessellR
56746.3 3.14037e-17 5.91469e-20 BessellR
56747.3 3.04641e-17 5.77057e-20 BessellR
56748.3 2.95527e-17 5.62979e-20 BessellR
56749.3 2.86685e-17 5.49228e-20 BessellR
56750.3 2.78108e-17 5.35796e-20 BessellR
56751.3 2.69787e-17 5.22678e-20 BessellR
56752.3 2.61716e-17 5.09865e-20 BessellR
56753.3 2.53886e-17 4.97352e-20 BessellR
56754.3 2.4629e-17 4.85132e-20 BessellR
56755.3 2.38921e-17 4.73199e-20 BessellR
56756.3 2.31773e-17 4.61546e-20 BessellR
56757.3 2.24838e-17 4.50168e-20 BessellR
56758.3 2.18112e-17 4.39058e-20 BessellR
56759.3 2.11586e-17 4.2821e-20 BessellR
56760.3 2.05256e-17 4.17619e-20 BessellR
56761.3 1.99115e-17 4.07279e-20 BessellR
56762.3 1.93157e-17 3.97184e-20 BessellR
56763.3 1.87378e-17 3.87329e-20 BessellR
56764.3 1.81772e-17 3.77709e-20 BessellR
56765.3 1.76334e-17 3.68318e-20 BessellR
56766.3 1.71058e-17 3.59152e-20 BessellR
56767.3 1.6594e-17 3.50205e-20 BessellR
56768.3 1.60976e-17 3.41471e-20 BessellR
56769.3 1.5616e-17 3.32948e-20 BessellR
56770.3 1.51487e-17 3.24629e-20 BessellR
56771.3 1.46955e-17 3.1651e-20 BessellR
56772.3 1.42558e-17 3.08587e-20 BessellR
56773.3 1.38293e-17 3.00854e-20 BessellR
56774.3 1.34156e-17 2.93309e-20 BessellR
56775.3 1.30142e-17 2.85946e-20 BessellR
56776.3 1.26248e-17 2.78761e-20 BessellR
56777.3 1.22471e-17 2.71751e-20 BessellR
56778.3 1.18807e-17 2.6491e-20 BessellR
56779.3 1.15252e-17 2.58236e-20 BessellR
56780.3 1.11804e-17 2.51725e-20 BessellR
56781.3 1.08459e-17 2.45372e-20 BessellR
56782.3 1.05214e-17 2.39174e-20 BessellR
56783.3 1.02066e-17 2.33127e-20 BessellR
56784.3 9.90127e-18 2.27229e-20 BessellR
56785.3 9.60504e-18 2.21475e-20 BessellR
56786.3 9.31767e-18 2.15862e-20 BessellR
56787.3 9.0389e-18 2.10386e-20 BessellR
56788.3 8.76847e-18 2.05046e-20 BessellR
56789.3 8.50613e-18 1.99836e-20 BessellR
56790.3 8.25164e-18 1.94755e-20 BessellR
56791.3 8.00476e-18 1.89799e-20 BessellR
56792.3 7.76527e-18 1.84966e-20 BessellR
56793.3 7.53294e-18 1.80252e-20 BessellR
56794.3 7.30756e-18 1.75655e-20 BessellR
56795.3 7.08893e-18 1.71171e-20 BessellR
56796.3 6.87684e-18 1.66799e-20 BessellR
56797.3 6.6711e-18 1.62535e-20 BessellR
56798.3 6.47151e-18 1.58377e-20 BessellR
56799.3 6.27789e-18 1.54323e-20 BessellR
56800.3 6.09006e-18 1.50369e-20 BessellR
56801.3 5.90785e-18 1.46514e-20 BessellR
56802.3 5.7311e-18 1.42755e-20 BessellR
56803.3 5.55963e-18 1.3909e-20 BessellR
56804.3 5.3933e-18 1.35517e-20 BessellR
56805.3 5.23194e-18 1.32033e-20 BessellR
56806.3 5.0754e-18 1.28636e-20 BessellR
56807.3 4.92356e-18 1.25324e-20 BessellR
56808.3 4.77625e-18 1.22096e-20 BessellR
56809.3 4.63335e-18 1.18948e-20 BessellR
56810.3 4.49473e-18 1.1588e-20 BessellR
56811.3 4.36025e-18 1.12889e-20 BessellR
56812.3 4.2298e-18 1.09973e-20 BessellR
56813.3 4.10325e-18 1.0713e-20 BessellR
56814.3 3.98048e-18 1.0436e-20 BessellR
56815.3 3.86139e-18 1.01659e-20 BessellR
56816.3 3.74587e-18 9.90262e-21 BessellR
56817.3 3.6338e-18 9.64603e-21 BessellR
56818.3 3.52508e-18 9.39592e-21 BessellR
56819.3 3.41961e-18 9.15215e-21 BessellR
56820.3 3.3173e-18 8.91456e-21 BessellR
56821.3 3.21805e-18 8.683e-21 BessellR
56822.3 3.12177e-18 8.45732e-21 BessellR
56823.3 3.02837e-18 8.23737e-21 BessellR
56824.3 2.93777e-18 8.02302e-21 BessellR
56825.3 2.84987e-18 7.81412e-21 BessellR
56826.3 2.76461e-18 7.61055e-21 BessellR
56827.3 2.6819e-18 7.41216e-21 BessellR
56828.3 2.60166e-18 7.21884e-21 BessellR
56829.3 2.52382e-18 7.03045e-21 BessellR
56830.3 2.44831e-18 6.84687e-21 BessellR
56831.3 2.37506e-18 6.66799e-21 BessellR
56832.3 2.304e-18 6.49369e-21 BessellR
56833.3 2.23507e-18 6.32384e-21 BessellR
56834.3 2.1682e-18 6.15836e-21 BessellR
56835.3 2.10333e-18 5.99711e-21 BessellR
56836.3 2.0404e-18 5.84e-21 BessellR
56837.3 1.97936e-18 5.68693e-21 BessellR
56838.3 1.92014e-18 5.53779e-21 BessellR
56839.3 1.86269e-18 5.39249e-21 BessellR
56840.3 1.80696e-18 5.25092e-21 BessellR
56841.3 1.7529e-18 5.113e-21 BessellR
56842.3 1.70045e-18 4.97864e-21 BessellR
56843.3 1.64958e-18 4.84774e-21 BessellR
56844.3 1.60022e-18 4.72022e-21 BessellR
56845.3 1.55235e-18 4.59598e-21 BessellR
56846.3 1.5059e-18 4.47496e-21 BessellR
56847.3 1.46085e-18 4.35707e-21 BessellR
56848.3 1.41714e-18 4.24223e-21 BessellR
56849.3 1.37474e-18 4.13036e-21 BessellR
56850.3 1.33361e-18 4.02139e-21 BessellR
56851.3 1.29371e-18 3.91524e-21 BessellR
56852.3 1.25501e-18 3.81185e-21 BessellR
56853.3 1.21746e-18 3.71114e-21 BessellR
56854.3 1.18103e-18 3.61304e-21 BessellR
56855.3 1.1457e-18 3.51749e-21 BessellR
56856.3 1.11142e-18 3.42443e-21 BessellR
56857.3 1.07817e-18 3.33379e-21 BessellR
56858.3 1.04591e-18 3.24551e-21 BessellR
56859.3 1.01462e-18 3.15952e-21 BessellR
56860.3 9.84264e-19 3.07578e-21 BessellR
56861.3 9.54816e-19 2.99422e-21 BessellR
56862.3 9.26249e-19 2.91479e-21 BessellR
56863.3 8.98537e-19 2.83743e-21 BessellR
56864.3 8.71654e-19 2.76209e-21 BessellR
56865.3 8.45576e-19 2.68872e-21 BessellR
56866.3 8.20277e-19 2.61727e-21 BessellR
56867.3 7.95736e-19 2.54769e-21 BessellR
56868.3 7.71928e-19 2.47993e-21 BessellR
56869.3 7.48833e-19 2.41394e-21 BessellR
56870.3 7.26429e-19 2.34968e-21 BessellR
56871.3 7.04695e-19 2.28711e-21 BessellR
56872.3 6.83612e-19 2.22618e-21 BessellR
56873.3 6.63159e-19 2.16685e-21 BessellR
56874.3 6.43318e-19 2.10908e-21 BessellR
56875.3 6.24071e-19 2.05282e-21 BessellR
56876.3 6.054e-19 1.99804e-21 BessellR
56877.3 5.87287e-19 1.94471e-21 BessellR
56878.3 5.69716e-19 1.89277e-21 BessellR
56879.3 5.52671e-19 1.84221e-21 BessellR
56880.3 5.36136e-19 1.79297e-21 BessellR
56881.3 5.20096e-19 1.74503e-21 BessellR
56882.3 5.04535e-19 1.69836e-21 BessellR
56883.3 4.8944e-19 1.65292e-21 BessellR
56884.3 4.74797e-19 1.60868e-21 BessellR
56885.3 4.60591e-19 1.5656e-21 BessellR
56886.3 4.46811e-19 1.52366e-21 BessellR
56887.3 4.33443e-19 1.48283e-21 BessellR
56888.3 4.20475e-19 1.44308e-21 BessellR
56889.3 4.07895e-19 1.40439e-21 BessellR
56890.3 3.95691e-19 1.36671e-21 BessellR
56891.3 3.83853e-19 1.33004e-21 BessellR
56892.3 3.72369e-19 1.29433e-21 BessellR
56893.3 3.61228e-19 1.25957e-21 BessellR
56894.3 3.5042e-19 1.22573e-21 BessellR
56895.3 3.39936e-19 1.19279e-21 BessellR
56896.3 3.29766e-19 1.16073e-21 BessellR
56897.3 3.199e-19 1.12951e-21 BessellR
56898.3 3.10329e-19 1.09913e-21 BessellR
56899.3 3.01044e-19 1.06955e-21 BessellR
56900.3 2.92037e-19 1.04075e-21 BessellR
56901.3 2.833e-19 1.01273e-21 BessellR
56902.3 2.74824e-19 9.85447e-22 BessellR
56903.3 2.66602e-19 9.58892e-22 BessellR
56904.3 2.58625e-19 9.33043e-22 BessellR
56905.3 2.50888e-19 9.07884e-22 BessellR
56483.3 1.30835e-15 1.30964e-17 BessellV
56484.3 1.53818e-15 1.45225e-17 BessellV
56485.3 1.8076e-15 1.60378e-17 BessellV
56486.3 2.12309e-15 1.76288e-17 BessellV
56487.3 2.49204e-15 1.92745e-17 BessellV
56488.3 2.92283e-15 2.09452e-17 BessellV
56489.3 3.42484e-15 2.26004e-17 BessellV
56490.3 4.00847e-15 2.41876e-17 BessellV
56491.3 4.68508e-15 2.56405e-17 BessellV
56492.3 5.46678e-15 2.68794e-17 BessellV
56493.3 6.36616e-15 2.78123e-17 BessellV
56494.3 7.39582e-15 2.834e-17 BessellV
56495.3 8.56763e-15 2.83655e-17 BessellV
56496.3 9.8918e-15 2.78122e-17 BessellV
56497.3 1.13756e-14 2.66545e-17 BessellV
56498.3 1.3022e-14 2.49697e-17 BessellV
56499.3 1.48276e-14 2.30212e-17 BessellV
56500.3 1.67814e-14 2.13626e-17 BessellV
56501.3 1.8863e-14 2.08441e-17 BessellV
56502.3 2.10417e-14 2.2225e-17 BessellV
56503.3 2.32766e-14 2.55315e-17 BessellV
56504.3 2.55176e-14 3.00487e-17 BessellV
56505.3 2.77084e-14 3.48556e-17 BessellV
56506.3 2.97903e-14 3.91549e-17 BessellV
56507.3 3.17062e-14 4.23548e-17 BessellV
56508.3 3.34064e-14 4.40847e-17 BessellV
56509.3 3.48516e-14 4.41949e-17 BessellV
56510.3 3.60162e-14 4.27411e-17 BessellV
56511.3 3.68888e-14 3.99474e-17 BessellV
56512.3 3.74718e-14 3.61573e-17 BessellV
56513.3 3.7779e-14 3.17801e-17 BessellV
56514.3 3.78329e-14 2.72482e-17 BessellV
56515.3 3.7662e-14 2.29886e-17 BessellV
56516.3 3.72971e-14 1.94042e-17 BessellV
56517.3 3.67698e-14 1.68344e-17 BessellV
56518.3 3.61104e-14 1.5454e-17 BessellV
56519.3 3.53467e-14 1.5156e-17 BessellV
56520.3 3.45033e-14 1.55934e-17 BessellV
56521.3 3.36017e-14 1.63798e-17 BessellV
56522.3 3.266e-14 1.72318e-17 BessellV
56523.3 3.16933e-14 1.7987e-17 BessellV
56524.3 3.07138e-14 1.85695e-17 BessellV
56525.3 2.97314e-14 1.8955e-17 BessellV
56526.3 2.87539e-14 1.91473e-17 BessellV
56527.3 2.77875e-14 1.91641e-17 BessellV
56528.3 2.68367e-14 1.90289e-17 BessellV
56529.3 2.59052e-14 1.87669e-17 BessellV
56530.3 2.49954e-14 1.84021e-17 BessellV
56531.3 2.41093e-14 1.79563e-17 BessellV
56532.3 2.32479e-14 1.74488e-17 BessellV
56533.3 2.24121e-14 1.68963e-17 BessellV
56534.3 2.16023e-14 1.63125e-17 BessellV
56535.3 2.08184e-14 1.5709e-17 BessellV
56536.3 2.00604e-14 1.50952e-17 BessellV
56537.3 1.9328e-14 1.44789e-17 BessellV
56538.3 1.86207e-14 1.3866e-17 BessellV
56539.3 1.79381e-14 1.32614e-17 BessellV
56540.3 1.72795e-14 1.26687e-17 BessellV
56541.3 1.66443e-14 1.20907e-17 BessellV
56542.3 1.60318e-14 1.15295e-17 BessellV
56543.3 1.54414e-14 1.09866e-17 BessellV
56544.3 1.48723e-14 1.04629e-17 BessellV
56545.3 1.43239e-14 9.95908e-18 BessellV
56546.3 1.37955e-14 9.47539e-18 BessellV
56547.3 1.32864e-14 9.01188e-18 BessellV
56548.3 1.2796e-14 8.56842e-18 BessellV
56549.3 1.23235e-14 8.14472e-18 BessellV
56550.3 1.18684e-14 7.74037e-18 BessellV
56551.3 1.143e-14 7.35489e-18 BessellV
56552.3 1.10078e-14 6.98774e-18 BessellV
56553.3 1.06011e-14 6.63834e-18 BessellV
56554.3 1.02094e-14 6.30607e-18 BessellV
56555.3 9.83212e-15 5.99031e-18 BessellV
56556.3 9.46878e-15 5.69041e-18 BessellV
56557.3 9.11886e-15 5.40574e-18 BessellV
56558.3 8.78185e-15 5.13568e-18 BessellV
56559.3 8.45729e-15 4.8796e-18 BessellV
56560.3 8.14471e-15 4.63689e-18 BessellV
56561.3 7.84369e-15 4.40697e-18 BessellV
56562.3 7.55378e-15 4.18925e-18 BessellV
56563.3 7.27458e-15 3.98317e-18 BessellV
56564.3 7.0057e-15 3.7882e-18 BessellV
56565.3 6.74675e-15 3.60381e-18 BessellV
56566.3 6.49738e-15 3.4295e-18 BessellV
56567.3 6.25722e-15 3.26479e-18 BessellV
56568.3 6.02593e-15 3.1092e-18 BessellV
56569.3 5.8032e-15 2.96229e-18 BessellV
56570.3 5.58869e-15 2.82362e-18 BessellV
56571.3 5.38212e-15 2.69278e-18 BessellV
56572.3 5.18318e-15 2.56937e-18 BessellV
56573.3 4.99159e-15 2.45301e-18 BessellV
56574.3 4.80708e-15 2.34332e-18 BessellV
56575.3 4.6294e-15 2.23996e-18 BessellV
56576.3 4.45828e-15 2.14258e-18 BessellV
56577.3 4.29348e-15 2.05086e-18 BessellV
56578.3 4.13478e-15 1.96447e-18 BessellV
56579.3 3.98194e-15 1.88314e-18 BessellV
56580.3 3.83476e-15 1.80655e-18 BessellV
56581.3 3.69301e-15 1.73444e-18 BessellV
56582.3 3.5565e-15 1.66655e-18 BessellV
56583.3 3.42504e-15 1.60261e-18 BessellV
56584.3 3.29844e-15 1.54239e-18 BessellV
56585.3 3.17652e-15 1.48565e-18 BessellV
56586.3 3.0591e-15 1.43218e-18 BessellV
56587.3 2.94603e-15 1.38176e-18 BessellV
56588.3 2.83713e-15 1.33419e-18 BessellV
56589.3 2.73226e-15 1.28928e-18 BessellV
56590.3 2.63127e-15 1.24686e-18 BessellV
56591.3 2.534e-15 1.20674e-18 BessellV
56592.3 2.44034e-15 1.16878e-18 BessellV
56593.3 2.35013e-15 1.13282e-18 BessellV
56594.3 2.26327e-15 1.09871e-18 BessellV
56595.3 2.17961e-15 1.06633e-18 BessellV
56596.3 2.09904e-15 1.03555e-18 BessellV
56597.3 2.02145e-15 1.00624e-18 BessellV
56598.3 1.94673e-15 9.78312e-19 BessellV
56599.3 1.87477e-15 9.51652e-19 BessellV
56600.3 1.80547e-15 9.2617e-19 BessellV
56601.3 1.73874e-15 9.01779e-19 BessellV
56602.3 1.67447e-15 8.78398e-19 BessellV
56603.3 1.61257e-15 8.55952e-19 BessellV
56604.3 1.55297e-15 8.34375e-19 BessellV
56605.3 1.49556e-15 8.13603e-19 BessellV
56606.3 1.44028e-15 7.93578e-19 BessellV
56607.3 1.38704e-15 7.74249e-19 BessellV
56608.3 1.33577e-15 7.55566e-19 BessellV
56609.3 1.2864e-15 7.37487e-19 BessellV
56610.3 1.23885e-15 7.1997e-19 BessellV
56611.3 1.19306e-15 7.0298e-19 BessellV
56612.3 1.14896e-15 6.86484e-19 BessellV
56613.3 1.10649e-15 6.7045e-19 BessellV
56614.3 1.06559e-15 6.54853e-19 BessellV
56615.3 1.0262e-15 6.39666e-19 BessellV
56616.3 9.88267e-16 6.24869e-19 BessellV
56617.3 9.51737e-16 6.10439e-19 BessellV
56618.3 9.16557e-16 5.96359e-19 BessellV
56619.3 8.82678e-16 5.82612e-19 BessellV
56620.3 8.50051e-16 5.69183e-19 BessellV
56621.3 8.1863e-16 5.56058e-19 BessellV
56622.3 7.8837e-16 5.43224e-19 BessellV
56623.3 7.59229e-16 5.30671e-19 BessellV
56624.3 7.31165e-16 5.18388e-19 BessellV
56625.3 7.04139e-16 5.06366e-19 BessellV
56626.3 6.78111e-16 4.94596e-19 BessellV
56627.3 6.53046e-16 4.8307e-19 BessellV
56628.3 6.28907e-16 4.71782e-19 BessellV
56629.3 6.0566e-16 4.60725e-19 BessellV
56630.3 5.83272e-16 4.49893e-19 BessellV
56631.3 5.61713e-16 4.3928e-19 BessellV
56632.3 5.4095e-16 4.28882e-19 BessellV
56633.3 5.20954e-16 4.18693e-19 BessellV
56634.3 5.01698e-16 4.0871e-19 BessellV
56635.3 4.83153e-16 3.98928e-19 BessellV
56636.3 4.65294e-16 3.89343e-19 BessellV
56637.3 4.48095e-16 3.79952e-19 BessellV
56638.3 4.31532e-16 3.70751e-19 BessellV
56639.3 4.15581e-16 3.61736e-19 BessellV
56640.3 4.00219e-16 3.52906e-19 BessellV
56641.3 3.85426e-16 3.44256e-19 BessellV
56642.3 3.71179e-16 3.35784e-19 BessellV
56643.3 3.57459e-16 3.27487e-19 BessellV
56644.3 3.44246e-16 3.19362e-19 BessellV
56645.3 3.31521e-16 3.11407e-19 BessellV
56646.3 3.19267e-16 3.03618e-19 BessellV
56647.3 3.07466e-16 2.95994e-19 BessellV
56648.3 2.96101e-16 2.88532e-19 BessellV
56649.3 2.85156e-16 2.81229e-19 BessellV
56650.3 2.74615e-16 2.74083e-19 BessellV
56651.3 2.64465e-16 2.67092e-19 BessellV
56652.3 2.54689e-16 2.60253e-19 BessellV
56653.3 2.45275e-16 2.53563e-19 BessellV
56654.3 2.36209e-16 2.47021e-19 BessellV
56655.3 2.27477e-16 2.40624e-19 BessellV
56656.3 2.19069e-16 2.34369e-19 BessellV
56657.3 2.10971e-16 2.28255e-19 BessellV
56658.3 2.03173e-16 2.22279e-19 BessellV
56659.3 1.95663e-16 2.16439e-19 BessellV
56660.3 1.88431e-16 2.10732e-19 BessellV
56661.3 1.81466e-16 2.05157e-19 BessellV
56662.3 1.74758e-16 1.9971e-19 BessellV
56663.3 1.68298e-16 1.94391e-19 BessellV
56664.3 1.62077e-16 1.89196e-19 BessellV
56665.3 1.56086e-16 1.84123e-19 BessellV
56666.3 1.50317e-16 1.7917e-19 BessellV
56667.3 1.44761e-16 1.74336e-19 BessellV
56668.3 1.3941e-16 1.69617e-19 BessellV
56669.3 1.34257e-16 1.65011e-19 BessellV
56670.3 1.29294e-16 1.60517e-19 BessellV
56671.3 1.24515e-16 1.56133e-19 BessellV
56672.3 1.19912e-16 1.51855e-19 BessellV
56673.3 1.1548e-16 1.47683e-19 BessellV
56674.3 1.11211e-16 1.43614e-19 BessellV
56675.3 1.07101e-16 1.39646e-19 BessellV
56676.3 1.03142e-16 1.35777e-19 BessellV
56677.3 9.93292e-17 1.32004e-19 BessellV
56678.3 9.56577e-17 1.28327e-19 BessellV
56679.3 9.21218e-17 1.24743e-19 BessellV
56680.3 8.87166e-17 1.21249e-19 BessellV
56681.3 8.54373e-17 1.17845e-19 BessellV
56682.3 8.22793e-17 1.14528e-19 BessellV
56683.3 7.92379e-17 1.11297e-19 BessellV
56684.3 7.6309e-17 1.08149e-19 BessellV
56685.3 7.34883e-17 1.05082e-19 BessellV
56686.3 7.07719e-17 1.02096e-19 BessellV
56687.3 6.8156e-17 9.91875e-20 BessellV
56688.3 6.56367e-17 9.63554e-20 BessellV
56689.3 6.32105e-17 9.3598e-20 BessellV
56690.3 6.0874e-17 9.09135e-20 BessellV
56691.3 5.86239e-17 8.83003e-20 BessellV
56692.3 5.64569e-17 8.57567e-20 BessellV
56693.3 5.43701e-17 8.32811e-20 BessellV
56694.3 5.23603e-17 8.0872e-20 BessellV
56695.3 5.04249e-17 7.85276e-20 BessellV
56696.3 4.8561e-17 7.62467e-20 BessellV
56697.3 4.6766e-17 7.40275e-20 BessellV
56698.3 4.50374e-17 7.18686e-20 BessellV
56699.3 4.33726e-17 6.97686e-20 BessellV
56700.3 4.17694e-17 6.77261e-20 BessellV
56701.3 4.02255e-17 6.57396e-20 BessellV
56702.3 3.87386e-17 6.38078e-20 BessellV
56703.3 3.73067e-17 6.19293e-20 BessellV
56704.3 3.59277e-17 6.01028e-20 BessellV
56705.3 3.45997e-17 5.8327e-20 BessellV
56706.3 3.33207e-17 5.66006e-20 BessellV
56707.3 3.20891e-17 5.49224e-20 BessellV
56708.3 3.0903e-17 5.32912e-20 BessellV
56709.3 2.97607e-17 5.17058e-20 BessellV
56710.3 2.86606e-17 5.0165e-20 BessellV
56711.3 2.76012e-17 4.86676e-20 BessellV
56712.3 2.6581e-17 4.72126e-20 BessellV
56713.3 2.55984e-17 4.57989e-20 BessellV
56714.3 2.46522e-17 4.44253e-20 BessellV
56715.3 2.3741e-17 4.30908e-20 BessellV
56716.3 2.28634e-17 4.17945e-20 BessellV
56717.3 2.20183e-17 4.05352e-20 BessellV
56718.3 2.12044e-17 3.93121e-20 BessellV
56719.3 2.04206e-17 3.81242e-20 BessellV
56720.3 1.96658e-17 3.69704e-20 BessellV
56721.3 1.89389e-17 3.585e-20 BessellV
56722.3 1.82389e-17 3.4762e-20 BessellV
56723.3 1.75647e-17 3.37056e-20 BessellV
56724.3 1.69154e-17 3.26798e-20 BessellV
56725.3 1.62902e-17 3.1684e-20 BessellV
56726.3 1.5688e-17 3.07171e-20 BessellV
56727.3 1.51081e-17 2.97786e-20 BessellV
56728.3 1.45497e-17 2.88675e-20 BessellV
56729.3 1.40119e-17 2.79832e-20 BessellV
56730.3 1.34939e-17 2.71249e-20 BessellV
56731.3 1.29952e-17 2.62918e-20 BessellV
56732.3 1.25148e-17 2.54833e-20 BessellV
56733.3 1.20522e-17 2.46988e-20 BessellV
56734.3 1.16067e-17 2.39374e-20 BessellV
56735.3 1.11777e-17 2.31987e-20 BessellV
56736.3 1.07645e-17 2.24819e-20 BessellV
56737.3 1.03666e-17 2.17865e-20 BessellV
56738.3 9.98344e-18 2.11118e-20 BessellV
56739.3 9.61442e-18 2.04572e-20 BessellV
56740.3 9.25903e-18 1.98222e-20 BessellV
56741.3 8.91679e-18 1.92063e-20 BessellV
56742.3 8.58719e-18 1.86088e-20 BessellV
56743.3 8.26978e-18 1.80293e-20 BessellV
56744.3 7.96409e-18 1.74673e-20 BessellV
56745.3 7.66971e-18 1.69221e-20 BessellV
56746.3 7.38621e-18 1.63935e-20 BessellV
56747.3 7.11319e-18 1.58808e-20 BessellV
56748.3 6.85026e-18 1.53837e-20 BessellV
56749.3 6.59705e-18 1.49016e-20 BessellV
56750.3 6.3532e-18 1.44342e-20 BessellV
56751.3 6.11836e-18 1.3981e-20 BessellV
56752.3 5.8922e-18 1.35416e-20 BessellV
56753.3 5.67441e-18 1.31156e-20 BessellV
56754.3 5.46466e-18 1.27026e-20 BessellV
56755.3 5.26267e-18 1.23022e-20 BessellV
56756.3 5.06814e-18 1.19141e-20 BessellV
56757.3 4.8808e-18 1.15379e-20 BessellV
56758.3 4.70039e-18 1.11732e-20 BessellV
56759.3 4.52665e-18 1.08198e-20 BessellV
56760.3 4.35933e-18 1.04772e-20 BessellV
56761.3 4.19819e-18 1.01452e-20 BessellV
56762.3 4.04301e-18 9.82339e-21 BessellV
56763.3 3.89356e-18 9.51154e-21 BessellV
56764.3 3.74964e-18 9.20934e-21 BessellV
56765.3 3.61104e-18 8.91649e-21 BessellV
56766.3 3.47757e-18 8.63272e-21 BessellV
56767.3 3.34902e-18 8.35775e-21 BessellV
56768.3 3.22523e-18 8.09132e-21 BessellV
56769.3 3.10601e-18 7.83318e-21 BessellV
56770.3 2.9912e-18 7.58307e-21 BessellV
56771.3 2.88064e-18 7.34076e-21 BessellV
56772.3 2.77416e-18 7.10601e-21 BessellV
56773.3 2.67162e-18 6.87858e-21 BessellV
56774.3 2.57286e-18 6.65827e-21 BessellV
56775.3 2.47776e-18 6.44485e-21 BessellV
56776.3 2.38617e-18 6.23812e-21 BessellV
56777.3 2.29797e-18 6.03787e-21 BessellV
56778.3 2.21303e-18 5.84391e-21 BessellV
56779.3 2.13123e-18 5.65604e-21 BessellV
56780.3 2.05245e-18 5.47407e-21 BessellV
56781.3 1.97659e-18 5.29784e-21 BessellV
56782.3 1.90352e-18 5.12716e-21 BessellV
56783.3 1.83316e-18 4.96186e-21 BessellV
56784.3 1.7654e-18 4.80178e-21 BessellV
56785.3 1.70015e-18 4.64676e-21 BessellV
56786.3 1.6373e-18 4.49664e-21 BessellV
56787.3 1.57678e-18 4.35128e-21 BessellV
56788.3 1.5185e-18 4.21051e-21 BessellV
56789.3 1.46237e-18 4.07422e-21 BessellV
56790.3 1.40831e-18 3.94225e-21 BessellV
56791.3 1.35626e-18 3.81447e-21 BessellV
56792.3 1.30613e-18 3.69075e-21 BessellV
56793.3 1.25785e-18 3.57097e-21 BessellV
56794.3 1.21135e-18 3.455e-21 BessellV
56795.3 1.16658e-18 3.34273e-21 BessellV
56796.3 1.12346e-18 3.23404e-21 BessellV
56797.3 1.08193e-18 3.12882e-21 BessellV
56798.3 1.04194e-18 3.02696e-21 BessellV
56799.3 1.00342e-18 2.92836e-21 BessellV
56800.3 9.66332e-19 2.83292e-21 BessellV
56801.3 9.30613e-19 2.74053e-21 BessellV
56802.3 8.96214e-19 2.6511e-21 BessellV
56803.3 8.63087e-19 2.56454e-21 BessellV
56804.3 8.31184e-19 2.48076e-21 BessellV
56805.3 8.00461e-19 2.39966e-21 BessellV
56806.3 7.70873e-19 2.32118e-21 BessellV
56807.3 7.42378e-19 2.24522e-21 BessellV
56808.3 7.14937e-19 2.1717e-21 BessellV
56809.3 6.88511e-19 2.10056e-21 BessellV
56810.3 6.63061e-19 2.0317e-21 BessellV
56811.3 6.38552e-19 1.96507e-21 BessellV
56812.3 6.14948e-19 1.90059e-21 BessellV
56813.3 5.92218e-19 1.83819e-21 BessellV
56814.3 5.70327e-19 1.77781e-21 BessellV
56815.3 5.49246e-19 1.71938e-21 BessellV
56816.3 5.28944e-19 1.66284e-21 BessellV
56817.3 5.09392e-19 1.60813e-21 BessellV
56818.3 4.90563e-19 1.5552e-21 BessellV
56819.3 4.7243e-19 1.50398e-21 BessellV
56820.3 4.54967e-19 1.45443e-21 BessellV
56821.3 4.3815e-19 1.40648e-21 BessellV
56822.3 4.21954e-19 1.36009e-21 BessellV
56823.3 4.06357e-19 1.31521e-21 BessellV
56824.3 3.91337e-19 1.27179e-21 BessellV
56825.3 3.76872e-19 1.22979e-21 BessellV
56826.3 3.62941e-19 1.18915e-21 BessellV
56827.3 3.49526e-19 1.14983e-21 BessellV
56828.3 3.36606e-19 1.1118e-21 BessellV
56829.3 3.24164e-19 1.07501e-21 BessellV
56830.3 3.12181e-19 1.03942e-21 BessellV
56831.3 3.00642e-19 1.00499e-21 BessellV
56832.3 2.89529e-19 9.71691e-22 BessellV
56833.3 2.78827e-19 9.39478e-22 BessellV
56834.3 2.68521e-19 9.08319e-22 BessellV
56835.3 2.58595e-19 8.7818e-22 BessellV
56836.3 2.49037e-19 8.49029e-22 BessellV
56837.3 2.39831e-19 8.20832e-22 BessellV
56838.3 2.30966e-19 7.93561e-22 BessellV
56839.3 2.22429e-19 7.67184e-22 BessellV
56840.3 2.14207e-19 7.41674e-22 BessellV
56841.3 2.06289e-19 7.17001e-22 BessellV
56842.3 1.98664e-19 6.93139e-22 BessellV
56843.3 1.91321e-19 6.70061e-22 BessellV
56844.3 1.84249e-19 6.47743e-22 BessellV
56845.3 1.77438e-19 6.26159e-22 BessellV
56846.3 1.7088e-19 6.05287e-22 BessellV
56847.3 1.64563e-19 5.85101e-22 BessellV
56848.3 1.5848e-19 5.65582e-22 BessellV
56849.3 1.52622e-19 5.46705e-22 BessellV
56850.3 1.46981e-19 5.28452e-22 BessellV
56851.3 1.41548e-19 5.10801e-22 BessellV
56852.3 1.36316e-19 4.93734e-22 BessellV
56853.3 1.31277e-19 4.7723e-22 BessellV
56854.3 1.26425e-19 4.61272e-22 BessellV
56855.3 1.21751e-19 4.45841e-22 BessellV
56856.3 1.17251e-19 4.30921e-22 BessellV
56857.3 1.12917e-19 4.16496e-22 BessellV
56858.3 1.08743e-19 4.02547e-22 BessellV
56859.3 1.04724e-19 3.89061e-22 BessellV
56860.3 1.00853e-19 3.76023e-22 BessellV
56861.3 9.71248e-20 3.63416e-22 BessellV
56862.3 9.35348e-20 3.51228e-22 BessellV
56863.3 9.00774e-20 3.39444e-22 BessellV
56864.3 8.67478e-20 3.28052e-22 BessellV
56865.3 8.35413e-20 3.17038e-22 BessellV
56866.3 8.04533e-20 3.0639e-22 BessellV
56867.3 7.74794e-20 2.96097e-22 BessellV
56868.3 7.46155e-20 2.86145e-22 BessellV
56869.3 7.18575e-20 2.76525e-22 BessellV
56870.3 6.92013e-20 2.67225e-22 BessellV
56871.3 6.66434e-20 2.58235e-22 BessellV
56872.3 6.418e-20 2.49544e-22 BessellV
56873.3 6.18077e-20 2.41143e-22 BessellV
56874.3 5.95231e-20 2.33023e-22 BessellV
56875.3 5.73229e-20 2.25173e-22 BessellV
56876.3 5.5204e-20 2.17585e-22 BessellV
56877.3 5.31635e-20 2.1025e-22 BessellV
56878.3 5.11984e-20 2.03161e-22 BessellV
56879.3 4.93059e-20 1.96308e-22 BessellV
56880.3 4.74834e-20 1.89684e-22 BessellV
56881.3 4.57282e-20 1.83282e-22 BessellV
56882.3 4.40379e-20 1.77094e-22 BessellV
56883.3 4.24101e-20 1.71113e-22 BessellV
56884.3 4.08425e-20 1.65332e-22 BessellV
56885.3 3.93328e-20 1.59745e-22 BessellV
56886.3 3.78789e-20 1.54345e-22 BessellV
56887.3 3.64788e-20 1.49126e-22 BessellV
56888.3 3.51304e-20 1.44082e-22 BessellV
56889.3 3.38318e-20 1.39207e-22 BessellV
56890.3 3.25813e-20 1.34496e-22 BessellV
56891.3 3.1377e-20 1.29943e-22 BessellV
56892.3 3.02172e-20 1.25542e-22 BessellV
56893.3 2.91002e-20 1.2129e-22 BessellV
56894.3 2.80246e-20 1.1718e-22 BessellV
56895.3 2.69887e-20 1.13208e-22 BessellV
56896.3 2.59911e-20 1.0937e-22 BessellV
56897.3 2.50304e-20 1.05661e-22 BessellV
56898.3 2.41052e-20 1.02077e-22 BessellV
56899.3 2.32141e-20 9.86134e-23 BessellV
56900.3 2.23561e-20 9.52664e-23 BessellV
56901.3 2.15297e-20 9.20321e-23 BessellV
56902.3 2.07339e-20 8.89067e-23 BessellV
56903.3 1.99675e-20 8.58867e-23 BessellV
56904.3 1.92294e-20 8.29684e-23 BessellV
56905.3 1.85186e-20 8.01486e-23 BessellV
56906.3 1.78341e-20 7.74239e-23 BessellV
56907.3 1.71749e-20 7.47911e-23 BessellV
56908.3 1.654e-20 7.22471e-23 BessellV
56909.3 1.59287e-20 6.97891e-23 BessellV
56910.3 1.53399e-20 6.7414e-23 BessellV
56911.3 1.47729e-20 6.51192e-23 BessellV
56912.3 1.42268e-20 6.29019e-23 BessellV
56913.3 1.37009e-20 6.07596e-23 BessellV
56914.3 1.31945e-20 5.86897e-23 BessellV
56915.3 1.27068e-20 5.66899e-23 BessellV
56916.3 1.22371e-20 5.47577e-23 BessellV
56917.3 1.17848e-20 5.28908e-23 BessellV
56918.3 1.13492e-20 5.10872e-23 BessellV
56919.3 1.09297e-20 4.93447e-23 BessellV
56920.3 1.05257e-20 4.76612e-23 BessellV
56921.3 1.01366e-20 4.60347e-23 BessellV
56922.3 9.7619e-21 4.44633e-23 BessellV
56923.3 9.40107e-21 4.29453e-23 BessellV
56924.3 9.05357e-21 4.14787e-23 BessellV
56925.3 8.71892e-21 4.00618e-23 BessellV
56926.3 8.39663e-21 3.8693e-23 BessellV
56927.3 8.08626e-21 3.73707e-23 BessellV
56928.3 7.78737e-21 3.60933e-23 BessellV
56929.3 7.49952e-21 3.48593e-23 BessellV
56930.3 7.22231e-21 3.36671e-23 BessellV
56931.3 6.95535e-21 3.25155e-23 BessellV
56932.3 6.69825e-21 3.1403e-23 BessellV
56933.3 6.45066e-21 3.03284e-23 BessellV
56934.3 6.21222e-21 2.92902e-23 BessellV
56935.3 5.98259e-21 2.82874e-23 BessellV
56936.3 5.76146e-21 2.73187e-23 BessellV
56937.3 5.54849e-21 2.6383e-23 BessellV
56938.3 5.3434e-21 2.54791e-23 BessellV
56939.3 5.14589e-21 2.4606e-23 BessellV
56940.3 4.95568e-21 2.37626e-23 BessellV
56941.3 4.7725e-21 2.2948e-23 BessellV
56942.3 4.59609e-21 2.21611e-23 BessellV
56943.3 4.4262e-21 2.14011e-23 BessellV
56944.3 4.26259e-21 2.06669e-23 BessellV
56945.3 4.10503e-21 1.99578e-23 BessellV
56946.3 3.95329e-21 1.92729e-23 BessellV
56947.3 3.80717e-21 1.86113e-23 BessellV
56948.3 3.66644e-21 1.79723e-23 BessellV
56949.3 3.53091e-21 1.73552e-23 BessellV
56950.3 3.4004e-21 1.67591e-23 BessellV
56951.3 3.27471e-21 1.61833e-23 BessellV
56952.3 3.15366e-21 1.56273e-23 BessellV
56953.3 3.03709e-21 1.50902e-23 BessellV
56954.3 2.92483e-21 1.45714e-23 BessellV
56955.3 2.81672e-21 1.40705e-23 BessellV
56956.3 2.7126e-21 1.35866e-23 BessellV
56957.3 2.61233e-21 1.31193e-23 BessellV
56958.3 2.51577e-21 1.26679e-23 BessellV
56959.3 2.42278e-21 1.2232e-23 BessellV
56960.3 2.33323e-21 1.18111e-23 BessellV
56961.3 2.24698e-21 1.14045e-23 BessellV
56962.3 2.16393e-21 1.10119e-23 BessellV
56963.3 2.08394e-21 1.06327e-23 BessellV
56964.3 2.00691e-21 1.02664e-23 BessellV
56965.3 1.93273e-21 9.91278e-24 BessellV
56966.3 1.86129e-21 9.57123e-24 BessellV
56967.3 1.79249e-21 9.24139e-24 BessellV
56968.3 1.72623e-21 8.92285e-24 BessellV
56969.3 1.66242e-21 8.61524e-24 BessellV
56970.3 1.60097e-21 8.31818e-24 BessellV
56971.3 1.54179e-21 8.03131e-24 BessellV
56485.9 7.67965e-15 1.23381e-17 i
56486.9 7.85498e-15 1.20897e-17 i
56487.9 8.03346e-15 1.18287e-17 i
56488.9 8.21508e-15 1.15555e-17 i
56489.9 8.39979e-15 1.12705e-17 i
56490.9 8.58755e-15 1.09745e-17 i
56491.9 8.7783e-15 1.06681e-17 i
56492.9 8.97196e-15 1.03523e-17 i
56493.9 9.16845e-15 1.00285e-17 i
56494.9 9.36767e-15 9.69792e-18 i
56495.9 9.5695e-15 9.36249e-18 i
56496.9 9.77381e-15 9.02429e-18 i
56497.9 9.98044e-15 8.68582e-18 i
56498.9 1.01892e-14 8.35e-18 i
56499.9 1.03999e-14 8.02027e-18 i
56500.9 1.06124e-14 7.70056e-18 i
56501.9 1.08263e-14 7.39531e-18 i
56502.9 1.10415e-14 7.10948e-18 i
56503.9 1.12575e-14 6.84842e-18 i
56504.9 1.14741e-14 6.61774e-18 i
56505.9 1.1691e-14 6.42298e-18 i
56506.9 1.19077e-14 6.26925e-18 i
56507.9 1.21237e-14 6.16073e-18 i
56508.9 1.23388e-14 6.10022e-18 i
56509.9 1.25522e-14 6.08869e-18 i
56510.9 1.27636e-14 6.12505e-18 i
56511.9 1.29723e-14 6.20622e-18 i
56512.9 1.31777e-14 6.32733e-18 i
56513.9 1.33793e-14 6.4822e-18 i
56514.9 1.35763e-14 6.66379e-18 i
56515.9 1.3768e-14 6.86472e-18 i
56516.9 1.39537e-14 7.07759e-18 i
56517.9 1.41326e-14 7.29532e-18 i
56518.9 1.4304e-14 7.5113e-18 i
56519.9 1.4467e-14 7.71956e-18 i
56520.9 1.46208e-14 7.91482e-18 i
56521.9 1.47646e-14 8.09254e-18 i
56522.9 1.48976e-14 8.24899e-18 i
56523.9 1.50189e-14 8.38127e-18 i
56524.9 1.51277e-14 8.48738e-18 i
56525.9 1.52233e-14 8.56621e-18 i
56526.9 1.53047e-14 8.61765e-18 i
56527.9 1.53714e-14 8.64259e-18 i
56528.9 1.54226e-14 8.64296e-18 i
56529.9 1.54577e-14 8.62172e-18 i
56530.9 1.54761e-14 8.58288e-18 i
56531.9 1.54774e-14 8.53139e-18 i
56532.9 1.54611e-14 8.47305e-18 i
56533.9 1.5427e-14 8.41426e-18 i
56534.9 1.53749e-14 8.36178e-18 i
56535.9 1.53045e-14 8.32234e-18 i
56536.9 1.5216e-14 8.30221e-18 i
56537.9 1.51095e-14 8.30669e-18 i
56538.9 1.49851e-14 8.33972e-18 i
56539.9 1.48432e-14 8.40346e-18 i
56540.9 1.46843e-14 8.49817e-18 i
56541.9 1.4509e-14 8.62215e-18 i
56542.9 1.43178e-14 8.77192e-18 i
56543.9 1.41115e-14 8.94258e-18 i
56544.9 1.3891e-14 9.12822e-18 i
56545.9 1.36572e-14 9.32232e-18 i
56546.9 1.3411e-14 9.5182e-18 i
56547.9 1.31535e-14 9.70937e-18 i
56548.9 1.28858e-14 9.88973e-18 i
56549.9 1.2609e-14 1.00538e-17 i
56550.9 1.23241e-14 1.0197e-17 i
56551.9 1.20323e-14 1.03154e-17 i
56552.9 1.17348e-14 1.04058e-17 i
56553.9 1.14326e-14 1.04661e-17 i
56554.9 1.11268e-14 1.04948e-17 i
56555.9 1.08186e-14 1.04912e-17 i
56556.9 1.05088e-14 1.04552e-17 i
56557.9 1.01985e-14 1.03873e-17 i
56558.9 9.88855e-15 1.02884e-17 i
56559.9 9.57984e-15 1.01601e-17 i
56560.9 9.27315e-15 1.00039e-17 i
56561.9 8.96923e-15 9.8221e-18 i
56562.9 8.66874e-15 9.61675e-18 i
56563.9 8.3723e-15 9.39027e-18 i
56564.9 8.08044e-15 9.14509e-18 i
56565.9 7.79367e-15 8.8837e-18 i
56566.9 7.51239e-15 8.60856e-18 i
56567.9 7.23698e-15 8.32207e-18 i
56568.9 6.96776e-15 8.02657e-18 i
56569.9 6.70498e-15 7.72429e-18 i
56570.9 6.44886e-15 7.41732e-18 i
56571.9 6.19956e-15 7.10762e-18 i
56572.9 5.95721e-15 6.79702e-18 i
56573.9 5.72189e-15 6.48718e-18 i
56574.9 5.49366e-15 6.17959e-18 i
56575.9 5.27254e-15 5.87562e-18 i
56576.9 5.0585e-15 5.57646e-18 i
56577.9 4.85152e-15 5.28317e-18 i
56578.9 4.65154e-15 4.99665e-18 i
56579.9 4.45847e-15 4.7177e-18 i
56580.9 4.27222e-15 4.44697e-18 i
56581.9 4.09267e-15 4.18499e-18 i
56582.9 3.9197e-15 3.93222e-18 i
56583.9 3.75318e-15 3.68898e-18 i
56584.9 3.59295e-15 3.45552e-18 i
56585.9 3.43885e-15 3.23204e-18 i
56586.9 3.29074e-15 3.01862e-18 i
56587.9 3.14845e-15 2.81532e-18 i
56588.9 3.0118e-15 2.62213e-18 i
56589.9 2.88063e-15 2.439e-18 i
56590.9 2.75478e-15 2.26583e-18 i
56591.9 2.63406e-15 2.10251e-18 i
56592.9 2.5183e-15 1.94888e-18 i
56593.9 2.40735e-15 1.8048e-18 i
56594.9 2.30102e-15 1.67006e-18 i
56595.9 2.19916e-15 1.54448e-18 i
56596.9 2.10161e-15 1.42787e-18 i
56597.9 2.00819e-15 1.32001e-18 i
56598.9 1.91877e-15 1.22069e-18 i
56599.9 1.83318e-15 1.12971e-18 i
56600.9 1.75128e-15 1.04683e-18 i
56601.9 1.67292e-15 9.71829e-19 i
56602.9 1.59797e-15 9.04451e-19 i
56603.9 1.52628e-15 8.44425e-19 i
56604.9 1.45772e-15 7.91444e-19 i
56605.9 1.39217e-15 7.45161e-19 i
56606.9 1.3295e-15 7.05182e-19 i
56607.9 1.2696e-15 6.71064e-19 i
56608.9 1.21234e-15 6.42317e-19 i
56609.9 1.15762e-15 6.18406e-19 i
56610.9 1.10532e-15 5.98774e-19 i
56611.9 1.05536e-15 5.8285e-19 i
56612.9 1.00761e-15 5.70071e-19 i
56613.9 9.62003e-16 5.59898e-19 i
56614.9 9.1843e-16 5.51832e-19 i
56615.9 8.76809e-16 5.45419e-19 i
56616.9 8.37053e-16 5.4026e-19 i
56617.9 7.99081e-16 5.36014e-19 i
56618.9 7.62816e-16 5.32389e-19 i
56619.9 7.28182e-16 5.29147e-19 i
56620.9 6.95107e-16 5.26091e-19 i
56621.9 6.63524e-16 5.23069e-19 i
56622.9 6.33365e-16 5.19958e-19 i
56623.9 6.04568e-16 5.16668e-19 i
56624.9 5.77072e-16 5.13131e-19 i
56625.9 5.5082e-16 5.09299e-19 i
56626.9 5.25756e-16 5.05143e-19 i
56627.9 5.01826e-16 5.00643e-19 i
56628.9 4.7898e-16 4.95793e-19 i
56629.9 4.5717e-16 4.90594e-19 i
56630.9 4.3635e-16 4.85055e-19 i
56631.9 4.16473e-16 4.79187e-19 i
56632.9 3.97499e-16 4.73008e-19 i
56633.9 3.79387e-16 4.66536e-19 i
56634.9 3.62098e-16 4.59793e-19 i
56635.9 3.45594e-16 4.52802e-19 i
56636.9 3.2984e-16 4.45586e-19 i
56637.9 3.14803e-16 4.38167e-19 i
56638.9 3.0045e-16 4.3057e-19 i
56639.9 2.86749e-16 4.22817e-19 i
56640.9 2.73673e-16 4.1493e-19 i
56641.9 2.61191e-16 4.06932e-19 i
56642.9 2.49278e-16 3.98843e-19 i
56643.9 2.37907e-16 3.90684e-19 i
56644.9 2.27054e-16 3.82472e-19 i
56645.9 2.16696e-16 3.74226e-19 i
56646.9 2.06809e-16 3.65962e-19 i
56647.9 1.97374e-16 3.57698e-19 i
56648.9 1.88368e-16 3.49446e-19 i
56649.9 1.79772e-16 3.41221e-19 i
56650.9 1.71569e-16 3.33036e-19 i
56651.9 1.63739e-16 3.24902e-19 i
56652.9 1.56266e-16 3.1683e-19 i
56653.9 1.49135e-16 3.08829e-19 i
56654.9 1.42328e-16 3.0091e-19 i
56655.9 1.35832e-16 2.9308e-19 i
56656.9 1.29632e-16 2.85346e-19 i
56657.9 1.23715e-16 2.77716e-19 i
56658.9 1.18068e-16 2.70194e-19 i
56659.9 1.12679e-16 2.62787e-19 i
56660.9 1.07535e-16 2.55498e-19 i
56661.9 1.02626e-16 2.48332e-19 i
56662.9 9.79414e-17 2.41293e-19 i
56663.9 9.34703e-17 2.34383e-19 i
56664.9 8.92033e-17 2.27604e-19 i
56665.9 8.51309e-17 2.2096e-19 i
56666.9 8.12445e-17 2.14451e-19 i
56667.9 7.75354e-17 2.08078e-19 i
56668.9 7.39956e-17 2.01843e-19 i
56669.9 7.06173e-17 1.95746e-19 i
56670.9 6.73933e-17 1.89786e-19 i
56671.9 6.43164e-17 1.83965e-19 i
56672.9 6.138e-17 1.78281e-19 i
56673.9 5.85776e-17 1.72735e-19 i
56674.9 5.59031e-17 1.67325e-19 i
56675.9 5.33507e-17 1.6205e-19 i
56676.9 5.09149e-17 1.56909e-19 i
56677.9 4.85902e-17 1.519e-19 i
56678.9 4.63717e-17 1.47023e-19 i
56679.9 4.42544e-17 1.42276e-19 i
56680.9 4.22338e-17 1.37656e-19 i
56681.9 4.03055e-17 1.33162e-19 i
56682.9 3.84651e-17 1.28793e-19 i
56683.9 3.67089e-17 1.24545e-19 i
56684.9 3.50327e-17 1.20417e-19 i
56685.9 3.34332e-17 1.16408e-19 i
56686.9 3.19066e-17 1.12513e-19 i
56687.9 3.04497e-17 1.08732e-19 i
56688.9 2.90594e-17 1.05063e-19 i
56689.9 2.77325e-17 1.01502e-19 i
56690.9 2.64663e-17 9.80473e-20 i
56691.9 2.52578e-17 9.4697e-20 i
56692.9 2.41045e-17 9.14485e-20 i
56693.9 2.30039e-17 8.82995e-20 i
56694.9 2.19535e-17 8.52476e-20 i
56695.9 2.09511e-17 8.22906e-20 i
56696.9 1.99944e-17 7.9426e-20 i
56697.9 1.90815e-17 7.66517e-20 i
56698.9 1.82102e-17 7.39654e-20 i
56699.9 1.73787e-17 7.13647e-20 i
56700.9 1.65852e-17 6.88474e-20 i
56701.9 1.58279e-17 6.64114e-20 i
56702.9 1.51051e-17 6.40544e-20 i
56703.9 1.44154e-17 6.17743e-20 i
56704.9 1.37572e-17 5.95689e-20 i
56705.9 1.3129e-17 5.74363e-20 i
56706.9 1.25295e-17 5.53744e-20 i
56707.9 1.19574e-17 5.3381e-20 i
56708.9 1.14114e-17 5.14544e-20 i
56709.9 1.08903e-17 4.95924e-20 i
56710.9 1.03931e-17 4.77933e-20 i
56711.9 9.91851e-18 4.60551e-20 i
56712.9 9.46561e-18 4.43761e-20 i
56713.9 9.03339e-18 4.27545e-20 i
56714.9 8.62091e-18 4.11884e-20 i
56715.9 8.22727e-18 3.96763e-20 i
56716.9 7.85159e-18 3.82165e-20 i
56717.9 7.49308e-18 3.68072e-20 i
56718.9 7.15093e-18 3.54471e-20 i
56719.9 6.8244e-18 3.41344e-20 i
56720.9 6.51279e-18 3.28677e-20 i
56721.9 6.2154e-18 3.16456e-20 i
56722.9 5.9316e-18 3.04666e-20 i
56723.9 5.66075e-18 2.93293e-20 i
56724.9 5.40227e-18 2.82323e-20 i
56725.9 5.15559e-18 2.71744e-20 i
56726.9 4.92017e-18 2.61543e-20 i
56727.9 4.69551e-18 2.51707e-20 i
56728.9 4.4811e-18 2.42224e-20 i
56729.9 4.27649e-18 2.33082e-20 i
56730.9 4.08121e-18 2.24271e-20 i
56731.9 3.89486e-18 2.15778e-20 i
56732.9 3.71701e-18 2.07593e-20 i
56733.9 3.54729e-18 1.99706e-20 i
56734.9 3.38531e-18 1.92107e-20 i
56735.9 3.23073e-18 1.84785e-20 i
56736.9 3.08321e-18 1.77732e-20 i
56737.9 2.94242e-18 1.70937e-20 i
56738.9 2.80807e-18 1.64393e-20 i
56739.9 2.67984e-18 1.5809e-20 i
56740.9 2.55748e-18 1.52019e-20 i
56741.9 2.4407e-18 1.46174e-20 i
56742.9 2.32925e-18 1.40545e-20 i
56743.9 2.22289e-18 1.35126e-20 i
56744.9 2.12139e-18 1.29909e-20 i
56745.9 2.02452e-18 1.24886e-20 i
56746.9 1.93208e-18 1.20052e-20 i
56747.9 1.84386e-18 1.15398e-20 i
56748.9 1.75966e-18 1.1092e-20 i
56749.9 1.67931e-18 1.06609e-20 i
56750.9 1.60263e-18 1.02461e-20 i
56751.9 1.52945e-18 9.84701e-21 i
56752.9 1.45961e-18 9.46296e-21 i
56753.9 1.39297e-18 9.09346e-21 i
56754.9 1.32936e-18 8.73798e-21 i
56755.9 1.26866e-18 8.396e-21 i
56756.9 1.21073e-18 8.06704e-21 i
56757.9 1.15545e-18 7.75061e-21 i
56758.9 1.10269e-18 7.44627e-21 i
56759.9 1.05233e-18 7.15356e-21 i
56760.9 1.00428e-18 6.87206e-21 i
56761.9 9.58425e-19 6.60135e-21 i
56762.9 9.14662e-19 6.34104e-21 i
56763.9 8.72896e-19 6.09074e-21 i
56764.9 8.33038e-19 5.85008e-21 i
56765.9 7.95e-19 5.61869e-21 i
56766.9 7.58699e-19 5.39625e-21 i
56767.9 7.24055e-19 5.1824e-21 i
56768.9 6.90993e-19 4.97683e-21 i
56769.9 6.59441e-19 4.77923e-21 i
56770.9 6.2933e-19 4.5893e-21 i
56771.9 6.00593e-19 4.40676e-21 i
56772.9 5.73169e-19 4.23131e-21 i
56773.9 5.46997e-19 4.0627e-21 i
56774.9 5.2202e-19 3.90067e-21 i
56775.9 4.98184e-19 3.74496e-21 i
56776.9 4.75436e-19 3.59534e-21 i
56777.9 4.53726e-19 3.45158e-21 i
56778.9 4.33008e-19 3.31345e-21 i
56779.9 4.13236e-19 3.18074e-21 i
56780.9 3.94367e-19 3.05324e-21 i
56781.9 3.76359e-19 2.93075e-21 i
56782.9 3.59174e-19 2.81309e-21 i
56783.9 3.42774e-19 2.70006e-21 i
56784.9 3.27122e-19 2.59148e-21 i
56785.9 3.12185e-19 2.4872e-21 i
56786.9 2.9793e-19 2.38703e-21 i
56787.9 2.84326e-19 2.29083e-21 i
56788.9 2.71343e-19 2.19843e-21 i
56789.9 2.58953e-19 2.1097e-21 i
56790.9 2.47129e-19 2.02448e-21 i
56791.9 2.35844e-19 1.94265e-21 i
56792.9 2.25075e-19 1.86407e-21 i
56793.9 2.14798e-19 1.78862e-21 i
56794.9 2.0499e-19 1.71618e-21 i
56795.9 1.95629e-19 1.64661e-21 i
56796.9 1.86697e-19 1.57983e-21 i
56797.9 1.78172e-19 1.51571e-21 i
56798.9 1.70036e-19 1.45415e-21 i
56799.9 1.62272e-19 1.39505e-21 i
56800.9 1.54862e-19 1.33832e-21 i
56801.9 1.47791e-19 1.28386e-21 i
56802.9 1.41042e-19 1.23159e-21 i
56803.9 1.34602e-19 1.18141e-21 i
56804.9 1.28456e-19 1.13324e-21 i
56805.9 1.2259e-19 1.08702e-21 i
56806.9 1.16993e-19 1.04265e-21 i
56807.9 1.11651e-19 1.00006e-21 i
56808.9 1.06552e-19 9.59193e-22 i
56809.9 1.01687e-19 9.19972e-22 i
56810.9 9.70438e-20 8.82332e-22 i
56811.9 9.26126e-20 8.46212e-22 i
56812.9 8.83838e-20 8.11551e-22 i
56813.9 8.4348e-20 7.78291e-22 i
56814.9 8.04965e-20 7.46376e-22 i
56815.9 7.68209e-20 7.15753e-22 i
56816.9 7.33131e-20 6.86371e-22 i
56817.9 6.99655e-20 6.58179e-22 i
56818.9 6.67707e-20 6.31132e-22 i
56819.9 6.37218e-20 6.05182e-22 i
56820.9 6.08122e-20 5.80286e-22 i
56821.9 5.80354e-20 5.56401e-22 i
56822.9 5.53854e-20 5.33488e-22 i
56823.9 5.28564e-20 5.11508e-22 i
56824.9 5.04429e-20 4.90423e-22 i
56825.9 4.81395e-20 4.70196e-22 i
56826.9 4.59414e-20 4.50795e-22 i
56827.9 4.38436e-20 4.32184e-22 i
56828.9 4.18416e-20 4.14334e-22 i
56829.9 3.99311e-20 3.97213e-22 i
56830.9 3.81077e-20 3.80791e-22 i
56831.9 3.63677e-20 3.65041e-22 i
56832.9 3.47071e-20 3.49935e-22 i
56833.9 3.31223e-20 3.35448e-22 i
56834.9 3.16098e-20 3.21554e-22 i
56835.9 3.01665e-20 3.08229e-22 i
56836.9 2.8789e-20 2.95451e-22 i
56837.9 2.74745e-20 2.83198e-22 i
56838.9 2.62199e-20 2.71447e-22 i
56839.9 2.50227e-20 2.60179e-22 i
56840.9 2.38801e-20 2.49374e-22 i
56841.9 2.27897e-20 2.39013e-22 i
56842.9 2.17491e-20 2.29079e-22 i
56843.9 2.0756e-20 2.19554e-22 i
56844.9 1.98082e-20 2.1042e-22 i
56845.9 1.89037e-20 2.01663e-22 i
56846.9 1.80406e-20 1.93267e-22 i
56847.9 1.72168e-20 1.85218e-22 i
56848.9 1.64306e-20 1.775e-22 i
56849.9 1.56804e-20 1.70102e-22 i
56850.9 1.49644e-20 1.63008e-22 i
56851.9 1.42811e-20 1.56208e-22 i
56852.9 1.3629e-20 1.49689e-22 i
56853.9 1.30067e-20 1.4344e-22 i
56854.9 1.24128e-20 1.37449e-22 i
56855.9 1.1846e-20 1.31707e-22 i
56856.9 1.13051e-20 1.26202e-22 i
56857.9 1.07888e-20 1.20925e-22 i
56858.9 1.02962e-20 1.15867e-22 i
56859.9 9.82607e-21 1.11019e-22 i
56860.9 9.37739e-21 1.06372e-22 i
56861.9 8.9492e-21 1.01918e-22 i
56862.9 8.54056e-21 9.76488e-23 i
56863.9 8.15059e-21 9.35571e-23 i
56864.9 7.77842e-21 8.96354e-23 i
56865.9 7.42324e-21 8.58768e-23 i
56866.9 7.08428e-21 8.22746e-23 i
56867.9 6.7608e-21 7.88223e-23 i
56868.9 6.45209e-21 7.55138e-23 i
56869.9 6.15748e-21 7.2343e-23 i
56870.9 5.87631e-21 6.93044e-23 i
56871.9 5.60799e-21 6.63924e-23 i
56872.9 5.35192e-21 6.36019e-23 i
56873.9 5.10754e-21 6.09278e-23 i
56874.9 4.87432e-21 5.83653e-23 i
56875.9 4.65175e-21 5.59097e-23 i
56876.9 4.43935e-21 5.35568e-23 i
56877.9 4.23664e-21 5.13021e-23 i
56878.9 4.04318e-21 4.91417e-23 i
56879.9 3.85857e-21 4.70716e-23 i
56880.9 3.68238e-21 4.50881e-23 i
56881.9 3.51423e-21 4.31876e-23 i
56882.9 3.35377e-21 4.13666e-23 i
56883.9 3.20063e-21 3.96219e-23 i
56884.9 3.05448e-21 3.79503e-23 i
56885.9 2.91501e-21 3.63487e-23 i
56886.9 2.7819e-21 3.48143e-23 i
56887.9 2.65488e-21 3.33442e-23 i
56888.9 2.53365e-21 3.19358e-23 i
56889.9 2.41796e-21 3.05865e-23 i
56890.9 2.30755e-21 2.92938e-23 i
56891.9 2.20218e-21 2.80554e-23 i
56892.9 2.10163e-21 2.6869e-23 i
56893.9 2.00567e-21 2.57325e-23 i
56894.9 1.91408e-21 2.46437e-23 i
56895.9 1.82668e-21 2.36007e-23 i
56896.9 1.74327e-21 2.26016e-23 i
56897.9 1.66367e-21 2.16445e-23 i
56898.9 1.58771e-21 2.07277e-23 i
56899.9 1.51521e-21 1.98495e-23 i
56900.9 1.44602e-21 1.90083e-23 i
56901.9 1.37999e-21 1.82025e-23 i
56902.9 1.31698e-21 1.74307e-23 i
56903.9 1.25685e-21 1.66914e-23 i
56904.9 1.19946e-21 1.59833e-23 i
56905.9 1.14469e-21 1.5305e-23 i
56485.8 1.43848e-14 1.84103e-17 r
56486.8 1.46817e-14 1.78985e-17 r
56487.8 1.49826e-14 1.73673e-17 r
56488.8 1.52876e-14 1.68175e-17 r
56489.8 1.55964e-14 1.62504e-17 r
56490.8 1.59089e-14 1.56674e-17 r
56491.8 1.62248e-14 1.50704e-17 r
56492.8 1.6544e-14 1.44616e-17 r
56493.8 1.68662e-14 1.38438e-17 r
56494.8 1.71911e-14 1.32201e-17 r
56495.8 1.75185e-14 1.25947e-17 r
56496.8 1.7848e-14 1.19721e-17 r
56497.8 1.81792e-14 1.13582e-17 r
56498.8 1.85118e-14 1.07596e-17 r
56499.8 1.88452e-14 1.01843e-17 r
56500.8 1.91791e-14 9.6417e-18 r
56501.8 1.95129e-14 9.14235e-18 r
56502.8 1.9846e-14 8.69797e-18 r
56503.8 2.01779e-14 8.32088e-18 r
56504.8 2.05078e-14 8.02309e-18 r
56505.8 2.08352e-14 7.81489e-18 r
56506.8 2.11592e-14 7.70336e-18 r
56507.8 2.14791e-14 7.69091e-18 r
56508.8 2.17942e-14 7.77457e-18 r
56509.8 2.21034e-14 7.94626e-18 r
56510.8 2.24059e-14 8.19391e-18 r
56511.8 2.27008e-14 8.50303e-18 r
56512.8 2.2987e-14 8.85818e-18 r
56513.8 2.32636e-14 9.2442e-18 r
56514.8 2.35294e-14 9.64685e-18 r
56515.8 2.37835e-14 1.00532e-17 r
56516.8 2.40248e-14 1.04517e-17 r
56517.8 2.4252e-14 1.08323e-17 r
56518.8 2.44641e-14 1.11862e-17 r
56519.8 2.466e-14 1.15057e-17 r
56520.8 2.48386e-14 1.17844e-17 r
56521.8 2.49988e-14 1.2017e-17 r
56522.8 2.51395e-14 1.21991e-17 r
56523.8 2.52598e-14 1.23276e-17 r
56524.8 2.53586e-14 1.24003e-17 r
56525.8 2.54351e-14 1.24162e-17 r
56526.8 2.54884e-14 1.23751e-17 r
56527.8 2.55178e-14 1.22784e-17 r
56528.8 2.55226e-14 1.21283e-17 r
56529.8 2.55024e-14 1.19284e-17 r
56530.8 2.54565e-14 1.16835e-17 r
56531.8 2.53848e-14 1.13996e-17 r
56532.8 2.52871e-14 1.10839e-17 r
56533.8 2.51633e-14 1.07449e-17 r
56534.8 2.50135e-14 1.03922e-17 r
56535.8 2.48379e-14 1.00365e-17 r
56536.8 2.4637e-14 9.68894e-18 r
56537.8 2.44111e-14 9.36136e-18 r
56538.8 2.4161e-14 9.06529e-18 r
56539.8 2.38874e-14 8.81145e-18 r
56540.8 2.35913e-14 8.60885e-18 r
56541.8 2.32736e-14 8.46394e-18 r
56542.8 2.29355e-14 8.37993e-18 r
56543.8 2.25782e-14 8.35638e-18 r
56544.8 2.2203e-14 8.38931e-18 r
56545.8 2.18113e-14 8.47173e-18 r
56546.8 2.14044e-14 8.59447e-18 r
56547.8 2.09839e-14 8.7472e-18 r
56548.8 2.05513e-14 8.9193e-18 r
56549.8 2.01079e-14 9.10056e-18 r
56550.8 1.96555e-14 9.28169e-18 r
56551.8 1.91954e-14 9.45458e-18 r
56552.8 1.87291e-14 9.61243e-18 r
56553.8 1.82581e-14 9.74976e-18 r
56554.8 1.77838e-14 9.86233e-18 r
56555.8 1.73075e-14 9.94704e-18 r
56556.8 1.68305e-14 1.00018e-17 r
56557.8 1.63539e-14 1.00256e-17 r
56558.8 1.58791e-14 1.00178e-17 r
56559.8 1.5407e-14 9.97878e-18 r
56560.8 1.49386e-14 9.90935e-18 r
56561.8 1.44749e-14 9.81073e-18 r
56562.8 1.40166e-14 9.68451e-18 r
56563.8 1.35646e-14 9.53256e-18 r
56564.8 1.31196e-14 9.35693e-18 r
56565.8 1.26821e-14 9.1598e-18 r
56566.8 1.22527e-14 8.94345e-18 r
56567.8 1.18319e-14 8.71017e-18 r
56568.8 1.142e-14 8.46225e-18 r
56569.8 1.10174e-14 8.20194e-18 r
56570.8 1.06244e-14 7.93142e-18 r
56571.8 1.02412e-14 7.65277e-18 r
56572.8 9.86788e-15 7.36797e-18 r
56573.8 9.50467e-15 7.07888e-18 r
56574.8 9.15159e-15 6.78724e-18 r
56575.8 8.80869e-15 6.49465e-18 r
56576.8 8.47597e-15 6.20257e-18 r
56577.8 8.15337e-15 5.91234e-18 r
56578.8 7.84084e-15 5.62515e-18 r
56579.8 7.53828e-15 5.34208e-18 r
56580.8 7.24557e-15 5.06406e-18 r
56581.8 6.96257e-15 4.79194e-18 r
56582.8 6.68913e-15 4.52643e-18 r
56583.8 6.42507e-15 4.26813e-18 r
56584.8 6.17021e-15 4.01757e-18 r
56585.8 5.92435e-15 3.77518e-18 r
56586.8 5.68728e-15 3.54129e-18 r
56587.8 5.45879e-15 3.31619e-18 r
56588.8 5.23866e-15 3.10008e-18 r
56589.8 5.02667e-15 2.89311e-18 r
56590.8 4.8226e-15 2.69539e-18 r
56591.8 4.6262e-15 2.50696e-18 r
56592.8 4.43727e-15 2.32784e-18 r
56593.8 4.25556e-15 2.15803e-18 r
56594.8 4.08085e-15 1.99748e-18 r
56595.8 3.91292e-15 1.84615e-18 r
56596.8 3.75154e-15 1.70398e-18 r
56597.8 3.5965e-15 1.57088e-18 r
56598.8 3.44758e-15 1.4468e-18 r
56599.8 3.30456e-15 1.33165e-18 r
56600.8 3.16724e-15 1.22538e-18 r
56601.8 3.03542e-15 1.12793e-18 r
56602.8 2.9089e-15 1.03923e-18 r
56603.8 2.78748e-15 9.59248e-19 r
56604.8 2.67098e-15 8.87895e-19 r
56605.8 2.55921e-15 8.25078e-19 r
56606.8 2.45199e-15 7.70644e-19 r
56607.8 2.34915e-15 7.24364e-19 r
56608.8 2.25053e-15 6.85907e-19 r
56609.8 2.15596e-15 6.5482e-19 r
56610.8 2.06529e-15 6.30523e-19 r
56611.8 1.97835e-15 6.12323e-19 r
56612.8 1.89501e-15 5.99442e-19 r
56613.8 1.81512e-15 5.91058e-19 r
56614.8 1.73855e-15 5.86349e-19 r
56615.8 1.66516e-15 5.84536e-19 r
56616.8 1.59483e-15 5.84907e-19 r
56617.8 1.52743e-15 5.86839e-19 r
56618.8 1.46285e-15 5.89801e-19 r
56619.8 1.40097e-15 5.93354e-19 r
56620.8 1.34167e-15 5.97142e-19 r
56621.8 1.28487e-15 6.00886e-19 r
56622.8 1.23044e-15 6.04369e-19 r
56623.8 1.1783e-15 6.07427e-19 r
56624.8 1.12836e-15 6.0994e-19 r
56625.8 1.08051e-15 6.11825e-19 r
56626.8 1.03468e-15 6.13028e-19 r
56627.8 9.90783e-16 6.13517e-19 r
56628.8 9.48735e-16 6.13277e-19 r
56629.8 9.08462e-16 6.12309e-19 r
56630.8 8.69888e-16 6.10625e-19 r
56631.8 8.32945e-16 6.08244e-19 r
56632.8 7.97563e-16 6.05191e-19 r
56633.8 7.63677e-16 6.01498e-19 r
56634.8 7.31226e-16 5.97198e-19 r
56635.8 7.00148e-16 5.92326e-19 r
56636.8 6.70386e-16 5.8692e-19 r
56637.8 6.41885e-16 5.81018e-19 r
56638.8 6.14591e-16 5.74657e-19 r
56639.8 5.88455e-16 5.67874e-19 r
56640.8 5.63428e-16 5.60706e-19 r
56641.8 5.39462e-16 5.53188e-19 r
56642.8 5.16513e-16 5.45356e-19 r
56643.8 4.94538e-16 5.37243e-19 r
56644.8 4.73496e-16 5.2888e-19 r
56645.8 4.53347e-16 5.20298e-19 r
56646.8 4.34055e-16 5.11527e-19 r
56647.8 4.15582e-16 5.02592e-19 r
56648.8 3.97894e-16 4.93522e-19 r
56649.8 3.80957e-16 4.84339e-19 r
56650.8 3.64741e-16 4.75068e-19 r
56651.8 3.49213e-16 4.65729e-19 r
56652.8 3.34346e-16 4.56343e-19 r
56653.8 3.20112e-16 4.46929e-19 r
56654.8 3.06482e-16 4.37505e-19 r
56655.8 2.93432e-16 4.28087e-19 r
56656.8 2.80938e-16 4.1869e-19 r
56657.8 2.68975e-16 4.09328e-19 r
56658.8 2.57521e-16 4.00014e-19 r
56659.8 2.46554e-16 3.9076e-19 r
56660.8 2.36054e-16 3.81577e-19 r
56661.8 2.26001e-16 3.72475e-19 r
56662.8 2.16376e-16 3.63462e-19 r
56663.8 2.0716e-16 3.54547e-19 r
56664.8 1.98337e-16 3.45738e-19 r
56665.8 1.89889e-16 3.37041e-19 r
56666.8 1.81801e-16 3.28462e-19 r
56667.8 1.74057e-16 3.20006e-19 r
56668.8 1.66643e-16 3.11678e-19 r
56669.8 1.59545e-16 3.03483e-19 r
56670.8 1.52749e-16 2.95423e-19 r
56671.8 1.46242e-16 2.87502e-19 r
56672.8 1.40012e-16 2.79722e-19 r
56673.8 1.34048e-16 2.72085e-19 r
56674.8 1.28338e-16 2.64594e-19 r
56675.8 1.22871e-16 2.57248e-19 r
56676.8 1.17636e-16 2.50051e-19 r
56677.8 1.12625e-16 2.43001e-19 r
56678.8 1.07827e-16 2.36099e-19 r
56679.8 1.03233e-16 2.29346e-19 r
56680.8 9.88354e-17 2.22741e-19 r
56681.8 9.46247e-17 2.16283e-19 r
56682.8 9.05935e-17 2.09972e-19 r
56683.8 8.67339e-17 2.03808e-19 r
56684.8 8.30388e-17 1.97788e-19 r
56685.8 7.95011e-17 1.91912e-19 r
56686.8 7.6114e-17 1.86179e-19 r
56687.8 7.28713e-17 1.80586e-19 r
56688.8 6.97666e-17 1.75132e-19 r
56689.8 6.67943e-17 1.69816e-19 r
56690.8 6.39485e-17 1.64636e-19 r
56691.8 6.1224e-17 1.59589e-19 r
56692.8 5.86156e-17 1.54674e-19 r
56693.8 5.61183e-17 1.49888e-19 r
56694.8 5.37273e-17 1.4523e-19 r
56485.9 9.25649e-14 5.58994e-16 u
56486.9 8.753e-14 5.1918e-16 u
56487.9 8.27674e-14 4.8204e-16 u
56488.9 7.82625e-14 4.47403e-16 u
56489.9 7.40014e-14 4.15107e-16 u
56490.9 6.9971e-14 3.85e-16 u
56491.9 6.61588e-14 3.5694e-16 u
56492.9 6.25532e-14 3.30795e-16 u
56493.9 5.9143e-14 3.0644e-16 u
56494.9 5.59176e-14 2.83759e-16 u
56495.9 5.28671e-14 2.6264e-16 u
56496.9 4.9982e-14 2.42983e-16 u
56497.9 4.72535e-14 2.24692e-16 u
56498.9 4.46731e-14 2.07675e-16 u
56499.9 4.22327e-14 1.9185e-16 u
56500.9 3.99249e-14 1.77137e-16 u
56501.9 3.77425e-14 1.63463e-16 u
56502.9 3.56786e-14 1.50758e-16 u
56503.9 3.37269e-14 1.38958e-16 u
56504.9 3.18814e-14 1.28002e-16 u
56505.9 3.01362e-14 1.17833e-16 u
56506.9 2.8486e-14 1.084e-16 u
56507.9 2.69256e-14 9.96517e-17 u
56508.9 2.54502e-14 9.15424e-17 u
56509.9 2.40551e-14 8.40289e-17 u
56510.9 2.2736e-14 7.70705e-17 u
56511.9 2.14888e-14 7.06297e-17 u
56512.9 2.03096e-14 6.46709e-17 u
56513.9 1.91947e-14 5.91613e-17 u
56514.9 1.81407e-14 5.407e-17 u
56515.9 1.71442e-14 4.93684e-17 u
56516.9 1.6202e-14 4.50296e-17 u
56517.9 1.53113e-14 4.10286e-17 u
56518.9 1.44693e-14 3.73421e-17 u
56519.9 1.36733e-14 3.39485e-17 u
56520.9 1.29208e-14 3.08275e-17 u
56521.9 1.22095e-14 2.79603e-17 u
56522.9 1.1537e-14 2.53295e-17 u
56523.9 1.09014e-14 2.2919e-17 u
56524.9 1.03006e-14 2.07137e-17 u
56525.9 9.73264e-15 1.86998e-17 u
56526.9 9.19582e-15 1.68644e-17 u
56527.9 8.68842e-15 1.51959e-17 u
56528.9 8.20884e-15 1.36833e-17 u
56529.9 7.75556e-15 1.23167e-17 u
56530.9 7.32714e-15 1.10871e-17 u
56531.9 6.92224e-15 9.98606e-18 u
56532.9 6.53956e-15 9.00596e-18 u
56533.9 6.17791e-15 8.13969e-18 u
56534.9 5.83612e-15 7.38051e-18 u
56535.9 5.51312e-15 6.72189e-18 u
56536.9 5.20787e-15 6.15728e-18 u
56537.9 4.91942e-15 5.67987e-18 u
56538.9 4.64684e-15 5.28235e-18 u
56539.9 4.38926e-15 4.95687e-18 u
56540.9 4.14586e-15 4.69499e-18 u
56541.9 3.91587e-15 4.48789e-18 u
56542.9 3.69856e-15 4.32667e-18 u
56543.9 3.49322e-15 4.2027e-18 u
56544.9 3.29921e-15 4.10798e-18 u
56545.9 3.1159e-15 4.03537e-18 u
56546.9 2.94271e-15 3.97875e-18 u
56547.9 2.77907e-15 3.93305e-18 u
56548.9 2.62448e-15 3.8942e-18 u
56549.9 2.47843e-15 3.85902e-18 u
56550.9 2.34045e-15 3.82509e-18 u
56551.9 2.2101e-15 3.79063e-18 u
56552.9 2.08696e-15 3.75439e-18 u
56553.9 1.97064e-15 3.71552e-18 u
56554.9 1.86075e-15 3.67347e-18 u
56555.9 1.75695e-15 3.62797e-18 u
56556.9 1.6589e-15 3.57892e-18 u
56557.9 1.56629e-15 3.52634e-18 u
56558.9 1.47881e-15 3.47038e-18 u
56559.9 1.39618e-15 3.41125e-18 u
56560.9 1.31814e-15 3.34919e-18 u
56561.9 1.24443e-15 3.28449e-18 u
56562.9 1.17482e-15 3.21746e-18 u
56563.9 1.10907e-15 3.14839e-18 u
56564.9 1.04697e-15 3.07761e-18 u
56565.9 9.88332e-16 3.00541e-18 u
56566.9 9.32952e-16 2.93208e-18 u
56567.9 8.80654e-16 2.85789e-18 u
56568.9 8.31267e-16 2.78311e-18 u
56569.9 7.84631e-16 2.70799e-18 u
56570.9 7.40593e-16 2.63275e-18 u
56571.9 6.9901e-16 2.5576e-18 u
56572.9 6.59745e-16 2.48273e-18 u
56573.9 6.22671e-16 2.40832e-18 u
56574.9 5.87665e-16 2.33454e-18 u
56575.9 5.54614e-16 2.26152e-18 u
56576.9 5.23409e-16 2.18939e-18 u
56577.9 4.93947e-16 2.11828e-18 u
56578.9 4.66132e-16 2.04827e-18 u
56579.9 4.39873e-16 1.97946e-18 u
56580.9 4.15083e-16 1.91193e-18 u
56581.9 3.9168e-16 1.84573e-18 u
56582.9 3.69587e-16 1.78094e-18 u
56583.9 3.48732e-16 1.71758e-18 u
56584.9 3.29045e-16 1.65571e-18 u
56585.9 3.10462e-16 1.59534e-18 u
56586.9 2.92922e-16 1.53651e-18 u
56587.9 2.76365e-16 1.47923e-18 u
56588.9 2.60738e-16 1.42351e-18 u
56589.9 2.45988e-16 1.36934e-18 u
56590.9 2.32067e-16 1.31674e-18 u
56591.9 2.18928e-16 1.26569e-18 u
56592.9 2.06528e-16 1.21619e-18 u
56593.9 1.94826e-16 1.16822e-18 u
56594.9 1.83781e-16 1.12177e-18 u
56595.9 1.73359e-16 1.07681e-18 u
56596.9 1.63524e-16 1.03333e-18 u
56597.9 1.54242e-16 9.91306e-19 u
56598.9 1.45484e-16 9.50706e-19 u
56599.9 1.3722e-16 9.11505e-19 u
56600.9 1.29422e-16 8.73675e-19 u
56601.9 1.22064e-16 8.37187e-19 u
56602.9 1.15122e-16 8.02009e-19 u
56603.9 1.08571e-16 7.6811e-19 u
56604.9 1.02391e-16 7.35459e-19 u
56605.9 9.65603e-17 7.04022e-19 u
56606.9 9.10592e-17 6.73768e-19 u
56607.9 8.58694e-17 6.44663e-19 u
56608.9 8.09734e-17 6.16675e-19 u
56609.9 7.63546e-17 5.8977e-19 u
56610.9 7.19974e-17 5.63917e-19 u
56611.9 6.78873e-17 5.39083e-19 u
56612.9 6.40101e-17 5.15236e-19 u
56613.9 6.03529e-17 4.92344e-19 u
56614.9 5.69032e-17 4.70376e-19 u
56615.9 5.36494e-17 4.493e-19 u
56616.9 5.05804e-17 4.29088e-19 u
56617.9 4.76857e-17 4.09709e-19 u
56618.9 4.49556e-17 3.91135e-19 u
56619.9 4.23807e-17 3.73336e-19 u
56620.9 3.99524e-17 3.56285e-19 u
56621.9 3.76622e-17 3.39954e-19 u
56622.9 3.55024e-17 3.24318e-19 u
56623.9 3.34657e-17 3.09351e-19 u
56624.9 3.1545e-17 2.95026e-19 u
56625.9 2.97339e-17 2.81321e-19 u
56626.9 2.8026e-17 2.68211e-19 u
56627.9 2.64156e-17 2.55673e-19 u
56628.9 2.48971e-17 2.43685e-19 u
56629.9 2.34653e-17 2.32225e-19 u
56630.9 2.21153e-17 2.21272e-19 u
56631.9 2.08425e-17 2.10806e-19 u
56632.9 1.96424e-17 2.00807e-19 u
56633.9 1.8511e-17 1.91256e-19 u
56634.9 1.74444e-17 1.82135e-19 u
56635.9 1.64388e-17 1.73427e-19 u
56636.9 1.54908e-17 1.65113e-19 u
56637.9 1.45971e-17 1.57178e-19 u
56638.9 1.37546e-17 1.49605e-19 u
56639.9 1.29605e-17 1.4238e-19 u
56640.9 1.22119e-17 1.35487e-19 u
56641.9 1.15062e-17 1.28913e-19 u
56642.9 1.08411e-17 1.22643e-19 u
56643.9 1.02142e-17 1.16664e-19 u
56644.9 9.6233e-18 1.10965e-19 u
