55865.3 2.27762e-15 5.56899e-18 BessellU
55866.3 2.09491e-15 4.96785e-18 BessellU
55867.3 1.92682e-15 4.4285e-18 BessellU
55868.3 1.77218e-15 3.94493e-18 BessellU
55869.3 1.62993e-15 3.51167e-18 BessellU
55870.3 1.49906e-15 3.1238e-18 BessellU
55871.3 1.37867e-15 2.77683e-18 BessellU
55872.3 1.26793e-15 2.46672e-18 BessellU
55873.3 1.16606e-15 2.18984e-18 BessellU
55874.3 1.07236e-15 1.94286e-18 BessellU
55875.3 9.86161e-16 1.72281e-18 BessellU
55876.3 9.06877e-16 1.52699e-18 BessellU
55877.3 8.3395e-16 1.35297e-18 BessellU
55878.3 7.66873e-16 1.19855e-18 BessellU
55879.3 7.05177e-16 1.06175e-18 BessellU
55880.3 6.48431e-16 9.40781e-19 BessellU
55881.3 5.9624e-16 8.3402e-19 BessellU
55882.3 5.48239e-16 7.40009e-19 BessellU
55883.3 5.04091e-16 6.57425e-19 BessellU
55884.3 4.6349e-16 5.85072e-19 BessellU
55885.3 4.26149e-16 5.2186e-19 BessellU
55886.3 3.91809e-16 4.66799e-19 BessellU
55887.3 3.60229e-16 4.18982e-19 BessellU
55888.3 3.31187e-16 3.77577e-19 BessellU
55889.3 3.04481e-16 3.41819e-19 BessellU
55890.3 2.79922e-16 3.11003e-19 BessellU
55891.3 2.57338e-16 2.8448e-19 BessellU
55892.3 2.36572e-16 2.61653e-19 BessellU
55893.3 2.17477e-16 2.4198e-19 BessellU
55894.3 1.99918e-16 2.24971e-19 BessellU
55895.3 1.83774e-16 2.10192e-19 BessellU
55896.3 1.68929e-16 1.97259e-19 BessellU
55897.3 1.55281e-16 1.85845e-19 BessellU
55898.3 1.42732e-16 1.75671e-19 BessellU
55899.3 1.31194e-16 1.66505e-19 BessellU
55900.3 1.20586e-16 1.58156e-19 BessellU
55901.3 1.10834e-16 1.5047e-19 BessellU
55902.3 1.01868e-16 1.43326e-19 BessellU
55903.3 9.36252e-17 1.36628e-19 BessellU
55904.3 8.60476e-17 1.303e-19 BessellU
55905.3 7.90815e-17 1.24287e-19 BessellU
55906.3 7.26778e-17 1.18546e-19 BessellU
55907.3 6.67911e-17 1.13044e-19 BessellU
55908.3 6.13798e-17 1.07758e-19 BessellU
55909.3 5.64057e-17 1.0267e-19 BessellU
55910.3 5.18335e-17 9.77682e-20 BessellU
55911.3 4.76309e-17 9.3043e-20 BessellU
55912.3 4.3768e-17 8.84879e-20 BessellU
55913.3 4.02175e-17 8.40981e-20 BessellU
55914.3 3.69541e-17 7.987e-20 BessellU
55915.3 3.39548e-17 7.58006e-20 BessellU
55916.3 3.11982e-17 7.18873e-20 BessellU
55917.3 2.86647e-17 6.81278e-20 BessellU
55918.3 2.63364e-17 6.45198e-20 BessellU
55919.3 2.41966e-17 6.10609e-20 BessellU
55920.3 2.22301e-17 5.77484e-20 BessellU
55921.3 2.0423e-17 5.45796e-20 BessellU
55922.3 1.87624e-17 5.15515e-20 BessellU
55923.3 1.72363e-17 4.86609e-20 BessellU
55924.3 1.58341e-17 4.59045e-20 BessellU
55925.3 1.45455e-17 4.32786e-20 BessellU
55926.3 1.33615e-17 4.07796e-20 BessellU
55927.3 1.22736e-17 3.84034e-20 BessellU
55928.3 1.1274e-17 3.61463e-20 BessellU
55929.3 1.03556e-17 3.4004e-20 BessellU
55930.3 9.51176e-18 3.19726e-20 BessellU
55931.3 8.73647e-18 3.00478e-20 BessellU
55932.3 8.02418e-18 2.82254e-20 BessellU
55933.3 7.36979e-18 2.65014e-20 BessellU
55934.3 6.7686e-18 2.48716e-20 BessellU
55935.3 6.2163e-18 2.3332e-20 BessellU
55865.1 7.30015e-18 3.97975e-20 BessellI
55866.1 9.62163e-18 4.91469e-20 BessellI
55867.1 1.26788e-17 6.0405e-20 BessellI
55868.1 1.67025e-17 7.38338e-20 BessellI
55869.1 2.19944e-17 8.96664e-20 BessellI
55870.1 2.89469e-17 1.08062e-19 BessellI
55871.1 3.80677e-17 1.29036e-19 BessellI
55872.1 5.00085e-17 1.52363e-19 BessellI
55873.1 6.5597e-17 1.77436e-19 BessellI
55874.1 8.58676e-17 2.03089e-19 BessellI
55875.1 1.12084e-16 2.27398e-19 BessellI
55876.1 1.45737e-16 2.4751e-19 BessellI
55877.1 1.88498e-16 2.59618e-19 BessellI
55878.1 2.42084e-16 2.59338e-19 BessellI
55879.1 3.08002e-16 2.42982e-19 BessellI
55880.1 3.87122e-16 2.10859e-19 BessellI
55881.1 4.79106e-16 1.75473e-19 BessellI
55882.1 5.81795e-16 1.72914e-19 BessellI
55883.1 6.90801e-16 2.28739e-19 BessellI
55884.1 7.99645e-16 3.15256e-19 BessellI
55885.1 9.00667e-16 4.01735e-19 BessellI
55886.1 9.8656e-16 4.74698e-19 BessellI
55887.1 1.05196e-15 5.32882e-19 BessellI
55888.1 1.09444e-15 5.79682e-19 BessellI
55889.1 1.11447e-15 6.16584e-19 BessellI
55890.1 1.11473e-15 6.41598e-19 BessellI
55891.1 1.09902e-15 6.51827e-19 BessellI
55892.1 1.07137e-15 6.46081e-19 BessellI
55893.1 1.03545e-15 6.2558e-19 BessellI
55894.1 9.94255e-16 5.93271e-19 BessellI
55895.1 9.50118e-16 5.52827e-19 BessellI
55896.1 9.04738e-16 5.07885e-19 BessellI
55897.1 8.59308e-16 4.61636e-19 BessellI
55898.1 8.14635e-16 4.16682e-19 BessellI
55899.1 7.71242e-16 3.75049e-19 BessellI
55900.1 7.29451e-16 3.38244e-19 BessellI
55901.1 6.89441e-16 3.07309e-19 BessellI
55902.1 6.51299e-16 2.82828e-19 BessellI
55903.1 6.15045e-16 2.64904e-19 BessellI
55904.1 5.80659e-16 2.53151e-19 BessellI
55905.1 5.48094e-16 2.46753e-19 BessellI
55906.1 5.17286e-16 2.44627e-19 BessellI
55907.1 4.88164e-16 2.45613e-19 BessellI
55908.1 4.60651e-16 2.48641e-19 BessellI
55909.1 4.34667e-16 2.52826e-19 BessellI
55910.1 4.10134e-16 2.57488e-19 BessellI
55911.1 3.86976e-16 2.62137e-19 BessellI
55912.1 3.65119e-16 2.66437e-19 BessellI
55913.1 3.44493e-16 2.70172e-19 BessellI
55914.1 3.25029e-16 2.73211e-19 BessellI
55915.1 3.06662e-16 2.75487e-19 BessellI
55916.1 2.89332e-16 2.76976e-19 BessellI
55917.1 2.7298e-16 2.77684e-19 BessellI
55918.1 2.57552e-16 2.77638e-19 BessellI
55919.1 2.42996e-16 2.76876e-19 BessellI
55920.1 2.29262e-16 2.75447e-19 BessellI
55921.1 2.16304e-16 2.73402e-19 BessellI
55922.1 2.04078e-16 2.70795e-19 BessellI
55923.1 1.92543e-16 2.67679e-19 BessellI
55924.1 1.8166e-16 2.64109e-19 BessellI
55925.1 1.71392e-16 2.60134e-19 BessellI
55926.1 1.61705e-16 2.55805e-19 BessellI
55927.1 1.52565e-16 2.51167e-19 BessellI
55928.1 1.43941e-16 2.46263e-19 BessellI
55929.1 1.35805e-16 2.41135e-19 BessellI
55930.1 1.28129e-16 2.35819e-19 BessellI
55931.1 1.20887e-16 2.3035e-19 BessellI
55932.1 1.14054e-16 2.2476e-19 BessellI
55933.1 1.07607e-16 2.19077e-19 BessellI
55934.1 1.01525e-16 2.1333e-19 BessellI
55935.1 9.57867e-17 2.07541e-19 BessellI
55936.1 9.03726e-17 2.01732e-19 BessellI
55937.1 8.52644e-17 1.95924e-19 BessellI
55938.1 8.04451e-17 1.90133e-19 BessellI
55939.1 7.58981e-17 1.84376e-19 BessellI
55940.1 7.16081e-17 1.78666e-19 BessellI
55941.1 6.75606e-17 1.73016e-19 BessellI
55942.1 6.37419e-17 1.67438e-19 BessellI
55943.1 6.0139e-17 1.6194e-19 BessellI
55944.1 5.67398e-17 1.56531e-19 BessellI
55945.1 5.35327e-17 1.51219e-19 BessellI
55946.1 5.05069e-17 1.46008e-19 BessellI
55947.1 4.76521e-17 1.40906e-19 BessellI
55948.1 4.49587e-17 1.35915e-19 BessellI
55949.1 4.24175e-17 1.31039e-19 BessellI
55950.1 4.00199e-17 1.26282e-19 BessellI
55951.1 3.77579e-17 1.21645e-19 BessellI
55952.1 3.56237e-17 1.17129e-19 BessellI
55953.1 3.36101e-17 1.12736e-19 BessellI
55954.1 3.17104e-17 1.08466e-19 BessellI
55955.1 2.99181e-17 1.04319e-19 BessellI
55956.1 2.8227e-17 1.00295e-19 BessellI
55957.1 2.66315e-17 9.63934e-20 BessellI
55958.1 2.51262e-17 9.26127e-20 BessellI
55959.1 2.3706e-17 8.89517e-20 BessellI
55960.1 2.23661e-17 8.54091e-20 BessellI
55961.1 2.11019e-17 8.19831e-20 BessellI
55962.1 1.99092e-17 7.86718e-20 BessellI
55963.1 1.87839e-17 7.54732e-20 BessellI
55964.1 1.77221e-17 7.2385e-20 BessellI
55965.1 1.67204e-17 6.9405e-20 BessellI
55966.1 1.57754e-17 6.65309e-20 BessellI
55967.1 1.48837e-17 6.376e-20 BessellI
55968.1 1.40424e-17 6.109e-20 BessellI
55969.1 1.32487e-17 5.85182e-20 BessellI
55970.1 1.24999e-17 5.60421e-20 BessellI
55971.1 1.17933e-17 5.36591e-20 BessellI
55972.1 1.11267e-17 5.13665e-20 BessellI
55973.1 1.04978e-17 4.91618e-20 BessellI
55974.1 9.90446e-18 4.70422e-20 BessellI
55975.1 9.34463e-18 4.50053e-20 BessellI
55976.1 8.81645e-18 4.30483e-20 BessellI
55977.1 8.31812e-18 4.11689e-20 BessellI
55978.1 7.84796e-18 3.93645e-20 BessellI
55979.1 7.40437e-18 3.76326e-20 BessellI
55980.1 6.98585e-18 3.59707e-20 BessellI
55981.1 6.591e-18 3.43765e-20 BessellI
55982.1 6.21845e-18 3.28477e-20 BessellI
55983.1 5.86697e-18 3.13818e-20 BessellI
55984.1 5.53535e-18 2.99768e-20 BessellI
55985.1 5.22248e-18 2.86304e-20 BessellI
55986.1 4.92729e-18 2.73404e-20 BessellI
55987.1 4.64879e-18 2.61048e-20 BessellI
55988.1 4.38603e-18 2.49216e-20 BessellI
55989.1 4.13812e-18 2.37887e-20 BessellI
55990.1 3.90422e-18 2.27043e-20 BessellI
55991.1 3.68354e-18 2.16665e-20 BessellI
55992.1 3.47534e-18 2.06735e-20 BessellI
55993.1 3.27891e-18 1.97235e-20 BessellI
55994.1 3.09357e-18 1.88149e-20 BessellI
55995.1 2.91872e-18 1.7946e-20 BessellI
55996.1 2.75374e-18 1.71152e-20 BessellI
55997.1 2.59809e-18 1.6321e-20 BessellI
55998.1 2.45124e-18 1.5562e-20 BessellI
55999.1 2.31269e-18 1.48365e-20 BessellI
56000.1 2.18197e-18 1.41434e-20 BessellI
56001.1 2.05864e-18 1.34813e-20 BessellI
56002.1 1.94228e-18 1.28488e-20 BessellI
56003.1 1.8325e-18 1.22447e-20 BessellI
56004.1 1.72892e-18 1.16679e-20 BessellI
56005.1 1.6312e-18 1.11172e-20 BessellI
56006.1 1.539e-18 1.05915e-20 BessellI
56007.1 1.45201e-18 1.00897e-20 BessellI
56008.1 1.36994e-18 9.61074e-21 BessellI
56009.1 1.29251e-18 9.15373e-21 BessellI
56010.1 1.21945e-18 8.71767e-21 BessellI
56011.1 1.15053e-18 8.30167e-21 BessellI
56012.1 1.08549e-18 7.90484e-21 BessellI
56013.1 1.02414e-18 7.52635e-21 BessellI
56014.1 9.66253e-19 7.1654e-21 BessellI
56015.1 9.11638e-19 6.82121e-21 BessellI
56016.1 8.6011e-19 6.49303e-21 BessellI
56017.1 8.11494e-19 6.18017e-21 BessellI
56018.1 7.65626e-19 5.88192e-21 BessellI
56019.1 7.22351e-19 5.59765e-21 BessellI
56020.1 6.81522e-19 5.32673e-21 BessellI
56021.1 6.43001e-19 5.06855e-21 BessellI
56022.1 6.06657e-19 4.82253e-21 BessellI
56023.1 5.72367e-19 4.58814e-21 BessellI
56024.1 5.40016e-19 4.36484e-21 BessellI
56025.1 5.09492e-19 4.15212e-21 BessellI
56026.1 4.80695e-19 3.9495e-21 BessellI
56027.1 4.53525e-19 3.75653e-21 BessellI
56028.1 4.2789e-19 3.57275e-21 BessellI
56029.1 4.03705e-19 3.39775e-21 BessellI
56030.1 3.80887e-19 3.23111e-21 BessellI
56031.1 3.59358e-19 3.07246e-21 BessellI
56032.1 3.39046e-19 2.92142e-21 BessellI
56033.1 3.19882e-19 2.77764e-21 BessellI
56034.1 3.01802e-19 2.64078e-21 BessellI
56035.1 2.84743e-19 2.51052e-21 BessellI
56036.1 2.68649e-19 2.38655e-21 BessellI
56037.1 2.53464e-19 2.26857e-21 BessellI
56038.1 2.39138e-19 2.1563e-21 BessellI
56039.1 2.25621e-19 2.04948e-21 BessellI
56040.1 2.12869e-19 1.94784e-21 BessellI
56041.1 2.00837e-19 1.85115e-21 BessellI
56042.1 1.89485e-19 1.75916e-21 BessellI
56043.1 1.78775e-19 1.67166e-21 BessellI
56044.1 1.6867e-19 1.58843e-21 BessellI
56045.1 1.59136e-19 1.50927e-21 BessellI
56046.1 1.50142e-19 1.43398e-21 BessellI
56047.1 1.41655e-19 1.36238e-21 BessellI
56048.1 1.33649e-19 1.2943e-21 BessellI
56049.1 1.26094e-19 1.22956e-21 BessellI
56050.1 1.18967e-19 1.168e-21 BessellI
56051.1 1.12243e-19 1.10947e-21 BessellI
56052.1 1.05899e-19 1.05383e-21 BessellI
56053.1 9.99131e-20 1.00093e-21 BessellI
56054.1 9.42657e-20 9.5065e-22 BessellI
56055.1 8.89376e-20 9.02852e-22 BessellI
56056.1 8.39107e-20 8.57421e-22 BessellI
56057.1 7.91678e-20 8.14242e-22 BessellI
56058.1 7.46931e-20 7.73204e-22 BessellI
56059.1 7.04713e-20 7.34204e-22 BessellI
56060.1 6.64881e-20 6.97143e-22 BessellI
56061.1 6.273e-20 6.61926e-22 BessellI
56062.1 5.91843e-20 6.28462e-22 BessellI
56063.1 5.58391e-20 5.96667e-22 BessellI
56064.1 5.2683e-20 5.66458e-22 BessellI
56065.1 4.97052e-20 5.37758e-22 BessellI
56066.1 4.68957e-20 5.10493e-22 BessellI
56067.1 4.42451e-20 4.84592e-22 BessellI
56068.1 4.17443e-20 4.59988e-22 BessellI
56069.1 3.93848e-20 4.36617e-22 BessellI
56070.1 3.71587e-20 4.14419e-22 BessellI
56071.1 3.50584e-20 3.93335e-22 BessellI
56072.1 3.30768e-20 3.7331e-22 BessellI
56073.1 3.12072e-20 3.54293e-22 BessellI
56074.1 2.94433e-20 3.36233e-22 BessellI
56075.1 2.77791e-20 3.19082e-22 BessellI
56076.1 2.6209e-20 3.02796e-22 BessellI
56077.1 2.47276e-20 2.87332e-22 BessellI
56078.1 2.33299e-20 2.72648e-22 BessellI
56079.1 2.20113e-20 2.58707e-22 BessellI
56080.1 2.07671e-20 2.4547e-22 BessellI
56081.1 1.95933e-20 2.32904e-22 BessellI
56082.1 1.84859e-20 2.20973e-22 BessellI
56083.1 1.7441e-20 2.09647e-22 BessellI
56084.1 1.64552e-20 1.98896e-22 BessellI
56085.1 1.55251e-20 1.8869e-22 BessellI
56086.1 1.46476e-20 1.79003e-22 BessellI
56087.1 1.38197e-20 1.69808e-22 BessellI
56088.1 1.30386e-20 1.6108e-22 BessellI
56089.1 1.23016e-20 1.52796e-22 BessellI
56090.1 1.16063e-20 1.44935e-22 BessellI
56091.1 1.09503e-20 1.37474e-22 BessellI
56092.1 1.03313e-20 1.30393e-22 BessellI
56093.1 9.74739e-21 1.23673e-22 BessellI
56094.1 9.19645e-21 1.17297e-22 BessellI
56095.1 8.67664e-21 1.11246e-22 BessellI
56096.1 8.18622e-21 1.05505e-22 BessellI
56097.1 7.72352e-21 1.00057e-22 BessellI
56098.1 7.28697e-21 9.48878e-23 BessellI
56099.1 6.87509e-21 8.99834e-23 BessellI
56100.1 6.4865e-21 8.53303e-23 BessellI
56101.1 6.11987e-21 8.09157e-23 BessellI
56102.1 5.77396e-21 7.67276e-23 BessellI
56103.1 5.4476e-21 7.27544e-23 BessellI
56104.1 5.13969e-21 6.89852e-23 BessellI
56105.1 4.84919e-21 6.54097e-23 BessellI
56106.1 4.5751e-21 6.20179e-23 BessellI
56107.1 4.31651e-21 5.88007e-23 BessellI
56108.1 4.07253e-21 5.57489e-23 BessellI
56109.1 3.84234e-21 5.28544e-23 BessellI
56110.1 3.62516e-21 5.01089e-23 BessellI
56111.1 3.42026e-21 4.75049e-23 BessellI
56112.1 3.22694e-21 4.50352e-23 BessellI
56113.1 3.04455e-21 4.26929e-23 BessellI
56114.1 2.87246e-21 4.04716e-23 BessellI
56115.1 2.71011e-21 3.83649e-23 BessellI
56116.1 2.55692e-21 3.63671e-23 BessellI
56117.1 2.4124e-21 3.44726e-23 BessellI
56118.1 2.27605e-21 3.2676e-23 BessellI
56119.1 2.1474e-21 3.09724e-23 BessellI
55865.1 1.01366e-19 2.29848e-21 BessellB
55866.1 1.87904e-19 3.98804e-21 BessellB
55867.1 3.48313e-19 6.88721e-21 BessellB
55868.1 6.45635e-19 1.18296e-20 BessellB
55869.1 1.19665e-18 2.01898e-20 BessellB
55870.1 2.21755e-18 3.41962e-20 BessellB
55871.1 4.108e-18 5.73794e-20 BessellB
55872.1 7.60482e-18 9.51436e-20 BessellB
55873.1 1.40589e-17 1.5531e-19 BessellB
55874.1 2.59197e-17 2.48083e-19 BessellB
55875.1 4.75305e-17 3.83907e-19 BessellB
55876.1 8.6249e-17 5.65822e-19 BessellB
55877.1 1.53408e-16 7.71384e-19 BessellB
55878.1 2.63083e-16 9.2683e-19 BessellB
55879.1 4.24204e-16 9.14436e-19 BessellB
55880.1 6.24036e-16 6.98376e-19 BessellB
55881.1 8.18986e-16 4.85516e-19 BessellB
55882.1 9.5875e-16 4.27092e-19 BessellB
55883.1 1.02361e-15 3.80987e-19 BessellB
55884.1 1.02717e-15 3.5141e-19 BessellB
55885.1 9.93557e-16 3.59082e-19 BessellB
55886.1 9.41858e-16 3.67229e-19 BessellB
55887.1 8.83448e-16 3.5805e-19 BessellB
55888.1 8.24174e-16 3.34393e-19 BessellB
55889.1 7.66765e-16 3.03368e-19 BessellB
55890.1 7.12367e-16 2.70517e-19 BessellB
55891.1 6.61369e-16 2.39178e-19 BessellB
55892.1 6.13807e-16 2.11087e-19 BessellB
55893.1 5.69566e-16 1.87005e-19 BessellB
55894.1 5.28468e-16 1.67125e-19 BessellB
55895.1 4.90314e-16 1.51304e-19 BessellB
55896.1 4.54904e-16 1.39183e-19 BessellB
55897.1 4.22048e-16 1.30259e-19 BessellB
55898.1 3.91562e-16 1.23943e-19 BessellB
55899.1 3.63277e-16 1.19634e-19 BessellB
55900.1 3.37035e-16 1.16768e-19 BessellB
55901.1 3.12688e-16 1.14865e-19 BessellB
55902.1 2.901e-16 1.13542e-19 BessellB
55903.1 2.69144e-16 1.12514e-19 BessellB
55904.1 2.49702e-16 1.11577e-19 BessellB
55905.1 2.31664e-16 1.10595e-19 BessellB
55906.1 2.14929e-16 1.09482e-19 BessellB
55907.1 1.99402e-16 1.0819e-19 BessellB
55908.1 1.84998e-16 1.06694e-19 BessellB
55909.1 1.71634e-16 1.0499e-19 BessellB
55910.1 1.59235e-16 1.03085e-19 BessellB
55911.1 1.47733e-16 1.00992e-19 BessellB
55912.1 1.37061e-16 9.87306e-20 BessellB
55913.1 1.2716e-16 9.63223e-20 BessellB
55914.1 1.17974e-16 9.37892e-20 BessellB
55915.1 1.09452e-16 9.11535e-20 BessellB
55916.1 1.01545e-16 8.84366e-20 BessellB
55917.1 9.42096e-17 8.5659e-20 BessellB
55918.1 8.7404e-17 8.28393e-20 BessellB
55919.1 8.10901e-17 7.99949e-20 BessellB
55920.1 7.52323e-17 7.71414e-20 BessellB
55921.1 6.97976e-17 7.42929e-20 BessellB
55922.1 6.47556e-17 7.14617e-20 BessellB
55923.1 6.00777e-17 6.86589e-20 BessellB
55924.1 5.57378e-17 6.58939e-20 BessellB
55925.1 5.17114e-17 6.3175e-20 BessellB
55926.1 4.79759e-17 6.05092e-20 BessellB
55927.1 4.45102e-17 5.79023e-20 BessellB
55928.1 4.12948e-17 5.53593e-20 BessellB
55929.1 3.83118e-17 5.28839e-20 BessellB
55930.1 3.55442e-17 5.04794e-20 BessellB
55931.1 3.29766e-17 4.81482e-20 BessellB
55932.1 3.05944e-17 4.58919e-20 BessellB
55933.1 2.83843e-17 4.37116e-20 BessellB
55934.1 2.63339e-17 4.16079e-20 BessellB
55935.1 2.44316e-17 3.95811e-20 BessellB
55936.1 2.26667e-17 3.76308e-20 BessellB
55937.1 2.10293e-17 3.57564e-20 BessellB
55938.1 1.95101e-17 3.39571e-20 BessellB
55939.1 1.81008e-17 3.22317e-20 BessellB
55940.1 1.67932e-17 3.05788e-20 BessellB
55941.1 1.55801e-17 2.89969e-20 BessellB
55942.1 1.44546e-17 2.74844e-20 BessellB
55943.1 1.34104e-17 2.60393e-20 BessellB
55944.1 1.24417e-17 2.46599e-20 BessellB
55945.1 1.15429e-17 2.33442e-20 BessellB
55946.1 1.07091e-17 2.209e-20 BessellB
55947.1 9.93547e-18 2.08954e-20 BessellB
55948.1 9.21775e-18 1.97583e-20 BessellB
55949.1 8.55188e-18 1.86765e-20 BessellB
55950.1 7.93411e-18 1.76481e-20 BessellB
55951.1 7.36096e-18 1.66709e-20 BessellB
55952.1 6.82922e-18 1.57428e-20 BessellB
55953.1 6.33589e-18 1.48619e-20 BessellB
55954.1 5.87819e-18 1.40263e-20 BessellB
55955.1 5.45356e-18 1.32338e-20 BessellB
55956.1 5.05961e-18 1.24827e-20 BessellB
55957.1 4.69411e-18 1.17711e-20 BessellB
55958.1 4.35502e-18 1.10973e-20 BessellB
55959.1 4.04042e-18 1.04594e-20 BessellB
55960.1 3.74855e-18 9.85574e-21 BessellB
55961.1 3.47776e-18 9.28478e-21 BessellB
55962.1 3.22653e-18 8.74491e-21 BessellB
55963.1 2.99345e-18 8.2346e-21 BessellB
55964.1 2.77721e-18 7.75241e-21 BessellB
55965.1 2.57659e-18 7.29693e-21 BessellB
55966.1 2.39046e-18 6.86682e-21 BessellB
55967.1 2.21778e-18 6.46079e-21 BessellB
55968.1 2.05757e-18 6.0776e-21 BessellB
55969.1 1.90893e-18 5.71606e-21 BessellB
55970.1 1.77104e-18 5.37506e-21 BessellB
55971.1 1.6431e-18 5.0535e-21 BessellB
55972.1 1.52441e-18 4.75036e-21 BessellB
55973.1 1.41429e-18 4.46465e-21 BessellB
55974.1 1.31212e-18 4.19544e-21 BessellB
55975.1 1.21733e-18 3.94183e-21 BessellB
55976.1 1.1294e-18 3.70298e-21 BessellB
55977.1 1.04781e-18 3.47806e-21 BessellB
55978.1 9.72119e-19 3.26632e-21 BessellB
55979.1 9.01895e-19 3.06703e-21 BessellB
55980.1 8.36744e-19 2.87949e-21 BessellB
55981.1 7.76299e-19 2.70304e-21 BessellB
55982.1 7.2022e-19 2.53706e-21 BessellB
55983.1 6.68193e-19 2.38096e-21 BessellB
55984.1 6.19924e-19 2.23417e-21 BessellB
55985.1 5.75142e-19 2.09617e-21 BessellB
55986.1 5.33595e-19 1.96645e-21 BessellB
55987.1 4.95049e-19 1.84453e-21 BessellB
55988.1 4.59287e-19 1.72997e-21 BessellB
55989.1 4.26109e-19 1.62234e-21 BessellB
55990.1 3.95328e-19 1.52123e-21 BessellB
55991.1 3.6677e-19 1.42626e-21 BessellB
55992.1 3.40275e-19 1.33707e-21 BessellB
55993.1 3.15694e-19 1.25333e-21 BessellB
55994.1 2.92889e-19 1.17471e-21 BessellB
55995.1 2.71731e-19 1.10091e-21 BessellB
55996.1 2.52102e-19 1.03164e-21 BessellB
55997.1 2.33891e-19 9.6664e-22 BessellB
55998.1 2.16995e-19 9.05644e-22 BessellB
55999.1 2.0132e-19 8.48417e-22 BessellB
56000.1 1.86777e-19 7.94732e-22 BessellB
56001.1 1.73284e-19 7.44377e-22 BessellB
56002.1 1.60766e-19 6.97149e-22 BessellB
56003.1 1.49153e-19 6.52861e-22 BessellB
56004.1 1.38378e-19 6.11334e-22 BessellB
56005.1 1.28382e-19 5.724e-22 BessellB
56006.1 1.19108e-19 5.359e-22 BessellB
56007.1 1.10504e-19 5.01688e-22 BessellB
56008.1 1.02521e-19 4.69622e-22 BessellB
56009.1 9.51154e-20 4.3957e-22 BessellB
56010.1 8.82445e-20 4.1141e-22 BessellB
56011.1 8.18698e-20 3.85025e-22 BessellB
56012.1 7.59557e-20 3.60305e-22 BessellB
56013.1 7.04688e-20 3.37148e-22 BessellB
56014.1 6.53783e-20 3.15456e-22 BessellB
56015.1 6.06555e-20 2.95138e-22 BessellB
56016.1 5.62738e-20 2.7611e-22 BessellB
56017.1 5.22087e-20 2.58291e-22 BessellB
56018.1 4.84373e-20 2.41606e-22 BessellB
56019.1 4.49382e-20 2.25983e-22 BessellB
56020.1 4.1692e-20 2.11357e-22 BessellB
56021.1 3.86802e-20 1.97665e-22 BessellB
56022.1 3.58861e-20 1.84848e-22 BessellB
56023.1 3.32937e-20 1.72851e-22 BessellB
56024.1 3.08886e-20 1.61624e-22 BessellB
56025.1 2.86573e-20 1.51116e-22 BessellB
56026.1 2.65871e-20 1.41283e-22 BessellB
56027.1 2.46665e-20 1.32082e-22 BessellB
56028.1 2.28847e-20 1.23473e-22 BessellB
56029.1 2.12315e-20 1.15419e-22 BessellB
56030.1 1.96978e-20 1.07884e-22 BessellB
56031.1 1.82749e-20 1.00835e-22 BessellB
56032.1 1.69547e-20 9.42418e-23 BessellB
56033.1 1.573e-20 8.8075e-23 BessellB
56034.1 1.45937e-20 8.23073e-23 BessellB
56035.1 1.35394e-20 7.69134e-23 BessellB
56036.1 1.25614e-20 7.18692e-23 BessellB
56037.1 1.1654e-20 6.71525e-23 BessellB
56038.1 1.08121e-20 6.27421e-23 BessellB
56039.1 1.00311e-20 5.86186e-23 BessellB
56040.1 9.30643e-21 5.47634e-23 BessellB
56041.1 8.63415e-21 5.11593e-23 BessellB
56042.1 8.01044e-21 4.77901e-23 BessellB
56043.1 7.43178e-21 4.46408e-23 BessellB
56044.1 6.89492e-21 4.16971e-23 BessellB
56045.1 6.39685e-21 3.89457e-23 BessellB
56046.1 5.93475e-21 3.63742e-23 BessellB
56047.1 5.50603e-21 3.3971e-23 BessellB
56048.1 5.10829e-21 3.17253e-23 BessellB
56049.1 4.73928e-21 2.96267e-23 BessellB
56050.1 4.39692e-21 2.76657e-23 BessellB
56051.1 4.07929e-21 2.58335e-23 BessellB
56052.1 3.78461e-21 2.41216e-23 BessellB
56053.1 3.51122e-21 2.25223e-23 BessellB
56054.1 3.25758e-21 2.10281e-23 BessellB
56055.1 3.02226e-21 1.96323e-23 BessellB
56056.1 2.80393e-21 1.83284e-23 BessellB
56057.1 2.60138e-21 1.71104e-23 BessellB
56058.1 2.41346e-21 1.59728e-23 BessellB
56059.1 2.23912e-21 1.49102e-23 BessellB
56060.1 2.07737e-21 1.39178e-23 BessellB
56061.1 1.92731e-21 1.2991e-23 BessellB
56062.1 1.78808e-21 1.21255e-23 BessellB
56063.1 1.65891e-21 1.13172e-23 BessellB
56064.1 1.53908e-21 1.05624e-23 BessellB
56065.1 1.4279e-21 9.8576e-24 BessellB
56066.1 1.32475e-21 9.19952e-24 BessellB
56067.1 1.22905e-21 8.58507e-24 BessellB
56068.1 1.14027e-21 8.0114e-24 BessellB
56069.1 1.0579e-21 7.4758e-24 BessellB
56070.1 9.81476e-22 6.97578e-24 BessellB
56071.1 9.10576e-22 6.50899e-24 BessellB
56072.1 8.44798e-22 6.07324e-24 BessellB
56073.1 7.83771e-22 5.66648e-24 BessellB
56074.1 7.27153e-22 5.28679e-24 BessellB
56075.1 6.74625e-22 4.93239e-24 BessellB
56076.1 6.25891e-22 4.60161e-24 BessellB
56077.1 5.80678e-22 4.29287e-24 BessellB
56078.1 5.38731e-22 4.00473e-24 BessellB
56079.1 4.99814e-22 3.73582e-24 BessellB
56080.1 4.63709e-22 3.48486e-24 BessellB
56081.1 4.30211e-22 3.25066e-24 BessellB
56082.1 3.99134e-22 3.03211e-24 BessellB
56083.1 3.70301e-22 2.82818e-24 BessellB
56084.1 3.43551e-22 2.63789e-24 BessellB
56085.1 3.18734e-22 2.46033e-24 BessellB
56086.1 2.95709e-22 2.29466e-24 BessellB
56087.1 2.74348e-22 2.14008e-24 BessellB
56088.1 2.54529e-22 1.99587e-24 BessellB
56089.1 2.36143e-22 1.86132e-24 BessellB
56090.1 2.19084e-22 1.7358e-24 BessellB
56091.1 2.03258e-22 1.61869e-24 BessellB
56092.1 1.88575e-22 1.50945e-24 BessellB
56093.1 1.74953e-22 1.40755e-24 BessellB
56094.1 1.62314e-22 1.31249e-24 BessellB
56095.1 1.50589e-22 1.22382e-24 BessellB
56096.1 1.39711e-22 1.14111e-24 BessellB
56097.1 1.29618e-22 1.06396e-24 BessellB
56098.1 1.20255e-22 9.92009e-25 BessellB
56099.1 1.11568e-22 9.24898e-25 BessellB
56100.1 1.03509e-22 8.62307e-25 BessellB
56101.1 9.60314e-23 8.03932e-25 BessellB
56102.1 8.90943e-23 7.49491e-25 BessellB
56103.1 8.26583e-23 6.9872e-25 BessellB
56104.1 7.66872e-23 6.51373e-25 BessellB
56105.1 7.11475e-23 6.07221e-25 BessellB
56106.1 6.60079e-23 5.66049e-25 BessellB
56107.1 6.12396e-23 5.27656e-25 BessellB
56108.1 5.68158e-23 4.91856e-25 BessellB
56109.1 5.27115e-23 4.58475e-25 BessellB
56110.1 4.89038e-23 4.2735e-25 BessellB
56111.1 4.53711e-23 3.9833e-25 BessellB
56112.1 4.20935e-23 3.71272e-25 BessellB
56113.1 3.90528e-23 3.46045e-25 BessellB
56114.1 3.62317e-23 3.22525e-25 BessellB
56115.1 3.36144e-23 3.00597e-25 BessellB
56116.1 3.11862e-23 2.80155e-25 BessellB
56117.1 2.89333e-23 2.61097e-25 BessellB
56118.1 2.68432e-23 2.43331e-25 BessellB
56119.1 2.49041e-23 2.26769e-25 BessellB
55862.5 5.19e-18 3.02898e-20 BessellR
55863.5 6.85545e-18 3.78369e-20 BessellR
55864.5 9.05483e-18 4.71062e-20 BessellR
55865.5 1.19588e-17 5.84242e-20 BessellR
55866.5 1.57924e-17 7.21485e-20 BessellR
55867.5 2.08513e-17 8.86541e-20 BessellR
55868.5 2.75242e-17 1.08306e-19 BessellR
55869.5 3.63203e-17 1.31417e-19 BessellR
55870.5 4.79044e-17 1.5817e-19 BessellR
55871.5 6.31396e-17 1.88517e-19 BessellR
55872.5 8.31389e-17 2.22011e-19 BessellR
55873.5 1.09321e-16 2.57598e-19 BessellR
55874.5 1.43468e-16 2.93334e-19 BessellR
55875.5 1.87762e-16 3.26091e-19 BessellR
55876.5 2.44783e-16 3.51332e-19 BessellR
55877.5 3.17412e-16 3.63215e-19 BessellR
55878.5 4.08566e-16 3.55554e-19 BessellR
55879.5 5.20673e-16 3.24794e-19 BessellR
55880.5 6.5481e-16 2.77705e-19 BessellR
55881.5 8.0954e-16 2.47266e-19 BessellR
55882.5 9.79702e-16 2.85323e-19 BessellR
55883.5 1.15576e-15 3.82783e-19 BessellR
55884.5 1.3245e-15 4.85252e-19 BessellR
55885.5 1.47135e-15 5.5765e-19 BessellR
55886.5 1.58395e-15 5.94147e-19 BessellR
55887.5 1.6551e-15 6.10323e-19 BessellR
55888.5 1.68393e-15 6.24349e-19 BessellR
55889.5 1.67495e-15 6.40406e-19 BessellR
55890.5 1.63571e-15 6.50193e-19 BessellR
55891.5 1.57465e-15 6.44805e-19 BessellR
55892.5 1.49944e-15 6.21367e-19 BessellR
55893.5 1.41631e-15 5.82598e-19 BessellR
55894.5 1.3299e-15 5.34063e-19 BessellR
55895.5 1.24345e-15 4.81916e-19 BessellR
55896.5 1.15907e-15 4.31671e-19 BessellR
55897.5 1.07807e-15 3.87667e-19 BessellR
55898.5 1.0012e-15 3.5283e-19 BessellR
55899.5 9.28791e-16 3.28498e-19 BessellR
55900.5 8.60965e-16 3.14366e-19 BessellR
55901.5 7.97663e-16 3.08772e-19 BessellR
55902.5 7.38736e-16 3.09335e-19 BessellR
55903.5 6.83982e-16 3.13652e-19 BessellR
55904.5 6.33168e-16 3.19734e-19 BessellR
55905.5 5.86053e-16 3.26142e-19 BessellR
55906.5 5.42395e-16 3.31935e-19 BessellR
55907.5 5.01957e-16 3.36554e-19 BessellR
55908.5 4.64513e-16 3.3971e-19 BessellR
55909.5 4.29848e-16 3.41296e-19 BessellR
55910.5 3.97762e-16 3.41315e-19 BessellR
55911.5 3.68065e-16 3.39843e-19 BessellR
55912.5 3.40582e-16 3.36996e-19 BessellR
55913.5 3.15148e-16 3.32912e-19 BessellR
55914.5 2.91612e-16 3.27734e-19 BessellR
55915.5 2.69833e-16 3.21607e-19 BessellR
55916.5 2.4968e-16 3.14673e-19 BessellR
55917.5 2.31032e-16 3.07062e-19 BessellR
55918.5 2.13776e-16 2.98897e-19 BessellR
55919.5 1.97809e-16 2.90289e-19 BessellR
55920.5 1.83034e-16 2.81341e-19 BessellR
55921.5 1.69363e-16 2.72143e-19 BessellR
55922.5 1.56713e-16 2.62776e-19 BessellR
55923.5 1.45007e-16 2.53311e-19 BessellR
55924.5 1.34176e-16 2.43812e-19 BessellR
55925.5 1.24154e-16 2.34334e-19 BessellR
55926.5 1.14881e-16 2.24923e-19 BessellR
55927.5 1.063e-16 2.1562e-19 BessellR
55928.5 9.83602e-17 2.06461e-19 BessellR
55929.5 9.10134e-17 1.97473e-19 BessellR
55930.5 8.42153e-17 1.88683e-19 BessellR
55931.5 7.7925e-17 1.80108e-19 BessellR
55932.5 7.21045e-17 1.71766e-19 BessellR
55933.5 6.67188e-17 1.63669e-19 BessellR
55934.5 6.17354e-17 1.55826e-19 BessellR
55935.5 5.71242e-17 1.48244e-19 BessellR
55936.5 5.28574e-17 1.40927e-19 BessellR
55937.5 4.89093e-17 1.33879e-19 BessellR
55938.5 4.52561e-17 1.27098e-19 BessellR
55939.5 4.18758e-17 1.20585e-19 BessellR
55940.5 3.8748e-17 1.14337e-19 BessellR
55941.5 3.58538e-17 1.0835e-19 BessellR
55942.5 3.31757e-17 1.02621e-19 BessellR
55943.5 3.06977e-17 9.71439e-20 BessellR
55944.5 2.84048e-17 9.19131e-20 BessellR
55945.5 2.62832e-17 8.69222e-20 BessellR
55946.5 2.432e-17 8.21646e-20 BessellR
55947.5 2.25035e-17 7.76332e-20 BessellR
55948.5 2.08226e-17 7.33207e-20 BessellR
55949.5 1.92673e-17 6.92196e-20 BessellR
55950.5 1.78282e-17 6.53224e-20 BessellR
55951.5 1.64966e-17 6.16214e-20 BessellR
55952.5 1.52644e-17 5.81091e-20 BessellR
55953.5 1.41242e-17 5.47779e-20 BessellR
55954.5 1.30693e-17 5.16202e-20 BessellR
55955.5 1.20931e-17 4.86288e-20 BessellR
55956.5 1.11898e-17 4.57964e-20 BessellR
55957.5 1.0354e-17 4.3116e-20 BessellR
55958.5 9.58063e-18 4.05805e-20 BessellR
55959.5 8.86503e-18 3.81834e-20 BessellR
55960.5 8.20287e-18 3.5918e-20 BessellR
55961.5 7.59017e-18 3.37781e-20 BessellR
55962.5 7.02324e-18 3.17575e-20 BessellR
55963.5 6.49866e-18 2.98504e-20 BessellR
55964.5 6.01325e-18 2.8051e-20 BessellR
55965.5 5.5641e-18 2.6354e-20 BessellR
55966.5 5.1485e-18 2.4754e-20 BessellR
55967.5 4.76395e-18 2.3246e-20 BessellR
55968.5 4.40811e-18 2.18252e-20 BessellR
55969.5 4.07886e-18 2.0487e-20 BessellR
55970.5 3.7742e-18 1.9227e-20 BessellR
55971.5 3.49229e-18 1.80409e-20 BessellR
55972.5 3.23144e-18 1.69247e-20 BessellR
55973.5 2.99008e-18 1.58747e-20 BessellR
55974.5 2.76674e-18 1.48871e-20 BessellR
55975.5 2.56008e-18 1.39585e-20 BessellR
55976.5 2.36886e-18 1.30855e-20 BessellR
55977.5 2.19193e-18 1.22651e-20 BessellR
55978.5 2.0282e-18 1.14943e-20 BessellR
55979.5 1.87671e-18 1.07702e-20 BessellR
55980.5 1.73654e-18 1.00901e-20 BessellR
55981.5 1.60683e-18 9.4516e-21 BessellR
55982.5 1.48681e-18 8.85215e-21 BessellR
55983.5 1.37576e-18 8.28953e-21 BessellR
55984.5 1.273e-18 7.76158e-21 BessellR
55985.5 1.17791e-18 7.26625e-21 BessellR
55986.5 1.08993e-18 6.80162e-21 BessellR
55987.5 1.00852e-18 6.36586e-21 BessellR
55988.5 9.33192e-19 5.95725e-21 BessellR
55989.5 8.63489e-19 5.57417e-21 BessellR
55990.5 7.98993e-19 5.21509e-21 BessellR
55991.5 7.39314e-19 4.87855e-21 BessellR
55992.5 6.84092e-19 4.56319e-21 BessellR
55993.5 6.32995e-19 4.26773e-21 BessellR
55994.5 5.85715e-19 3.99094e-21 BessellR
55995.5 5.41967e-19 3.7317e-21 BessellR
55996.5 5.01486e-19 3.48892e-21 BessellR
55997.5 4.64028e-19 3.26159e-21 BessellR
55998.5 4.29369e-19 3.04876e-21 BessellR
55999.5 3.97298e-19 2.84952e-21 BessellR
56000.5 3.67623e-19 2.66304e-21 BessellR
56001.5 3.40164e-19 2.48852e-21 BessellR
56002.5 3.14756e-19 2.32521e-21 BessellR
56003.5 2.91246e-19 2.17242e-21 BessellR
56004.5 2.69492e-19 2.02948e-21 BessellR
56005.5 2.49363e-19 1.89578e-21 BessellR
56006.5 2.30737e-19 1.77072e-21 BessellR
56007.5 2.13503e-19 1.65377e-21 BessellR
56008.5 1.97556e-19 1.54441e-21 BessellR
56009.5 1.828e-19 1.44217e-21 BessellR
56010.5 1.69146e-19 1.34658e-21 BessellR
56011.5 1.56512e-19 1.25722e-21 BessellR
56012.5 1.44822e-19 1.17371e-21 BessellR
56013.5 1.34005e-19 1.09565e-21 BessellR
56014.5 1.23995e-19 1.02271e-21 BessellR
56015.5 1.14734e-19 9.54547e-22 BessellR
56016.5 1.06164e-19 8.90864e-22 BessellR
56017.5 9.82344e-20 8.31369e-22 BessellR
56018.5 9.0897e-20 7.75792e-22 BessellR
56019.5 8.41077e-20 7.2388e-22 BessellR
56020.5 7.78255e-20 6.75394e-22 BessellR
56021.5 7.20125e-20 6.30113e-22 BessellR
56022.5 6.66337e-20 5.87828e-22 BessellR
56023.5 6.16566e-20 5.48345e-22 BessellR
56024.5 5.70513e-20 5.1148e-22 BessellR
56025.5 5.279e-20 4.77064e-22 BessellR
56026.5 4.8847e-20 4.44935e-22 BessellR
56027.5 4.51985e-20 4.14944e-22 BessellR
56028.5 4.18225e-20 3.86952e-22 BessellR
56029.5 3.86986e-20 3.60826e-22 BessellR
56030.5 3.58081e-20 3.36444e-22 BessellR
56031.5 3.31335e-20 3.13691e-22 BessellR
56032.5 3.06587e-20 2.92461e-22 BessellR
56033.5 2.83687e-20 2.72651e-22 BessellR
56034.5 2.62498e-20 2.5417e-22 BessellR
56035.5 2.42891e-20 2.36928e-22 BessellR
56036.5 2.24749e-20 2.20844e-22 BessellR
56037.5 2.07962e-20 2.05841e-22 BessellR
56038.5 1.92429e-20 1.91847e-22 BessellR
56039.5 1.78056e-20 1.78795e-22 BessellR
56040.5 1.64756e-20 1.66623e-22 BessellR
56041.5 1.5245e-20 1.55271e-22 BessellR
56042.5 1.41063e-20 1.44686e-22 BessellR
56043.5 1.30527e-20 1.34816e-22 BessellR
56044.5 1.20778e-20 1.25613e-22 BessellR
56045.5 1.11756e-20 1.17032e-22 BessellR
56046.5 1.03409e-20 1.09033e-22 BessellR
56047.5 9.56851e-21 1.01576e-22 BessellR
56048.5 8.85382e-21 9.46242e-23 BessellR
56049.5 8.1925e-21 8.81444e-23 BessellR
56050.5 7.58058e-21 8.21047e-23 BessellR
56051.5 7.01437e-21 7.64756e-23 BessellR
56052.5 6.49045e-21 7.12292e-23 BessellR
56053.5 6.00566e-21 6.634e-23 BessellR
56054.5 5.55708e-21 6.17837e-23 BessellR
56055.5 5.14201e-21 5.7538e-23 BessellR
56056.5 4.75794e-21 5.35819e-23 BessellR
56057.5 4.40256e-21 4.98957e-23 BessellR
56058.5 4.07372e-21 4.64613e-23 BessellR
56059.5 3.76944e-21 4.32615e-23 BessellR
56060.5 3.4879e-21 4.02806e-23 BessellR
56061.5 3.22738e-21 3.75036e-23 BessellR
56062.5 2.98632e-21 3.49167e-23 BessellR
56063.5 2.76326e-21 3.2507e-23 BessellR
56064.5 2.55687e-21 3.02625e-23 BessellR
56065.5 2.36589e-21 2.8172e-23 BessellR
56066.5 2.18917e-21 2.62249e-23 BessellR
56067.5 2.02566e-21 2.44115e-23 BessellR
56068.5 1.87436e-21 2.27227e-23 BessellR
56069.5 1.73436e-21 2.115e-23 BessellR
56070.5 1.60481e-21 1.96855e-23 BessellR
56071.5 1.48495e-21 1.83217e-23 BessellR
56072.5 1.37403e-21 1.70518e-23 BessellR
56073.5 1.2714e-21 1.58695e-23 BessellR
56074.5 1.17644e-21 1.47686e-23 BessellR
56075.5 1.08857e-21 1.37436e-23 BessellR
56076.5 1.00726e-21 1.27894e-23 BessellR
56077.5 9.32024e-22 1.19011e-23 BessellR
56078.5 8.62409e-22 1.10741e-23 BessellR
56079.5 7.97994e-22 1.03042e-23 BessellR
56080.5 7.3839e-22 9.58756e-24 BessellR
56081.5 6.83238e-22 8.9205e-24 BessellR
56082.5 6.32205e-22 8.2996e-24 BessellR
56083.5 5.84984e-22 7.72168e-24 BessellR
56084.5 5.4129e-22 7.18379e-24 BessellR
56085.5 5.0086e-22 6.68318e-24 BessellR
56086.5 4.6345e-22 6.21727e-24 BessellR
56087.5 4.28833e-22 5.78368e-24 BessellR
56088.5 3.96803e-22 5.38017e-24 BessellR
56089.5 3.67165e-22 5.00468e-24 BessellR
56090.5 3.3974e-22 4.65526e-24 BessellR
56091.5 3.14364e-22 4.33012e-24 BessellR
56092.5 2.90884e-22 4.02758e-24 BessellR
56093.5 2.69157e-22 3.74608e-24 BessellR
56094.5 2.49053e-22 3.48416e-24 BessellR
56095.5 2.30451e-22 3.24047e-24 BessellR
56096.5 2.13238e-22 3.01374e-24 BessellR
56097.5 1.97311e-22 2.80281e-24 BessellR
56098.5 1.82573e-22 2.60657e-24 BessellR
56099.5 1.68936e-22 2.42401e-24 BessellR
56100.5 1.56318e-22 2.25418e-24 BessellR
56101.5 1.44642e-22 2.0962e-24 BessellR
56102.5 1.33839e-22 1.94924e-24 BessellR
56103.5 1.23842e-22 1.81254e-24 BessellR
56104.5 1.14592e-22 1.68538e-24 BessellR
56105.5 1.06033e-22 1.56711e-24 BessellR
56106.5 9.81128e-23 1.45711e-24 BessellR
56107.5 9.07846e-23 1.35479e-24 BessellR
56108.5 8.40037e-23 1.25963e-24 BessellR
56109.5 7.77292e-23 1.17113e-24 BessellR
56110.5 7.19235e-23 1.08882e-24 BessellR
56111.5 6.65513e-23 1.01227e-24 BessellR
56112.5 6.15805e-23 9.41087e-25 BessellR
56113.5 5.69809e-23 8.74888e-25 BessellR
56114.5 5.27249e-23 8.13327e-25 BessellR
56115.5 4.87867e-23 7.56082e-25 BessellR
56116.5 4.51427e-23 7.0285e-25 BessellR
56117.5 4.17709e-23 6.53353e-25 BessellR
56118.5 3.8651e-23 6.07328e-25 BessellR
55865.1 4.36383e-18 2.26458e-20 BessellV
55866.1 6.18918e-18 3.01241e-20 BessellV
55867.1 8.77703e-18 3.9891e-20 BessellV
55868.1 1.24447e-17 5.25478e-20 BessellV
55869.1 1.76402e-17 6.87941e-20 BessellV
55870.1 2.49942e-17 8.94018e-20 BessellV
55871.1 3.53917e-17 1.15148e-19 BessellV
55872.1 5.00659e-17 1.4668e-19 BessellV
55873.1 7.07204e-17 1.84264e-19 BessellV
55874.1 9.96734e-17 2.27381e-19 BessellV
55875.1 1.40009e-16 2.74095e-19 BessellV
55876.1 1.95679e-16 3.20249e-19 BessellV
55877.1 2.71454e-16 3.58685e-19 BessellV
55878.1 3.72496e-16 3.79232e-19 BessellV
55879.1 5.0327e-16 3.71167e-19 BessellV
55880.1 6.65514e-16 3.31398e-19 BessellV
55881.1 8.55403e-16 2.82827e-19 BessellV
55882.1 1.06109e-15 2.85662e-19 BessellV
55883.1 1.26283e-15 3.57305e-19 BessellV
55884.1 1.43752e-15 4.36058e-19 BessellV
55885.1 1.56625e-15 4.81168e-19 BessellV
55886.1 1.64027e-15 4.94558e-19 BessellV
55887.1 1.66188e-15 4.94587e-19 BessellV
55888.1 1.64073e-15 4.91588e-19 BessellV
55889.1 1.58899e-15 4.84044e-19 BessellV
55890.1 1.51788e-15 4.67679e-19 BessellV
55891.1 1.43618e-15 4.41322e-19 BessellV
55892.1 1.35006e-15 4.06899e-19 BessellV
55893.1 1.26358e-15 3.6762e-19 BessellV
55894.1 1.1792e-15 3.26641e-19 BessellV
55895.1 1.09834e-15 2.865e-19 BessellV
55896.1 1.02173e-15 2.4903e-19 BessellV
55897.1 9.49669e-16 2.15465e-19 BessellV
55898.1 8.82207e-16 1.86595e-19 BessellV
55899.1 8.19242e-16 1.62875e-19 BessellV
55900.1 7.60593e-16 1.44472e-19 BessellV
55901.1 7.06033e-16 1.3124e-19 BessellV
55902.1 6.55321e-16 1.22681e-19 BessellV
55903.1 6.08211e-16 1.17978e-19 BessellV
55904.1 5.64464e-16 1.16138e-19 BessellV
55905.1 5.23848e-16 1.16184e-19 BessellV
55906.1 4.86146e-16 1.17297e-19 BessellV
55907.1 4.51152e-16 1.18865e-19 BessellV
55908.1 4.18674e-16 1.20472e-19 BessellV
55909.1 3.88532e-16 1.21855e-19 BessellV
55910.1 3.60558e-16 1.22863e-19 BessellV
55911.1 3.34598e-16 1.23417e-19 BessellV
55912.1 3.10507e-16 1.23492e-19 BessellV
55913.1 2.8815e-16 1.23092e-19 BessellV
55914.1 2.67402e-16 1.2224e-19 BessellV
55915.1 2.48148e-16 1.20972e-19 BessellV
55916.1 2.30281e-16 1.1933e-19 BessellV
55917.1 2.137e-16 1.17355e-19 BessellV
55918.1 1.98313e-16 1.15091e-19 BessellV
55919.1 1.84033e-16 1.12581e-19 BessellV
55920.1 1.70782e-16 1.09865e-19 BessellV
55921.1 1.58485e-16 1.06978e-19 BessellV
55922.1 1.47074e-16 1.03956e-19 BessellV
55923.1 1.36484e-16 1.00829e-19 BessellV
55924.1 1.26657e-16 9.7625e-20 BessellV
55925.1 1.17537e-16 9.43697e-20 BessellV
55926.1 1.09074e-16 9.10851e-20 BessellV
55927.1 1.0122e-16 8.77908e-20 BessellV
55928.1 9.39319e-17 8.45041e-20 BessellV
55929.1 8.71685e-17 8.12401e-20 BessellV
55930.1 8.0892e-17 7.80119e-20 BessellV
55931.1 7.50675e-17 7.48305e-20 BessellV
55932.1 6.96624e-17 7.17054e-20 BessellV
55933.1 6.46464e-17 6.86447e-20 BessellV
55934.1 5.99916e-17 6.56549e-20 BessellV
55935.1 5.5672e-17 6.27413e-20 BessellV
55936.1 5.16634e-17 5.99083e-20 BessellV
55937.1 4.79435e-17 5.71592e-20 BessellV
55938.1 4.44914e-17 5.44963e-20 BessellV
55939.1 4.12878e-17 5.19215e-20 BessellV
55940.1 3.83149e-17 4.94356e-20 BessellV
55941.1 3.55561e-17 4.70391e-20 BessellV
55942.1 3.29959e-17 4.4732e-20 BessellV
55943.1 3.06201e-17 4.25137e-20 BessellV
55944.1 2.84154e-17 4.03833e-20 BessellV
55945.1 2.63693e-17 3.83397e-20 BessellV
55946.1 2.44707e-17 3.63813e-20 BessellV
55947.1 2.27087e-17 3.45064e-20 BessellV
55948.1 2.10736e-17 3.27131e-20 BessellV
55949.1 1.95562e-17 3.09993e-20 BessellV
55950.1 1.81481e-17 2.93629e-20 BessellV
55951.1 1.68414e-17 2.78016e-20 BessellV
55952.1 1.56287e-17 2.63131e-20 BessellV
55953.1 1.45034e-17 2.48948e-20 BessellV
55954.1 1.34591e-17 2.35445e-20 BessellV
55955.1 1.249e-17 2.22597e-20 BessellV
55956.1 1.15907e-17 2.10379e-20 BessellV
55957.1 1.07561e-17 1.98767e-20 BessellV
55958.1 9.98161e-18 1.87737e-20 BessellV
55959.1 9.2629e-18 1.77265e-20 BessellV
55960.1 8.59594e-18 1.67329e-20 BessellV
55961.1 7.977e-18 1.57905e-20 BessellV
55962.1 7.40263e-18 1.48971e-20 BessellV
55963.1 6.86961e-18 1.40505e-20 BessellV
55964.1 6.37497e-18 1.32486e-20 BessellV
55965.1 5.91595e-18 1.24894e-20 BessellV
55966.1 5.48998e-18 1.17708e-20 BessellV
55967.1 5.09468e-18 1.1091e-20 BessellV
55968.1 4.72785e-18 1.04481e-20 BessellV
55969.1 4.38742e-18 9.84024e-21 BessellV
55970.1 4.07151e-18 9.26579e-21 BessellV
55971.1 3.77835e-18 8.72306e-21 BessellV
55972.1 3.50629e-18 8.21046e-21 BessellV
55973.1 3.25383e-18 7.72646e-21 BessellV
55974.1 3.01954e-18 7.2696e-21 BessellV
55975.1 2.80212e-18 6.83848e-21 BessellV
55976.1 2.60036e-18 6.43176e-21 BessellV
55977.1 2.41312e-18 6.04817e-21 BessellV
55978.1 2.23937e-18 5.68647e-21 BessellV
55979.1 2.07813e-18 5.34551e-21 BessellV
55980.1 1.9285e-18 5.02417e-21 BessellV
55981.1 1.78964e-18 4.7214e-21 BessellV
55982.1 1.66078e-18 4.43618e-21 BessellV
55983.1 1.54119e-18 4.16756e-21 BessellV
55984.1 1.43022e-18 3.91463e-21 BessellV
55985.1 1.32724e-18 3.67652e-21 BessellV
55986.1 1.23168e-18 3.4524e-21 BessellV
55987.1 1.14299e-18 3.2415e-21 BessellV
55988.1 1.06069e-18 3.04307e-21 BessellV
55989.1 9.84317e-19 2.85642e-21 BessellV
55990.1 9.13443e-19 2.68086e-21 BessellV
55991.1 8.47672e-19 2.51578e-21 BessellV
55992.1 7.86636e-19 2.36058e-21 BessellV
55993.1 7.29995e-19 2.21468e-21 BessellV
55994.1 6.77433e-19 2.07756e-21 BessellV
55995.1 6.28655e-19 1.9487e-21 BessellV
55996.1 5.8339e-19 1.82763e-21 BessellV
55997.1 5.41384e-19 1.71389e-21 BessellV
55998.1 5.02402e-19 1.60705e-21 BessellV
55999.1 4.66227e-19 1.50672e-21 BessellV
56000.1 4.32657e-19 1.4125e-21 BessellV
56001.1 4.01504e-19 1.32404e-21 BessellV
56002.1 3.72595e-19 1.24099e-21 BessellV
56003.1 3.45767e-19 1.16304e-21 BessellV
56004.1 3.2087e-19 1.08989e-21 BessellV
56005.1 2.97766e-19 1.02123e-21 BessellV
56006.1 2.76326e-19 9.56818e-22 BessellV
56007.1 2.5643e-19 8.96383e-22 BessellV
56008.1 2.37966e-19 8.39692e-22 BessellV
56009.1 2.20831e-19 7.86517e-22 BessellV
56010.1 2.04931e-19 7.36646e-22 BessellV
56011.1 1.90175e-19 6.8988e-22 BessellV
56012.1 1.76482e-19 6.46029e-22 BessellV
56013.1 1.63774e-19 6.04916e-22 BessellV
56014.1 1.51982e-19 5.66375e-22 BessellV
56015.1 1.41039e-19 5.30248e-22 BessellV
56016.1 1.30883e-19 4.96387e-22 BessellV
56017.1 1.21459e-19 4.64653e-22 BessellV
56018.1 1.12714e-19 4.34916e-22 BessellV
56019.1 1.04598e-19 4.07052e-22 BessellV
56020.1 9.70666e-20 3.80946e-22 BessellV
56021.1 9.00775e-20 3.56489e-22 BessellV
56022.1 8.35916e-20 3.33579e-22 BessellV
56023.1 7.75727e-20 3.1212e-22 BessellV
56024.1 7.19872e-20 2.92022e-22 BessellV
56025.1 6.68038e-20 2.732e-22 BessellV
56026.1 6.19937e-20 2.55574e-22 BessellV
56027.1 5.75299e-20 2.39071e-22 BessellV
56028.1 5.33876e-20 2.23619e-22 BessellV
56029.1 4.95435e-20 2.09152e-22 BessellV
56030.1 4.59762e-20 1.9561e-22 BessellV
56031.1 4.26657e-20 1.82934e-22 BessellV
56032.1 3.95936e-20 1.71068e-22 BessellV
56033.1 3.67427e-20 1.59964e-22 BessellV
56034.1 3.40971e-20 1.49571e-22 BessellV
56035.1 3.1642e-20 1.39846e-22 BessellV
56036.1 2.93637e-20 1.30745e-22 BessellV
56037.1 2.72494e-20 1.22231e-22 BessellV
56038.1 2.52873e-20 1.14264e-22 BessellV
56039.1 2.34666e-20 1.06811e-22 BessellV
56040.1 2.17769e-20 9.98394e-23 BessellV
56041.1 2.02089e-20 9.33176e-23 BessellV
56042.1 1.87538e-20 8.72174e-23 BessellV
56043.1 1.74034e-20 8.15119e-23 BessellV
56044.1 1.61503e-20 7.61758e-23 BessellV
56045.1 1.49874e-20 7.11856e-23 BessellV
56046.1 1.39083e-20 6.6519e-23 BessellV
56047.1 1.29068e-20 6.21555e-23 BessellV
56048.1 1.19775e-20 5.80754e-23 BessellV
56049.1 1.11151e-20 5.42607e-23 BessellV
56050.1 1.03148e-20 5.06942e-23 BessellV
56051.1 9.57205e-21 4.736e-23 BessellV
56052.1 8.88283e-21 4.42431e-23 BessellV
56053.1 8.24323e-21 4.13295e-23 BessellV
56054.1 7.64969e-21 3.86062e-23 BessellV
56055.1 7.09889e-21 3.60607e-23 BessellV
56056.1 6.58774e-21 3.36817e-23 BessellV
56057.1 6.1134e-21 3.14583e-23 BessellV
56058.1 5.67321e-21 2.93804e-23 BessellV
56059.1 5.26472e-21 2.74387e-23 BessellV
56060.1 4.88564e-21 2.56243e-23 BessellV
56061.1 4.53386e-21 2.39289e-23 BessellV
56062.1 4.20741e-21 2.23449e-23 BessellV
56063.1 3.90446e-21 2.08648e-23 BessellV
56064.1 3.62332e-21 1.94821e-23 BessellV
56065.1 3.36243e-21 1.81903e-23 BessellV
56066.1 3.12032e-21 1.69835e-23 BessellV
56067.1 2.89565e-21 1.58563e-23 BessellV
56068.1 2.68715e-21 1.48033e-23 BessellV
56069.1 2.49367e-21 1.38197e-23 BessellV
56070.1 2.31411e-21 1.2901e-23 BessellV
56071.1 2.14749e-21 1.2043e-23 BessellV
56072.1 1.99286e-21 1.12416e-23 BessellV
56073.1 1.84937e-21 1.04932e-23 BessellV
56074.1 1.71621e-21 9.79435e-24 BessellV
56075.1 1.59264e-21 9.14169e-24 BessellV
56076.1 1.47796e-21 8.53225e-24 BessellV
56077.1 1.37154e-21 7.96317e-24 BessellV
56078.1 1.27279e-21 7.43181e-24 BessellV
56079.1 1.18114e-21 6.93569e-24 BessellV
56080.1 1.09609e-21 6.47248e-24 BessellV
56081.1 1.01717e-21 6.04001e-24 BessellV
56082.1 9.43932e-22 5.63627e-24 BessellV
56083.1 8.75966e-22 5.25936e-24 BessellV
56084.1 8.12893e-22 4.9075e-24 BessellV
56085.1 7.54362e-22 4.57904e-24 BessellV
56086.1 7.00045e-22 4.27245e-24 BessellV
56087.1 6.49639e-22 3.98626e-24 BessellV
56088.1 6.02863e-22 3.71914e-24 BessellV
56089.1 5.59455e-22 3.46981e-24 BessellV
56090.1 5.19172e-22 3.23711e-24 BessellV
56091.1 4.8179e-22 3.01993e-24 BessellV
56092.1 4.47099e-22 2.81725e-24 BessellV
56093.1 4.14907e-22 2.62809e-24 BessellV
56094.1 3.85032e-22 2.45157e-24 BessellV
56095.1 3.57308e-22 2.28685e-24 BessellV
56096.1 3.31581e-22 2.13313e-24 BessellV
56097.1 3.07706e-22 1.9897e-24 BessellV
56098.1 2.8555e-22 1.85586e-24 BessellV
56099.1 2.64989e-22 1.73098e-24 BessellV
56100.1 2.45909e-22 1.61446e-24 BessellV
56101.1 2.28203e-22 1.50574e-24 BessellV
56102.1 2.11771e-22 1.40432e-24 BessellV
56103.1 1.96523e-22 1.30969e-24 BessellV
56104.1 1.82373e-22 1.22141e-24 BessellV
56105.1 1.69241e-22 1.13905e-24 BessellV
56106.1 1.57055e-22 1.06222e-24 BessellV
56107.1 1.45747e-22 9.90545e-25 BessellV
56108.1 1.35252e-22 9.23687e-25 BessellV
56109.1 1.25514e-22 8.61321e-25 BessellV
56110.1 1.16476e-22 8.03148e-25 BessellV
56111.1 1.0809e-22 7.48887e-25 BessellV
56112.1 1.00307e-22 6.98276e-25 BessellV
56113.1 9.30844e-23 6.5107e-25 BessellV
56114.1 8.6382e-23 6.07042e-25 BessellV
56115.1 8.01622e-23 5.65979e-25 BessellV
56116.1 7.43902e-23 5.27683e-25 BessellV
56117.1 6.90339e-23 4.91967e-25 BessellV
56118.1 6.40632e-23 4.58658e-25 BessellV
56119.1 5.94504e-23 4.27596e-25 BessellV
55865.1 1.08596e-17 9.17523e-20 SDSS_g
55866.1 1.45677e-17 1.15516e-19 SDSS_g
55867.1 1.95388e-17 1.44784e-19 SDSS_g
55868.1 2.61996e-17 1.80523e-19 SDSS_g
55869.1 3.51182e-17 2.23707e-19 SDSS_g
55870.1 4.70473e-17 2.75203e-19 SDSS_g
55871.1 6.29783e-17 3.35575e-19 SDSS_g
55872.1 8.42054e-17 4.04775e-19 SDSS_g
55873.1 1.12395e-16 4.8168e-19 SDSS_g
55874.1 1.49649e-16 5.63451e-19 SDSS_g
55875.1 1.98534e-16 6.44734e-19 SDSS_g
55876.1 2.62022e-16 7.16895e-19 SDSS_g
55877.1 3.43265e-16 7.67737e-19 SDSS_g
55878.1 4.45059e-16 7.82727e-19 SDSS_g
55879.1 5.6888e-16 7.49316e-19 SDSS_g
55880.1 7.13467e-16 6.66176e-19 SDSS_g
55881.1 8.73246e-16 5.57387e-19 SDSS_g
55882.1 1.03741e-15 4.79777e-19 SDSS_g
55883.1 1.19081e-15 4.76711e-19 SDSS_g
55884.1 1.31725e-15 5.08231e-19 SDSS_g
55885.1 1.40413e-15 5.15032e-19 SDSS_g
55886.1 1.44598e-15 4.87691e-19 SDSS_g
55887.1 1.44507e-15 4.51531e-19 SDSS_g
55888.1 1.40908e-15 4.28512e-19 SDSS_g
55889.1 1.34787e-15 4.17393e-19 SDSS_g
55890.1 1.2709e-15 4.04999e-19 SDSS_g
55891.1 1.1858e-15 3.82744e-19 SDSS_g
55892.1 1.09814e-15 3.49929e-19 SDSS_g
55893.1 1.01163e-15 3.10359e-19 SDSS_g
55894.1 9.2853e-16 2.69167e-19 SDSS_g
55895.1 8.50107e-16 2.31222e-19 SDSS_g
55896.1 7.76962e-16 2.00484e-19 SDSS_g
55897.1 7.0927e-16 1.79537e-19 SDSS_g
55898.1 6.46952e-16 1.68954e-19 SDSS_g
55899.1 5.89786e-16 1.67083e-19 SDSS_g
55900.1 5.3747e-16 1.7094e-19 SDSS_g
55901.1 4.8967e-16 1.77582e-19 SDSS_g
55902.1 4.46044e-16 1.84864e-19 SDSS_g
55903.1 4.06257e-16 1.91491e-19 SDSS_g
55904.1 3.69989e-16 1.9679e-19 SDSS_g
55905.1 3.36941e-16 2.00483e-19 SDSS_g
55906.1 3.06834e-16 2.02522e-19 SDSS_g
55907.1 2.7941e-16 2.02984e-19 SDSS_g
55908.1 2.54433e-16 2.02012e-19 SDSS_g
55909.1 2.31686e-16 1.9978e-19 SDSS_g
55910.1 2.1097e-16 1.96464e-19 SDSS_g
55911.1 1.92107e-16 1.9224e-19 SDSS_g
55912.1 1.74929e-16 1.8727e-19 SDSS_g
55913.1 1.59286e-16 1.81703e-19 SDSS_g
55914.1 1.45043e-16 1.75673e-19 SDSS_g
55915.1 1.32073e-16 1.69297e-19 SDSS_g
55916.1 1.20262e-16 1.6268e-19 SDSS_g
55917.1 1.09508e-16 1.55909e-19 SDSS_g
55918.1 9.97151e-17 1.49062e-19 SDSS_g
55919.1 9.07981e-17 1.42203e-19 SDSS_g
55920.1 8.26785e-17 1.35387e-19 SDSS_g
55921.1 7.5285e-17 1.28659e-19 SDSS_g
55922.1 6.85526e-17 1.22057e-19 SDSS_g
55923.1 6.24223e-17 1.15611e-19 SDSS_g
55924.1 5.68401e-17 1.09346e-19 SDSS_g
55925.1 5.17572e-17 1.03279e-19 SDSS_g
55926.1 4.71288e-17 9.74252e-20 SDSS_g
55927.1 4.29143e-17 9.17942e-20 SDSS_g
55928.1 3.90767e-17 8.63928e-20 SDSS_g
55929.1 3.55822e-17 8.12245e-20 SDSS_g
55930.1 3.24003e-17 7.62908e-20 SDSS_g
55931.1 2.95029e-17 7.15908e-20 SDSS_g
55932.1 2.68646e-17 6.7122e-20 SDSS_g
55933.1 2.44622e-17 6.28806e-20 SDSS_g
55934.1 2.22747e-17 5.88614e-20 SDSS_g
55935.1 2.02828e-17 5.50587e-20 SDSS_g
55936.1 1.8469e-17 5.14657e-20 SDSS_g
55937.1 1.68174e-17 4.80753e-20 SDSS_g
55938.1 1.53135e-17 4.488e-20 SDSS_g
55939.1 1.39441e-17 4.18719e-20 SDSS_g
55940.1 1.26971e-17 3.90431e-20 SDSS_g
55941.1 1.15617e-17 3.63855e-20 SDSS_g
55942.1 1.05278e-17 3.38912e-20 SDSS_g
55943.1 9.58633e-18 3.15521e-20 SDSS_g
55944.1 8.72907e-18 2.93604e-20 SDSS_g
55945.1 7.94847e-18 2.73085e-20 SDSS_g
55946.1 7.23768e-18 2.53888e-20 SDSS_g
55947.1 6.59045e-18 2.35941e-20 SDSS_g
55948.1 6.0011e-18 2.19175e-20 SDSS_g
55949.1 5.46445e-18 2.0352e-20 SDSS_g
55950.1 4.97579e-18 1.88914e-20 SDSS_g
55951.1 4.53083e-18 1.75292e-20 SDSS_g
55952.1 4.12566e-18 1.62596e-20 SDSS_g
55953.1 3.75672e-18 1.50769e-20 SDSS_g
55954.1 3.42078e-18 1.39758e-20 SDSS_g
55955.1 3.11487e-18 1.2951e-20 SDSS_g
55956.1 2.83633e-18 1.19978e-20 SDSS_g
55957.1 2.58269e-18 1.11115e-20 SDSS_g
55958.1 2.35173e-18 1.02878e-20 SDSS_g
55959.1 2.14143e-18 9.52251e-21 SDSS_g
55960.1 1.94993e-18 8.81187e-21 SDSS_g
55865.1 1.85233e-18 1.6034e-20 SDSS_r
55866.1 2.76463e-18 2.24902e-20 SDSS_r
55867.1 4.12586e-18 3.14139e-20 SDSS_r
55868.1 6.15644e-18 4.36657e-20 SDSS_r
55869.1 9.18428e-18 6.03524e-20 SDSS_r
55870.1 1.36963e-17 8.28547e-20 SDSS_r
55871.1 2.04132e-17 1.12823e-19 SDSS_r
55872.1 3.03968e-17 1.52092e-19 SDSS_r
55873.1 4.5199e-17 2.0245e-19 SDSS_r
55874.1 6.70598e-17 2.65124e-19 SDSS_r
55875.1 9.91487e-17 3.39836e-19 SDSS_r
55876.1 1.45805e-16 4.23257e-19 SDSS_r
55877.1 2.12657e-16 5.0691e-19 SDSS_r
55878.1 3.06332e-16 5.75322e-19 SDSS_r
55879.1 4.333e-16 6.06794e-19 SDSS_r
55880.1 5.973e-16 5.81344e-19 SDSS_r
55881.1 7.95379e-16 5.00282e-19 SDSS_r
55882.1 1.01424e-15 4.12572e-19 SDSS_r
55883.1 1.23048e-15 3.99355e-19 SDSS_r
55884.1 1.41725e-15 4.62122e-19 SDSS_r
55885.1 1.55436e-15 5.42545e-19 SDSS_r
55886.1 1.63473e-15 6.18802e-19 SDSS_r
55887.1 1.66336e-15 6.83935e-19 SDSS_r
55888.1 1.65173e-15 7.26662e-19 SDSS_r
55889.1 1.61234e-15 7.39268e-19 SDSS_r
55890.1 1.55573e-15 7.22468e-19 SDSS_r
55891.1 1.48963e-15 6.82632e-19 SDSS_r
55892.1 1.41922e-15 6.27742e-19 SDSS_r
55893.1 1.34779e-15 5.65009e-19 SDSS_r
55894.1 1.27732e-15 5.00057e-19 SDSS_r
55895.1 1.20894e-15 4.36966e-19 SDSS_r
55896.1 1.14326e-15 3.78618e-19 SDSS_r
55897.1 1.08058e-15 3.27091e-19 SDSS_r
55898.1 1.02099e-15 2.83956e-19 SDSS_r
55899.1 9.64487e-16 2.50397e-19 SDSS_r
55900.1 9.10985e-16 2.27086e-19 SDSS_r
55901.1 8.60377e-16 2.13857e-19 SDSS_r
55902.1 8.12536e-16 2.09488e-19 SDSS_r
55903.1 7.6733e-16 2.11934e-19 SDSS_r
55904.1 7.24623e-16 2.18917e-19 SDSS_r
55905.1 6.84283e-16 2.28452e-19 SDSS_r
55906.1 6.46184e-16 2.39056e-19 SDSS_r
55907.1 6.10202e-16 2.4973e-19 SDSS_r
55908.1 5.76222e-16 2.59843e-19 SDSS_r
55909.1 5.44134e-16 2.69022e-19 SDSS_r
55910.1 5.13831e-16 2.77065e-19 SDSS_r
55911.1 4.85216e-16 2.83882e-19 SDSS_r
55912.1 4.58193e-16 2.89453e-19 SDSS_r
55913.1 4.32676e-16 2.93802e-19 SDSS_r
55914.1 4.0858e-16 2.9698e-19 SDSS_r
55915.1 3.85825e-16 2.99057e-19 SDSS_r
55916.1 3.64338e-16 3.00107e-19 SDSS_r
55917.1 3.44047e-16 3.00213e-19 SDSS_r
55918.1 3.24887e-16 2.99455e-19 SDSS_r
55919.1 3.06793e-16 2.97914e-19 SDSS_r
55920.1 2.89707e-16 2.95667e-19 SDSS_r
55921.1 2.73573e-16 2.92788e-19 SDSS_r
55922.1 2.58337e-16 2.89346e-19 SDSS_r
55923.1 2.4395e-16 2.85408e-19 SDSS_r
55924.1 2.30364e-16 2.81034e-19 SDSS_r
55925.1 2.17534e-16 2.76281e-19 SDSS_r
55926.1 2.0542e-16 2.71203e-19 SDSS_r
55927.1 1.93979e-16 2.65846e-19 SDSS_r
55928.1 1.83176e-16 2.60257e-19 SDSS_r
55929.1 1.72975e-16 2.54475e-19 SDSS_r
55930.1 1.63342e-16 2.48538e-19 SDSS_r
55931.1 1.54245e-16 2.42481e-19 SDSS_r
55932.1 1.45655e-16 2.36333e-19 SDSS_r
55933.1 1.37543e-16 2.30123e-19 SDSS_r
55934.1 1.29883e-16 2.23876e-19 SDSS_r
55935.1 1.22649e-16 2.17615e-19 SDSS_r
55936.1 1.15819e-16 2.11361e-19 SDSS_r
55937.1 1.09369e-16 2.05131e-19 SDSS_r
55938.1 1.03278e-16 1.98942e-19 SDSS_r
55939.1 9.7526e-17 1.92808e-19 SDSS_r
55940.1 9.20946e-17 1.86742e-19 SDSS_r
55941.1 8.69657e-17 1.80756e-19 SDSS_r
55942.1 8.21224e-17 1.74858e-19 SDSS_r
55943.1 7.75489e-17 1.69059e-19 SDSS_r
55944.1 7.323e-17 1.63364e-19 SDSS_r
55945.1 6.91517e-17 1.57779e-19 SDSS_r
55946.1 6.53005e-17 1.52312e-19 SDSS_r
55947.1 6.16638e-17 1.46964e-19 SDSS_r
55948.1 5.82297e-17 1.4174e-19 SDSS_r
55949.1 5.49867e-17 1.36644e-19 SDSS_r
55950.1 5.19244e-17 1.31675e-19 SDSS_r
55951.1 4.90327e-17 1.26837e-19 SDSS_r
55952.1 4.6302e-17 1.2213e-19 SDSS_r
55953.1 4.37233e-17 1.17554e-19 SDSS_r
55954.1 4.12883e-17 1.13109e-19 SDSS_r
55955.1 3.89889e-17 1.08795e-19 SDSS_r
55956.1 3.68175e-17 1.04611e-19 SDSS_r
55957.1 3.47671e-17 1.00555e-19 SDSS_r
55958.1 3.28308e-17 9.66277e-20 SDSS_r
55959.1 3.10024e-17 9.28257e-20 SDSS_r
55960.1 2.92758e-17 8.91476e-20 SDSS_r
55961.1 2.76454e-17 8.55915e-20 SDSS_r
55865.1 1.22806e-17 8.91134e-20 SDSS_i
55866.1 1.57919e-17 1.07612e-19 SDSS_i
55867.1 2.03039e-17 1.29385e-19 SDSS_i
55868.1 2.60991e-17 1.54786e-19 SDSS_i
55869.1 3.35378e-17 1.84097e-19 SDSS_i
55870.1 4.3078e-17 2.17468e-19 SDSS_i
55871.1 5.5299e-17 2.54816e-19 SDSS_i
55872.1 7.09284e-17 2.9569e-19 SDSS_i
55873.1 9.08718e-17 3.39101e-19 SDSS_i
55874.1 1.16241e-16 3.83303e-19 SDSS_i
55875.1 1.48376e-16 4.25563e-19 SDSS_i
55876.1 1.88844e-16 4.61981e-19 SDSS_i
55877.1 2.39403e-16 4.87507e-19 SDSS_i
55878.1 3.01893e-16 4.96451e-19 SDSS_i
55879.1 3.78019e-16 4.84038e-19 SDSS_i
55880.1 4.68988e-16 4.50032e-19 SDSS_i
55881.1 5.74973e-16 4.05904e-19 SDSS_i
55882.1 6.94463e-16 3.8337e-19 SDSS_i
55883.1 8.23662e-16 4.20087e-19 SDSS_i
55884.1 9.56227e-16 5.1077e-19 SDSS_i
55885.1 1.08371e-15 6.11508e-19 SDSS_i
55886.1 1.19682e-15 6.84504e-19 SDSS_i
55887.1 1.2873e-15 7.15714e-19 SDSS_i
55888.1 1.34968e-15 7.13996e-19 SDSS_i
55889.1 1.38215e-15 6.9965e-19 SDSS_i
55890.1 1.38642e-15 6.87885e-19 SDSS_i
55891.1 1.36664e-15 6.79714e-19 SDSS_i
55892.1 1.32813e-15 6.66872e-19 SDSS_i
55893.1 1.27628e-15 6.41597e-19 SDSS_i
55894.1 1.21581e-15 6.01343e-19 SDSS_i
55895.1 1.15057e-15 5.48327e-19 SDSS_i
55896.1 1.08344e-15 4.87434e-19 SDSS_i
55897.1 1.01648e-15 4.24502e-19 SDSS_i
55898.1 9.51066e-16 3.6542e-19 SDSS_i
55899.1 8.88092e-16 3.15752e-19 SDSS_i
55900.1 8.28084e-16 2.80267e-19 SDSS_i
55901.1 7.71315e-16 2.61753e-19 SDSS_i
55902.1 7.17886e-16 2.59516e-19 SDSS_i
55903.1 6.67787e-16 2.69554e-19 SDSS_i
55904.1 6.20933e-16 2.86752e-19 SDSS_i
55905.1 5.77199e-16 3.06856e-19 SDSS_i
55906.1 5.36431e-16 3.27044e-19 SDSS_i
55907.1 4.98467e-16 3.45674e-19 SDSS_i
55908.1 4.63139e-16 3.61892e-19 SDSS_i
55909.1 4.3028e-16 3.75326e-19 SDSS_i
55910.1 3.9973e-16 3.85888e-19 SDSS_i
55911.1 3.71333e-16 3.93655e-19 SDSS_i
55912.1 3.44943e-16 3.98794e-19 SDSS_i
55913.1 3.20422e-16 4.01519e-19 SDSS_i
55914.1 2.9764e-16 4.02063e-19 SDSS_i
55915.1 2.76474e-16 4.00664e-19 SDSS_i
55916.1 2.56811e-16 3.97554e-19 SDSS_i
55917.1 2.38545e-16 3.92953e-19 SDSS_i
55918.1 2.21577e-16 3.87067e-19 SDSS_i
55919.1 2.05816e-16 3.80085e-19 SDSS_i
55920.1 1.91175e-16 3.72181e-19 SDSS_i
55921.1 1.77576e-16 3.63512e-19 SDSS_i
55922.1 1.64944e-16 3.5422e-19 SDSS_i
55923.1 1.5321e-16 3.44432e-19 SDSS_i
55924.1 1.42311e-16 3.34261e-19 SDSS_i
55925.1 1.32187e-16 3.23808e-19 SDSS_i
55926.1 1.22783e-16 3.13162e-19 SDSS_i
55927.1 1.14049e-16 3.02402e-19 SDSS_i
55928.1 1.05935e-16 2.91595e-19 SDSS_i
55929.1 9.83991e-17 2.80802e-19 SDSS_i
55930.1 9.13991e-17 2.70074e-19 SDSS_i
55931.1 8.4897e-17 2.59456e-19 SDSS_i
55932.1 7.88574e-17 2.48985e-19 SDSS_i
55933.1 7.32475e-17 2.38695e-19 SDSS_i
55934.1 6.80367e-17 2.28611e-19 SDSS_i
55935.1 6.31966e-17 2.18756e-19 SDSS_i
55936.1 5.87008e-17 2.09148e-19 SDSS_i
55937.1 5.45249e-17 1.99802e-19 SDSS_i
55868.1 4.15534e-15 2.7732e-17 SDSS_u
55869.1 3.67254e-15 2.33253e-17 SDSS_u
55870.1 3.24575e-15 1.95765e-17 SDSS_u
55871.1 2.8685e-15 1.63922e-17 SDSS_u
55872.1 2.53503e-15 1.3692e-17 SDSS_u
55873.1 2.24027e-15 1.14065e-17 SDSS_u
55874.1 1.97974e-15 9.47622e-18 SDSS_u
55875.1 1.74946e-15 7.84985e-18 SDSS_u
55876.1 1.54593e-15 6.48336e-18 SDSS_u
55877.1 1.36605e-15 5.33903e-18 SDSS_u
55878.1 1.20706e-15 4.38452e-18 SDSS_u
55879.1 1.06655e-15 3.59221e-18 SDSS_u
55880.1 9.42378e-16 2.93856e-18 SDSS_u
55881.1 8.3264e-16 2.40351e-18 SDSS_u
55882.1 7.35661e-16 1.96994e-18 SDSS_u
55883.1 6.49961e-16 1.62322e-18 SDSS_u
55884.1 5.7423e-16 1.35055e-18 SDSS_u
55885.1 5.07311e-16 1.14049e-18 SDSS_u
55886.1 4.48178e-16 9.82305e-19 SDSS_u
55887.1 3.95928e-16 8.65731e-19 SDSS_u
55888.1 3.4976e-16 7.80973e-19 SDSS_u
55889.1 3.08968e-16 7.19149e-19 SDSS_u
55890.1 2.72926e-16 6.728e-19 SDSS_u
55891.1 2.41083e-16 6.36186e-19 SDSS_u
55892.1 2.12949e-16 6.05244e-19 SDSS_u
55893.1 1.88094e-16 5.77315e-19 SDSS_u
55894.1 1.66135e-16 5.50793e-19 SDSS_u
55895.1 1.46736e-16 5.24797e-19 SDSS_u
55896.1 1.29599e-16 4.98917e-19 SDSS_u
55897.1 1.1446e-16 4.73029e-19 SDSS_u
55898.1 1.01087e-16 4.47175e-19 SDSS_u
55899.1 8.92737e-17 4.21481e-19 SDSS_u
55900.1 7.88391e-17 3.96108e-19 SDSS_u
55901.1 6.96222e-17 3.71221e-19 SDSS_u
55902.1 6.14813e-17 3.46974e-19 SDSS_u
55903.1 5.42908e-17 3.235e-19 SDSS_u
55904.1 4.794e-17 3.00906e-19 SDSS_u
55905.1 4.2331e-17 2.79277e-19 SDSS_u
55906.1 3.73772e-17 2.58672e-19 SDSS_u
55907.1 3.30022e-17 2.3913e-19 SDSS_u
55908.1 2.91386e-17 2.2067e-19 SDSS_u
55909.1 2.57265e-17 2.03297e-19 SDSS_u
55910.1 2.27134e-17 1.87e-19 SDSS_u
55911.1 2.00527e-17 1.71759e-19 SDSS_u
55912.1 1.77031e-17 1.57545e-19 SDSS_u
55913.1 1.56284e-17 1.44323e-19 SDSS_u
55914.1 1.37965e-17 1.32052e-19 SDSS_u
55915.1 1.2179e-17 1.20688e-19 SDSS_u
55916.1 1.07508e-17 1.10185e-19 SDSS_u
55917.1 9.48988e-18 1.00495e-19 SDSS_u
55918.1 8.37659e-18 9.15703e-20 SDSS_u
55919.1 7.3937e-18 8.33636e-20 SDSS_u
55920.1 6.52596e-18 7.58281e-20 SDSS_u
55921.1 5.7599e-18 6.89183e-20 SDSS_u
55922.1 5.08362e-18 6.25904e-20 SDSS_u
55923.1 4.48662e-18 5.68024e-20 SDSS_u
55924.1 3.95963e-18 5.15141e-20 SDSS_u
55925.1 3.49443e-18 4.66875e-20 SDSS_u
