53539.4 1.06305e-15 6.27001e-18 BessellB
53540.4 1.06793e-15 6.02186e-18 BessellB
53541.4 1.07252e-15 5.77616e-18 BessellB
53542.4 1.07681e-15 5.53333e-18 BessellB
53543.4 1.0808e-15 5.29378e-18 BessellB
53544.4 1.08447e-15 5.05795e-18 BessellB
53545.4 1.08783e-15 4.82624e-18 BessellB
53546.4 1.09088e-15 4.59907e-18 BessellB
53547.4 1.09359e-15 4.37686e-18 BessellB
53548.4 1.09598e-15 4.16002e-18 BessellB
53549.4 1.09804e-15 3.94895e-18 BessellB
53550.4 1.09976e-15 3.74405e-18 BessellB
53551.4 1.10114e-15 3.54571e-18 BessellB
53552.4 1.10219e-15 3.35432e-18 BessellB
53553.4 1.10289e-15 3.17026e-18 BessellB
53554.4 1.10325e-15 2.99391e-18 BessellB
53555.4 1.10327e-15 2.82563e-18 BessellB
53556.4 1.10295e-15 2.66578e-18 BessellB
53557.4 1.10228e-15 2.51469e-18 BessellB
53558.4 1.10127e-15 2.37267e-18 BessellB
53559.4 1.09992e-15 2.24001e-18 BessellB
53560.4 1.09824e-15 2.11696e-18 BessellB
53561.4 1.09622e-15 2.00372e-18 BessellB
53562.4 1.09387e-15 1.9004e-18 BessellB
53563.4 1.09119e-15 1.80706e-18 BessellB
53564.4 1.08819e-15 1.72364e-18 BessellB
53565.4 1.08488e-15 1.64997e-18 BessellB
53566.4 1.08124e-15 1.58573e-18 BessellB
53567.4 1.0773e-15 1.53051e-18 BessellB
53568.4 1.07306e-15 1.48373e-18 BessellB
53569.4 1.06852e-15 1.4447e-18 BessellB
53570.4 1.06369e-15 1.41265e-18 BessellB
53571.4 1.05858e-15 1.38673e-18 BessellB
53572.4 1.05319e-15 1.36607e-18 BessellB
53573.4 1.04754e-15 1.34977e-18 BessellB
53574.4 1.04163e-15 1.337e-18 BessellB
53575.4 1.03546e-15 1.32694e-18 BessellB
53576.4 1.02905e-15 1.31887e-18 BessellB
53577.4 1.02241e-15 1.31212e-18 BessellB
53578.4 1.01554e-15 1.30612e-18 BessellB
53579.4 1.00845e-15 1.30038e-18 BessellB
53580.4 1.00116e-15 1.29449e-18 BessellB
53581.4 9.93661e-16 1.28811e-18 BessellB
53582.4 9.85976e-16 1.28098e-18 BessellB
53583.4 9.78109e-16 1.27289e-18 BessellB
53584.4 9.70071e-16 1.26368e-18 BessellB
53585.4 9.61869e-16 1.25325e-18 BessellB
53586.4 9.53514e-16 1.24154e-18 BessellB
53587.4 9.45015e-16 1.2285e-18 BessellB
53588.4 9.36379e-16 1.21416e-18 BessellB
53589.4 9.27618e-16 1.19851e-18 BessellB
53590.4 9.18738e-16 1.18162e-18 BessellB
53591.4 9.0975e-16 1.16353e-18 BessellB
53592.4 9.00662e-16 1.14433e-18 BessellB
53593.4 8.91482e-16 1.1241e-18 BessellB
53594.4 8.82218e-16 1.10294e-18 BessellB
53595.4 8.7288e-16 1.08094e-18 BessellB
53596.4 8.63475e-16 1.05821e-18 BessellB
53597.4 8.5401e-16 1.03487e-18 BessellB
53598.4 8.44495e-16 1.01102e-18 BessellB
53599.4 8.34935e-16 9.86771e-19 BessellB
53600.4 8.25339e-16 9.62242e-19 BessellB
53601.4 8.15713e-16 9.37543e-19 BessellB
53602.4 8.06065e-16 9.12784e-19 BessellB
53603.4 7.964e-16 8.88074e-19 BessellB
53604.4 7.86726e-16 8.63518e-19 BessellB
53605.4 7.77049e-16 8.39221e-19 BessellB
53606.4 7.67374e-16 8.15282e-19 BessellB
53607.4 7.57708e-16 7.91797e-19 BessellB
53608.4 7.48056e-16 7.68857e-19 BessellB
53609.4 7.38423e-16 7.4655e-19 BessellB
53610.4 7.28814e-16 7.24959e-19 BessellB
53611.4 7.19234e-16 7.04159e-19 BessellB
53612.4 7.09689e-16 6.84223e-19 BessellB
53613.4 7.00181e-16 6.65212e-19 BessellB
53614.4 6.90716e-16 6.47186e-19 BessellB
53615.4 6.81298e-16 6.30193e-19 BessellB
53616.4 6.7193e-16 6.14274e-19 BessellB
53617.4 6.62616e-16 5.99461e-19 BessellB
53618.4 6.53359e-16 5.85776e-19 BessellB
53619.4 6.44163e-16 5.73232e-19 BessellB
53620.4 6.3503e-16 5.61831e-19 BessellB
53621.4 6.25964e-16 5.51565e-19 BessellB
53622.4 6.16967e-16 5.42417e-19 BessellB
53623.4 6.08041e-16 5.34358e-19 BessellB
53624.4 5.99189e-16 5.27352e-19 BessellB
53625.4 5.90413e-16 5.21354e-19 BessellB
53626.4 5.81714e-16 5.1631e-19 BessellB
53627.4 5.73096e-16 5.12163e-19 BessellB
53628.4 5.64559e-16 5.0885e-19 BessellB
53629.4 5.56105e-16 5.06303e-19 BessellB
53630.4 5.47735e-16 5.04454e-19 BessellB
53631.4 5.39451e-16 5.03234e-19 BessellB
53632.4 5.31254e-16 5.02574e-19 BessellB
53633.4 5.23144e-16 5.02406e-19 BessellB
53634.4 5.15124e-16 5.02664e-19 BessellB
53635.4 5.07192e-16 5.03285e-19 BessellB
53636.4 4.99351e-16 5.04211e-19 BessellB
53637.4 4.91601e-16 5.05386e-19 BessellB
53638.4 4.83941e-16 5.06758e-19 BessellB
53639.4 4.76374e-16 5.08279e-19 BessellB
53640.4 4.68898e-16 5.09908e-19 BessellB
53641.4 4.61514e-16 5.11603e-19 BessellB
53642.4 4.54223e-16 5.13332e-19 BessellB
53643.4 4.47024e-16 5.15061e-19 BessellB
53644.4 4.39917e-16 5.16763e-19 BessellB
53645.4 4.32902e-16 5.18413e-19 BessellB
53646.4 4.2598e-16 5.19991e-19 BessellB
53647.4 4.19149e-16 5.21478e-19 BessellB
53648.4 4.1241e-16 5.22858e-19 BessellB
53649.4 4.05762e-16 5.24119e-19 BessellB
53650.4 3.99205e-16 5.25248e-19 BessellB
53651.4 3.92738e-16 5.26236e-19 BessellB
53652.4 3.86362e-16 5.27078e-19 BessellB
53653.4 3.80075e-16 5.27766e-19 BessellB
53654.4 3.73877e-16 5.28297e-19 BessellB
53655.4 3.67767e-16 5.28668e-19 BessellB
53656.4 3.61745e-16 5.28877e-19 BessellB
53657.4 3.5581e-16 5.28924e-19 BessellB
53658.4 3.49961e-16 5.28808e-19 BessellB
53659.4 3.44198e-16 5.2853e-19 BessellB
53660.4 3.38521e-16 5.28093e-19 BessellB
53661.4 3.32927e-16 5.27499e-19 BessellB
53662.4 3.27417e-16 5.26749e-19 BessellB
53663.4 3.21989e-16 5.25848e-19 BessellB
53664.4 3.16644e-16 5.24798e-19 BessellB
53665.4 3.11379e-16 5.23605e-19 BessellB
53666.4 3.06195e-16 5.22271e-19 BessellB
53667.4 3.0109e-16 5.20801e-19 BessellB
53668.4 2.96064e-16 5.19199e-19 BessellB
53669.4 2.91115e-16 5.17471e-19 BessellB
53670.4 2.86243e-16 5.1562e-19 BessellB
53671.4 2.81446e-16 5.13652e-19 BessellB
53672.4 2.76725e-16 5.11571e-19 BessellB
53673.4 2.72078e-16 5.09381e-19 BessellB
53674.4 2.67504e-16 5.07088e-19 BessellB
53675.4 2.63002e-16 5.04697e-19 BessellB
53676.4 2.58572e-16 5.02211e-19 BessellB
53677.4 2.54212e-16 4.99636e-19 BessellB
53678.4 2.49922e-16 4.96975e-19 BessellB
53679.4 2.457e-16 4.94234e-19 BessellB
53680.4 2.41546e-16 4.91417e-19 BessellB
53681.4 2.37459e-16 4.88528e-19 BessellB
53682.4 2.33438e-16 4.85571e-19 BessellB
53683.4 2.29481e-16 4.8255e-19 BessellB
53684.4 2.25589e-16 4.7947e-19 BessellB
53685.4 2.2176e-16 4.76333e-19 BessellB
53686.4 2.17994e-16 4.73144e-19 BessellB
53687.4 2.14289e-16 4.69906e-19 BessellB
53688.4 2.10645e-16 4.66623e-19 BessellB
53689.4 2.0706e-16 4.63297e-19 BessellB
53690.4 2.03534e-16 4.59933e-19 BessellB
53691.4 2.00066e-16 4.56533e-19 BessellB
53692.4 1.96656e-16 4.53101e-19 BessellB
53693.4 1.93301e-16 4.49638e-19 BessellB
53694.4 1.90003e-16 4.46149e-19 BessellB
53695.4 1.86758e-16 4.42636e-19 BessellB
53696.4 1.83568e-16 4.391e-19 BessellB
53697.4 1.80431e-16 4.35546e-19 BessellB
53698.4 1.77346e-16 4.31974e-19 BessellB
53699.4 1.74312e-16 4.28387e-19 BessellB
53700.4 1.71329e-16 4.24788e-19 BessellB
53701.4 1.68396e-16 4.21179e-19 BessellB
53702.4 1.65511e-16 4.17561e-19 BessellB
53703.4 1.62676e-16 4.13936e-19 BessellB
53704.4 1.59887e-16 4.10307e-19 BessellB
53705.4 1.57146e-16 4.06674e-19 BessellB
53706.4 1.5445e-16 4.0304e-19 BessellB
53707.4 1.518e-16 3.99406e-19 BessellB
53708.4 1.49195e-16 3.95774e-19 BessellB
53709.4 1.46633e-16 3.92144e-19 BessellB
53710.4 1.44115e-16 3.88519e-19 BessellB
53711.4 1.41639e-16 3.849e-19 BessellB
53712.4 1.39205e-16 3.81287e-19 BessellB
53713.4 1.36813e-16 3.77682e-19 BessellB
53714.4 1.34461e-16 3.74086e-19 BessellB
53715.4 1.32148e-16 3.705e-19 BessellB
53716.4 1.29875e-16 3.66925e-19 BessellB
53717.4 1.27641e-16 3.63363e-19 BessellB
53718.4 1.25444e-16 3.59813e-19 BessellB
53719.4 1.23285e-16 3.56276e-19 BessellB
53720.4 1.21162e-16 3.52755e-19 BessellB
53721.4 1.19076e-16 3.49248e-19 BessellB
53722.4 1.17025e-16 3.45757e-19 BessellB
53723.4 1.15009e-16 3.42283e-19 BessellB
53724.4 1.13027e-16 3.38826e-19 BessellB
53725.4 1.1108e-16 3.35386e-19 BessellB
53726.4 1.09165e-16 3.31965e-19 BessellB
53727.4 1.07283e-16 3.28562e-19 BessellB
53728.4 1.05433e-16 3.25179e-19 BessellB
53729.4 1.03615e-16 3.21816e-19 BessellB
53730.4 1.01828e-16 3.18472e-19 BessellB
53731.4 1.00072e-16 3.1515e-19 BessellB
53732.4 9.83455e-17 3.11847e-19 BessellB
53733.4 9.66487e-17 3.08567e-19 BessellB
53734.4 9.49809e-17 3.05307e-19 BessellB
53735.4 9.33417e-17 3.0207e-19 BessellB
53736.4 9.17306e-17 2.98854e-19 BessellB
53737.4 9.01472e-17 2.95661e-19 BessellB
53738.4 8.85909e-17 2.9249e-19 BessellB
53739.4 8.70613e-17 2.89342e-19 BessellB
53740.4 8.55579e-17 2.86217e-19 BessellB
53741.4 8.40804e-17 2.83115e-19 BessellB
53742.4 8.26282e-17 2.80036e-19 BessellB
53743.4 8.1201e-17 2.76981e-19 BessellB
53744.4 7.97983e-17 2.73949e-19 BessellB
53745.4 7.84197e-17 2.70941e-19 BessellB
53746.4 7.70648e-17 2.67956e-19 BessellB
53747.4 7.57333e-17 2.64995e-19 BessellB
53748.4 7.44246e-17 2.62058e-19 BessellB
53749.4 7.31384e-17 2.59145e-19 BessellB
53750.4 7.18744e-17 2.56256e-19 BessellB
53751.4 7.06322e-17 2.53391e-19 BessellB
53752.4 6.94113e-17 2.5055e-19 BessellB
53753.4 6.82114e-17 2.47733e-19 BessellB
53754.4 6.70322e-17 2.44939e-19 BessellB
53755.4 6.58734e-17 2.4217e-19 BessellB
53756.4 6.47345e-17 2.39425e-19 BessellB
53757.4 6.36152e-17 2.36704e-19 BessellB
53758.4 6.25152e-17 2.34007e-19 BessellB
53759.4 6.14342e-17 2.31334e-19 BessellB
53760.4 6.03718e-17 2.28684e-19 BessellB
53761.4 5.93277e-17 2.26059e-19 BessellB
53762.4 5.83017e-17 2.23457e-19 BessellB
53539.4 1.89279e-16 1.86104e-18 BessellI
53540.4 1.92846e-16 1.79392e-18 BessellI
53541.4 1.96441e-16 1.72554e-18 BessellI
53542.4 2.00061e-16 1.65608e-18 BessellI
53543.4 2.03706e-16 1.58575e-18 BessellI
53544.4 2.07372e-16 1.5148e-18 BessellI
53545.4 2.11057e-16 1.44351e-18 BessellI
53546.4 2.14759e-16 1.37221e-18 BessellI
53547.4 2.18474e-16 1.30126e-18 BessellI
53548.4 2.22201e-16 1.2311e-18 BessellI
53549.4 2.25935e-16 1.16221e-18 BessellI
53550.4 2.29674e-16 1.09519e-18 BessellI
53551.4 2.33415e-16 1.03068e-18 BessellI
53552.4 2.37155e-16 9.69483e-19 BessellI
53553.4 2.40889e-16 9.12467e-19 BessellI
53554.4 2.44615e-16 8.60625e-19 BessellI
53555.4 2.48328e-16 8.1503e-19 BessellI
53556.4 2.52025e-16 7.7678e-19 BessellI
53557.4 2.55702e-16 7.46907e-19 BessellI
53558.4 2.59355e-16 7.26244e-19 BessellI
53559.4 2.6298e-16 7.15281e-19 BessellI
53560.4 2.66573e-16 7.14058e-19 BessellI
53561.4 2.70129e-16 7.22126e-19 BessellI
53562.4 2.73645e-16 7.38603e-19 BessellI
53563.4 2.77116e-16 7.62303e-19 BessellI
53564.4 2.80537e-16 7.91889e-19 BessellI
53565.4 2.83905e-16 8.26006e-19 BessellI
53566.4 2.87215e-16 8.63378e-19 BessellI
53567.4 2.90462e-16 9.02853e-19 BessellI
53568.4 2.93643e-16 9.43422e-19 BessellI
53569.4 2.96753e-16 9.84219e-19 BessellI
53570.4 2.99788e-16 1.02451e-18 BessellI
53571.4 3.02744e-16 1.06366e-18 BessellI
53572.4 3.05616e-16 1.10115e-18 BessellI
53573.4 3.08401e-16 1.13654e-18 BessellI
53574.4 3.11094e-16 1.16945e-18 BessellI
53575.4 3.13693e-16 1.19956e-18 BessellI
53576.4 3.16192e-16 1.22663e-18 BessellI
53577.4 3.1859e-16 1.25043e-18 BessellI
53578.4 3.20882e-16 1.2708e-18 BessellI
53579.4 3.23065e-16 1.28761e-18 BessellI
53580.4 3.25137e-16 1.30075e-18 BessellI
53581.4 3.27094e-16 1.31015e-18 BessellI
53582.4 3.28934e-16 1.3158e-18 BessellI
53583.4 3.30655e-16 1.31767e-18 BessellI
53584.4 3.32254e-16 1.31579e-18 BessellI
53585.4 3.33731e-16 1.3102e-18 BessellI
53586.4 3.35082e-16 1.30098e-18 BessellI
53587.4 3.36307e-16 1.28821e-18 BessellI
53588.4 3.37404e-16 1.272e-18 BessellI
53589.4 3.38374e-16 1.2525e-18 BessellI
53590.4 3.39214e-16 1.22985e-18 BessellI
53591.4 3.39924e-16 1.20424e-18 BessellI
53592.4 3.40506e-16 1.17584e-18 BessellI
53593.4 3.40957e-16 1.14487e-18 BessellI
53594.4 3.4128e-16 1.11155e-18 BessellI
53595.4 3.41474e-16 1.07613e-18 BessellI
53596.4 3.41541e-16 1.03885e-18 BessellI
53597.4 3.41481e-16 1e-18 BessellI
53598.4 3.41296e-16 9.59859e-19 BessellI
53599.4 3.40987e-16 9.18735e-19 BessellI
53600.4 3.40556e-16 8.76953e-19 BessellI
53601.4 3.40005e-16 8.34858e-19 BessellI
53602.4 3.39336e-16 7.92821e-19 BessellI
53603.4 3.38551e-16 7.51236e-19 BessellI
53604.4 3.37653e-16 7.10527e-19 BessellI
53605.4 3.36644e-16 6.71152e-19 BessellI
53606.4 3.35526e-16 6.33601e-19 BessellI
53607.4 3.34304e-16 5.98398e-19 BessellI
53608.4 3.3298e-16 5.66093e-19 BessellI
53609.4 3.31556e-16 5.37249e-19 BessellI
53610.4 3.30037e-16 5.12412e-19 BessellI
53611.4 3.28425e-16 4.92075e-19 BessellI
53612.4 3.26723e-16 4.76624e-19 BessellI
53613.4 3.24936e-16 4.66286e-19 BessellI
53614.4 3.23065e-16 4.61086e-19 BessellI
53615.4 3.21116e-16 4.60831e-19 BessellI
53616.4 3.19091e-16 4.65126e-19 BessellI
53617.4 3.16993e-16 4.73418e-19 BessellI
53618.4 3.14827e-16 4.85067e-19 BessellI
53619.4 3.12595e-16 4.99397e-19 BessellI
53620.4 3.10302e-16 5.15754e-19 BessellI
53621.4 3.0795e-16 5.33535e-19 BessellI
53622.4 3.05543e-16 5.52205e-19 BessellI
53623.4 3.03085e-16 5.71303e-19 BessellI
53624.4 3.00578e-16 5.9044e-19 BessellI
53625.4 2.98026e-16 6.09291e-19 BessellI
53626.4 2.95432e-16 6.2759e-19 BessellI
53627.4 2.92799e-16 6.45121e-19 BessellI
53628.4 2.90131e-16 6.61709e-19 BessellI
53629.4 2.8743e-16 6.77217e-19 BessellI
53630.4 2.847e-16 6.91538e-19 BessellI
53631.4 2.81942e-16 7.04588e-19 BessellI
53632.4 2.7916e-16 7.16309e-19 BessellI
53633.4 2.76357e-16 7.26658e-19 BessellI
53634.4 2.73535e-16 7.35611e-19 BessellI
53635.4 2.70697e-16 7.43154e-19 BessellI
53636.4 2.67845e-16 7.49287e-19 BessellI
53637.4 2.64982e-16 7.54017e-19 BessellI
53638.4 2.62109e-16 7.57364e-19 BessellI
53639.4 2.59229e-16 7.5935e-19 BessellI
53640.4 2.56344e-16 7.60007e-19 BessellI
53641.4 2.53456e-16 7.5937e-19 BessellI
53642.4 2.50567e-16 7.57479e-19 BessellI
53643.4 2.47679e-16 7.54377e-19 BessellI
53644.4 2.44794e-16 7.50113e-19 BessellI
53645.4 2.41913e-16 7.44735e-19 BessellI
53646.4 2.39037e-16 7.38296e-19 BessellI
53647.4 2.36169e-16 7.30848e-19 BessellI
53648.4 2.33309e-16 7.22446e-19 BessellI
53649.4 2.3046e-16 7.13148e-19 BessellI
53650.4 2.27622e-16 7.03008e-19 BessellI
53651.4 2.24797e-16 6.92086e-19 BessellI
53652.4 2.21985e-16 6.80438e-19 BessellI
53653.4 2.19188e-16 6.68123e-19 BessellI
53654.4 2.16407e-16 6.55199e-19 BessellI
53655.4 2.13643e-16 6.41724e-19 BessellI
53656.4 2.10896e-16 6.27757e-19 BessellI
53657.4 2.08168e-16 6.13357e-19 BessellI
53658.4 2.0546e-16 5.98582e-19 BessellI
53659.4 2.02771e-16 5.8349e-19 BessellI
53660.4 2.00103e-16 5.6814e-19 BessellI
53661.4 1.97456e-16 5.52591e-19 BessellI
53662.4 1.94831e-16 5.36902e-19 BessellI
53663.4 1.92229e-16 5.21132e-19 BessellI
53664.4 1.89649e-16 5.05343e-19 BessellI
53665.4 1.87093e-16 4.89596e-19 BessellI
53666.4 1.8456e-16 4.73953e-19 BessellI
53667.4 1.82052e-16 4.58477e-19 BessellI
53668.4 1.79567e-16 4.43234e-19 BessellI
53669.4 1.77108e-16 4.28291e-19 BessellI
53670.4 1.74673e-16 4.13717e-19 BessellI
53671.4 1.72263e-16 3.99583e-19 BessellI
53672.4 1.69879e-16 3.85962e-19 BessellI
53673.4 1.6752e-16 3.72929e-19 BessellI
53674.4 1.65187e-16 3.60559e-19 BessellI
53675.4 1.62879e-16 3.4893e-19 BessellI
53676.4 1.60597e-16 3.3812e-19 BessellI
53677.4 1.58341e-16 3.28202e-19 BessellI
53678.4 1.56111e-16 3.1925e-19 BessellI
53679.4 1.53906e-16 3.11328e-19 BessellI
53680.4 1.51728e-16 3.04497e-19 BessellI
53681.4 1.49575e-16 2.98801e-19 BessellI
53682.4 1.47448e-16 2.94277e-19 BessellI
53683.4 1.45347e-16 2.90942e-19 BessellI
53684.4 1.43272e-16 2.88798e-19 BessellI
53685.4 1.41222e-16 2.8783e-19 BessellI
53686.4 1.39198e-16 2.88002e-19 BessellI
53687.4 1.37199e-16 2.89268e-19 BessellI
53688.4 1.35225e-16 2.91564e-19 BessellI
53689.4 1.33276e-16 2.94817e-19 BessellI
53690.4 1.31353e-16 2.98946e-19 BessellI
53691.4 1.29454e-16 3.03866e-19 BessellI
53692.4 1.2758e-16 3.09491e-19 BessellI
53693.4 1.2573e-16 3.15735e-19 BessellI
53694.4 1.23905e-16 3.22514e-19 BessellI
53695.4 1.22103e-16 3.29751e-19 BessellI
53696.4 1.20326e-16 3.3737e-19 BessellI
53697.4 1.18572e-16 3.45304e-19 BessellI
53698.4 1.16842e-16 3.53491e-19 BessellI
53699.4 1.15136e-16 3.61873e-19 BessellI
53700.4 1.13452e-16 3.70399e-19 BessellI
53701.4 1.11791e-16 3.79025e-19 BessellI
53702.4 1.10153e-16 3.87708e-19 BessellI
53703.4 1.08537e-16 3.96413e-19 BessellI
53704.4 1.06944e-16 4.05106e-19 BessellI
53705.4 1.05373e-16 4.13761e-19 BessellI
53706.4 1.03823e-16 4.22351e-19 BessellI
53707.4 1.02295e-16 4.30854e-19 BessellI
53708.4 1.00788e-16 4.39251e-19 BessellI
53709.4 9.93023e-17 4.47526e-19 BessellI
53710.4 9.78373e-17 4.55663e-19 BessellI
53711.4 9.6393e-17 4.6365e-19 BessellI
53712.4 9.49691e-17 4.71475e-19 BessellI
53713.4 9.35653e-17 4.79129e-19 BessellI
53714.4 9.21814e-17 4.86603e-19 BessellI
53715.4 9.08171e-17 4.93892e-19 BessellI
53716.4 8.94723e-17 5.00989e-19 BessellI
53717.4 8.81466e-17 5.07889e-19 BessellI
53718.4 8.68399e-17 5.14589e-19 BessellI
53539.4 3.34357e-16 8.84573e-19 BessellR
53540.4 3.40918e-16 8.56315e-19 BessellR
53541.4 3.47503e-16 8.27675e-19 BessellR
53542.4 3.54106e-16 7.98767e-19 BessellR
53543.4 3.60721e-16 7.69718e-19 BessellR
53544.4 3.6734e-16 7.40663e-19 BessellR
53545.4 3.73957e-16 7.11751e-19 BessellR
53546.4 3.80565e-16 6.83146e-19 BessellR
53547.4 3.87156e-16 6.55021e-19 BessellR
53548.4 3.93723e-16 6.27564e-19 BessellR
53549.4 4.00258e-16 6.00975e-19 BessellR
53550.4 4.06752e-16 5.75464e-19 BessellR
53551.4 4.13199e-16 5.51249e-19 BessellR
53552.4 4.19589e-16 5.28554e-19 BessellR
53553.4 4.25914e-16 5.07599e-19 BessellR
53554.4 4.32165e-16 4.88593e-19 BessellR
53555.4 4.38335e-16 4.71728e-19 BessellR
53556.4 4.44414e-16 4.57162e-19 BessellR
53557.4 4.50394e-16 4.45006e-19 BessellR
53558.4 4.56266e-16 4.35317e-19 BessellR
53559.4 4.62022e-16 4.28087e-19 BessellR
53560.4 4.67653e-16 4.23235e-19 BessellR
53561.4 4.73152e-16 4.20618e-19 BessellR
53562.4 4.78509e-16 4.20027e-19 BessellR
53563.4 4.83718e-16 4.21212e-19 BessellR
53564.4 4.88769e-16 4.23886e-19 BessellR
53565.4 4.93657e-16 4.27748e-19 BessellR
53566.4 4.98374e-16 4.32496e-19 BessellR
53567.4 5.02912e-16 4.37834e-19 BessellR
53568.4 5.07265e-16 4.43488e-19 BessellR
53569.4 5.11428e-16 4.49205e-19 BessellR
53570.4 5.15394e-16 4.54759e-19 BessellR
53571.4 5.19158e-16 4.59953e-19 BessellR
53572.4 5.22716e-16 4.64616e-19 BessellR
53573.4 5.26062e-16 4.68607e-19 BessellR
53574.4 5.29192e-16 4.71808e-19 BessellR
53575.4 5.32104e-16 4.74125e-19 BessellR
53576.4 5.34794e-16 4.75486e-19 BessellR
53577.4 5.37259e-16 4.7584e-19 BessellR
53578.4 5.39499e-16 4.75155e-19 BessellR
53579.4 5.4151e-16 4.73413e-19 BessellR
53580.4 5.43293e-16 4.70612e-19 BessellR
53581.4 5.44846e-16 4.66767e-19 BessellR
53582.4 5.4617e-16 4.61901e-19 BessellR
53583.4 5.47265e-16 4.56051e-19 BessellR
53584.4 5.48132e-16 4.49263e-19 BessellR
53585.4 5.48774e-16 4.41592e-19 BessellR
53586.4 5.4919e-16 4.33102e-19 BessellR
53587.4 5.49385e-16 4.23862e-19 BessellR
53588.4 5.4936e-16 4.1395e-19 BessellR
53589.4 5.4912e-16 4.03448e-19 BessellR
53590.4 5.48667e-16 3.92443e-19 BessellR
53591.4 5.48005e-16 3.81026e-19 BessellR
53592.4 5.47138e-16 3.69293e-19 BessellR
53593.4 5.46072e-16 3.5734e-19 BessellR
53594.4 5.44811e-16 3.45268e-19 BessellR
53595.4 5.4336e-16 3.33179e-19 BessellR
53596.4 5.41723e-16 3.21177e-19 BessellR
53597.4 5.39908e-16 3.09365e-19 BessellR
53598.4 5.37919e-16 2.97847e-19 BessellR
53599.4 5.35762e-16 2.86724e-19 BessellR
53600.4 5.33443e-16 2.76097e-19 BessellR
53601.4 5.30968e-16 2.66061e-19 BessellR
53602.4 5.28344e-16 2.56703e-19 BessellR
53603.4 5.25576e-16 2.48105e-19 BessellR
53604.4 5.2267e-16 2.40335e-19 BessellR
53605.4 5.19634e-16 2.33448e-19 BessellR
53606.4 5.16472e-16 2.27482e-19 BessellR
53607.4 5.13192e-16 2.22455e-19 BessellR
53608.4 5.09799e-16 2.18367e-19 BessellR
53609.4 5.063e-16 2.15194e-19 BessellR
53610.4 5.02701e-16 2.12896e-19 BessellR
53611.4 4.99007e-16 2.11412e-19 BessellR
53612.4 4.95225e-16 2.10668e-19 BessellR
53613.4 4.9136e-16 2.10578e-19 BessellR
53614.4 4.87417e-16 2.11052e-19 BessellR
53615.4 4.83404e-16 2.11995e-19 BessellR
53616.4 4.79324e-16 2.13313e-19 BessellR
53617.4 4.75183e-16 2.14916e-19 BessellR
53618.4 4.70986e-16 2.16721e-19 BessellR
53619.4 4.66739e-16 2.18648e-19 BessellR
53620.4 4.62446e-16 2.20629e-19 BessellR
53621.4 4.58111e-16 2.22603e-19 BessellR
53622.4 4.5374e-16 2.24515e-19 BessellR
53623.4 4.49336e-16 2.26321e-19 BessellR
53624.4 4.44904e-16 2.27982e-19 BessellR
53625.4 4.40448e-16 2.29466e-19 BessellR
53626.4 4.35972e-16 2.30748e-19 BessellR
53627.4 4.31479e-16 2.31809e-19 BessellR
53628.4 4.26973e-16 2.32633e-19 BessellR
53629.4 4.22457e-16 2.33209e-19 BessellR
53630.4 4.17935e-16 2.33532e-19 BessellR
53631.4 4.1341e-16 2.33599e-19 BessellR
53632.4 4.08885e-16 2.33408e-19 BessellR
53633.4 4.04363e-16 2.32964e-19 BessellR
53634.4 3.99845e-16 2.32269e-19 BessellR
53635.4 3.95336e-16 2.31332e-19 BessellR
53636.4 3.90836e-16 2.3016e-19 BessellR
53637.4 3.8635e-16 2.28764e-19 BessellR
53638.4 3.81877e-16 2.27155e-19 BessellR
53639.4 3.77422e-16 2.25345e-19 BessellR
53640.4 3.72985e-16 2.23347e-19 BessellR
53641.4 3.68569e-16 2.21175e-19 BessellR
53642.4 3.64175e-16 2.18843e-19 BessellR
53643.4 3.59804e-16 2.16367e-19 BessellR
53644.4 3.55458e-16 2.13762e-19 BessellR
53645.4 3.5114e-16 2.11044e-19 BessellR
53646.4 3.46848e-16 2.08228e-19 BessellR
53647.4 3.42586e-16 2.05332e-19 BessellR
53648.4 3.38354e-16 2.02371e-19 BessellR
53649.4 3.34154e-16 1.99361e-19 BessellR
53650.4 3.29985e-16 1.96319e-19 BessellR
53651.4 3.25849e-16 1.93262e-19 BessellR
53652.4 3.21747e-16 1.90205e-19 BessellR
53653.4 3.1768e-16 1.87164e-19 BessellR
53654.4 3.13648e-16 1.84156e-19 BessellR
53655.4 3.09651e-16 1.81195e-19 BessellR
53656.4 3.05691e-16 1.78298e-19 BessellR
53657.4 3.01767e-16 1.75478e-19 BessellR
53658.4 2.97881e-16 1.72751e-19 BessellR
53659.4 2.94032e-16 1.70129e-19 BessellR
53660.4 2.90221e-16 1.67626e-19 BessellR
53661.4 2.86449e-16 1.65253e-19 BessellR
53662.4 2.82715e-16 1.63023e-19 BessellR
53663.4 2.79019e-16 1.60946e-19 BessellR
53664.4 2.75362e-16 1.5903e-19 BessellR
53665.4 2.71744e-16 1.57285e-19 BessellR
53666.4 2.68165e-16 1.55716e-19 BessellR
53667.4 2.64625e-16 1.5433e-19 BessellR
53668.4 2.61124e-16 1.53131e-19 BessellR
53669.4 2.57662e-16 1.5212e-19 BessellR
53670.4 2.54239e-16 1.51299e-19 BessellR
53671.4 2.50855e-16 1.50669e-19 BessellR
53672.4 2.4751e-16 1.50227e-19 BessellR
53673.4 2.44204e-16 1.49969e-19 BessellR
53674.4 2.40936e-16 1.49893e-19 BessellR
53675.4 2.37706e-16 1.49992e-19 BessellR
53676.4 2.34515e-16 1.50259e-19 BessellR
53677.4 2.31363e-16 1.50688e-19 BessellR
53678.4 2.28248e-16 1.5127e-19 BessellR
53679.4 2.25171e-16 1.51996e-19 BessellR
53680.4 2.22131e-16 1.52857e-19 BessellR
53681.4 2.19128e-16 1.53843e-19 BessellR
53682.4 2.16163e-16 1.54944e-19 BessellR
53683.4 2.13234e-16 1.56151e-19 BessellR
53684.4 2.10342e-16 1.57454e-19 BessellR
53685.4 2.07486e-16 1.58842e-19 BessellR
53686.4 2.04666e-16 1.60306e-19 BessellR
53687.4 2.01882e-16 1.61838e-19 BessellR
53688.4 1.99132e-16 1.63428e-19 BessellR
53689.4 1.96418e-16 1.65067e-19 BessellR
53690.4 1.93739e-16 1.66748e-19 BessellR
53691.4 1.91094e-16 1.68463e-19 BessellR
53692.4 1.88483e-16 1.70204e-19 BessellR
53693.4 1.85906e-16 1.71965e-19 BessellR
53694.4 1.83362e-16 1.73739e-19 BessellR
53695.4 1.80851e-16 1.7552e-19 BessellR
53696.4 1.78373e-16 1.77303e-19 BessellR
53697.4 1.75927e-16 1.79082e-19 BessellR
53698.4 1.73514e-16 1.80853e-19 BessellR
53699.4 1.71132e-16 1.82611e-19 BessellR
53700.4 1.68781e-16 1.84353e-19 BessellR
53701.4 1.66462e-16 1.86074e-19 BessellR
53702.4 1.64173e-16 1.87772e-19 BessellR
53703.4 1.61915e-16 1.89442e-19 BessellR
53704.4 1.59686e-16 1.91084e-19 BessellR
53705.4 1.57488e-16 1.92693e-19 BessellR
53706.4 1.55318e-16 1.94267e-19 BessellR
53707.4 1.53178e-16 1.95806e-19 BessellR
53708.4 1.51066e-16 1.97306e-19 BessellR
53709.4 1.48983e-16 1.98766e-19 BessellR
53710.4 1.46928e-16 2.00185e-19 BessellR
53711.4 1.449e-16 2.01562e-19 BessellR
53712.4 1.42899e-16 2.02896e-19 BessellR
53713.4 1.40926e-16 2.04185e-19 BessellR
53714.4 1.38979e-16 2.05429e-19 BessellR
53715.4 1.37059e-16 2.06627e-19 BessellR
53716.4 1.35164e-16 2.07779e-19 BessellR
53717.4 1.33295e-16 2.08884e-19 BessellR
53718.4 1.31452e-16 2.09942e-19 BessellR
53544.4 2.09257e-16 3.42554e-18 BessellV
53545.4 2.28891e-16 3.45776e-18 BessellV
53546.4 2.49891e-16 3.46327e-18 BessellV
53547.4 2.72252e-16 3.43904e-18 BessellV
53548.4 2.95953e-16 3.38247e-18 BessellV
53549.4 3.20944e-16 3.29152e-18 BessellV
53550.4 3.47153e-16 3.16498e-18 BessellV
53551.4 3.74477e-16 3.00258e-18 BessellV
53552.4 4.02784e-16 2.80522e-18 BessellV
53553.4 4.31914e-16 2.57511e-18 BessellV
53554.4 4.61677e-16 2.3159e-18 BessellV
53555.4 4.91861e-16 2.03277e-18 BessellV
53556.4 5.22231e-16 1.73264e-18 BessellV
53557.4 5.52537e-16 1.42462e-18 BessellV
53558.4 5.82521e-16 1.12133e-18 BessellV
53559.4 6.11921e-16 8.42781e-19 BessellV
53560.4 6.40483e-16 6.27038e-19 BessellV
53561.4 6.67964e-16 5.40014e-19 BessellV
53562.4 6.94144e-16 6.12128e-19 BessellV
53563.4 7.18827e-16 7.74445e-19 BessellV
53564.4 7.41847e-16 9.5814e-19 BessellV
53565.4 7.63073e-16 1.13152e-18 BessellV
53566.4 7.8241e-16 1.28145e-18 BessellV
53567.4 7.99796e-16 1.4025e-18 BessellV
53568.4 8.15203e-16 1.49295e-18 BessellV
53569.4 8.28636e-16 1.55321e-18 BessellV
53570.4 8.40127e-16 1.58501e-18 BessellV
53571.4 8.49732e-16 1.59095e-18 BessellV
53572.4 8.57525e-16 1.57416e-18 BessellV
53573.4 8.63597e-16 1.53801e-18 BessellV
53574.4 8.68051e-16 1.48599e-18 BessellV
53575.4 8.70996e-16 1.42147e-18 BessellV
53576.4 8.72545e-16 1.34766e-18 BessellV
53577.4 8.72815e-16 1.2675e-18 BessellV
53578.4 8.71918e-16 1.18364e-18 BessellV
53579.4 8.69965e-16 1.0984e-18 BessellV
53580.4 8.67063e-16 1.01377e-18 BessellV
53581.4 8.63314e-16 9.31459e-19 BessellV
53582.4 8.58812e-16 8.52855e-19 BessellV
53583.4 8.53644e-16 7.79101e-19 BessellV
53584.4 8.47894e-16 7.11096e-19 BessellV
53585.4 8.41635e-16 6.4952e-19 BessellV
53586.4 8.34937e-16 5.94838e-19 BessellV
53587.4 8.2786e-16 5.47309e-19 BessellV
53588.4 8.2046e-16 5.06973e-19 BessellV
53589.4 8.12788e-16 4.73643e-19 BessellV
53590.4 8.04888e-16 4.46906e-19 BessellV
53591.4 7.96801e-16 4.26146e-19 BessellV
53592.4 7.88562e-16 4.10584e-19 BessellV
53593.4 7.80203e-16 3.99351e-19 BessellV
53594.4 7.71752e-16 3.91559e-19 BessellV
53595.4 7.63233e-16 3.86371e-19 BessellV
53596.4 7.54668e-16 3.83043e-19 BessellV
53597.4 7.46075e-16 3.80953e-19 BessellV
53598.4 7.37473e-16 3.79604e-19 BessellV
53599.4 7.28874e-16 3.78616e-19 BessellV
53600.4 7.20293e-16 3.77708e-19 BessellV
53601.4 7.11739e-16 3.76686e-19 BessellV
53602.4 7.03223e-16 3.75422e-19 BessellV
53603.4 6.94752e-16 3.7384e-19 BessellV
53604.4 6.86333e-16 3.71904e-19 BessellV
53605.4 6.77974e-16 3.69606e-19 BessellV
53606.4 6.69678e-16 3.66959e-19 BessellV
53607.4 6.6145e-16 3.63993e-19 BessellV
53608.4 6.53295e-16 3.60743e-19 BessellV
53609.4 6.45214e-16 3.57252e-19 BessellV
53610.4 6.37211e-16 3.53568e-19 BessellV
53611.4 6.29287e-16 3.49738e-19 BessellV
53612.4 6.21445e-16 3.45807e-19 BessellV
53613.4 6.13685e-16 3.41821e-19 BessellV
53614.4 6.06009e-16 3.37823e-19 BessellV
53615.4 5.98418e-16 3.33851e-19 BessellV
53616.4 5.90911e-16 3.29942e-19 BessellV
53617.4 5.8349e-16 3.2613e-19 BessellV
53618.4 5.76154e-16 3.22442e-19 BessellV
53619.4 5.68904e-16 3.18904e-19 BessellV
53620.4 5.61739e-16 3.15538e-19 BessellV
53621.4 5.54659e-16 3.12362e-19 BessellV
53622.4 5.47664e-16 3.09392e-19 BessellV
53623.4 5.40752e-16 3.06637e-19 BessellV
53624.4 5.33925e-16 3.04108e-19 BessellV
53625.4 5.27181e-16 3.01809e-19 BessellV
53626.4 5.20519e-16 2.99743e-19 BessellV
53627.4 5.13939e-16 2.97911e-19 BessellV
53628.4 5.0744e-16 2.9631e-19 BessellV
53629.4 5.01022e-16 2.94938e-19 BessellV
53630.4 4.94683e-16 2.93789e-19 BessellV
53631.4 4.88423e-16 2.92856e-19 BessellV
53632.4 4.82241e-16 2.9213e-19 BessellV
53633.4 4.76136e-16 2.91603e-19 BessellV
53634.4 4.70108e-16 2.91264e-19 BessellV
53635.4 4.64155e-16 2.91103e-19 BessellV
53636.4 4.58277e-16 2.91108e-19 BessellV
53637.4 4.52472e-16 2.91268e-19 BessellV
53638.4 4.46741e-16 2.91572e-19 BessellV
53639.4 4.41081e-16 2.92008e-19 BessellV
53640.4 4.35493e-16 2.92564e-19 BessellV
53641.4 4.29976e-16 2.93229e-19 BessellV
53642.4 4.24528e-16 2.93993e-19 BessellV
53643.4 4.19148e-16 2.94845e-19 BessellV
53644.4 4.13837e-16 2.95774e-19 BessellV
53645.4 4.08593e-16 2.9677e-19 BessellV
53646.4 4.03415e-16 2.97825e-19 BessellV
53647.4 3.98302e-16 2.9893e-19 BessellV
53648.4 3.93254e-16 3.00075e-19 BessellV
53649.4 3.8827e-16 3.01254e-19 BessellV
53650.4 3.83349e-16 3.02458e-19 BessellV
53651.4 3.7849e-16 3.03682e-19 BessellV
53652.4 3.73693e-16 3.04918e-19 BessellV
53653.4 3.68957e-16 3.0616e-19 BessellV
53654.4 3.6428e-16 3.07404e-19 BessellV
53655.4 3.59663e-16 3.08644e-19 BessellV
53656.4 3.55104e-16 3.09875e-19 BessellV
53657.4 3.50603e-16 3.11093e-19 BessellV
53658.4 3.46159e-16 3.12294e-19 BessellV
53659.4 3.41771e-16 3.13475e-19 BessellV
53660.4 3.37439e-16 3.14632e-19 BessellV
53661.4 3.33161e-16 3.15763e-19 BessellV
53662.4 3.28938e-16 3.16864e-19 BessellV
53663.4 3.24769e-16 3.17934e-19 BessellV
53664.4 3.20652e-16 3.18969e-19 BessellV
53665.4 3.16587e-16 3.19969e-19 BessellV
53666.4 3.12574e-16 3.20932e-19 BessellV
53667.4 3.08612e-16 3.21855e-19 BessellV
53668.4 3.047e-16 3.22739e-19 BessellV
53669.4 3.00838e-16 3.23581e-19 BessellV
53670.4 2.97024e-16 3.2438e-19 BessellV
53671.4 2.93259e-16 3.25137e-19 BessellV
53672.4 2.89542e-16 3.2585e-19 BessellV
53673.4 2.85871e-16 3.26518e-19 BessellV
53674.4 2.82247e-16 3.27142e-19 BessellV
53675.4 2.7867e-16 3.2772e-19 BessellV
53676.4 2.75137e-16 3.28253e-19 BessellV
53677.4 2.71649e-16 3.28741e-19 BessellV
53678.4 2.68206e-16 3.29183e-19 BessellV
53679.4 2.64806e-16 3.2958e-19 BessellV
53680.4 2.61449e-16 3.29931e-19 BessellV
53681.4 2.58135e-16 3.30237e-19 BessellV
53682.4 2.54863e-16 3.30498e-19 BessellV
53683.4 2.51632e-16 3.30714e-19 BessellV
53684.4 2.48442e-16 3.30886e-19 BessellV
53685.4 2.45293e-16 3.31013e-19 BessellV
53686.4 2.42184e-16 3.31097e-19 BessellV
53687.4 2.39114e-16 3.31138e-19 BessellV
53688.4 2.36082e-16 3.31136e-19 BessellV
53689.4 2.3309e-16 3.31092e-19 BessellV
53690.4 2.30135e-16 3.31006e-19 BessellV
53691.4 2.27218e-16 3.30878e-19 BessellV
53692.4 2.24337e-16 3.30711e-19 BessellV
53693.4 2.21494e-16 3.30503e-19 BessellV
53694.4 2.18686e-16 3.30256e-19 BessellV
53695.4 2.15914e-16 3.2997e-19 BessellV
53696.4 2.13177e-16 3.29646e-19 BessellV
53697.4 2.10474e-16 3.29284e-19 BessellV
53698.4 2.07806e-16 3.28886e-19 BessellV
53699.4 2.05172e-16 3.28452e-19 BessellV
53700.4 2.02571e-16 3.27982e-19 BessellV
53701.4 2.00003e-16 3.27477e-19 BessellV
53702.4 1.97468e-16 3.26938e-19 BessellV
53703.4 1.94965e-16 3.26366e-19 BessellV
53704.4 1.92494e-16 3.25761e-19 BessellV
53705.4 1.90053e-16 3.25124e-19 BessellV
53706.4 1.87644e-16 3.24456e-19 BessellV
53707.4 1.85266e-16 3.23757e-19 BessellV
53708.4 1.82917e-16 3.23028e-19 BessellV
53709.4 1.80598e-16 3.22269e-19 BessellV
53710.4 1.78309e-16 3.21482e-19 BessellV
53711.4 1.76049e-16 3.20668e-19 BessellV
53712.4 1.73817e-16 3.19825e-19 BessellV
53713.4 1.71614e-16 3.18956e-19 BessellV
53714.4 1.69438e-16 3.18062e-19 BessellV
53715.4 1.6729e-16 3.17142e-19 BessellV
53716.4 1.6517e-16 3.16197e-19 BessellV
53717.4 1.63076e-16 3.15228e-19 BessellV
53718.4 1.61009e-16 3.14236e-19 BessellV
53719.4 1.58968e-16 3.13221e-19 BessellV
53720.4 1.56953e-16 3.12184e-19 BessellV
53721.4 1.54963e-16 3.11125e-19 BessellV
53722.4 1.52999e-16 3.10046e-19 BessellV
53723.4 1.51059e-16 3.08946e-19 BessellV
53724.4 1.49144e-16 3.07827e-19 BessellV
53725.4 1.47254e-16 3.06688e-19 BessellV
53726.4 1.45387e-16 3.05531e-19 BessellV
53727.4 1.43544e-16 3.04356e-19 BessellV
53728.4 1.41724e-16 3.03164e-19 BessellV
53729.4 1.39928e-16 3.01955e-19 BessellV
53730.4 1.38154e-16 3.00729e-19 BessellV
53731.4 1.36403e-16 2.99488e-19 BessellV
53732.4 1.34674e-16 2.98232e-19 BessellV
53733.4 1.32967e-16 2.9696e-19 BessellV
53734.4 1.31281e-16 2.95675e-19 BessellV
53735.4 1.29617e-16 2.94376e-19 BessellV
53736.4 1.27974e-16 2.93064e-19 BessellV
53737.4 1.26352e-16 2.91739e-19 BessellV
53738.4 1.2475e-16 2.90402e-19 BessellV
53739.4 1.23168e-16 2.89053e-19 BessellV
53740.4 1.21607e-16 2.87693e-19 BessellV
53741.4 1.20066e-16 2.86323e-19 BessellV
53742.4 1.18544e-16 2.84941e-19 BessellV
53743.4 1.17041e-16 2.8355e-19 BessellV
53744.4 1.15557e-16 2.8215e-19 BessellV
53745.4 1.14092e-16 2.8074e-19 BessellV
53746.4 1.12646e-16 2.79322e-19 BessellV
53747.4 1.11218e-16 2.77896e-19 BessellV
53748.4 1.09808e-16 2.76461e-19 BessellV
53749.4 1.08416e-16 2.7502e-19 BessellV
53750.4 1.07042e-16 2.73571e-19 BessellV
53751.4 1.05685e-16 2.72116e-19 BessellV
53752.4 1.04345e-16 2.70654e-19 BessellV
53753.4 1.03023e-16 2.69187e-19 BessellV
53754.4 1.01717e-16 2.67714e-19 BessellV
53755.4 1.00427e-16 2.66235e-19 BessellV
53756.4 9.91543e-17 2.64752e-19 BessellV
53757.4 9.78974e-17 2.63265e-19 BessellV
53758.4 9.66564e-17 2.61773e-19 BessellV
53759.4 9.54312e-17 2.60277e-19 BessellV
53760.4 9.42214e-17 2.58778e-19 BessellV
53761.4 9.3027e-17 2.57275e-19 BessellV
53762.4 9.18478e-17 2.5577e-19 BessellV
