53019.2 2.15466e-15 3.12254e-18 BessellB
53020.2 2.14464e-15 3.04708e-18 BessellB
53021.2 2.13467e-15 2.97244e-18 BessellB
53022.2 2.12473e-15 2.89863e-18 BessellB
53023.2 2.11483e-15 2.82564e-18 BessellB
53024.2 2.10498e-15 2.75348e-18 BessellB
53025.2 2.09516e-15 2.68216e-18 BessellB
53026.2 2.08537e-15 2.61169e-18 BessellB
53027.2 2.07563e-15 2.54207e-18 BessellB
53028.2 2.06592e-15 2.4733e-18 BessellB
53029.2 2.05624e-15 2.40541e-18 BessellB
53030.2 2.0466e-15 2.3384e-18 BessellB
53031.2 2.03699e-15 2.27229e-18 BessellB
53032.2 2.02741e-15 2.20707e-18 BessellB
53033.2 2.01787e-15 2.14278e-18 BessellB
53034.2 2.00835e-15 2.07942e-18 BessellB
53035.2 1.99887e-15 2.01701e-18 BessellB
53036.2 1.98941e-15 1.95557e-18 BessellB
53037.2 1.97997e-15 1.89512e-18 BessellB
53038.2 1.97057e-15 1.83569e-18 BessellB
53039.2 1.96118e-15 1.77729e-18 BessellB
53040.2 1.95182e-15 1.71995e-18 BessellB
53041.2 1.94248e-15 1.6637e-18 BessellB
53042.2 1.93316e-15 1.60857e-18 BessellB
53043.2 1.92386e-15 1.5546e-18 BessellB
53044.2 1.91457e-15 1.50183e-18 BessellB
53045.2 1.9053e-15 1.45028e-18 BessellB
53046.2 1.89603e-15 1.40001e-18 BessellB
53047.2 1.88678e-15 1.35106e-18 BessellB
53048.2 1.87753e-15 1.30348e-18 BessellB
53049.2 1.86829e-15 1.25733e-18 BessellB
53050.2 1.85905e-15 1.21265e-18 BessellB
53051.2 1.84981e-15 1.16952e-18 BessellB
53052.2 1.84056e-15 1.12799e-18 BessellB
53053.2 1.83131e-15 1.08814e-18 BessellB
53054.2 1.82204e-15 1.05002e-18 BessellB
53055.2 1.81276e-15 1.01371e-18 BessellB
53056.2 1.80347e-15 9.79285e-19 BessellB
53057.2 1.79415e-15 9.46807e-19 BessellB
53058.2 1.7848e-15 9.16346e-19 BessellB
53059.2 1.77543e-15 8.87965e-19 BessellB
53060.2 1.76601e-15 8.61718e-19 BessellB
53061.2 1.75656e-15 8.37653e-19 BessellB
53062.2 1.74706e-15 8.15803e-19 BessellB
53063.2 1.7375e-15 7.96187e-19 BessellB
53064.2 1.72789e-15 7.78804e-19 BessellB
53065.2 1.71822e-15 7.63638e-19 BessellB
53066.2 1.70847e-15 7.50646e-19 BessellB
53067.2 1.69864e-15 7.39765e-19 BessellB
53068.2 1.68872e-15 7.3091e-19 BessellB
53069.2 1.67871e-15 7.23973e-19 BessellB
53070.2 1.66859e-15 7.18827e-19 BessellB
53071.2 1.65836e-15 7.15327e-19 BessellB
53072.2 1.64801e-15 7.13315e-19 BessellB
53073.2 1.63753e-15 7.12622e-19 BessellB
53074.2 1.6269e-15 7.13072e-19 BessellB
53075.2 1.61612e-15 7.14486e-19 BessellB
53076.2 1.60516e-15 7.16685e-19 BessellB
53077.2 1.59403e-15 7.19491e-19 BessellB
53078.2 1.58271e-15 7.22734e-19 BessellB
53079.2 1.57119e-15 7.26247e-19 BessellB
53080.2 1.55944e-15 7.29873e-19 BessellB
53081.2 1.54746e-15 7.33465e-19 BessellB
53082.2 1.53522e-15 7.36883e-19 BessellB
53083.2 1.52273e-15 7.4e-19 BessellB
53084.2 1.50995e-15 7.42696e-19 BessellB
53085.2 1.49687e-15 7.44864e-19 BessellB
53086.2 1.48348e-15 7.46405e-19 BessellB
53087.2 1.46976e-15 7.4723e-19 BessellB
53088.2 1.45568e-15 7.47259e-19 BessellB
53089.2 1.44123e-15 7.46421e-19 BessellB
53090.2 1.4264e-15 7.44654e-19 BessellB
53091.2 1.41117e-15 7.41904e-19 BessellB
53092.2 1.3955e-15 7.38123e-19 BessellB
53093.2 1.3794e-15 7.33273e-19 BessellB
53094.2 1.36284e-15 7.27319e-19 BessellB
53095.2 1.34581e-15 7.20235e-19 BessellB
53096.2 1.32828e-15 7.11999e-19 BessellB
53097.2 1.31025e-15 7.02593e-19 BessellB
53098.2 1.2917e-15 6.92005e-19 BessellB
53099.2 1.27261e-15 6.80226e-19 BessellB
53100.2 1.25298e-15 6.67251e-19 BessellB
53101.2 1.23281e-15 6.53079e-19 BessellB
53102.2 1.21207e-15 6.3771e-19 BessellB
53103.2 1.19078e-15 6.21149e-19 BessellB
53104.2 1.16892e-15 6.03405e-19 BessellB
53105.2 1.14651e-15 5.84491e-19 BessellB
53106.2 1.12355e-15 5.64428e-19 BessellB
53107.2 1.10004e-15 5.43244e-19 BessellB
53108.2 1.07601e-15 5.2098e-19 BessellB
53109.2 1.05147e-15 4.9769e-19 BessellB
53110.2 1.02644e-15 4.7345e-19 BessellB
53111.2 1.00096e-15 4.48362e-19 BessellB
53112.2 9.75044e-16 4.22562e-19 BessellB
53113.2 9.48738e-16 3.96232e-19 BessellB
53114.2 9.2208e-16 3.69616e-19 BessellB
53115.2 8.95113e-16 3.43031e-19 BessellB
53116.2 8.67888e-16 3.16899e-19 BessellB
53117.2 8.40455e-16 2.91774e-19 BessellB
53118.2 8.1287e-16 2.68372e-19 BessellB
53119.2 7.8519e-16 2.47595e-19 BessellB
53120.2 7.57476e-16 2.30518e-19 BessellB
53121.2 7.29789e-16 2.18289e-19 BessellB
53122.2 7.02193e-16 2.11908e-19 BessellB
53123.2 6.74751e-16 2.11921e-19 BessellB
53124.2 6.47525e-16 2.18198e-19 BessellB
53125.2 6.20578e-16 2.2996e-19 BessellB
53126.2 5.93971e-16 2.46046e-19 BessellB
53127.2 5.6776e-16 2.65206e-19 BessellB
53128.2 5.42002e-16 2.86304e-19 BessellB
53129.2 5.16749e-16 3.08388e-19 BessellB
53130.2 4.92049e-16 3.30694e-19 BessellB
53131.2 4.67946e-16 3.52622e-19 BessellB
53132.2 4.44479e-16 3.73703e-19 BessellB
53133.2 4.21684e-16 3.93573e-19 BessellB
53134.2 3.99589e-16 4.11955e-19 BessellB
53135.2 3.78221e-16 4.28639e-19 BessellB
53136.2 3.57598e-16 4.43473e-19 BessellB
53137.2 3.37736e-16 4.56358e-19 BessellB
53138.2 3.18645e-16 4.67233e-19 BessellB
53139.2 3.0033e-16 4.76076e-19 BessellB
53140.2 2.82793e-16 4.82897e-19 BessellB
53141.2 2.66032e-16 4.87731e-19 BessellB
53142.2 2.5004e-16 4.90639e-19 BessellB
53143.2 2.34807e-16 4.91698e-19 BessellB
53144.2 2.2032e-16 4.91003e-19 BessellB
53145.2 2.06564e-16 4.88661e-19 BessellB
53146.2 1.93522e-16 4.84785e-19 BessellB
53147.2 1.81174e-16 4.795e-19 BessellB
53148.2 1.69498e-16 4.72929e-19 BessellB
53149.2 1.58472e-16 4.65202e-19 BessellB
53150.2 1.48072e-16 4.56445e-19 BessellB
53151.2 1.38275e-16 4.46783e-19 BessellB
53152.2 1.29055e-16 4.36338e-19 BessellB
53153.2 1.20386e-16 4.25227e-19 BessellB
53154.2 1.12245e-16 4.13562e-19 BessellB
53155.2 1.04606e-16 4.01448e-19 BessellB
53156.2 9.74446e-17 3.88984e-19 BessellB
53157.2 9.07357e-17 3.76261e-19 BessellB
53158.2 8.44561e-17 3.63365e-19 BessellB
53159.2 7.85824e-17 3.50372e-19 BessellB
53160.2 7.30922e-17 3.37352e-19 BessellB
53161.2 6.79637e-17 3.24368e-19 BessellB
53162.2 6.3176e-17 3.11477e-19 BessellB
53163.2 5.87089e-17 2.98727e-19 BessellB
53164.2 5.45432e-17 2.86163e-19 BessellB
53165.2 5.06606e-17 2.73822e-19 BessellB
53166.2 4.70433e-17 2.61736e-19 BessellB
53167.2 4.36748e-17 2.49932e-19 BessellB
53168.2 4.05393e-17 2.38433e-19 BessellB
53169.2 3.76217e-17 2.27258e-19 BessellB
53170.2 3.49079e-17 2.16419e-19 BessellB
53171.2 3.23844e-17 2.05928e-19 BessellB
53172.2 3.00387e-17 1.95794e-19 BessellB
53173.2 2.78589e-17 1.8602e-19 BessellB
53174.2 2.58337e-17 1.76609e-19 BessellB
53175.2 2.39527e-17 1.67562e-19 BessellB
53176.2 2.22061e-17 1.58876e-19 BessellB
53177.2 2.05845e-17 1.50549e-19 BessellB
53178.2 1.90794e-17 1.42574e-19 BessellB
53179.2 1.76827e-17 1.34947e-19 BessellB
53180.2 1.63868e-17 1.2766e-19 BessellB
53181.2 1.51845e-17 1.20705e-19 BessellB
53182.2 1.40694e-17 1.14074e-19 BessellB
53183.2 1.30352e-17 1.07757e-19 BessellB
53184.2 1.20763e-17 1.01744e-19 BessellB
53185.2 1.11872e-17 9.60256e-20 BessellB
53186.2 1.03629e-17 9.05917e-20 BessellB
53187.2 9.59884e-18 8.54319e-20 BessellB
53188.2 8.89067e-18 8.05357e-20 BessellB
53189.2 8.23436e-18 7.58926e-20 BessellB
53190.2 7.62616e-18 7.14925e-20 BessellB
53191.2 7.06259e-18 6.7325e-20 BessellB
53192.2 6.54043e-18 6.33802e-20 BessellB
53193.2 6.05665e-18 5.96481e-20 BessellB
53194.2 5.60848e-18 5.61191e-20 BessellB
53195.2 5.1933e-18 5.27838e-20 BessellB
53196.2 4.80873e-18 4.96331e-20 BessellB
53197.2 4.45251e-18 4.6658e-20 BessellB
53198.2 4.12258e-18 4.385e-20 BessellB
53199.2 3.81701e-18 4.12007e-20 BessellB
53200.2 3.53402e-18 3.87023e-20 BessellB
53201.2 3.27194e-18 3.6347e-20 BessellB
53202.2 3.02923e-18 3.41274e-20 BessellB
53203.2 2.80449e-18 3.20364e-20 BessellB
53204.2 2.59638e-18 3.00672e-20 BessellB
53205.2 2.40367e-18 2.82133e-20 BessellB
53206.2 2.22524e-18 2.64686e-20 BessellB
53207.2 2.06002e-18 2.4827e-20 BessellB
53208.2 1.90705e-18 2.32829e-20 BessellB
53209.2 1.76542e-18 2.18309e-20 BessellB
53210.2 1.63429e-18 2.04659e-20 BessellB
53211.2 1.51289e-18 1.91831e-20 BessellB
53212.2 1.40049e-18 1.79776e-20 BessellB
53213.2 1.29643e-18 1.68453e-20 BessellB
53214.2 1.20009e-18 1.57818e-20 BessellB
53215.2 1.11091e-18 1.47832e-20 BessellB
53216.2 1.02834e-18 1.38457e-20 BessellB
53217.2 9.51908e-19 1.29659e-20 BessellB
53218.2 8.8115e-19 1.21403e-20 BessellB
53219.2 8.15647e-19 1.13656e-20 BessellB
53220.2 7.55009e-19 1.0639e-20 BessellB
53221.2 6.98877e-19 9.95761e-21 BessellB
53222.2 6.46915e-19 9.31865e-21 BessellB
53223.2 5.98814e-19 8.71961e-21 BessellB
53224.2 5.54287e-19 8.1581e-21 BessellB
53225.2 5.13069e-19 7.63185e-21 BessellB
53226.2 4.74915e-19 7.13873e-21 BessellB
53227.2 4.39597e-19 6.67672e-21 BessellB
53228.2 4.06905e-19 6.24392e-21 BessellB
53229.2 3.76642e-19 5.83856e-21 BessellB
53230.2 3.4863e-19 5.45894e-21 BessellB
53231.2 3.227e-19 5.10348e-21 BessellB
53232.2 2.98698e-19 4.77068e-21 BessellB
53233.2 2.76481e-19 4.45915e-21 BessellB
53234.2 2.55916e-19 4.16756e-21 BessellB
53235.2 2.3688e-19 3.89467e-21 BessellB
53236.2 2.1926e-19 3.63931e-21 BessellB
53237.2 2.0295e-19 3.40039e-21 BessellB
53238.2 1.87853e-19 3.17687e-21 BessellB
53239.2 1.73879e-19 2.96779e-21 BessellB
53240.2 1.60944e-19 2.77222e-21 BessellB
53241.2 1.48971e-19 2.58933e-21 BessellB
53242.2 1.37889e-19 2.41831e-21 BessellB
53243.2 1.27631e-19 2.2584e-21 BessellB
53244.2 1.18136e-19 2.10889e-21 BessellB
53245.2 1.09348e-19 1.96913e-21 BessellB
53246.2 1.01213e-19 1.8385e-21 BessellB
53247.2 9.36831e-20 1.7164e-21 BessellB
53248.2 8.67134e-20 1.60229e-21 BessellB
53249.2 8.02623e-20 1.49566e-21 BessellB
53250.2 7.4291e-20 1.39602e-21 BessellB
53251.2 6.8764e-20 1.30294e-21 BessellB
53252.2 6.36481e-20 1.21597e-21 BessellB
53253.2 5.89128e-20 1.13474e-21 BessellB
53254.2 5.45298e-20 1.05886e-21 BessellB
53255.2 5.04728e-20 9.87986e-22 BessellB
53256.2 4.67177e-20 9.218e-22 BessellB
53257.2 4.32419e-20 8.59994e-22 BessellB
53258.2 4.00247e-20 8.02282e-22 BessellB
53259.2 3.70469e-20 7.48397e-22 BessellB
53260.2 3.42906e-20 6.98089e-22 BessellB
53261.2 3.17394e-20 6.51124e-22 BessellB
53262.2 2.93779e-20 6.07283e-22 BessellB
53263.2 2.71922e-20 5.66362e-22 BessellB
53264.2 2.51691e-20 5.28168e-22 BessellB
53265.2 2.32965e-20 4.92522e-22 BessellB
53266.2 2.15632e-20 4.59257e-22 BessellB
53267.2 1.99588e-20 4.28215e-22 BessellB
53268.2 1.84739e-20 3.99251e-22 BessellB
53269.2 1.70994e-20 3.72226e-22 BessellB
53270.2 1.58272e-20 3.47012e-22 BessellB
53271.2 1.46496e-20 3.23489e-22 BessellB
53272.2 1.35596e-20 3.01546e-22 BessellB
53273.2 1.25508e-20 2.81078e-22 BessellB
53274.2 1.1617e-20 2.61986e-22 BessellB
53275.2 1.07526e-20 2.44179e-22 BessellB
53276.2 9.95263e-21 2.27571e-22 BessellB
53277.2 9.21213e-21 2.12083e-22 BessellB
53278.2 8.52673e-21 1.9764e-22 BessellB
53279.2 7.89232e-21 1.84173e-22 BessellB
53280.2 7.30511e-21 1.71615e-22 BessellB
53281.2 6.76159e-21 1.59906e-22 BessellB
53282.2 6.25852e-21 1.4899e-22 BessellB
53283.2 5.79287e-21 1.38813e-22 BessellB
53284.2 5.36186e-21 1.29325e-22 BessellB
53285.2 4.96293e-21 1.20481e-22 BessellB
53286.2 4.59367e-21 1.12237e-22 BessellB
53287.2 4.25189e-21 1.04553e-22 BessellB
53288.2 3.93554e-21 9.7391e-23 BessellB
53289.2 3.64273e-21 9.0716e-23 BessellB
53290.2 3.3717e-21 8.44951e-23 BessellB
53019.2 9.5518e-16 1.64037e-18 BessellI
53020.2 9.69931e-16 1.61659e-18 BessellI
53021.2 9.84829e-16 1.59211e-18 BessellI
53022.2 9.9987e-16 1.56699e-18 BessellI
53023.2 1.01505e-15 1.54124e-18 BessellI
53024.2 1.03037e-15 1.51492e-18 BessellI
53025.2 1.04581e-15 1.48806e-18 BessellI
53026.2 1.06137e-15 1.46073e-18 BessellI
53027.2 1.07706e-15 1.43299e-18 BessellI
53028.2 1.09285e-15 1.40491e-18 BessellI
53029.2 1.10875e-15 1.37655e-18 BessellI
53030.2 1.12474e-15 1.34801e-18 BessellI
53031.2 1.14081e-15 1.31939e-18 BessellI
53032.2 1.15696e-15 1.29078e-18 BessellI
53033.2 1.17318e-15 1.26229e-18 BessellI
53034.2 1.18946e-15 1.23406e-18 BessellI
53035.2 1.20578e-15 1.20621e-18 BessellI
53036.2 1.22213e-15 1.17889e-18 BessellI
53037.2 1.2385e-15 1.15224e-18 BessellI
53038.2 1.25487e-15 1.12644e-18 BessellI
53039.2 1.27124e-15 1.10164e-18 BessellI
53040.2 1.28758e-15 1.07802e-18 BessellI
53041.2 1.30388e-15 1.05576e-18 BessellI
53042.2 1.32012e-15 1.03502e-18 BessellI
53043.2 1.33629e-15 1.016e-18 BessellI
53044.2 1.35237e-15 9.98829e-19 BessellI
53045.2 1.36832e-15 9.83674e-19 BessellI
53046.2 1.38415e-15 9.70657e-19 BessellI
53047.2 1.39982e-15 9.59879e-19 BessellI
53048.2 1.41531e-15 9.51413e-19 BessellI
53049.2 1.43059e-15 9.45292e-19 BessellI
53050.2 1.44565e-15 9.41517e-19 BessellI
53051.2 1.46047e-15 9.40044e-19 BessellI
53052.2 1.475e-15 9.4079e-19 BessellI
53053.2 1.48923e-15 9.43636e-19 BessellI
53054.2 1.50313e-15 9.48427e-19 BessellI
53055.2 1.51668e-15 9.54976e-19 BessellI
53056.2 1.52984e-15 9.63072e-19 BessellI
53057.2 1.54259e-15 9.72486e-19 BessellI
53058.2 1.55489e-15 9.82974e-19 BessellI
53059.2 1.56672e-15 9.94286e-19 BessellI
53060.2 1.57806e-15 1.00617e-18 BessellI
53061.2 1.58886e-15 1.01837e-18 BessellI
53062.2 1.59909e-15 1.03064e-18 BessellI
53063.2 1.60874e-15 1.04276e-18 BessellI
53064.2 1.61777e-15 1.05449e-18 BessellI
53065.2 1.62616e-15 1.06562e-18 BessellI
53066.2 1.63386e-15 1.07596e-18 BessellI
53067.2 1.64086e-15 1.08534e-18 BessellI
53068.2 1.64713e-15 1.09359e-18 BessellI
53069.2 1.65265e-15 1.10057e-18 BessellI
53070.2 1.65739e-15 1.10616e-18 BessellI
53071.2 1.66132e-15 1.11026e-18 BessellI
53072.2 1.66442e-15 1.11279e-18 BessellI
53073.2 1.66669e-15 1.11367e-18 BessellI
53074.2 1.66808e-15 1.11287e-18 BessellI
53075.2 1.6686e-15 1.11036e-18 BessellI
53076.2 1.66823e-15 1.10613e-18 BessellI
53077.2 1.66694e-15 1.1002e-18 BessellI
53078.2 1.66475e-15 1.09258e-18 BessellI
53079.2 1.66163e-15 1.08333e-18 BessellI
53080.2 1.65758e-15 1.0725e-18 BessellI
53081.2 1.6526e-15 1.06018e-18 BessellI
53082.2 1.6467e-15 1.04643e-18 BessellI
53083.2 1.63987e-15 1.03138e-18 BessellI
53084.2 1.63211e-15 1.01512e-18 BessellI
53085.2 1.62345e-15 9.97769e-19 BessellI
53086.2 1.61388e-15 9.79455e-19 BessellI
53087.2 1.60343e-15 9.60306e-19 BessellI
53088.2 1.59211e-15 9.40453e-19 BessellI
53089.2 1.57994e-15 9.20029e-19 BessellI
53090.2 1.56694e-15 8.99166e-19 BessellI
53091.2 1.55314e-15 8.77992e-19 BessellI
53092.2 1.53856e-15 8.56632e-19 BessellI
53093.2 1.52322e-15 8.35201e-19 BessellI
53094.2 1.50717e-15 8.1381e-19 BessellI
53095.2 1.49043e-15 7.92556e-19 BessellI
53096.2 1.47303e-15 7.7153e-19 BessellI
53097.2 1.45501e-15 7.50807e-19 BessellI
53098.2 1.43641e-15 7.30451e-19 BessellI
53099.2 1.41726e-15 7.10514e-19 BessellI
53100.2 1.3976e-15 6.91034e-19 BessellI
53101.2 1.37747e-15 6.72036e-19 BessellI
53102.2 1.3569e-15 6.53535e-19 BessellI
53103.2 1.33595e-15 6.35535e-19 BessellI
53104.2 1.31464e-15 6.18027e-19 BessellI
53105.2 1.29302e-15 6.00998e-19 BessellI
53106.2 1.27112e-15 5.84426e-19 BessellI
53107.2 1.24898e-15 5.68282e-19 BessellI
53108.2 1.22665e-15 5.52538e-19 BessellI
53109.2 1.20415e-15 5.37159e-19 BessellI
53110.2 1.18152e-15 5.22114e-19 BessellI
53111.2 1.15881e-15 5.0737e-19 BessellI
53112.2 1.13603e-15 4.92896e-19 BessellI
53113.2 1.11323e-15 4.78667e-19 BessellI
53114.2 1.09044e-15 4.6466e-19 BessellI
53115.2 1.06768e-15 4.50856e-19 BessellI
53116.2 1.04499e-15 4.37242e-19 BessellI
53117.2 1.0224e-15 4.23812e-19 BessellI
53118.2 9.99921e-16 4.10562e-19 BessellI
53119.2 9.77587e-16 3.97498e-19 BessellI
53120.2 9.5542e-16 3.84626e-19 BessellI
53121.2 9.33442e-16 3.71962e-19 BessellI
53122.2 9.11671e-16 3.59524e-19 BessellI
53123.2 8.90127e-16 3.47336e-19 BessellI
53124.2 8.68827e-16 3.35424e-19 BessellI
53125.2 8.47786e-16 3.2382e-19 BessellI
53126.2 8.27019e-16 3.12557e-19 BessellI
53127.2 8.06539e-16 3.01671e-19 BessellI
53128.2 7.86357e-16 2.91201e-19 BessellI
53129.2 7.66483e-16 2.81184e-19 BessellI
53130.2 7.46927e-16 2.7166e-19 BessellI
53131.2 7.27697e-16 2.62668e-19 BessellI
53132.2 7.088e-16 2.54244e-19 BessellI
53133.2 6.90241e-16 2.46421e-19 BessellI
53134.2 6.72025e-16 2.39229e-19 BessellI
53135.2 6.54157e-16 2.32692e-19 BessellI
53136.2 6.36639e-16 2.26829e-19 BessellI
53137.2 6.19473e-16 2.21651e-19 BessellI
53138.2 6.02661e-16 2.17159e-19 BessellI
53139.2 5.86203e-16 2.13348e-19 BessellI
53140.2 5.70099e-16 2.10201e-19 BessellI
53141.2 5.54349e-16 2.07696e-19 BessellI
53142.2 5.38951e-16 2.05799e-19 BessellI
53143.2 5.23904e-16 2.04471e-19 BessellI
53144.2 5.09204e-16 2.03667e-19 BessellI
53145.2 4.94851e-16 2.03338e-19 BessellI
53146.2 4.80839e-16 2.03431e-19 BessellI
53147.2 4.67166e-16 2.03893e-19 BessellI
53148.2 4.53828e-16 2.04671e-19 BessellI
53149.2 4.4082e-16 2.05712e-19 BessellI
53150.2 4.28139e-16 2.06967e-19 BessellI
53151.2 4.15779e-16 2.08389e-19 BessellI
53152.2 4.03735e-16 2.09935e-19 BessellI
53153.2 3.92003e-16 2.11564e-19 BessellI
53154.2 3.80577e-16 2.1324e-19 BessellI
53155.2 3.69451e-16 2.14932e-19 BessellI
53156.2 3.58621e-16 2.16611e-19 BessellI
53157.2 3.48081e-16 2.18252e-19 BessellI
53158.2 3.37825e-16 2.19833e-19 BessellI
53159.2 3.27846e-16 2.21337e-19 BessellI
53160.2 3.18141e-16 2.22746e-19 BessellI
53161.2 3.08702e-16 2.24049e-19 BessellI
53162.2 2.99524e-16 2.25235e-19 BessellI
53163.2 2.90601e-16 2.26294e-19 BessellI
53164.2 2.81928e-16 2.27221e-19 BessellI
53165.2 2.73498e-16 2.2801e-19 BessellI
53166.2 2.65307e-16 2.28657e-19 BessellI
53167.2 2.57348e-16 2.29161e-19 BessellI
53168.2 2.49615e-16 2.2952e-19 BessellI
53169.2 2.42104e-16 2.29734e-19 BessellI
53170.2 2.34808e-16 2.29804e-19 BessellI
53171.2 2.27723e-16 2.29731e-19 BessellI
53172.2 2.20842e-16 2.29518e-19 BessellI
53173.2 2.14162e-16 2.29168e-19 BessellI
53174.2 2.07676e-16 2.28682e-19 BessellI
53175.2 2.01379e-16 2.28066e-19 BessellI
53176.2 1.95267e-16 2.27322e-19 BessellI
53177.2 1.89334e-16 2.26456e-19 BessellI
53178.2 1.83576e-16 2.25471e-19 BessellI
53179.2 1.77988e-16 2.24372e-19 BessellI
53180.2 1.72565e-16 2.23164e-19 BessellI
53181.2 1.67303e-16 2.21851e-19 BessellI
53182.2 1.62198e-16 2.20439e-19 BessellI
53183.2 1.57245e-16 2.18932e-19 BessellI
53184.2 1.52439e-16 2.17334e-19 BessellI
53185.2 1.47777e-16 2.15652e-19 BessellI
53186.2 1.43255e-16 2.13889e-19 BessellI
53187.2 1.38868e-16 2.1205e-19 BessellI
53188.2 1.34613e-16 2.10141e-19 BessellI
53189.2 1.30486e-16 2.08165e-19 BessellI
53190.2 1.26484e-16 2.06127e-19 BessellI
53191.2 1.22602e-16 2.04032e-19 BessellI
53192.2 1.18838e-16 2.01883e-19 BessellI
53193.2 1.15187e-16 1.99686e-19 BessellI
53194.2 1.11647e-16 1.97443e-19 BessellI
53195.2 1.08215e-16 1.95159e-19 BessellI
53196.2 1.04886e-16 1.92838e-19 BessellI
53197.2 1.01659e-16 1.90484e-19 BessellI
53198.2 9.853e-17 1.88099e-19 BessellI
53199.2 9.54961e-17 1.85688e-19 BessellI
53200.2 9.25547e-17 1.83254e-19 BessellI
53201.2 8.97029e-17 1.80799e-19 BessellI
53202.2 8.69382e-17 1.78327e-19 BessellI
53203.2 8.4258e-17 1.75842e-19 BessellI
53204.2 8.16596e-17 1.73344e-19 BessellI
53205.2 7.91408e-17 1.70838e-19 BessellI
53206.2 7.6699e-17 1.68326e-19 BessellI
53207.2 7.4332e-17 1.6581e-19 BessellI
53208.2 7.20375e-17 1.63292e-19 BessellI
53209.2 6.98134e-17 1.60775e-19 BessellI
53210.2 6.76575e-17 1.58261e-19 BessellI
53211.2 6.55678e-17 1.55752e-19 BessellI
53212.2 6.35422e-17 1.53249e-19 BessellI
53213.2 6.15789e-17 1.50755e-19 BessellI
53214.2 5.96759e-17 1.4827e-19 BessellI
53215.2 5.78314e-17 1.45798e-19 BessellI
53216.2 5.60437e-17 1.43338e-19 BessellI
53217.2 5.4311e-17 1.40893e-19 BessellI
53218.2 5.26316e-17 1.38464e-19 BessellI
53219.2 5.10039e-17 1.36052e-19 BessellI
53220.2 4.94264e-17 1.33658e-19 BessellI
53221.2 4.78975e-17 1.31284e-19 BessellI
53222.2 4.64156e-17 1.2893e-19 BessellI
53223.2 4.49795e-17 1.26596e-19 BessellI
53224.2 4.35877e-17 1.24285e-19 BessellI
53225.2 4.22388e-17 1.21997e-19 BessellI
53226.2 4.09315e-17 1.19732e-19 BessellI
53227.2 3.96646e-17 1.17492e-19 BessellI
53228.2 3.84368e-17 1.15276e-19 BessellI
53229.2 3.72469e-17 1.13085e-19 BessellI
53230.2 3.60937e-17 1.10921e-19 BessellI
53231.2 3.49762e-17 1.08782e-19 BessellI
53232.2 3.38932e-17 1.06671e-19 BessellI
53233.2 3.28436e-17 1.04586e-19 BessellI
53234.2 3.18265e-17 1.02529e-19 BessellI
53235.2 3.08409e-17 1.00499e-19 BessellI
53236.2 2.98856e-17 9.84974e-20 BessellI
53237.2 2.896e-17 9.65236e-20 BessellI
53238.2 2.80629e-17 9.4578e-20 BessellI
53239.2 2.71936e-17 9.26607e-20 BessellI
53240.2 2.63512e-17 9.07718e-20 BessellI
53241.2 2.55349e-17 8.89113e-20 BessellI
53242.2 2.47438e-17 8.70792e-20 BessellI
53243.2 2.39771e-17 8.52757e-20 BessellI
53244.2 2.32342e-17 8.35005e-20 BessellI
53245.2 2.25143e-17 8.17538e-20 BessellI
53246.2 2.18167e-17 8.00353e-20 BessellI
53247.2 2.11407e-17 7.83451e-20 BessellI
53248.2 2.04856e-17 7.6683e-20 BessellI
53249.2 1.98507e-17 7.50489e-20 BessellI
53250.2 1.92356e-17 7.34425e-20 BessellI
53251.2 1.86394e-17 7.18639e-20 BessellI
53252.2 1.80618e-17 7.03127e-20 BessellI
53253.2 1.7502e-17 6.87887e-20 BessellI
53254.2 1.69596e-17 6.72919e-20 BessellI
53255.2 1.64339e-17 6.58219e-20 BessellI
53256.2 1.59246e-17 6.43784e-20 BessellI
53257.2 1.5431e-17 6.29614e-20 BessellI
53258.2 1.49527e-17 6.15704e-20 BessellI
53259.2 1.44892e-17 6.02053e-20 BessellI
53260.2 1.40401e-17 5.88657e-20 BessellI
53261.2 1.36049e-17 5.75515e-20 BessellI
53262.2 1.31832e-17 5.62622e-20 BessellI
53263.2 1.27745e-17 5.49977e-20 BessellI
53264.2 1.23785e-17 5.37575e-20 BessellI
53265.2 1.19948e-17 5.25415e-20 BessellI
53266.2 1.16229e-17 5.13492e-20 BessellI
53267.2 1.12626e-17 5.01805e-20 BessellI
53268.2 1.09135e-17 4.90349e-20 BessellI
53269.2 1.05752e-17 4.79122e-20 BessellI
53270.2 1.02473e-17 4.6812e-20 BessellI
53271.2 9.92963e-18 4.57341e-20 BessellI
53272.2 9.62179e-18 4.4678e-20 BessellI
53273.2 9.3235e-18 4.36435e-20 BessellI
53274.2 9.03444e-18 4.26302e-20 BessellI
53275.2 8.75435e-18 4.16379e-20 BessellI
53276.2 8.48294e-18 4.06661e-20 BessellI
53277.2 8.21994e-18 3.97146e-20 BessellI
53278.2 7.9651e-18 3.87831e-20 BessellI
53279.2 7.71815e-18 3.78712e-20 BessellI
53280.2 7.47886e-18 3.69786e-20 BessellI
53281.2 7.24698e-18 3.61049e-20 BessellI
53282.2 7.0223e-18 3.52499e-20 BessellI
53283.2 6.80457e-18 3.44132e-20 BessellI
53284.2 6.5936e-18 3.35946e-20 BessellI
53285.2 6.38917e-18 3.27937e-20 BessellI
53286.2 6.19107e-18 3.20101e-20 BessellI
53287.2 5.99912e-18 3.12436e-20 BessellI
53288.2 5.81311e-18 3.0494e-20 BessellI
53289.2 5.63288e-18 2.97607e-20 BessellI
53290.2 5.45823e-18 2.90437e-20 BessellI
53019.2 1.38795e-15 1.79847e-18 BessellR
53020.2 1.41861e-15 1.75917e-18 BessellR
53021.2 1.44958e-15 1.71827e-18 BessellR
53022.2 1.48084e-15 1.67586e-18 BessellR
53023.2 1.51236e-15 1.63205e-18 BessellR
53024.2 1.54411e-15 1.58696e-18 BessellR
53025.2 1.57607e-15 1.54074e-18 BessellR
53026.2 1.60819e-15 1.49356e-18 BessellR
53027.2 1.64045e-15 1.44559e-18 BessellR
53028.2 1.67281e-15 1.39703e-18 BessellR
53029.2 1.70522e-15 1.34812e-18 BessellR
53030.2 1.73765e-15 1.29911e-18 BessellR
53031.2 1.77006e-15 1.25028e-18 BessellR
53032.2 1.80239e-15 1.20191e-18 BessellR
53033.2 1.83459e-15 1.15435e-18 BessellR
53034.2 1.86663e-15 1.10794e-18 BessellR
53035.2 1.89844e-15 1.06306e-18 BessellR
53036.2 1.92998e-15 1.02009e-18 BessellR
53037.2 1.96118e-15 9.79456e-19 BessellR
53038.2 1.99199e-15 9.41557e-19 BessellR
53039.2 2.02234e-15 9.06797e-19 BessellR
53040.2 2.05219e-15 8.75552e-19 BessellR
53041.2 2.08147e-15 8.48153e-19 BessellR
53042.2 2.11011e-15 8.24863e-19 BessellR
53043.2 2.13805e-15 8.05856e-19 BessellR
53044.2 2.16524e-15 7.912e-19 BessellR
53045.2 2.19161e-15 7.80842e-19 BessellR
53046.2 2.2171e-15 7.74609e-19 BessellR
53047.2 2.24164e-15 7.72216e-19 BessellR
53048.2 2.26517e-15 7.73282e-19 BessellR
53049.2 2.28765e-15 7.77358e-19 BessellR
53050.2 2.30901e-15 7.83954e-19 BessellR
53051.2 2.32919e-15 7.92566e-19 BessellR
53052.2 2.34814e-15 8.02699e-19 BessellR
53053.2 2.36582e-15 8.13886e-19 BessellR
53054.2 2.38218e-15 8.257e-19 BessellR
53055.2 2.39717e-15 8.37767e-19 BessellR
53056.2 2.41075e-15 8.49763e-19 BessellR
53057.2 2.42289e-15 8.61419e-19 BessellR
53058.2 2.43356e-15 8.72519e-19 BessellR
53059.2 2.44273e-15 8.82896e-19 BessellR
53060.2 2.45038e-15 8.92431e-19 BessellR
53061.2 2.45649e-15 9.01044e-19 BessellR
53062.2 2.46105e-15 9.08691e-19 BessellR
53063.2 2.46404e-15 9.1536e-19 BessellR
53064.2 2.46548e-15 9.21065e-19 BessellR
53065.2 2.46535e-15 9.25839e-19 BessellR
53066.2 2.46368e-15 9.29734e-19 BessellR
53067.2 2.46046e-15 9.3281e-19 BessellR
53068.2 2.45571e-15 9.35136e-19 BessellR
53069.2 2.44946e-15 9.3678e-19 BessellR
53070.2 2.44173e-15 9.37813e-19 BessellR
53071.2 2.43256e-15 9.38298e-19 BessellR
53072.2 2.42197e-15 9.38293e-19 BessellR
53073.2 2.41e-15 9.37846e-19 BessellR
53074.2 2.3967e-15 9.36994e-19 BessellR
53075.2 2.38211e-15 9.35763e-19 BessellR
53076.2 2.36626e-15 9.34166e-19 BessellR
53077.2 2.34923e-15 9.32207e-19 BessellR
53078.2 2.33104e-15 9.29875e-19 BessellR
53079.2 2.31177e-15 9.27154e-19 BessellR
53080.2 2.29146e-15 9.24017e-19 BessellR
53081.2 2.27017e-15 9.2043e-19 BessellR
53082.2 2.24795e-15 9.16357e-19 BessellR
53083.2 2.22487e-15 9.11757e-19 BessellR
53084.2 2.20097e-15 9.06589e-19 BessellR
53085.2 2.17633e-15 9.00812e-19 BessellR
53086.2 2.15099e-15 8.94389e-19 BessellR
53087.2 2.12501e-15 8.87283e-19 BessellR
53088.2 2.09846e-15 8.79466e-19 BessellR
53089.2 2.07138e-15 8.70913e-19 BessellR
53090.2 2.04382e-15 8.61605e-19 BessellR
53091.2 2.01585e-15 8.51533e-19 BessellR
53092.2 1.98751e-15 8.40691e-19 BessellR
53093.2 1.95886e-15 8.29082e-19 BessellR
53094.2 1.92993e-15 8.16717e-19 BessellR
53095.2 1.90079e-15 8.03612e-19 BessellR
53096.2 1.87146e-15 7.8979e-19 BessellR
53097.2 1.84201e-15 7.75281e-19 BessellR
53098.2 1.81246e-15 7.6012e-19 BessellR
53099.2 1.78286e-15 7.44347e-19 BessellR
53100.2 1.75324e-15 7.28009e-19 BessellR
53101.2 1.72364e-15 7.11153e-19 BessellR
53102.2 1.69409e-15 6.93834e-19 BessellR
53103.2 1.66463e-15 6.76108e-19 BessellR
53104.2 1.63528e-15 6.58033e-19 BessellR
53105.2 1.60607e-15 6.39672e-19 BessellR
53106.2 1.57703e-15 6.21087e-19 BessellR
53107.2 1.54817e-15 6.02345e-19 BessellR
53108.2 1.51953e-15 5.83511e-19 BessellR
53109.2 1.49112e-15 5.64653e-19 BessellR
53110.2 1.46297e-15 5.4584e-19 BessellR
53111.2 1.43508e-15 5.27142e-19 BessellR
53112.2 1.40747e-15 5.08627e-19 BessellR
53113.2 1.38017e-15 4.90367e-19 BessellR
53114.2 1.35318e-15 4.72433e-19 BessellR
53115.2 1.32651e-15 4.54896e-19 BessellR
53116.2 1.30017e-15 4.37827e-19 BessellR
53117.2 1.27418e-15 4.213e-19 BessellR
53118.2 1.24854e-15 4.05384e-19 BessellR
53119.2 1.22326e-15 3.90152e-19 BessellR
53120.2 1.19834e-15 3.75674e-19 BessellR
53121.2 1.1738e-15 3.62017e-19 BessellR
53122.2 1.14962e-15 3.49247e-19 BessellR
53123.2 1.12582e-15 3.37426e-19 BessellR
53124.2 1.10241e-15 3.26608e-19 BessellR
53125.2 1.07937e-15 3.16842e-19 BessellR
53126.2 1.05672e-15 3.08166e-19 BessellR
53127.2 1.03444e-15 3.00608e-19 BessellR
53128.2 1.01256e-15 2.94181e-19 BessellR
53129.2 9.91052e-16 2.88885e-19 BessellR
53130.2 9.69928e-16 2.84703e-19 BessellR
53131.2 9.49185e-16 2.81604e-19 BessellR
53132.2 9.2882e-16 2.79541e-19 BessellR
53133.2 9.08831e-16 2.78456e-19 BessellR
53134.2 8.89215e-16 2.78277e-19 BessellR
53135.2 8.69969e-16 2.78927e-19 BessellR
53136.2 8.51091e-16 2.80321e-19 BessellR
53137.2 8.32576e-16 2.82373e-19 BessellR
53138.2 8.1442e-16 2.84996e-19 BessellR
53139.2 7.96621e-16 2.88106e-19 BessellR
53140.2 7.79173e-16 2.91621e-19 BessellR
53141.2 7.62072e-16 2.95466e-19 BessellR
53142.2 7.45315e-16 2.9957e-19 BessellR
53143.2 7.28895e-16 3.03869e-19 BessellR
53144.2 7.12809e-16 3.08305e-19 BessellR
53145.2 6.97052e-16 3.12824e-19 BessellR
53146.2 6.81619e-16 3.17382e-19 BessellR
53147.2 6.66505e-16 3.21938e-19 BessellR
53148.2 6.51705e-16 3.26456e-19 BessellR
53149.2 6.37214e-16 3.30905e-19 BessellR
53150.2 6.23027e-16 3.35258e-19 BessellR
53151.2 6.09139e-16 3.39494e-19 BessellR
53152.2 5.95544e-16 3.43592e-19 BessellR
53153.2 5.82238e-16 3.47537e-19 BessellR
53154.2 5.69216e-16 3.51316e-19 BessellR
53155.2 5.56472e-16 3.54916e-19 BessellR
53156.2 5.44001e-16 3.58331e-19 BessellR
53157.2 5.31799e-16 3.61552e-19 BessellR
53158.2 5.1986e-16 3.64575e-19 BessellR
53159.2 5.0818e-16 3.67395e-19 BessellR
53160.2 4.96753e-16 3.70011e-19 BessellR
53161.2 4.85575e-16 3.72421e-19 BessellR
53162.2 4.74641e-16 3.74624e-19 BessellR
53163.2 4.63946e-16 3.76622e-19 BessellR
53164.2 4.53485e-16 3.78415e-19 BessellR
53165.2 4.43254e-16 3.80006e-19 BessellR
53166.2 4.33248e-16 3.81397e-19 BessellR
53167.2 4.23463e-16 3.8259e-19 BessellR
53168.2 4.13893e-16 3.8359e-19 BessellR
53169.2 4.04535e-16 3.844e-19 BessellR
53170.2 3.95385e-16 3.85024e-19 BessellR
53171.2 3.86437e-16 3.85467e-19 BessellR
53172.2 3.77688e-16 3.85733e-19 BessellR
53173.2 3.69134e-16 3.85826e-19 BessellR
53174.2 3.6077e-16 3.85751e-19 BessellR
53175.2 3.52593e-16 3.85514e-19 BessellR
53176.2 3.44599e-16 3.85119e-19 BessellR
53177.2 3.36783e-16 3.84571e-19 BessellR
53178.2 3.29142e-16 3.83875e-19 BessellR
53179.2 3.21672e-16 3.83037e-19 BessellR
53180.2 3.14369e-16 3.82061e-19 BessellR
53181.2 3.07231e-16 3.80953e-19 BessellR
53182.2 3.00253e-16 3.79717e-19 BessellR
53183.2 2.93431e-16 3.78358e-19 BessellR
53184.2 2.86763e-16 3.76882e-19 BessellR
53185.2 2.80245e-16 3.75292e-19 BessellR
53186.2 2.73874e-16 3.73595e-19 BessellR
53187.2 2.67647e-16 3.71794e-19 BessellR
53188.2 2.6156e-16 3.69894e-19 BessellR
53189.2 2.5561e-16 3.679e-19 BessellR
53190.2 2.49795e-16 3.65816e-19 BessellR
53191.2 2.44111e-16 3.63647e-19 BessellR
53192.2 2.38555e-16 3.61397e-19 BessellR
53193.2 2.33125e-16 3.59069e-19 BessellR
53194.2 2.27818e-16 3.56668e-19 BessellR
53195.2 2.22631e-16 3.54198e-19 BessellR
53196.2 2.17562e-16 3.51663e-19 BessellR
53197.2 2.12607e-16 3.49067e-19 BessellR
53198.2 2.07765e-16 3.46412e-19 BessellR
53199.2 2.03032e-16 3.43704e-19 BessellR
53200.2 1.98407e-16 3.40944e-19 BessellR
53201.2 1.93887e-16 3.38137e-19 BessellR
53202.2 1.89469e-16 3.35286e-19 BessellR
53203.2 1.85152e-16 3.32394e-19 BessellR
53204.2 1.80932e-16 3.29463e-19 BessellR
53205.2 1.76809e-16 3.26497e-19 BessellR
53206.2 1.72779e-16 3.235e-19 BessellR
53207.2 1.68841e-16 3.20472e-19 BessellR
53208.2 1.64992e-16 3.17418e-19 BessellR
53209.2 1.6123e-16 3.1434e-19 BessellR
53210.2 1.57554e-16 3.1124e-19 BessellR
53211.2 1.53962e-16 3.0812e-19 BessellR
53212.2 1.50452e-16 3.04984e-19 BessellR
53213.2 1.47021e-16 3.01832e-19 BessellR
53214.2 1.43668e-16 2.98668e-19 BessellR
53215.2 1.40392e-16 2.95494e-19 BessellR
53216.2 1.3719e-16 2.92311e-19 BessellR
53217.2 1.34061e-16 2.89121e-19 BessellR
53218.2 1.31004e-16 2.85926e-19 BessellR
53219.2 1.28016e-16 2.82728e-19 BessellR
53220.2 1.25096e-16 2.79529e-19 BessellR
53221.2 1.22242e-16 2.76331e-19 BessellR
53222.2 1.19454e-16 2.73134e-19 BessellR
53223.2 1.16729e-16 2.6994e-19 BessellR
53224.2 1.14066e-16 2.66751e-19 BessellR
53225.2 1.11464e-16 2.63569e-19 BessellR
53226.2 1.08921e-16 2.60393e-19 BessellR
53227.2 1.06436e-16 2.57227e-19 BessellR
53228.2 1.04007e-16 2.5407e-19 BessellR
53229.2 1.01634e-16 2.50924e-19 BessellR
53230.2 9.93156e-17 2.47791e-19 BessellR
53231.2 9.70495e-17 2.4467e-19 BessellR
53232.2 9.48351e-17 2.41564e-19 BessellR
53233.2 9.26712e-17 2.38473e-19 BessellR
53234.2 9.05567e-17 2.35398e-19 BessellR
53235.2 8.84903e-17 2.32339e-19 BessellR
53236.2 8.64711e-17 2.29299e-19 BessellR
53237.2 8.44979e-17 2.26276e-19 BessellR
53238.2 8.25697e-17 2.23273e-19 BessellR
53239.2 8.06855e-17 2.20289e-19 BessellR
53240.2 7.88442e-17 2.17326e-19 BessellR
53241.2 7.7045e-17 2.14383e-19 BessellR
53242.2 7.52867e-17 2.11462e-19 BessellR
53243.2 7.35686e-17 2.08564e-19 BessellR
53244.2 7.18897e-17 2.05687e-19 BessellR
53245.2 7.02491e-17 2.02834e-19 BessellR
53246.2 6.86459e-17 2.00005e-19 BessellR
53247.2 6.70792e-17 1.97199e-19 BessellR
53248.2 6.55483e-17 1.94417e-19 BessellR
53249.2 6.40524e-17 1.9166e-19 BessellR
53250.2 6.25905e-17 1.88927e-19 BessellR
53251.2 6.11621e-17 1.8622e-19 BessellR
53252.2 5.97662e-17 1.83538e-19 BessellR
53253.2 5.84021e-17 1.80882e-19 BessellR
53254.2 5.70692e-17 1.78252e-19 BessellR
53255.2 5.57667e-17 1.75648e-19 BessellR
53256.2 5.44939e-17 1.7307e-19 BessellR
53257.2 5.32502e-17 1.70518e-19 BessellR
53258.2 5.20348e-17 1.67993e-19 BessellR
53259.2 5.08472e-17 1.65494e-19 BessellR
53260.2 4.96866e-17 1.63022e-19 BessellR
53261.2 4.85526e-17 1.60577e-19 BessellR
53262.2 4.74444e-17 1.58159e-19 BessellR
53263.2 4.63615e-17 1.55767e-19 BessellR
53264.2 4.53034e-17 1.53403e-19 BessellR
53265.2 4.42693e-17 1.51065e-19 BessellR
53266.2 4.32589e-17 1.48755e-19 BessellR
53267.2 4.22715e-17 1.46471e-19 BessellR
53268.2 4.13067e-17 1.44214e-19 BessellR
53269.2 4.03639e-17 1.41984e-19 BessellR
53270.2 3.94426e-17 1.39781e-19 BessellR
53271.2 3.85423e-17 1.37604e-19 BessellR
53272.2 3.76626e-17 1.35454e-19 BessellR
53273.2 3.6803e-17 1.3333e-19 BessellR
53274.2 3.59629e-17 1.31233e-19 BessellR
53275.2 3.51421e-17 1.29163e-19 BessellR
53276.2 3.43399e-17 1.27118e-19 BessellR
53277.2 3.35561e-17 1.251e-19 BessellR
53278.2 3.27902e-17 1.23108e-19 BessellR
53279.2 3.20418e-17 1.21141e-19 BessellR
53280.2 3.13104e-17 1.192e-19 BessellR
53281.2 3.05957e-17 1.17285e-19 BessellR
53282.2 2.98974e-17 1.15395e-19 BessellR
53283.2 2.92149e-17 1.1353e-19 BessellR
53284.2 2.85481e-17 1.11691e-19 BessellR
53285.2 2.78965e-17 1.09876e-19 BessellR
53286.2 2.72597e-17 1.08086e-19 BessellR
53287.2 2.66375e-17 1.0632e-19 BessellR
53288.2 2.60295e-17 1.04579e-19 BessellR
53289.2 2.54353e-17 1.02862e-19 BessellR
53290.2 2.48548e-17 1.01169e-19 BessellR
53291.2 2.42874e-17 9.94992e-20 BessellR
53292.2 2.37331e-17 9.78533e-20 BessellR
53293.2 2.31913e-17 9.62307e-20 BessellR
53294.2 2.2662e-17 9.46313e-20 BessellR
53295.2 2.21447e-17 9.30547e-20 BessellR
53296.2 2.16392e-17 9.15009e-20 BessellR
53297.2 2.11453e-17 8.99695e-20 BessellR
53298.2 2.06626e-17 8.84604e-20 BessellR
53299.2 2.0191e-17 8.69734e-20 BessellR
53300.2 1.97301e-17 8.55081e-20 BessellR
53301.2 1.92798e-17 8.40645e-20 BessellR
53302.2 1.88397e-17 8.26422e-20 BessellR
53303.2 1.84097e-17 8.12411e-20 BessellR
53304.2 1.79894e-17 7.98609e-20 BessellR
53305.2 1.75788e-17 7.85014e-20 BessellR
53306.2 1.71776e-17 7.71624e-20 BessellR
53307.2 1.67855e-17 7.58436e-20 BessellR
53308.2 1.64023e-17 7.45448e-20 BessellR
53309.2 1.60279e-17 7.32659e-20 BessellR
53310.2 1.56621e-17 7.20065e-20 BessellR
53311.2 1.53046e-17 7.07664e-20 BessellR
53312.2 1.49552e-17 6.95454e-20 BessellR
53313.2 1.46139e-17 6.83433e-20 BessellR
53314.2 1.42803e-17 6.71599e-20 BessellR
53315.2 1.39543e-17 6.59949e-20 BessellR
53316.2 1.36358e-17 6.48481e-20 BessellR
53317.2 1.33246e-17 6.37193e-20 BessellR
53318.2 1.30204e-17 6.26082e-20 BessellR
53319.2 1.27232e-17 6.15147e-20 BessellR
53320.2 1.24328e-17 6.04385e-20 BessellR
53321.2 1.2149e-17 5.93794e-20 BessellR
53322.2 1.18717e-17 5.83371e-20 BessellR
53323.2 1.16007e-17 5.73115e-20 BessellR
53324.2 1.13359e-17 5.63023e-20 BessellR
53325.2 1.10772e-17 5.53094e-20 BessellR
53326.2 1.08243e-17 5.43324e-20 BessellR
53327.2 1.05772e-17 5.33713e-20 BessellR
53328.2 1.03358e-17 5.24257e-20 BessellR
53329.2 1.00999e-17 5.14954e-20 BessellR
53330.2 9.86933e-18 5.05804e-20 BessellR
53331.2 9.64405e-18 4.96803e-20 BessellR
53332.2 9.42391e-18 4.87949e-20 BessellR
53333.2 9.2088e-18 4.79241e-20 BessellR
53334.2 8.9986e-18 4.70676e-20 BessellR
53335.2 8.7932e-18 4.62252e-20 BessellR
53336.2 8.59249e-18 4.53968e-20 BessellR
53337.2 8.39635e-18 4.45821e-20 BessellR
53338.2 8.2047e-18 4.3781e-20 BessellR
53339.2 8.01742e-18 4.29932e-20 BessellR
53340.2 7.83441e-18 4.22186e-20 BessellR
53341.2 7.65558e-18 4.14569e-20 BessellR
53342.2 7.48084e-18 4.07081e-20 BessellR
53343.2 7.31008e-18 3.99718e-20 BessellR
53344.2 7.14322e-18 3.92479e-20 BessellR
53345.2 6.98017e-18 3.85362e-20 BessellR
53346.2 6.82084e-18 3.78366e-20 BessellR
53347.2 6.66514e-18 3.71488e-20 BessellR
53348.2 6.513e-18 3.64728e-20 BessellR
53349.2 6.36434e-18 3.58082e-20 BessellR
53350.2 6.21907e-18 3.5155e-20 BessellR
53019.2 1.54066e-15 3.89307e-18 BessellV
53020.2 1.581e-15 3.81367e-18 BessellV
53021.2 1.62161e-15 3.72888e-18 BessellV
53022.2 1.66242e-15 3.63891e-18 BessellV
53023.2 1.70337e-15 3.54407e-18 BessellV
53024.2 1.74439e-15 3.44469e-18 BessellV
53025.2 1.78542e-15 3.34115e-18 BessellV
53026.2 1.82636e-15 3.23391e-18 BessellV
53027.2 1.86715e-15 3.12347e-18 BessellV
53028.2 1.9077e-15 3.01038e-18 BessellV
53029.2 1.94793e-15 2.89528e-18 BessellV
53030.2 1.98774e-15 2.77882e-18 BessellV
53031.2 2.02706e-15 2.66175e-18 BessellV
53032.2 2.06579e-15 2.54485e-18 BessellV
53033.2 2.10383e-15 2.42896e-18 BessellV
53034.2 2.14111e-15 2.31496e-18 BessellV
53035.2 2.17751e-15 2.20379e-18 BessellV
53036.2 2.21296e-15 2.0964e-18 BessellV
53037.2 2.24737e-15 1.99376e-18 BessellV
53038.2 2.28063e-15 1.89684e-18 BessellV
53039.2 2.31268e-15 1.80657e-18 BessellV
53040.2 2.34342e-15 1.72383e-18 BessellV
53041.2 2.37277e-15 1.64936e-18 BessellV
53042.2 2.40067e-15 1.58376e-18 BessellV
53043.2 2.42703e-15 1.52741e-18 BessellV
53044.2 2.4518e-15 1.48044e-18 BessellV
53045.2 2.47491e-15 1.44268e-18 BessellV
53046.2 2.49631e-15 1.4137e-18 BessellV
53047.2 2.51595e-15 1.3928e-18 BessellV
53048.2 2.5338e-15 1.37905e-18 BessellV
53049.2 2.54981e-15 1.37138e-18 BessellV
53050.2 2.56397e-15 1.36864e-18 BessellV
53051.2 2.57625e-15 1.36968e-18 BessellV
53052.2 2.58663e-15 1.3734e-18 BessellV
53053.2 2.59512e-15 1.37879e-18 BessellV
53054.2 2.60172e-15 1.38495e-18 BessellV
53055.2 2.60644e-15 1.39112e-18 BessellV
53056.2 2.60929e-15 1.39669e-18 BessellV
53057.2 2.61029e-15 1.40118e-18 BessellV
53058.2 2.60948e-15 1.40421e-18 BessellV
53059.2 2.60688e-15 1.40553e-18 BessellV
53060.2 2.60254e-15 1.40498e-18 BessellV
53061.2 2.5965e-15 1.40249e-18 BessellV
53062.2 2.58882e-15 1.39805e-18 BessellV
53063.2 2.57953e-15 1.39171e-18 BessellV
53064.2 2.56871e-15 1.38357e-18 BessellV
53065.2 2.55641e-15 1.37375e-18 BessellV
53066.2 2.54269e-15 1.36241e-18 BessellV
53067.2 2.52762e-15 1.34972e-18 BessellV
53068.2 2.51126e-15 1.33586e-18 BessellV
53069.2 2.49368e-15 1.321e-18 BessellV
53070.2 2.47495e-15 1.30534e-18 BessellV
53071.2 2.45513e-15 1.28904e-18 BessellV
53072.2 2.4343e-15 1.27226e-18 BessellV
53073.2 2.41253e-15 1.25515e-18 BessellV
53074.2 2.38987e-15 1.23785e-18 BessellV
53075.2 2.3664e-15 1.22047e-18 BessellV
53076.2 2.34219e-15 1.2031e-18 BessellV
53077.2 2.31729e-15 1.18584e-18 BessellV
53078.2 2.29176e-15 1.16874e-18 BessellV
53079.2 2.26568e-15 1.15185e-18 BessellV
53080.2 2.2391e-15 1.13521e-18 BessellV
53081.2 2.21206e-15 1.11883e-18 BessellV
53082.2 2.18464e-15 1.10274e-18 BessellV
53083.2 2.15688e-15 1.08692e-18 BessellV
53084.2 2.12883e-15 1.07136e-18 BessellV
53085.2 2.10054e-15 1.05605e-18 BessellV
53086.2 2.07205e-15 1.04098e-18 BessellV
53087.2 2.0434e-15 1.02611e-18 BessellV
53088.2 2.01465e-15 1.01141e-18 BessellV
53089.2 1.98582e-15 9.96874e-19 BessellV
53090.2 1.95695e-15 9.82459e-19 BessellV
53091.2 1.92808e-15 9.68145e-19 BessellV
53092.2 1.89924e-15 9.53908e-19 BessellV
53093.2 1.87046e-15 9.39726e-19 BessellV
53094.2 1.84176e-15 9.2558e-19 BessellV
53095.2 1.81317e-15 9.11457e-19 BessellV
53096.2 1.78472e-15 8.97341e-19 BessellV
53097.2 1.75642e-15 8.83226e-19 BessellV
53098.2 1.7283e-15 8.69103e-19 BessellV
53099.2 1.70038e-15 8.54969e-19 BessellV
53100.2 1.67268e-15 8.40824e-19 BessellV
53101.2 1.6452e-15 8.26669e-19 BessellV
53102.2 1.61797e-15 8.12509e-19 BessellV
53103.2 1.59099e-15 7.9835e-19 BessellV
53104.2 1.56429e-15 7.842e-19 BessellV
53105.2 1.53786e-15 7.70068e-19 BessellV
53106.2 1.51172e-15 7.55966e-19 BessellV
53107.2 1.48588e-15 7.41906e-19 BessellV
53108.2 1.46035e-15 7.27901e-19 BessellV
53109.2 1.43512e-15 7.13964e-19 BessellV
53110.2 1.41021e-15 7.0011e-19 BessellV
53111.2 1.38562e-15 6.86353e-19 BessellV
53112.2 1.36136e-15 6.72708e-19 BessellV
53113.2 1.33742e-15 6.59189e-19 BessellV
53114.2 1.31382e-15 6.4581e-19 BessellV
53115.2 1.29055e-15 6.32587e-19 BessellV
53116.2 1.26761e-15 6.19533e-19 BessellV
53117.2 1.245e-15 6.0666e-19 BessellV
53118.2 1.22274e-15 5.93983e-19 BessellV
53119.2 1.2008e-15 5.81512e-19 BessellV
53120.2 1.17921e-15 5.6926e-19 BessellV
53121.2 1.15794e-15 5.57237e-19 BessellV
53122.2 1.13701e-15 5.45454e-19 BessellV
53123.2 1.11641e-15 5.3392e-19 BessellV
53124.2 1.09614e-15 5.22643e-19 BessellV
53125.2 1.0762e-15 5.11631e-19 BessellV
53126.2 1.05658e-15 5.00891e-19 BessellV
53127.2 1.03728e-15 4.90429e-19 BessellV
53128.2 1.0183e-15 4.80249e-19 BessellV
53129.2 9.99642e-16 4.70357e-19 BessellV
53130.2 9.81295e-16 4.60755e-19 BessellV
53131.2 9.63258e-16 4.51447e-19 BessellV
53132.2 9.45528e-16 4.42433e-19 BessellV
53133.2 9.28102e-16 4.33715e-19 BessellV
53134.2 9.10976e-16 4.25293e-19 BessellV
53135.2 8.94146e-16 4.17167e-19 BessellV
53136.2 8.77608e-16 4.09334e-19 BessellV
53137.2 8.6136e-16 4.01793e-19 BessellV
53138.2 8.45396e-16 3.9454e-19 BessellV
53139.2 8.29714e-16 3.87573e-19 BessellV
53140.2 8.14309e-16 3.80886e-19 BessellV
53141.2 7.99177e-16 3.74475e-19 BessellV
53142.2 7.84315e-16 3.68334e-19 BessellV
53143.2 7.69718e-16 3.62458e-19 BessellV
53144.2 7.55383e-16 3.56839e-19 BessellV
53145.2 7.41305e-16 3.51471e-19 BessellV
53146.2 7.27481e-16 3.46346e-19 BessellV
53147.2 7.13907e-16 3.41457e-19 BessellV
53148.2 7.00578e-16 3.36795e-19 BessellV
53149.2 6.87491e-16 3.32352e-19 BessellV
53150.2 6.74642e-16 3.28119e-19 BessellV
53151.2 6.62027e-16 3.24088e-19 BessellV
53152.2 6.49643e-16 3.2025e-19 BessellV
53153.2 6.37485e-16 3.16596e-19 BessellV
53154.2 6.25549e-16 3.13116e-19 BessellV
53155.2 6.13833e-16 3.09802e-19 BessellV
53156.2 6.02332e-16 3.06645e-19 BessellV
53157.2 5.91042e-16 3.03636e-19 BessellV
53158.2 5.79961e-16 3.00767e-19 BessellV
53159.2 5.69083e-16 2.98028e-19 BessellV
53160.2 5.58407e-16 2.95412e-19 BessellV
53161.2 5.47928e-16 2.92911e-19 BessellV
53162.2 5.37644e-16 2.90516e-19 BessellV
53163.2 5.27549e-16 2.8822e-19 BessellV
53164.2 5.17642e-16 2.86016e-19 BessellV
53165.2 5.07919e-16 2.83896e-19 BessellV
53166.2 4.98377e-16 2.81854e-19 BessellV
53167.2 4.89012e-16 2.79883e-19 BessellV
53168.2 4.79821e-16 2.77977e-19 BessellV
53169.2 4.70801e-16 2.76131e-19 BessellV
53170.2 4.6195e-16 2.74338e-19 BessellV
53171.2 4.53263e-16 2.72594e-19 BessellV
53172.2 4.44739e-16 2.70893e-19 BessellV
53173.2 4.36373e-16 2.69232e-19 BessellV
53174.2 4.28164e-16 2.67604e-19 BessellV
53175.2 4.20109e-16 2.66008e-19 BessellV
53176.2 4.12204e-16 2.64438e-19 BessellV
53177.2 4.04447e-16 2.62891e-19 BessellV
53178.2 3.96835e-16 2.61364e-19 BessellV
53179.2 3.89365e-16 2.59854e-19 BessellV
53180.2 3.82036e-16 2.58358e-19 BessellV
53181.2 3.74843e-16 2.56873e-19 BessellV
53182.2 3.67786e-16 2.55397e-19 BessellV
53183.2 3.60861e-16 2.53929e-19 BessellV
53184.2 3.54066e-16 2.52465e-19 BessellV
53185.2 3.47398e-16 2.51004e-19 BessellV
53186.2 3.40855e-16 2.49545e-19 BessellV
53187.2 3.34435e-16 2.48087e-19 BessellV
53188.2 3.28136e-16 2.46627e-19 BessellV
53189.2 3.21955e-16 2.45164e-19 BessellV
53190.2 3.1589e-16 2.43698e-19 BessellV
53191.2 3.09939e-16 2.42228e-19 BessellV
53192.2 3.041e-16 2.40753e-19 BessellV
53193.2 2.98371e-16 2.39272e-19 BessellV
53194.2 2.92749e-16 2.37785e-19 BessellV
53195.2 2.87233e-16 2.36291e-19 BessellV
53196.2 2.8182e-16 2.3479e-19 BessellV
53197.2 2.7651e-16 2.33281e-19 BessellV
53198.2 2.71299e-16 2.31765e-19 BessellV
53199.2 2.66187e-16 2.30241e-19 BessellV
53200.2 2.6117e-16 2.28709e-19 BessellV
53201.2 2.56248e-16 2.27168e-19 BessellV
53202.2 2.51419e-16 2.2562e-19 BessellV
53203.2 2.4668e-16 2.24064e-19 BessellV
53204.2 2.42031e-16 2.225e-19 BessellV
53205.2 2.37469e-16 2.20928e-19 BessellV
53206.2 2.32993e-16 2.19348e-19 BessellV
53207.2 2.28602e-16 2.17762e-19 BessellV
53208.2 2.24293e-16 2.16168e-19 BessellV
53209.2 2.20065e-16 2.14567e-19 BessellV
53210.2 2.15917e-16 2.1296e-19 BessellV
53211.2 2.11847e-16 2.11347e-19 BessellV
53212.2 2.07853e-16 2.09727e-19 BessellV
53213.2 2.03935e-16 2.08102e-19 BessellV
53214.2 2.00091e-16 2.06472e-19 BessellV
53215.2 1.96319e-16 2.04837e-19 BessellV
53216.2 1.92618e-16 2.03198e-19 BessellV
53217.2 1.88987e-16 2.01554e-19 BessellV
53218.2 1.85424e-16 1.99907e-19 BessellV
53219.2 1.81928e-16 1.98256e-19 BessellV
53220.2 1.78498e-16 1.96603e-19 BessellV
53221.2 1.75133e-16 1.94947e-19 BessellV
53222.2 1.71831e-16 1.93289e-19 BessellV
53223.2 1.68592e-16 1.91629e-19 BessellV
53224.2 1.65413e-16 1.89968e-19 BessellV
53225.2 1.62295e-16 1.88306e-19 BessellV
53226.2 1.59235e-16 1.86644e-19 BessellV
53227.2 1.56233e-16 1.84982e-19 BessellV
53228.2 1.53287e-16 1.8332e-19 BessellV
53229.2 1.50397e-16 1.81658e-19 BessellV
53230.2 1.47562e-16 1.79998e-19 BessellV
53231.2 1.4478e-16 1.78339e-19 BessellV
53232.2 1.4205e-16 1.76682e-19 BessellV
53233.2 1.39372e-16 1.75027e-19 BessellV
53234.2 1.36744e-16 1.73375e-19 BessellV
53235.2 1.34166e-16 1.71726e-19 BessellV
53236.2 1.31636e-16 1.7008e-19 BessellV
53237.2 1.29154e-16 1.68438e-19 BessellV
53238.2 1.26719e-16 1.66799e-19 BessellV
53239.2 1.2433e-16 1.65165e-19 BessellV
53240.2 1.21985e-16 1.63535e-19 BessellV
53241.2 1.19685e-16 1.61911e-19 BessellV
53242.2 1.17429e-16 1.60291e-19 BessellV
53243.2 1.15215e-16 1.58677e-19 BessellV
53244.2 1.13042e-16 1.57069e-19 BessellV
53245.2 1.10911e-16 1.55466e-19 BessellV
53246.2 1.0882e-16 1.5387e-19 BessellV
53247.2 1.06768e-16 1.52281e-19 BessellV
53248.2 1.04755e-16 1.50698e-19 BessellV
53249.2 1.0278e-16 1.49122e-19 BessellV
53250.2 1.00842e-16 1.47554e-19 BessellV
53251.2 9.89403e-17 1.45993e-19 BessellV
53252.2 9.70748e-17 1.4444e-19 BessellV
53253.2 9.52444e-17 1.42895e-19 BessellV
53254.2 9.34485e-17 1.41357e-19 BessellV
53255.2 9.16865e-17 1.39829e-19 BessellV
53256.2 8.99577e-17 1.38308e-19 BessellV
53257.2 8.82615e-17 1.36796e-19 BessellV
53258.2 8.65973e-17 1.35294e-19 BessellV
53259.2 8.49645e-17 1.338e-19 BessellV
53260.2 8.33625e-17 1.32315e-19 BessellV
53261.2 8.17906e-17 1.3084e-19 BessellV
53262.2 8.02484e-17 1.29374e-19 BessellV
53263.2 7.87353e-17 1.27917e-19 BessellV
53264.2 7.72507e-17 1.2647e-19 BessellV
53265.2 7.57941e-17 1.25034e-19 BessellV
53266.2 7.43649e-17 1.23607e-19 BessellV
53267.2 7.29628e-17 1.2219e-19 BessellV
53268.2 7.1587e-17 1.20783e-19 BessellV
53269.2 7.02372e-17 1.19386e-19 BessellV
53270.2 6.89128e-17 1.18e-19 BessellV
53271.2 6.76134e-17 1.16624e-19 BessellV
53272.2 6.63385e-17 1.15259e-19 BessellV
53273.2 6.50877e-17 1.13904e-19 BessellV
53274.2 6.38604e-17 1.1256e-19 BessellV
53275.2 6.26563e-17 1.11227e-19 BessellV
53276.2 6.14748e-17 1.09904e-19 BessellV
53277.2 6.03157e-17 1.08592e-19 BessellV
53278.2 5.91784e-17 1.07291e-19 BessellV
53279.2 5.80625e-17 1.06001e-19 BessellV
53280.2 5.69677e-17 1.04721e-19 BessellV
53281.2 5.58936e-17 1.03453e-19 BessellV
53282.2 5.48397e-17 1.02196e-19 BessellV
53283.2 5.38056e-17 1.00949e-19 BessellV
53284.2 5.27911e-17 9.97138e-20 BessellV
53285.2 5.17957e-17 9.84894e-20 BessellV
53286.2 5.0819e-17 9.72761e-20 BessellV
53287.2 4.98608e-17 9.60738e-20 BessellV
53288.2 4.89206e-17 9.48826e-20 BessellV
53289.2 4.79982e-17 9.37024e-20 BessellV
53290.2 4.70931e-17 9.25332e-20 BessellV
53291.2 4.62052e-17 9.13751e-20 BessellV
53292.2 4.53339e-17 9.0228e-20 BessellV
53293.2 4.44791e-17 8.9092e-20 BessellV
53294.2 4.36404e-17 8.79669e-20 BessellV
53295.2 4.28176e-17 8.68528e-20 BessellV
53296.2 4.20102e-17 8.57496e-20 BessellV
53297.2 4.12181e-17 8.46574e-20 BessellV
53298.2 4.04409e-17 8.35761e-20 BessellV
53299.2 3.96783e-17 8.25056e-20 BessellV
53300.2 3.89302e-17 8.1446e-20 BessellV
53301.2 3.81961e-17 8.03972e-20 BessellV
53302.2 3.74759e-17 7.93592e-20 BessellV
53303.2 3.67692e-17 7.83319e-20 BessellV
53304.2 3.60759e-17 7.73152e-20 BessellV
53305.2 3.53957e-17 7.63093e-20 BessellV
53306.2 3.47283e-17 7.53139e-20 BessellV
53307.2 3.40734e-17 7.4329e-20 BessellV
53308.2 3.3431e-17 7.33547e-20 BessellV
53309.2 3.28006e-17 7.23908e-20 BessellV
53310.2 3.21821e-17 7.14373e-20 BessellV
53311.2 3.15753e-17 7.04942e-20 BessellV
53312.2 3.09799e-17 6.95613e-20 BessellV
53313.2 3.03958e-17 6.86387e-20 BessellV
53314.2 2.98226e-17 6.77262e-20 BessellV
53315.2 2.92603e-17 6.68239e-20 BessellV
53316.2 2.87086e-17 6.59316e-20 BessellV
53317.2 2.81672e-17 6.50493e-20 BessellV
53318.2 2.76361e-17 6.41769e-20 BessellV
53319.2 2.7115e-17 6.33144e-20 BessellV
53320.2 2.66038e-17 6.24617e-20 BessellV
53321.2 2.61021e-17 6.16187e-20 BessellV
53322.2 2.56099e-17 6.07854e-20 BessellV
53323.2 2.5127e-17 5.99617e-20 BessellV
53324.2 2.46533e-17 5.91475e-20 BessellV
53325.2 2.41884e-17 5.83427e-20 BessellV
53326.2 2.37323e-17 5.75474e-20 BessellV
53327.2 2.32848e-17 5.67614e-20 BessellV
53328.2 2.28458e-17 5.59846e-20 BessellV
53329.2 2.2415e-17 5.5217e-20 BessellV
53330.2 2.19923e-17 5.44585e-20 BessellV
53331.2 2.15776e-17 5.37091e-20 BessellV
53332.2 2.11708e-17 5.29686e-20 BessellV
53333.2 2.07716e-17 5.2237e-20 BessellV
53334.2 2.03799e-17 5.15142e-20 BessellV
53335.2 1.99956e-17 5.08001e-20 BessellV
53336.2 1.96186e-17 5.00947e-20 BessellV
