53532.9 3.2376e-28 3.17203e-29 BessellB
53533.9 2.11716e-27 1.94456e-28 BessellB
53534.9 1.38452e-26 1.18691e-27 BessellB
53535.9 9.05445e-26 7.20869e-27 BessellB
53536.9 5.92162e-25 4.35299e-26 BessellB
53537.9 3.87289e-24 2.61086e-25 BessellB
53538.9 2.53306e-23 1.55343e-24 BessellB
53539.9 1.65681e-22 9.15363e-24 BessellB
53540.9 1.08371e-21 5.33004e-23 BessellB
53541.9 7.08881e-21 3.0576e-22 BessellB
53542.9 4.6371e-20 1.7205e-21 BessellB
53543.9 3.0334e-19 9.43473e-21 BessellB
53544.9 1.98418e-18 4.99015e-20 BessellB
53545.9 1.29694e-17 2.50004e-19 BessellB
53546.9 8.43478e-17 1.1432e-18 BessellB
53547.9 5.30543e-16 4.36919e-18 BessellB
53548.9 2.75163e-15 1.26061e-17 BessellB
53549.9 7.49002e-15 2.00943e-17 BessellB
53550.9 9.89237e-15 8.72113e-18 BessellB
53551.9 1.01069e-14 3.27832e-18 BessellB
53552.9 9.85002e-15 2.69423e-18 BessellB
53553.9 9.5305e-15 2.55196e-18 BessellB
53554.9 9.21145e-15 2.41623e-18 BessellB
53555.9 8.90165e-15 2.2849e-18 BessellB
53556.9 8.60208e-15 2.16039e-18 BessellB
53557.9 8.31256e-15 2.04294e-18 BessellB
53558.9 8.03277e-15 1.93235e-18 BessellB
53559.9 7.76241e-15 1.82836e-18 BessellB
53560.9 7.50114e-15 1.73067e-18 BessellB
53561.9 7.24867e-15 1.63904e-18 BessellB
53562.9 7.0047e-15 1.5532e-18 BessellB
53563.9 6.76893e-15 1.47292e-18 BessellB
53564.9 6.54111e-15 1.39793e-18 BessellB
53565.9 6.32095e-15 1.32803e-18 BessellB
53566.9 6.1082e-15 1.26297e-18 BessellB
53567.9 5.90261e-15 1.20253e-18 BessellB
53568.9 5.70394e-15 1.1465e-18 BessellB
53569.9 5.51196e-15 1.09466e-18 BessellB
53570.9 5.32644e-15 1.04679e-18 BessellB
53571.9 5.14716e-15 1.00267e-18 BessellB
53572.9 4.97392e-15 9.62104e-19 BessellB
53573.9 4.80651e-15 9.2487e-19 BessellB
53574.9 4.64473e-15 8.90758e-19 BessellB
53575.9 4.4884e-15 8.59561e-19 BessellB
53576.9 4.33733e-15 8.31072e-19 BessellB
53577.9 4.19135e-15 8.05087e-19 BessellB
53578.9 4.05027e-15 7.81406e-19 BessellB
53579.9 3.91395e-15 7.59834e-19 BessellB
53580.9 3.78222e-15 7.40182e-19 BessellB
53581.9 3.65492e-15 7.22269e-19 BessellB
53582.9 3.5319e-15 7.05922e-19 BessellB
53583.9 3.41302e-15 6.90977e-19 BessellB
53584.9 3.29815e-15 6.77278e-19 BessellB
53585.9 3.18714e-15 6.64683e-19 BessellB
53586.9 3.07987e-15 6.53058e-19 BessellB
53587.9 2.97621e-15 6.4228e-19 BessellB
53588.9 2.87603e-15 6.32238e-19 BessellB
53589.9 2.77923e-15 6.22829e-19 BessellB
53590.9 2.68569e-15 6.13962e-19 BessellB
53591.9 2.59529e-15 6.05556e-19 BessellB
53592.9 2.50794e-15 5.97537e-19 BessellB
53593.9 2.42353e-15 5.89842e-19 BessellB
53594.9 2.34196e-15 5.82413e-19 BessellB
53595.9 2.26314e-15 5.75202e-19 BessellB
53596.9 2.18696e-15 5.68166e-19 BessellB
53597.9 2.11335e-15 5.61267e-19 BessellB
53598.9 2.04222e-15 5.54475e-19 BessellB
53599.9 1.97349e-15 5.47762e-19 BessellB
53600.9 1.90706e-15 5.41107e-19 BessellB
53601.9 1.84288e-15 5.34491e-19 BessellB
53602.9 1.78085e-15 5.27898e-19 BessellB
53603.9 1.72091e-15 5.21317e-19 BessellB
53604.9 1.66299e-15 5.14738e-19 BessellB
53605.9 1.60702e-15 5.08153e-19 BessellB
53606.9 1.55293e-15 5.01556e-19 BessellB
53607.9 1.50066e-15 4.94945e-19 BessellB
53608.9 1.45015e-15 4.88317e-19 BessellB
53609.9 1.40134e-15 4.8167e-19 BessellB
53610.9 1.35417e-15 4.75005e-19 BessellB
53611.9 1.3086e-15 4.68322e-19 BessellB
53612.9 1.26455e-15 4.61624e-19 BessellB
53613.9 1.22199e-15 4.54911e-19 BessellB
53614.9 1.18086e-15 4.48188e-19 BessellB
53615.9 1.14111e-15 4.41456e-19 BessellB
53616.9 1.10271e-15 4.3472e-19 BessellB
53617.9 1.06559e-15 4.27982e-19 BessellB
53618.9 1.02973e-15 4.21248e-19 BessellB
53619.9 9.95069e-16 4.1452e-19 BessellB
53620.9 9.61577e-16 4.07802e-19 BessellB
53621.9 9.29213e-16 4.01099e-19 BessellB
53622.9 8.97937e-16 3.94415e-19 BessellB
53623.9 8.67715e-16 3.87753e-19 BessellB
53624.9 8.38509e-16 3.81117e-19 BessellB
53625.9 8.10287e-16 3.74511e-19 BessellB
53626.9 7.83014e-16 3.67939e-19 BessellB
53627.9 7.5666e-16 3.61404e-19 BessellB
53628.9 7.31192e-16 3.5491e-19 BessellB
53629.9 7.06582e-16 3.4846e-19 BessellB
53630.9 6.828e-16 3.42057e-19 BessellB
53631.9 6.59819e-16 3.35703e-19 BessellB
53632.9 6.37611e-16 3.29403e-19 BessellB
53633.9 6.1615e-16 3.23158e-19 BessellB
53634.9 5.95412e-16 3.16972e-19 BessellB
53635.9 5.75371e-16 3.10845e-19 BessellB
53636.9 5.56006e-16 3.04781e-19 BessellB
53637.9 5.37292e-16 2.98782e-19 BessellB
53638.9 5.19208e-16 2.92849e-19 BessellB
53639.9 5.01732e-16 2.86985e-19 BessellB
53640.9 4.84845e-16 2.8119e-19 BessellB
53641.9 4.68526e-16 2.75467e-19 BessellB
53642.9 4.52757e-16 2.69816e-19 BessellB
53643.9 4.37518e-16 2.64239e-19 BessellB
53644.9 4.22792e-16 2.58736e-19 BessellB
53645.9 4.08562e-16 2.5331e-19 BessellB
53646.9 3.94811e-16 2.4796e-19 BessellB
53647.9 3.81522e-16 2.42687e-19 BessellB
53648.9 3.68681e-16 2.37492e-19 BessellB
53649.9 3.56272e-16 2.32375e-19 BessellB
53650.9 3.44281e-16 2.27337e-19 BessellB
53651.9 3.32693e-16 2.22377e-19 BessellB
53652.9 3.21495e-16 2.17497e-19 BessellB
53653.9 3.10674e-16 2.12696e-19 BessellB
53654.9 3.00218e-16 2.07975e-19 BessellB
53655.9 2.90113e-16 2.03332e-19 BessellB
53656.9 2.80348e-16 1.98769e-19 BessellB
53657.9 2.70913e-16 1.94284e-19 BessellB
53658.9 2.61794e-16 1.89878e-19 BessellB
53659.9 2.52983e-16 1.8555e-19 BessellB
53660.9 2.44468e-16 1.813e-19 BessellB
53661.9 2.3624e-16 1.77128e-19 BessellB
53662.9 2.28288e-16 1.73032e-19 BessellB
53663.9 2.20605e-16 1.69013e-19 BessellB
53664.9 2.1318e-16 1.65069e-19 BessellB
53665.9 2.06004e-16 1.61201e-19 BessellB
53666.9 1.99071e-16 1.57407e-19 BessellB
53667.9 1.92371e-16 1.53687e-19 BessellB
53668.9 1.85896e-16 1.5004e-19 BessellB
53669.9 1.79639e-16 1.46465e-19 BessellB
53670.9 1.73593e-16 1.42962e-19 BessellB
53671.9 1.6775e-16 1.3953e-19 BessellB
53672.9 1.62104e-16 1.36167e-19 BessellB
53673.9 1.56648e-16 1.32873e-19 BessellB
53674.9 1.51375e-16 1.29648e-19 BessellB
53675.9 1.4628e-16 1.26489e-19 BessellB
53676.9 1.41357e-16 1.23397e-19 BessellB
53677.9 1.36599e-16 1.20371e-19 BessellB
53678.9 1.32002e-16 1.17408e-19 BessellB
53679.9 1.27559e-16 1.1451e-19 BessellB
53680.9 1.23265e-16 1.11674e-19 BessellB
53681.9 1.19116e-16 1.08899e-19 BessellB
53682.9 1.15107e-16 1.06185e-19 BessellB
53683.9 1.11233e-16 1.03531e-19 BessellB
53684.9 1.07489e-16 1.00936e-19 BessellB
53685.9 1.03871e-16 9.8398e-20 BessellB
53686.9 1.00375e-16 9.59171e-20 BessellB
53687.9 9.69968e-17 9.3492e-20 BessellB
53688.9 9.37321e-17 9.11218e-20 BessellB
53689.9 9.05773e-17 8.88055e-20 BessellB
53690.9 8.75287e-17 8.65421e-20 BessellB
53691.9 8.45827e-17 8.43307e-20 BessellB
53692.9 8.17358e-17 8.21704e-20 BessellB
53693.9 7.89847e-17 8.00601e-20 BessellB
53694.9 7.63263e-17 7.7999e-20 BessellB
53695.9 7.37573e-17 7.59862e-20 BessellB
53696.9 7.12748e-17 7.40206e-20 BessellB
53697.9 6.88759e-17 7.21014e-20 BessellB
53698.9 6.65576e-17 7.02278e-20 BessellB
53699.9 6.43175e-17 6.83987e-20 BessellB
53700.9 6.21527e-17 6.66133e-20 BessellB
53701.9 6.00608e-17 6.48707e-20 BessellB
53702.9 5.80392e-17 6.31701e-20 BessellB
53703.9 5.60858e-17 6.15106e-20 BessellB
53704.9 5.4198e-17 5.98914e-20 BessellB
53705.9 5.23739e-17 5.83116e-20 BessellB
53706.9 5.06111e-17 5.67704e-20 BessellB
53707.9 4.89076e-17 5.52669e-20 BessellB
53708.9 4.72615e-17 5.38005e-20 BessellB
53709.9 4.56708e-17 5.23702e-20 BessellB
53710.9 4.41336e-17 5.09753e-20 BessellB
53711.9 4.26482e-17 4.96151e-20 BessellB
53712.9 4.12127e-17 4.82887e-20 BessellB
53713.9 3.98256e-17 4.69955e-20 BessellB
53714.9 3.84851e-17 4.57348e-20 BessellB
53715.9 3.71898e-17 4.45057e-20 BessellB
53716.9 3.59381e-17 4.33075e-20 BessellB
53717.9 3.47285e-17 4.21397e-20 BessellB
53718.9 3.35596e-17 4.10015e-20 BessellB
53719.9 3.24301e-17 3.98922e-20 BessellB
53720.9 3.13385e-17 3.88111e-20 BessellB
53721.9 3.02838e-17 3.77577e-20 BessellB
53722.9 2.92645e-17 3.67313e-20 BessellB
53723.9 2.82795e-17 3.57312e-20 BessellB
53724.9 2.73277e-17 3.47569e-20 BessellB
53725.9 2.64079e-17 3.38077e-20 BessellB
53726.9 2.5519e-17 3.28831e-20 BessellB
53536.9 1.04476e-13 1.17613e-16 BessellU
53537.9 9.28862e-14 1.00193e-16 BessellU
53538.9 8.25808e-14 8.52015e-17 BessellU
53539.9 7.34174e-14 7.23138e-17 BessellU
53540.9 6.52695e-14 6.12484e-17 BessellU
53541.9 5.80248e-14 5.17603e-17 BessellU
53542.9 5.15833e-14 4.36363e-17 BessellU
53543.9 4.5856e-14 3.66912e-17 BessellU
53544.9 4.07638e-14 3.07642e-17 BessellU
53545.9 3.62364e-14 2.5716e-17 BessellU
53546.9 3.22112e-14 2.14256e-17 BessellU
53547.9 2.86326e-14 1.77883e-17 BessellU
53548.9 2.54511e-14 1.47138e-17 BessellU
53549.9 2.26226e-14 1.21239e-17 BessellU
53550.9 2.01081e-14 9.95149e-18 BessellU
53551.9 1.78727e-14 8.13886e-18 BessellU
53552.9 1.58855e-14 6.6367e-18 BessellU
53553.9 1.4119e-14 5.40307e-18 BessellU
53554.9 1.25487e-14 4.40233e-18 BessellU
53555.9 1.11528e-14 3.60416e-18 BessellU
53556.9 9.91194e-15 2.98222e-18 BessellU
53557.9 8.80899e-15 2.51237e-18 BessellU
53558.9 7.82861e-15 2.17082e-18 BessellU
53559.9 6.9572e-15 1.93269e-18 BessellU
53560.9 6.18266e-15 1.77241e-18 BessellU
53561.9 5.49424e-15 1.6658e-18 BessellU
53562.9 4.88236e-15 1.59258e-18 BessellU
53563.9 4.33854e-15 1.53764e-18 BessellU
53564.9 3.85522e-15 1.49088e-18 BessellU
53565.9 3.42566e-15 1.44622e-18 BessellU
53566.9 3.04391e-15 1.40034e-18 BessellU
53567.9 2.70463e-15 1.35176e-18 BessellU
53568.9 2.40313e-15 1.30009e-18 BessellU
53569.9 2.13519e-15 1.24558e-18 BessellU
53570.9 1.89708e-15 1.18878e-18 BessellU
53571.9 1.68549e-15 1.13039e-18 BessellU
53572.9 1.49747e-15 1.07112e-18 BessellU
53573.9 1.33039e-15 1.01165e-18 BessellU
53574.9 1.18193e-15 9.52589e-19 BessellU
53575.9 1.05001e-15 8.94461e-19 BessellU
53576.9 9.32796e-16 8.37702e-19 BessellU
53577.9 8.28648e-16 7.82663e-19 BessellU
53578.9 7.36113e-16 7.29618e-19 BessellU
53579.9 6.53897e-16 6.7877e-19 BessellU
53580.9 5.8085e-16 6.30262e-19 BessellU
53581.9 5.15952e-16 5.84185e-19 BessellU
53582.9 4.58295e-16 5.40583e-19 BessellU
53583.9 4.07072e-16 4.99468e-19 BessellU
53584.9 3.61565e-16 4.60817e-19 BessellU
53585.9 3.21139e-16 4.24587e-19 BessellU
53586.9 2.85226e-16 3.90713e-19 BessellU
53587.9 2.53324e-16 3.59117e-19 BessellU
53588.9 2.24985e-16 3.29709e-19 BessellU
53589.9 1.99811e-16 3.02392e-19 BessellU
53590.9 1.7745e-16 2.77065e-19 BessellU
53591.9 1.57588e-16 2.53622e-19 BessellU
53592.9 1.39946e-16 2.31958e-19 BessellU
53593.9 1.24276e-16 2.11966e-19 BessellU
53594.9 1.10358e-16 1.93544e-19 BessellU
53595.9 9.79968e-17 1.7659e-19 BessellU
53596.9 8.70179e-17 1.61004e-19 BessellU
53597.9 7.72672e-17 1.46694e-19 BessellU
53598.9 6.86075e-17 1.33569e-19 BessellU
53599.9 6.09169e-17 1.21542e-19 BessellU
53600.9 5.40871e-17 1.10532e-19 BessellU
53601.9 4.8022e-17 1.00463e-19 BessellU
53602.9 4.26359e-17 9.12604e-20 BessellU
53603.9 3.7853e-17 8.28576e-20 BessellU
53604.9 3.36059e-17 7.51908e-20 BessellU
53605.9 2.98346e-17 6.82004e-20 BessellU
53606.9 2.64859e-17 6.18312e-20 BessellU
53607.9 2.35125e-17 5.60317e-20 BessellU
53608.9 2.08724e-17 5.07544e-20 BessellU
53609.9 1.85283e-17 4.59551e-20 BessellU
53610.9 1.6447e-17 4.1593e-20 BessellU
53611.9 1.45992e-17 3.76304e-20 BessellU
53612.9 1.29587e-17 3.40326e-20 BessellU
53613.9 1.15022e-17 3.07677e-20 BessellU
53614.9 1.02092e-17 2.78063e-20 BessellU
53615.9 9.06135e-18 2.51215e-20 BessellU
53616.9 8.04234e-18 2.26885e-20 BessellU
53617.9 7.13775e-18 2.04846e-20 BessellU
53618.9 6.33475e-18 1.84892e-20 BessellU
53619.9 5.62195e-18 1.66831e-20 BessellU
53620.9 4.98924e-18 1.50491e-20 BessellU
53621.9 4.42762e-18 1.35714e-20 BessellU
53622.9 3.92913e-18 1.22354e-20 BessellU
53623.9 3.48667e-18 1.1028e-20 BessellU
53624.9 3.09397e-18 9.93715e-21 BessellU
53625.9 2.74542e-18 8.95197e-21 BessellU
53626.9 2.43608e-18 8.06249e-21 BessellU
53627.9 2.16154e-18 7.25966e-21 BessellU
53628.9 1.9179e-18 6.53525e-21 BessellU
53629.9 1.70167e-18 5.8818e-21 BessellU
53630.9 1.50979e-18 5.29251e-21 BessellU
53631.9 1.33951e-18 4.76123e-21 BessellU
53632.9 1.1884e-18 4.28239e-21 BessellU
53633.9 1.05432e-18 3.85091e-21 BessellU
53634.9 9.35336e-19 3.46221e-21 BessellU
53635.9 8.29762e-19 3.11213e-21 BessellU
53636.9 7.36086e-19 2.79691e-21 BessellU
53637.9 6.52969e-19 2.51315e-21 BessellU
53638.9 5.79223e-19 2.25776e-21 BessellU
53639.9 5.13793e-19 2.02796e-21 BessellU
53640.9 4.55743e-19 1.82123e-21 BessellU
53641.9 4.04241e-19 1.63529e-21 BessellU
53642.9 3.5855e-19 1.46808e-21 BessellU
53643.9 3.18016e-19 1.31776e-21 BessellU
53644.9 2.82057e-19 1.18263e-21 BessellU
53645.9 2.50158e-19 1.06119e-21 BessellU
53646.9 2.21861e-19 9.52076e-22 BessellU
53647.9 1.9676e-19 8.54048e-22 BessellU
53536.3 1.46386e-15 8.93557e-19 BessellI
53537.3 1.48318e-15 8.83253e-19 BessellI
53538.3 1.50273e-15 8.72689e-19 BessellI
53539.3 1.52251e-15 8.61871e-19 BessellI
53540.3 1.54253e-15 8.50808e-19 BessellI
53541.3 1.56279e-15 8.39506e-19 BessellI
53542.3 1.58328e-15 8.27977e-19 BessellI
53543.3 1.60401e-15 8.16232e-19 BessellI
53544.3 1.62498e-15 8.04282e-19 BessellI
53545.3 1.64618e-15 7.92141e-19 BessellI
53546.3 1.66762e-15 7.79825e-19 BessellI
53547.3 1.6893e-15 7.6735e-19 BessellI
53548.3 1.71122e-15 7.54735e-19 BessellI
53549.3 1.73337e-15 7.42001e-19 BessellI
53550.3 1.75576e-15 7.29168e-19 BessellI
53551.3 1.77839e-15 7.16262e-19 BessellI
53552.3 1.80124e-15 7.03308e-19 BessellI
53553.3 1.82433e-15 6.90334e-19 BessellI
53554.3 1.84764e-15 6.77371e-19 BessellI
53555.3 1.87118e-15 6.6445e-19 BessellI
53556.3 1.89494e-15 6.51606e-19 BessellI
53557.3 1.91892e-15 6.38875e-19 BessellI
53558.3 1.94312e-15 6.26295e-19 BessellI
53559.3 1.96752e-15 6.13907e-19 BessellI
53560.3 1.99213e-15 6.01752e-19 BessellI
53561.3 2.01694e-15 5.89874e-19 BessellI
53562.3 2.04194e-15 5.78315e-19 BessellI
53563.3 2.06712e-15 5.67121e-19 BessellI
53564.3 2.09248e-15 5.56336e-19 BessellI
53565.3 2.11801e-15 5.46003e-19 BessellI
53566.3 2.14369e-15 5.36165e-19 BessellI
53567.3 2.16953e-15 5.26861e-19 BessellI
53568.3 2.1955e-15 5.18127e-19 BessellI
53569.3 2.22159e-15 5.09998e-19 BessellI
53570.3 2.24779e-15 5.02499e-19 BessellI
53571.3 2.27409e-15 4.95652e-19 BessellI
53572.3 2.30047e-15 4.89473e-19 BessellI
53573.3 2.32692e-15 4.83968e-19 BessellI
53574.3 2.3534e-15 4.79138e-19 BessellI
53575.3 2.37991e-15 4.74974e-19 BessellI
53576.3 2.40643e-15 4.7146e-19 BessellI
53577.3 2.43292e-15 4.68575e-19 BessellI
53578.3 2.45937e-15 4.66288e-19 BessellI
53579.3 2.48575e-15 4.64567e-19 BessellI
53580.3 2.51203e-15 4.63375e-19 BessellI
53581.3 2.53819e-15 4.62674e-19 BessellI
53582.3 2.56419e-15 4.62428e-19 BessellI
53583.3 2.58999e-15 4.62604e-19 BessellI
53584.3 2.61557e-15 4.63177e-19 BessellI
53585.3 2.64089e-15 4.64131e-19 BessellI
53586.3 2.6659e-15 4.65463e-19 BessellI
53587.3 2.69057e-15 4.67186e-19 BessellI
53588.3 2.71485e-15 4.69333e-19 BessellI
53589.3 2.73869e-15 4.71957e-19 BessellI
53590.3 2.76206e-15 4.75139e-19 BessellI
53591.3 2.78489e-15 4.78984e-19 BessellI
53592.3 2.80714e-15 4.83629e-19 BessellI
53593.3 2.82875e-15 4.89234e-19 BessellI
53594.3 2.84967e-15 4.95991e-19 BessellI
53595.3 2.86983e-15 5.04111e-19 BessellI
53596.3 2.88919e-15 5.13828e-19 BessellI
53597.3 2.90767e-15 5.25383e-19 BessellI
53598.3 2.92521e-15 5.39021e-19 BessellI
53599.3 2.94176e-15 5.54979e-19 BessellI
53600.3 2.95723e-15 5.73476e-19 BessellI
53601.3 2.97157e-15 5.94698e-19 BessellI
53602.3 2.98471e-15 6.18799e-19 BessellI
53603.3 2.99658e-15 6.45884e-19 BessellI
53604.3 3.00711e-15 6.76011e-19 BessellI
53605.3 3.01624e-15 7.09188e-19 BessellI
53606.3 3.02389e-15 7.45372e-19 BessellI
53607.3 3.03e-15 7.84473e-19 BessellI
53608.3 3.0345e-15 8.26357e-19 BessellI
53609.3 3.03734e-15 8.70847e-19 BessellI
53610.3 3.03845e-15 9.1773e-19 BessellI
53611.3 3.03778e-15 9.66758e-19 BessellI
53612.3 3.03527e-15 1.01766e-18 BessellI
53613.3 3.03087e-15 1.07012e-18 BessellI
53614.3 3.02454e-15 1.12383e-18 BessellI
53615.3 3.01623e-15 1.17843e-18 BessellI
53616.3 3.00592e-15 1.23356e-18 BessellI
53617.3 2.99358e-15 1.28885e-18 BessellI
53618.3 2.97917e-15 1.3439e-18 BessellI
53619.3 2.96269e-15 1.39833e-18 BessellI
53620.3 2.94414e-15 1.45174e-18 BessellI
53621.3 2.92351e-15 1.50373e-18 BessellI
53622.3 2.90081e-15 1.5539e-18 BessellI
53623.3 2.87605e-15 1.60189e-18 BessellI
53624.3 2.84927e-15 1.6473e-18 BessellI
53625.3 2.8205e-15 1.6898e-18 BessellI
53626.3 2.78977e-15 1.72905e-18 BessellI
53627.3 2.75715e-15 1.76474e-18 BessellI
53628.3 2.72268e-15 1.7966e-18 BessellI
53629.3 2.68644e-15 1.82438e-18 BessellI
53630.3 2.6485e-15 1.84786e-18 BessellI
53631.3 2.60894e-15 1.86689e-18 BessellI
53632.3 2.56785e-15 1.88131e-18 BessellI
53633.3 2.52532e-15 1.89105e-18 BessellI
53634.3 2.48145e-15 1.89605e-18 BessellI
53635.3 2.43634e-15 1.89629e-18 BessellI
53636.3 2.3901e-15 1.89183e-18 BessellI
53637.3 2.34285e-15 1.88272e-18 BessellI
53638.3 2.29469e-15 1.86908e-18 BessellI
53639.3 2.24574e-15 1.85106e-18 BessellI
53640.3 2.19611e-15 1.82884e-18 BessellI
53641.3 2.14592e-15 1.80263e-18 BessellI
53642.3 2.09528e-15 1.77269e-18 BessellI
53643.3 2.04431e-15 1.73927e-18 BessellI
53644.3 1.99311e-15 1.70266e-18 BessellI
53645.3 1.9418e-15 1.66316e-18 BessellI
53646.3 1.89047e-15 1.62109e-18 BessellI
53647.3 1.83924e-15 1.57678e-18 BessellI
53648.3 1.78819e-15 1.53056e-18 BessellI
53649.3 1.73742e-15 1.48276e-18 BessellI
53650.3 1.68702e-15 1.4337e-18 BessellI
53651.3 1.63706e-15 1.38373e-18 BessellI
53652.3 1.58763e-15 1.33315e-18 BessellI
53653.3 1.53879e-15 1.28228e-18 BessellI
53654.3 1.49061e-15 1.23141e-18 BessellI
53655.3 1.44314e-15 1.18084e-18 BessellI
53656.3 1.39645e-15 1.13083e-18 BessellI
53657.3 1.35058e-15 1.08164e-18 BessellI
53658.3 1.30557e-15 1.0335e-18 BessellI
53659.3 1.26146e-15 9.86635e-19 BessellI
53660.3 1.21829e-15 9.41241e-19 BessellI
53661.3 1.17607e-15 8.97498e-19 BessellI
53662.3 1.13484e-15 8.55566e-19 BessellI
53663.3 1.09461e-15 8.15584e-19 BessellI
53664.3 1.05539e-15 7.77668e-19 BessellI
53665.3 1.0172e-15 7.41913e-19 BessellI
53666.3 9.80037e-16 7.08389e-19 BessellI
53667.3 9.43911e-16 6.77144e-19 BessellI
53668.3 9.08819e-16 6.482e-19 BessellI
53669.3 8.74757e-16 6.21555e-19 BessellI
53670.3 8.4172e-16 5.9718e-19 BessellI
53671.3 8.097e-16 5.75024e-19 BessellI
53672.3 7.78685e-16 5.55008e-19 BessellI
53673.3 7.48663e-16 5.37035e-19 BessellI
53674.3 7.19621e-16 5.20985e-19 BessellI
53675.3 6.91541e-16 5.06724e-19 BessellI
53676.3 6.64408e-16 4.94103e-19 BessellI
53677.3 6.38203e-16 4.82966e-19 BessellI
53678.3 6.12906e-16 4.73152e-19 BessellI
53679.3 5.88498e-16 4.64501e-19 BessellI
53680.3 5.64958e-16 4.56854e-19 BessellI
53681.3 5.42265e-16 4.5006e-19 BessellI
53682.3 5.20396e-16 4.43978e-19 BessellI
53683.3 4.99331e-16 4.38476e-19 BessellI
53684.3 4.79046e-16 4.33435e-19 BessellI
53685.3 4.5952e-16 4.2875e-19 BessellI
53686.3 4.4073e-16 4.24325e-19 BessellI
53687.3 4.22655e-16 4.2008e-19 BessellI
53688.3 4.05271e-16 4.15946e-19 BessellI
53689.3 3.88558e-16 4.11863e-19 BessellI
53690.3 3.72493e-16 4.07784e-19 BessellI
53691.3 3.57055e-16 4.03669e-19 BessellI
53692.3 3.42224e-16 3.99487e-19 BessellI
53693.3 3.27978e-16 3.95213e-19 BessellI
53694.3 3.14297e-16 3.9083e-19 BessellI
53695.3 3.01162e-16 3.86325e-19 BessellI
53696.3 2.88554e-16 3.8169e-19 BessellI
53697.3 2.76452e-16 3.76921e-19 BessellI
53698.3 2.64839e-16 3.72017e-19 BessellI
53699.3 2.53697e-16 3.66981e-19 BessellI
53700.3 2.43009e-16 3.61816e-19 BessellI
53701.3 2.32756e-16 3.56527e-19 BessellI
53702.3 2.22924e-16 3.51123e-19 BessellI
53703.3 2.13495e-16 3.45612e-19 BessellI
53704.3 2.04455e-16 3.40003e-19 BessellI
53705.3 1.95789e-16 3.34305e-19 BessellI
53706.3 1.87481e-16 3.28529e-19 BessellI
53707.3 1.79518e-16 3.22685e-19 BessellI
53708.3 1.71886e-16 3.16783e-19 BessellI
53709.3 1.64572e-16 3.10834e-19 BessellI
53710.3 1.57564e-16 3.04848e-19 BessellI
53711.3 1.50849e-16 2.98835e-19 BessellI
53712.3 1.44416e-16 2.92804e-19 BessellI
53713.3 1.38252e-16 2.86765e-19 BessellI
53714.3 1.32348e-16 2.80726e-19 BessellI
53715.3 1.26693e-16 2.74697e-19 BessellI
53716.3 1.21276e-16 2.68685e-19 BessellI
53717.3 1.16088e-16 2.62697e-19 BessellI
53718.3 1.11119e-16 2.56742e-19 BessellI
53719.3 1.06361e-16 2.50825e-19 BessellI
53720.3 1.01804e-16 2.44953e-19 BessellI
53721.3 9.74406e-17 2.39132e-19 BessellI
53722.3 9.32625e-17 2.33367e-19 BessellI
53723.3 8.9262e-17 2.27664e-19 BessellI
53724.3 8.54317e-17 2.22025e-19 BessellI
53725.3 8.17645e-17 2.16457e-19 BessellI
53726.3 7.82536e-17 2.10962e-19 BessellI
53727.3 7.48924e-17 2.05544e-19 BessellI
53728.3 7.16746e-17 2.00205e-19 BessellI
53729.3 6.85942e-17 1.94949e-19 BessellI
53730.3 6.56455e-17 1.89778e-19 BessellI
53731.3 6.28228e-17 1.84694e-19 BessellI
53732.3 6.01208e-17 1.79699e-19 BessellI
53733.3 5.75345e-17 1.74794e-19 BessellI
53734.3 5.5059e-17 1.6998e-19 BessellI
53735.3 5.26895e-17 1.65258e-19 BessellI
53736.3 5.04216e-17 1.6063e-19 BessellI
53737.3 4.82509e-17 1.56095e-19 BessellI
53738.3 4.61733e-17 1.51654e-19 BessellI
53739.3 4.41848e-17 1.47308e-19 BessellI
53740.3 4.22818e-17 1.43055e-19 BessellI
53741.3 4.04604e-17 1.38897e-19 BessellI
53742.3 3.87173e-17 1.34832e-19 BessellI
53743.3 3.7049e-17 1.3086e-19 BessellI
53744.3 3.54525e-17 1.26981e-19 BessellI
53745.3 3.39245e-17 1.23194e-19 BessellI
53746.3 3.24623e-17 1.19499e-19 BessellI
53747.3 3.1063e-17 1.15893e-19 BessellI
53748.3 2.97239e-17 1.12377e-19 BessellI
53749.3 2.84424e-17 1.08949e-19 BessellI
53750.3 2.7216e-17 1.05608e-19 BessellI
53751.3 2.60424e-17 1.02353e-19 BessellI
53752.3 2.49194e-17 9.91825e-20 BessellI
53753.3 2.38447e-17 9.60956e-20 BessellI
53754.3 2.28162e-17 9.30908e-20 BessellI
53755.3 2.18321e-17 9.01667e-20 BessellI
53756.3 2.08904e-17 8.7322e-20 BessellI
53757.3 1.99892e-17 8.45551e-20 BessellI
53758.3 1.91269e-17 8.18647e-20 BessellI
53759.3 1.83017e-17 7.92492e-20 BessellI
53760.3 1.75121e-17 7.67072e-20 BessellI
53761.3 1.67566e-17 7.42373e-20 BessellI
53762.3 1.60336e-17 7.18378e-20 BessellI
53763.3 1.53417e-17 6.95074e-20 BessellI
53764.3 1.46797e-17 6.72444e-20 BessellI
53765.3 1.40463e-17 6.50475e-20 BessellI
53766.3 1.34401e-17 6.29151e-20 BessellI
53767.3 1.28601e-17 6.08457e-20 BessellI
53768.3 1.23051e-17 5.88378e-20 BessellI
53769.3 1.1774e-17 5.68901e-20 BessellI
53770.3 1.12659e-17 5.50009e-20 BessellI
53771.3 1.07797e-17 5.3169e-20 BessellI
53772.3 1.03144e-17 5.13928e-20 BessellI
53773.3 9.86922e-18 4.96709e-20 BessellI
53774.3 9.44324e-18 4.80021e-20 BessellI
53775.3 9.03564e-18 4.63848e-20 BessellI
53776.3 8.64563e-18 4.48178e-20 BessellI
53777.3 8.27244e-18 4.32997e-20 BessellI
53778.3 7.91535e-18 4.18292e-20 BessellI
53779.3 7.57368e-18 4.0405e-20 BessellI
53780.3 7.24675e-18 3.90259e-20 BessellI
53781.3 6.93392e-18 3.76906e-20 BessellI
53782.3 6.6346e-18 3.63979e-20 BessellI
53783.3 6.34819e-18 3.51466e-20 BessellI
53784.3 6.07415e-18 3.39356e-20 BessellI
53785.3 5.81193e-18 3.27636e-20 BessellI
53786.3 5.56103e-18 3.16297e-20 BessellI
53787.3 5.32096e-18 3.05326e-20 BessellI
53788.3 5.09125e-18 2.94713e-20 BessellI
53789.3 4.87145e-18 2.84448e-20 BessellI
53790.3 4.66115e-18 2.7452e-20 BessellI
53791.3 4.45992e-18 2.64919e-20 BessellI
53792.3 4.26737e-18 2.55636e-20 BessellI
53793.3 4.08314e-18 2.46661e-20 BessellI
53794.3 3.90686e-18 2.37985e-20 BessellI
53795.3 3.73819e-18 2.29598e-20 BessellI
53796.3 3.5768e-18 2.21492e-20 BessellI
53797.3 3.42238e-18 2.13658e-20 BessellI
53798.3 3.27462e-18 2.06088e-20 BessellI
53799.3 3.13324e-18 1.98774e-20 BessellI
53800.3 2.99797e-18 1.91707e-20 BessellI
53801.3 2.86853e-18 1.8488e-20 BessellI
53802.3 2.74468e-18 1.78285e-20 BessellI
53803.3 2.62618e-18 1.71915e-20 BessellI
53804.3 2.5128e-18 1.65763e-20 BessellI
53805.3 2.40431e-18 1.59822e-20 BessellI
53806.3 2.3005e-18 1.54085e-20 BessellI
53807.3 2.20118e-18 1.48545e-20 BessellI
53808.3 2.10614e-18 1.43197e-20 BessellI
53809.3 2.01521e-18 1.38034e-20 BessellI
53810.3 1.9282e-18 1.33049e-20 BessellI
53811.3 1.84495e-18 1.28238e-20 BessellI
53812.3 1.76529e-18 1.23595e-20 BessellI
53813.3 1.68907e-18 1.19113e-20 BessellI
53814.3 1.61615e-18 1.14788e-20 BessellI
53815.3 1.54637e-18 1.10615e-20 BessellI
53816.3 1.4796e-18 1.06588e-20 BessellI
53817.3 1.41572e-18 1.02702e-20 BessellI
53818.3 1.35459e-18 9.89536e-21 BessellI
53819.3 1.29611e-18 9.53373e-21 BessellI
53820.3 1.24014e-18 9.18489e-21 BessellI
53821.3 1.1866e-18 8.8484e-21 BessellI
53822.3 1.13537e-18 8.52385e-21 BessellI
53823.3 1.08635e-18 8.21083e-21 BessellI
53824.3 1.03944e-18 7.90896e-21 BessellI
53825.3 9.94561e-19 7.61785e-21 BessellI
53826.3 9.51619e-19 7.33714e-21 BessellI
53827.3 9.10531e-19 7.06647e-21 BessellI
53828.3 8.71217e-19 6.8055e-21 BessellI
53829.3 8.33601e-19 6.55389e-21 BessellI
53830.3 7.97609e-19 6.31133e-21 BessellI
53831.3 7.63171e-19 6.07749e-21 BessellI
53832.3 7.30219e-19 5.85209e-21 BessellI
53833.3 6.98691e-19 5.63482e-21 BessellI
53834.3 6.68523e-19 5.4254e-21 BessellI
53525.1 6.38584e-30 1.39601e-31 BessellR
53526.1 2.35173e-29 4.93883e-31 BessellR
53527.1 8.66075e-29 1.74435e-30 BessellR
53528.1 3.18951e-28 6.14971e-30 BessellR
53529.1 1.17461e-27 2.16379e-29 BessellR
53530.1 4.32578e-27 7.59686e-29 BessellR
53531.1 1.59307e-26 2.66083e-28 BessellR
53532.1 5.86684e-26 9.29515e-28 BessellR
53533.1 2.16061e-25 3.23762e-27 BessellR
53534.1 7.95695e-25 1.12403e-26 BessellR
53535.1 2.93034e-24 3.88809e-26 BessellR
53536.1 1.07917e-23 1.33935e-25 BessellR
53537.1 3.97431e-23 4.59193e-25 BessellR
53538.1 1.46364e-22 1.56579e-24 BessellR
53539.1 5.39023e-22 5.30546e-24 BessellR
53540.1 1.98509e-21 1.78436e-23 BessellR
53541.1 7.3106e-21 5.94825e-23 BessellR
53542.1 2.69231e-20 1.96171e-22 BessellR
53543.1 9.91505e-20 6.3845e-22 BessellR
53544.1 3.65134e-19 2.04343e-21 BessellR
53545.1 1.34451e-18 6.39984e-21 BessellR
53546.1 4.94881e-18 1.94659e-20 BessellR
53547.1 1.8188e-17 5.68047e-20 BessellR
53548.1 6.64707e-17 1.55782e-19 BessellR
53549.1 2.3797e-16 3.89377e-19 BessellR
53550.1 7.93312e-16 8.88172e-19 BessellR
53551.1 2.15461e-15 1.87671e-18 BessellR
53552.1 3.99584e-15 2.34137e-18 BessellR
53553.1 5.13797e-15 1.46266e-18 BessellR
53554.1 5.49414e-15 9.78485e-19 BessellR
53555.1 5.52112e-15 9.74951e-19 BessellR
53556.1 5.45054e-15 9.9155e-19 BessellR
53557.1 5.35498e-15 9.8155e-19 BessellR
53558.1 5.25429e-15 9.60525e-19 BessellR
53559.1 5.15373e-15 9.36451e-19 BessellR
53560.1 5.05462e-15 9.12005e-19 BessellR
53561.1 4.95731e-15 8.87988e-19 BessellR
53562.1 4.86183e-15 8.64621e-19 BessellR
53563.1 4.76818e-15 8.41953e-19 BessellR
53564.1 4.67634e-15 8.19986e-19 BessellR
53565.1 4.58626e-15 7.98705e-19 BessellR
53566.1 4.49792e-15 7.78096e-19 BessellR
53567.1 4.41128e-15 7.58139e-19 BessellR
53568.1 4.32631e-15 7.38818e-19 BessellR
53569.1 4.24297e-15 7.20115e-19 BessellR
53570.1 4.16125e-15 7.02015e-19 BessellR
53571.1 4.08109e-15 6.84499e-19 BessellR
53572.1 4.00248e-15 6.67553e-19 BessellR
53573.1 3.92538e-15 6.51161e-19 BessellR
53574.1 3.84977e-15 6.35306e-19 BessellR
53575.1 3.77562e-15 6.19973e-19 BessellR
53576.1 3.70289e-15 6.05149e-19 BessellR
53577.1 3.63156e-15 5.90817e-19 BessellR
53578.1 3.56161e-15 5.76964e-19 BessellR
53579.1 3.49301e-15 5.63576e-19 BessellR
53580.1 3.42572e-15 5.50638e-19 BessellR
53581.1 3.35974e-15 5.38137e-19 BessellR
53582.1 3.29502e-15 5.2606e-19 BessellR
53583.1 3.23155e-15 5.14394e-19 BessellR
53584.1 3.16931e-15 5.03125e-19 BessellR
53585.1 3.10826e-15 4.92241e-19 BessellR
53586.1 3.04839e-15 4.8173e-19 BessellR
53587.1 2.98967e-15 4.7158e-19 BessellR
53588.1 2.93208e-15 4.61779e-19 BessellR
53589.1 2.8756e-15 4.52314e-19 BessellR
53590.1 2.82021e-15 4.43175e-19 BessellR
53591.1 2.76589e-15 4.34351e-19 BessellR
53592.1 2.71261e-15 4.2583e-19 BessellR
53593.1 2.66036e-15 4.17602e-19 BessellR
53594.1 2.60912e-15 4.09655e-19 BessellR
53595.1 2.55886e-15 4.01981e-19 BessellR
53596.1 2.50957e-15 3.94569e-19 BessellR
53597.1 2.46123e-15 3.87408e-19 BessellR
53598.1 2.41382e-15 3.8049e-19 BessellR
53599.1 2.36732e-15 3.73806e-19 BessellR
53600.1 2.32172e-15 3.67345e-19 BessellR
53601.1 2.277e-15 3.61099e-19 BessellR
53602.1 2.23314e-15 3.5506e-19 BessellR
53603.1 2.19013e-15 3.4922e-19 BessellR
53604.1 2.14794e-15 3.43569e-19 BessellR
53605.1 2.10657e-15 3.381e-19 BessellR
53606.1 2.06599e-15 3.32806e-19 BessellR
53607.1 2.02619e-15 3.27678e-19 BessellR
53608.1 1.98717e-15 3.22711e-19 BessellR
53609.1 1.94889e-15 3.17897e-19 BessellR
53610.1 1.91135e-15 3.13228e-19 BessellR
53611.1 1.87453e-15 3.087e-19 BessellR
53612.1 1.83842e-15 3.04304e-19 BessellR
53613.1 1.80301e-15 3.00036e-19 BessellR
53614.1 1.76828e-15 2.9589e-19 BessellR
53615.1 1.73422e-15 2.9186e-19 BessellR
53616.1 1.70082e-15 2.8794e-19 BessellR
53617.1 1.66805e-15 2.84126e-19 BessellR
53618.1 1.63592e-15 2.80412e-19 BessellR
53619.1 1.60441e-15 2.76794e-19 BessellR
53620.1 1.57351e-15 2.73268e-19 BessellR
53621.1 1.5432e-15 2.69828e-19 BessellR
53622.1 1.51347e-15 2.66472e-19 BessellR
53623.1 1.48432e-15 2.63194e-19 BessellR
53624.1 1.45573e-15 2.59991e-19 BessellR
53625.1 1.42769e-15 2.5686e-19 BessellR
53626.1 1.40019e-15 2.53796e-19 BessellR
53627.1 1.37322e-15 2.50798e-19 BessellR
53628.1 1.34677e-15 2.47861e-19 BessellR
53629.1 1.32082e-15 2.44983e-19 BessellR
53630.1 1.29538e-15 2.42161e-19 BessellR
53631.1 1.27043e-15 2.39393e-19 BessellR
53632.1 1.24596e-15 2.36675e-19 BessellR
53633.1 1.22196e-15 2.34006e-19 BessellR
53634.1 1.19842e-15 2.31382e-19 BessellR
53635.1 1.17534e-15 2.28803e-19 BessellR
53636.1 1.1527e-15 2.26266e-19 BessellR
53637.1 1.13049e-15 2.23769e-19 BessellR
53638.1 1.10872e-15 2.21311e-19 BessellR
53639.1 1.08736e-15 2.18889e-19 BessellR
53640.1 1.06642e-15 2.16502e-19 BessellR
53641.1 1.04588e-15 2.14149e-19 BessellR
53642.1 1.02573e-15 2.11827e-19 BessellR
53643.1 1.00597e-15 2.09537e-19 BessellR
53644.1 9.86595e-16 2.07276e-19 BessellR
53645.1 9.67591e-16 2.05044e-19 BessellR
53646.1 9.48953e-16 2.02839e-19 BessellR
53647.1 9.30674e-16 2.0066e-19 BessellR
53648.1 9.12747e-16 1.98507e-19 BessellR
53649.1 8.95166e-16 1.96378e-19 BessellR
53650.1 8.77923e-16 1.94272e-19 BessellR
53651.1 8.61012e-16 1.92189e-19 BessellR
53652.1 8.44427e-16 1.90129e-19 BessellR
53653.1 8.28162e-16 1.88089e-19 BessellR
53654.1 8.1221e-16 1.86071e-19 BessellR
53655.1 7.96565e-16 1.84072e-19 BessellR
53656.1 7.81221e-16 1.82093e-19 BessellR
53657.1 7.66173e-16 1.80133e-19 BessellR
53658.1 7.51415e-16 1.78191e-19 BessellR
53659.1 7.36941e-16 1.76267e-19 BessellR
53660.1 7.22746e-16 1.74362e-19 BessellR
53661.1 7.08824e-16 1.72473e-19 BessellR
53662.1 6.95171e-16 1.70601e-19 BessellR
53663.1 6.8178e-16 1.68746e-19 BessellR
53664.1 6.68648e-16 1.66907e-19 BessellR
53665.1 6.55768e-16 1.65084e-19 BessellR
53666.1 6.43136e-16 1.63276e-19 BessellR
53667.1 6.30748e-16 1.61484e-19 BessellR
53668.1 6.18599e-16 1.59707e-19 BessellR
53669.1 6.06683e-16 1.57946e-19 BessellR
53670.1 5.94997e-16 1.56198e-19 BessellR
53671.1 5.83536e-16 1.54466e-19 BessellR
53672.1 5.72296e-16 1.52748e-19 BessellR
53673.1 5.61272e-16 1.51044e-19 BessellR
53674.1 5.50461e-16 1.49354e-19 BessellR
53675.1 5.39858e-16 1.47679e-19 BessellR
53676.1 5.29459e-16 1.46017e-19 BessellR
53677.1 5.1926e-16 1.44369e-19 BessellR
53678.1 5.09258e-16 1.42734e-19 BessellR
53679.1 4.99449e-16 1.41114e-19 BessellR
53680.1 4.89828e-16 1.39506e-19 BessellR
53681.1 4.80393e-16 1.37912e-19 BessellR
53682.1 4.7114e-16 1.36331e-19 BessellR
53683.1 4.62065e-16 1.34764e-19 BessellR
53684.1 4.53164e-16 1.33209e-19 BessellR
53685.1 4.44435e-16 1.31668e-19 BessellR
53686.1 4.35874e-16 1.3014e-19 BessellR
53687.1 4.27479e-16 1.28624e-19 BessellR
53688.1 4.19244e-16 1.27122e-19 BessellR
53689.1 4.11169e-16 1.25632e-19 BessellR
53690.1 4.03249e-16 1.24155e-19 BessellR
53691.1 3.95481e-16 1.22691e-19 BessellR
53692.1 3.87863e-16 1.2124e-19 BessellR
53693.1 3.80392e-16 1.19801e-19 BessellR
53694.1 3.73065e-16 1.18375e-19 BessellR
53695.1 3.65879e-16 1.16961e-19 BessellR
53696.1 3.58831e-16 1.1556e-19 BessellR
53697.1 3.5192e-16 1.14172e-19 BessellR
53698.1 3.45141e-16 1.12796e-19 BessellR
53699.1 3.38493e-16 1.11432e-19 BessellR
53700.1 3.31973e-16 1.10081e-19 BessellR
53701.1 3.25578e-16 1.08742e-19 BessellR
53702.1 3.19307e-16 1.07416e-19 BessellR
53703.1 3.13156e-16 1.06102e-19 BessellR
53704.1 3.07124e-16 1.04799e-19 BessellR
53705.1 3.01208e-16 1.0351e-19 BessellR
53706.1 2.95406e-16 1.02232e-19 BessellR
53707.1 2.89716e-16 1.00966e-19 BessellR
53708.1 2.84136e-16 9.97125e-20 BessellR
53709.1 2.78662e-16 9.84709e-20 BessellR
53710.1 2.73295e-16 9.72412e-20 BessellR
53711.1 2.68031e-16 9.60235e-20 BessellR
53712.1 2.62868e-16 9.48177e-20 BessellR
53713.1 2.57804e-16 9.36236e-20 BessellR
53714.1 2.52838e-16 9.24414e-20 BessellR
53715.1 2.47968e-16 9.12709e-20 BessellR
53716.1 2.43192e-16 9.01121e-20 BessellR
53717.1 2.38507e-16 8.89649e-20 BessellR
53718.1 2.33913e-16 8.78293e-20 BessellR
53719.1 2.29407e-16 8.67053e-20 BessellR
53720.1 2.24989e-16 8.55927e-20 BessellR
53721.1 2.20655e-16 8.44915e-20 BessellR
53722.1 2.16405e-16 8.34017e-20 BessellR
53723.1 2.12236e-16 8.23232e-20 BessellR
53724.1 2.08148e-16 8.1256e-20 BessellR
53725.1 2.04139e-16 8.02e-20 BessellR
53726.1 2.00206e-16 7.91551e-20 BessellR
53727.1 1.9635e-16 7.81212e-20 BessellR
53728.1 1.92568e-16 7.70984e-20 BessellR
53729.1 1.88859e-16 7.60866e-20 BessellR
53730.1 1.85221e-16 7.50856e-20 BessellR
53731.1 1.81653e-16 7.40955e-20 BessellR
53732.1 1.78154e-16 7.31161e-20 BessellR
53733.1 1.74722e-16 7.21475e-20 BessellR
53734.1 1.71357e-16 7.11894e-20 BessellR
53735.1 1.68056e-16 7.0242e-20 BessellR
53736.1 1.64819e-16 6.9305e-20 BessellR
53737.1 1.61644e-16 6.83785e-20 BessellR
53738.1 1.58531e-16 6.74623e-20 BessellR
53739.1 1.55477e-16 6.65564e-20 BessellR
53740.1 1.52482e-16 6.56608e-20 BessellR
53741.1 1.49545e-16 6.47753e-20 BessellR
53742.1 1.46664e-16 6.38998e-20 BessellR
53743.1 1.43839e-16 6.30344e-20 BessellR
53744.1 1.41069e-16 6.21789e-20 BessellR
53745.1 1.38351e-16 6.13333e-20 BessellR
53746.1 1.35686e-16 6.04975e-20 BessellR
53747.1 1.33073e-16 5.96714e-20 BessellR
53748.1 1.30509e-16 5.88549e-20 BessellR
53749.1 1.27996e-16 5.8048e-20 BessellR
53750.1 1.2553e-16 5.72506e-20 BessellR
53751.1 1.23112e-16 5.64626e-20 BessellR
53752.1 1.20741e-16 5.5684e-20 BessellR
53753.1 1.18415e-16 5.49146e-20 BessellR
53754.1 1.16134e-16 5.41545e-20 BessellR
53755.1 1.13897e-16 5.34034e-20 BessellR
53756.1 1.11703e-16 5.26614e-20 BessellR
53757.1 1.09552e-16 5.19283e-20 BessellR
53758.1 1.07441e-16 5.12041e-20 BessellR
53759.1 1.05372e-16 5.04888e-20 BessellR
53760.1 1.03342e-16 4.97821e-20 BessellR
53761.1 1.01351e-16 4.90841e-20 BessellR
53762.1 9.93992e-17 4.83947e-20 BessellR
53763.1 9.74846e-17 4.77138e-20 BessellR
53764.1 9.56068e-17 4.70414e-20 BessellR
53765.1 9.37652e-17 4.63772e-20 BessellR
53766.1 9.19591e-17 4.57214e-20 BessellR
53767.1 9.01877e-17 4.50737e-20 BessellR
53768.1 8.84505e-17 4.44341e-20 BessellR
53769.1 8.67468e-17 4.38026e-20 BessellR
53770.1 8.50758e-17 4.31791e-20 BessellR
53771.1 8.34371e-17 4.25634e-20 BessellR
53772.1 8.18299e-17 4.19556e-20 BessellR
53773.1 8.02537e-17 4.13554e-20 BessellR
53774.1 7.87078e-17 4.0763e-20 BessellR
53775.1 7.71917e-17 4.01781e-20 BessellR
53776.1 7.57049e-17 3.96007e-20 BessellR
53777.1 7.42466e-17 3.90308e-20 BessellR
53778.1 7.28165e-17 3.84682e-20 BessellR
53779.1 7.14139e-17 3.79129e-20 BessellR
53780.1 7.00383e-17 3.73648e-20 BessellR
53781.1 6.86892e-17 3.68238e-20 BessellR
53782.1 6.73661e-17 3.62899e-20 BessellR
53783.1 6.60685e-17 3.5763e-20 BessellR
53784.1 6.47958e-17 3.52429e-20 BessellR
53785.1 6.35477e-17 3.47297e-20 BessellR
53786.1 6.23237e-17 3.42233e-20 BessellR
53787.1 6.11232e-17 3.37236e-20 BessellR
53788.1 5.99458e-17 3.32305e-20 BessellR
53789.1 5.87911e-17 3.27439e-20 BessellR
53790.1 5.76587e-17 3.22638e-20 BessellR
53791.1 5.6548e-17 3.17901e-20 BessellR
53792.1 5.54588e-17 3.13228e-20 BessellR
53793.1 5.43905e-17 3.08617e-20 BessellR
53794.1 5.33428e-17 3.04068e-20 BessellR
53795.1 5.23153e-17 2.9958e-20 BessellR
53796.1 5.13076e-17 2.95153e-20 BessellR
53797.1 5.03193e-17 2.90786e-20 BessellR
53798.1 4.93501e-17 2.86478e-20 BessellR
53799.1 4.83995e-17 2.82229e-20 BessellR
53800.1 4.74672e-17 2.78037e-20 BessellR
53801.1 4.65529e-17 2.73903e-20 BessellR
53802.1 4.56562e-17 2.69825e-20 BessellR
53803.1 4.47767e-17 2.65803e-20 BessellR
53804.1 4.39142e-17 2.61836e-20 BessellR
53805.1 4.30684e-17 2.57923e-20 BessellR
53806.1 4.22388e-17 2.54065e-20 BessellR
53807.1 4.14252e-17 2.5026e-20 BessellR
53808.1 4.06272e-17 2.46508e-20 BessellR
53809.1 3.98446e-17 2.42807e-20 BessellR
53810.1 3.90771e-17 2.39158e-20 BessellR
53811.1 3.83244e-17 2.3556e-20 BessellR
53812.1 3.75862e-17 2.32012e-20 BessellR
53813.1 3.68622e-17 2.28514e-20 BessellR
53814.1 3.61522e-17 2.25064e-20 BessellR
53815.1 3.54558e-17 2.21663e-20 BessellR
53816.1 3.47729e-17 2.1831e-20 BessellR
53817.1 3.41031e-17 2.15004e-20 BessellR
53818.1 3.34462e-17 2.11744e-20 BessellR
53819.1 3.28019e-17 2.08531e-20 BessellR
53820.1 3.21701e-17 2.05363e-20 BessellR
53821.1 3.15504e-17 2.0224e-20 BessellR
53822.1 3.09427e-17 1.99161e-20 BessellR
53823.1 3.03466e-17 1.96126e-20 BessellR
53824.1 2.97621e-17 1.93134e-20 BessellR
53825.1 2.91888e-17 1.90185e-20 BessellR
53826.1 2.86266e-17 1.87278e-20 BessellR
53827.1 2.80752e-17 1.84413e-20 BessellR
53828.1 2.75344e-17 1.81588e-20 BessellR
53829.1 2.7004e-17 1.78805e-20 BessellR
53830.1 2.64839e-17 1.76061e-20 BessellR
53831.1 2.59737e-17 1.73357e-20 BessellR
53832.1 2.54734e-17 1.70692e-20 BessellR
53833.1 2.49827e-17 1.68065e-20 BessellR
53834.1 2.45015e-17 1.65476e-20 BessellR
53835.1 2.40296e-17 1.62925e-20 BessellR
53836.1 2.35667e-17 1.60411e-20 BessellR
53837.1 2.31127e-17 1.57934e-20 BessellR
53838.1 2.26675e-17 1.55492e-20 BessellR
53839.1 2.22309e-17 1.53086e-20 BessellR
53840.1 2.18027e-17 1.50715e-20 BessellR
53841.1 2.13827e-17 1.48379e-20 BessellR
53842.1 2.09709e-17 1.46077e-20 BessellR
53843.1 2.05669e-17 1.43809e-20 BessellR
53844.1 2.01707e-17 1.41574e-20 BessellR
53845.1 1.97822e-17 1.39372e-20 BessellR
53846.1 1.94012e-17 1.37202e-20 BessellR
53847.1 1.90275e-17 1.35065e-20 BessellR
53848.1 1.86609e-17 1.32958e-20 BessellR
53849.1 1.83015e-17 1.30883e-20 BessellR
53850.1 1.7949e-17 1.28839e-20 BessellR
53851.1 1.76032e-17 1.26825e-20 BessellR
53852.1 1.72642e-17 1.24841e-20 BessellR
53853.1 1.69316e-17 1.22886e-20 BessellR
53854.1 1.66055e-17 1.2096e-20 BessellR
53855.1 1.62856e-17 1.19063e-20 BessellR
53856.1 1.59719e-17 1.17195e-20 BessellR
53857.1 1.56643e-17 1.15354e-20 BessellR
53858.1 1.53625e-17 1.1354e-20 BessellR
53859.1 1.50666e-17 1.11754e-20 BessellR
53860.1 1.47764e-17 1.09995e-20 BessellR
53861.1 1.44918e-17 1.08262e-20 BessellR
53862.1 1.42126e-17 1.06555e-20 BessellR
53863.1 1.39389e-17 1.04873e-20 BessellR
53864.1 1.36704e-17 1.03217e-20 BessellR
53865.1 1.3407e-17 1.01586e-20 BessellR
53866.1 1.31488e-17 9.99793e-21 BessellR
53867.1 1.28955e-17 9.8397e-21 BessellR
53868.1 1.26471e-17 9.68386e-21 BessellR
53869.1 1.24035e-17 9.53038e-21 BessellR
53870.1 1.21646e-17 9.37922e-21 BessellR
53871.1 1.19303e-17 9.23036e-21 BessellR
53872.1 1.17005e-17 9.08375e-21 BessellR
53873.1 1.14751e-17 8.93937e-21 BessellR
53874.1 1.12541e-17 8.79719e-21 BessellR
53875.1 1.10373e-17 8.65717e-21 BessellR
53876.1 1.08247e-17 8.51929e-21 BessellR
53877.1 1.06162e-17 8.38351e-21 BessellR
53878.1 1.04117e-17 8.24981e-21 BessellR
53879.1 1.02111e-17 8.11815e-21 BessellR
53880.1 1.00144e-17 7.9885e-21 BessellR
53881.1 9.82155e-18 7.86084e-21 BessellR
53882.1 9.63236e-18 7.73514e-21 BessellR
53883.1 9.44682e-18 7.61136e-21 BessellR
53884.1 9.26485e-18 7.48949e-21 BessellR
53885.1 9.08639e-18 7.36949e-21 BessellR
53886.1 8.91137e-18 7.25134e-21 BessellR
53887.1 8.73972e-18 7.13501e-21 BessellR
53888.1 8.57137e-18 7.02047e-21 BessellR
53889.1 8.40627e-18 6.9077e-21 BessellR
53890.1 8.24434e-18 6.79668e-21 BessellR
53891.1 8.08554e-18 6.68737e-21 BessellR
53468.1 6.5281e-17 1.10008e-19 BessellV
53469.1 6.86253e-17 1.14222e-19 BessellV
53470.1 7.21409e-17 1.1858e-19 BessellV
53471.1 7.58364e-17 1.23085e-19 BessellV
53472.1 7.97211e-17 1.27741e-19 BessellV
53473.1 8.38046e-17 1.32552e-19 BessellV
53474.1 8.80972e-17 1.3752e-19 BessellV
53475.1 9.26094e-17 1.4265e-19 BessellV
53476.1 9.73525e-17 1.47946e-19 BessellV
53477.1 1.02338e-16 1.5341e-19 BessellV
53478.1 1.07579e-16 1.59047e-19 BessellV
53479.1 1.13088e-16 1.64859e-19 BessellV
53480.1 1.18879e-16 1.7085e-19 BessellV
53481.1 1.24965e-16 1.77023e-19 BessellV
53482.1 1.31363e-16 1.83382e-19 BessellV
53483.1 1.38088e-16 1.89928e-19 BessellV
53484.1 1.45156e-16 1.96665e-19 BessellV
53485.1 1.52586e-16 2.03595e-19 BessellV
53486.1 1.60395e-16 2.1072e-19 BessellV
53487.1 1.68602e-16 2.18042e-19 BessellV
53488.1 1.77229e-16 2.25563e-19 BessellV
53489.1 1.86296e-16 2.33285e-19 BessellV
53490.1 1.95825e-16 2.41207e-19 BessellV
53491.1 2.0584e-16 2.49332e-19 BessellV
53492.1 2.16365e-16 2.57658e-19 BessellV
53493.1 2.27426e-16 2.66186e-19 BessellV
53494.1 2.3905e-16 2.74914e-19 BessellV
53495.1 2.51266e-16 2.83842e-19 BessellV
53496.1 2.64103e-16 2.92966e-19 BessellV
53497.1 2.77591e-16 3.02285e-19 BessellV
53498.1 2.91765e-16 3.11795e-19 BessellV
53499.1 3.06658e-16 3.2149e-19 BessellV
53500.1 3.22305e-16 3.31367e-19 BessellV
53501.1 3.38745e-16 3.41419e-19 BessellV
53502.1 3.56016e-16 3.51639e-19 BessellV
53503.1 3.7416e-16 3.62019e-19 BessellV
53504.1 3.9322e-16 3.72549e-19 BessellV
53505.1 4.1324e-16 3.83219e-19 BessellV
53506.1 4.34267e-16 3.94018e-19 BessellV
53507.1 4.5635e-16 4.04932e-19 BessellV
53508.1 4.79541e-16 4.15946e-19 BessellV
53509.1 5.03893e-16 4.27046e-19 BessellV
53510.1 5.29462e-16 4.38213e-19 BessellV
53511.1 5.56304e-16 4.49428e-19 BessellV
53512.1 5.84482e-16 4.60671e-19 BessellV
53513.1 6.14056e-16 4.7192e-19 BessellV
53514.1 6.45093e-16 4.83151e-19 BessellV
53515.1 6.7766e-16 4.94338e-19 BessellV
53516.1 7.11826e-16 5.05453e-19 BessellV
53517.1 7.47665e-16 5.16469e-19 BessellV
53518.1 7.8525e-16 5.27355e-19 BessellV
53519.1 8.24659e-16 5.38079e-19 BessellV
53520.1 8.65971e-16 5.48608e-19 BessellV
53521.1 9.09267e-16 5.58909e-19 BessellV
53522.1 9.54631e-16 5.68946e-19 BessellV
53523.1 1.00215e-15 5.78685e-19 BessellV
53524.1 1.05191e-15 5.8809e-19 BessellV
53525.1 1.10399e-15 5.97128e-19 BessellV
53526.1 1.15849e-15 6.05765e-19 BessellV
53527.1 1.2155e-15 6.13969e-19 BessellV
53528.1 1.2751e-15 6.21713e-19 BessellV
53529.1 1.33739e-15 6.28972e-19 BessellV
53530.1 1.40246e-15 6.35727e-19 BessellV
53531.1 1.47038e-15 6.41964e-19 BessellV
53532.1 1.54125e-15 6.47679e-19 BessellV
53533.1 1.61514e-15 6.52877e-19 BessellV
53534.1 1.69213e-15 6.57573e-19 BessellV
53535.1 1.77228e-15 6.61796e-19 BessellV
53536.1 1.85567e-15 6.65591e-19 BessellV
53537.1 1.94235e-15 6.69018e-19 BessellV
53538.1 2.03235e-15 6.72157e-19 BessellV
53539.1 2.12572e-15 6.75106e-19 BessellV
53540.1 2.22246e-15 6.77984e-19 BessellV
53541.1 2.32258e-15 6.80929e-19 BessellV
53542.1 2.42606e-15 6.84097e-19 BessellV
53543.1 2.53286e-15 6.87659e-19 BessellV
53544.1 2.64293e-15 6.91795e-19 BessellV
53545.1 2.75617e-15 6.9669e-19 BessellV
53546.1 2.87247e-15 7.02521e-19 BessellV
53547.1 2.99169e-15 7.09453e-19 BessellV
53548.1 3.11364e-15 7.17621e-19 BessellV
53549.1 3.23811e-15 7.27122e-19 BessellV
53550.1 3.36485e-15 7.38001e-19 BessellV
53551.1 3.49357e-15 7.50246e-19 BessellV
53552.1 3.62392e-15 7.63777e-19 BessellV
53553.1 3.75554e-15 7.78441e-19 BessellV
53554.1 3.888e-15 7.94016e-19 BessellV
53555.1 4.02084e-15 8.10214e-19 BessellV
53556.1 4.15356e-15 8.26687e-19 BessellV
53557.1 4.28561e-15 8.4304e-19 BessellV
53558.1 4.41641e-15 8.58843e-19 BessellV
53559.1 4.54536e-15 8.73647e-19 BessellV
53560.1 4.6718e-15 8.87002e-19 BessellV
53561.1 4.79508e-15 8.98476e-19 BessellV
53562.1 4.91451e-15 9.07668e-19 BessellV
53563.1 5.02942e-15 9.14232e-19 BessellV
53564.1 5.13913e-15 9.17893e-19 BessellV
53565.1 5.24297e-15 9.18462e-19 BessellV
53566.1 5.34028e-15 9.15849e-19 BessellV
53567.1 5.43046e-15 9.10082e-19 BessellV
53568.1 5.51293e-15 9.01306e-19 BessellV
53569.1 5.58718e-15 8.89796e-19 BessellV
53570.1 5.65273e-15 8.75955e-19 BessellV
53571.1 5.70921e-15 8.60307e-19 BessellV
53572.1 5.75629e-15 8.43482e-19 BessellV
53573.1 5.79374e-15 8.26199e-19 BessellV
53574.1 5.8214e-15 8.0923e-19 BessellV
53575.1 5.8392e-15 7.93362e-19 BessellV
53576.1 5.84716e-15 7.79344e-19 BessellV
53577.1 5.84538e-15 7.67832e-19 BessellV
53578.1 5.83402e-15 7.5934e-19 BessellV
53579.1 5.81335e-15 7.54185e-19 BessellV
53580.1 5.78367e-15 7.52473e-19 BessellV
53581.1 5.74538e-15 7.54086e-19 BessellV
53582.1 5.69889e-15 7.58709e-19 BessellV
53583.1 5.64469e-15 7.65873e-19 BessellV
53584.1 5.58327e-15 7.75004e-19 BessellV
53585.1 5.51519e-15 7.85476e-19 BessellV
53586.1 5.44099e-15 7.96665e-19 BessellV
53587.1 5.36124e-15 8.07983e-19 BessellV
53588.1 5.2765e-15 8.18901e-19 BessellV
53589.1 5.18733e-15 8.28971e-19 BessellV
53590.1 5.09429e-15 8.37826e-19 BessellV
53591.1 4.99791e-15 8.45185e-19 BessellV
53592.1 4.8987e-15 8.50844e-19 BessellV
53593.1 4.79717e-15 8.54671e-19 BessellV
53594.1 4.69378e-15 8.56598e-19 BessellV
53595.1 4.58897e-15 8.5661e-19 BessellV
53596.1 4.48315e-15 8.54736e-19 BessellV
53597.1 4.37669e-15 8.51043e-19 BessellV
53598.1 4.26996e-15 8.45624e-19 BessellV
53599.1 4.16327e-15 8.38596e-19 BessellV
53600.1 4.0569e-15 8.30088e-19 BessellV
53601.1 3.95114e-15 8.2024e-19 BessellV
53602.1 3.8462e-15 8.09197e-19 BessellV
53603.1 3.7423e-15 7.97105e-19 BessellV
53604.1 3.63963e-15 7.8411e-19 BessellV
53605.1 3.53834e-15 7.70352e-19 BessellV
53606.1 3.43858e-15 7.55965e-19 BessellV
53607.1 3.34047e-15 7.41077e-19 BessellV
53608.1 3.2441e-15 7.25806e-19 BessellV
53609.1 3.14957e-15 7.10264e-19 BessellV
53610.1 3.05694e-15 6.9455e-19 BessellV
53611.1 2.96627e-15 6.78756e-19 BessellV
53612.1 2.87761e-15 6.62963e-19 BessellV
53613.1 2.79097e-15 6.47244e-19 BessellV
53614.1 2.70639e-15 6.31663e-19 BessellV
53615.1 2.62388e-15 6.16275e-19 BessellV
53616.1 2.54344e-15 6.01128e-19 BessellV
53617.1 2.46507e-15 5.8626e-19 BessellV
53618.1 2.38875e-15 5.71704e-19 BessellV
53619.1 2.31448e-15 5.57488e-19 BessellV
53620.1 2.24224e-15 5.43631e-19 BessellV
53621.1 2.17199e-15 5.30149e-19 BessellV
53622.1 2.10372e-15 5.17053e-19 BessellV
53623.1 2.03739e-15 5.04348e-19 BessellV
53624.1 1.97297e-15 4.92038e-19 BessellV
53625.1 1.91042e-15 4.80121e-19 BessellV
53626.1 1.84971e-15 4.68595e-19 BessellV
53627.1 1.7908e-15 4.57453e-19 BessellV
53628.1 1.73366e-15 4.46688e-19 BessellV
53629.1 1.67823e-15 4.3629e-19 BessellV
53630.1 1.62448e-15 4.26248e-19 BessellV
53631.1 1.57237e-15 4.16551e-19 BessellV
53632.1 1.52186e-15 4.07186e-19 BessellV
53633.1 1.47291e-15 3.98139e-19 BessellV
53634.1 1.42548e-15 3.89397e-19 BessellV
53635.1 1.37952e-15 3.80947e-19 BessellV
53636.1 1.33499e-15 3.72774e-19 BessellV
53637.1 1.29187e-15 3.64866e-19 BessellV
53638.1 1.2501e-15 3.57208e-19 BessellV
53639.1 1.20964e-15 3.49788e-19 BessellV
53640.1 1.17047e-15 3.42593e-19 BessellV
53641.1 1.13254e-15 3.3561e-19 BessellV
53642.1 1.09581e-15 3.28829e-19 BessellV
53643.1 1.06026e-15 3.22238e-19 BessellV
53644.1 1.02584e-15 3.15827e-19 BessellV
53645.1 9.92524e-16 3.09586e-19 BessellV
53646.1 9.60274e-16 3.03504e-19 BessellV
53647.1 9.29059e-16 2.97574e-19 BessellV
53648.1 8.98847e-16 2.91788e-19 BessellV
53649.1 8.69607e-16 2.86136e-19 BessellV
53650.1 8.41309e-16 2.80614e-19 BessellV
53651.1 8.13924e-16 2.75213e-19 BessellV
53652.1 7.87423e-16 2.69927e-19 BessellV
53653.1 7.61779e-16 2.64751e-19 BessellV
53654.1 7.36964e-16 2.59681e-19 BessellV
53655.1 7.12952e-16 2.5471e-19 BessellV
53656.1 6.89718e-16 2.49834e-19 BessellV
53657.1 6.67237e-16 2.4505e-19 BessellV
53658.1 6.45485e-16 2.40354e-19 BessellV
53659.1 6.2444e-16 2.35742e-19 BessellV
53660.1 6.04077e-16 2.31212e-19 BessellV
53661.1 5.84376e-16 2.26759e-19 BessellV
53662.1 5.65315e-16 2.22383e-19 BessellV
53663.1 5.46874e-16 2.18081e-19 BessellV
53664.1 5.29033e-16 2.1385e-19 BessellV
53665.1 5.11772e-16 2.09688e-19 BessellV
53666.1 4.95073e-16 2.05594e-19 BessellV
53667.1 4.78917e-16 2.01567e-19 BessellV
53668.1 4.63288e-16 1.97604e-19 BessellV
53669.1 4.48167e-16 1.93704e-19 BessellV
53670.1 4.3354e-16 1.89867e-19 BessellV
53671.1 4.19389e-16 1.8609e-19 BessellV
53672.1 4.05699e-16 1.82374e-19 BessellV
53673.1 3.92455e-16 1.78716e-19 BessellV
53674.1 3.79643e-16 1.75117e-19 BessellV
53675.1 3.67249e-16 1.71575e-19 BessellV
53676.1 3.55259e-16 1.68089e-19 BessellV
53677.1 3.4366e-16 1.6466e-19 BessellV
53678.1 3.32439e-16 1.61285e-19 BessellV
53679.1 3.21585e-16 1.57965e-19 BessellV
53680.1 3.11084e-16 1.54699e-19 BessellV
53681.1 3.00927e-16 1.51486e-19 BessellV
53682.1 2.911e-16 1.48326e-19 BessellV
53683.1 2.81595e-16 1.45218e-19 BessellV
53684.1 2.72399e-16 1.42162e-19 BessellV
53685.1 2.63504e-16 1.39157e-19 BessellV
53686.1 2.54899e-16 1.36203e-19 BessellV
53687.1 2.46575e-16 1.33299e-19 BessellV
53688.1 2.38522e-16 1.30445e-19 BessellV
53689.1 2.30733e-16 1.27639e-19 BessellV
53690.1 2.23198e-16 1.24883e-19 BessellV
53691.1 2.15908e-16 1.22175e-19 BessellV
53692.1 2.08857e-16 1.19514e-19 BessellV
53693.1 2.02036e-16 1.16901e-19 BessellV
53694.1 1.95438e-16 1.14334e-19 BessellV
53695.1 1.89055e-16 1.11814e-19 BessellV
53696.1 1.82881e-16 1.09339e-19 BessellV
53697.1 1.76908e-16 1.0691e-19 BessellV
53698.1 1.7113e-16 1.04526e-19 BessellV
53699.1 1.65541e-16 1.02185e-19 BessellV
53700.1 1.60134e-16 9.98888e-20 BessellV
53701.1 1.54904e-16 9.76356e-20 BessellV
53702.1 1.49845e-16 9.54251e-20 BessellV
53703.1 1.44951e-16 9.32569e-20 BessellV
53704.1 1.40217e-16 9.11303e-20 BessellV
53705.1 1.35637e-16 8.90449e-20 BessellV
53706.1 1.31207e-16 8.70002e-20 BessellV
53707.1 1.26922e-16 8.49955e-20 BessellV
53708.1 1.22776e-16 8.30305e-20 BessellV
53709.1 1.18766e-16 8.11045e-20 BessellV
53710.1 1.14887e-16 7.9217e-20 BessellV
53711.1 1.11135e-16 7.73674e-20 BessellV
53712.1 1.07505e-16 7.55553e-20 BessellV
53713.1 1.03994e-16 7.37802e-20 BessellV
53714.1 1.00597e-16 7.20413e-20 BessellV
53715.1 9.73116e-17 7.03383e-20 BessellV
53716.1 9.41332e-17 6.86705e-20 BessellV
53717.1 9.10587e-17 6.70375e-20 BessellV
53718.1 8.80846e-17 6.54387e-20 BessellV
53719.1 8.52076e-17 6.38735e-20 BessellV
53720.1 8.24245e-17 6.23415e-20 BessellV
53721.1 7.97324e-17 6.08421e-20 BessellV
53722.1 7.71282e-17 5.93747e-20 BessellV
53723.1 7.46091e-17 5.79388e-20 BessellV
53724.1 7.21722e-17 5.6534e-20 BessellV
53725.1 6.98149e-17 5.51596e-20 BessellV
53726.1 6.75346e-17 5.38151e-20 BessellV
53727.1 6.53288e-17 5.25001e-20 BessellV
53728.1 6.31951e-17 5.12141e-20 BessellV
53729.1 6.1131e-17 4.99564e-20 BessellV
53730.1 5.91343e-17 4.87266e-20 BessellV
53731.1 5.72029e-17 4.75243e-20 BessellV
53732.1 5.53345e-17 4.63488e-20 BessellV
53733.1 5.35272e-17 4.51998e-20 BessellV
53734.1 5.17789e-17 4.40766e-20 BessellV
53735.1 5.00877e-17 4.29789e-20 BessellV
53736.1 4.84517e-17 4.19062e-20 BessellV
53737.1 4.68692e-17 4.0858e-20 BessellV
53738.1 4.53384e-17 3.98337e-20 BessellV
53739.1 4.38575e-17 3.8833e-20 BessellV
53740.1 4.2425e-17 3.78554e-20 BessellV
53741.1 4.10394e-17 3.69004e-20 BessellV
53742.1 3.96989e-17 3.59677e-20 BessellV
53743.1 3.84023e-17 3.50566e-20 BessellV
53744.1 3.7148e-17 3.41669e-20 BessellV
53745.1 3.59347e-17 3.32981e-20 BessellV
53746.1 3.4761e-17 3.24497e-20 BessellV
53747.1 3.36256e-17 3.16214e-20 BessellV
53748.1 3.25273e-17 3.08127e-20 BessellV
53749.1 3.14649e-17 3.00233e-20 BessellV
53750.1 3.04372e-17 2.92526e-20 BessellV
53751.1 2.9443e-17 2.85004e-20 BessellV
53752.1 2.84814e-17 2.77662e-20 BessellV
53753.1 2.75511e-17 2.70497e-20 BessellV
53754.1 2.66512e-17 2.63505e-20 BessellV
53755.1 2.57808e-17 2.56682e-20 BessellV
53756.1 2.49387e-17 2.50024e-20 BessellV
53757.1 2.41242e-17 2.43528e-20 BessellV
53758.1 2.33362e-17 2.37191e-20 BessellV
53759.1 2.2574e-17 2.31009e-20 BessellV
53760.1 2.18367e-17 2.24978e-20 BessellV
53761.1 2.11235e-17 2.19095e-20 BessellV
53762.1 2.04335e-17 2.13357e-20 BessellV
53763.1 1.97661e-17 2.07761e-20 BessellV
53764.1 1.91205e-17 2.02304e-20 BessellV
53765.1 1.8496e-17 1.96982e-20 BessellV
53766.1 1.78919e-17 1.91792e-20 BessellV
53767.1 1.73075e-17 1.86732e-20 BessellV
53768.1 1.67422e-17 1.81798e-20 BessellV
53769.1 1.61954e-17 1.76987e-20 BessellV
53770.1 1.56664e-17 1.72298e-20 BessellV
53771.1 1.51547e-17 1.67726e-20 BessellV
53772.1 1.46597e-17 1.6327e-20 BessellV
53773.1 1.41809e-17 1.58926e-20 BessellV
53774.1 1.37177e-17 1.54692e-20 BessellV
53775.1 1.32697e-17 1.50565e-20 BessellV
53776.1 1.28363e-17 1.46543e-20 BessellV
53777.1 1.2417e-17 1.42624e-20 BessellV
53778.1 1.20114e-17 1.38804e-20 BessellV
53779.1 1.16191e-17 1.35082e-20 BessellV
53780.1 1.12396e-17 1.31456e-20 BessellV
53781.1 1.08725e-17 1.27922e-20 BessellV
53782.1 1.05174e-17 1.2448e-20 BessellV
53783.1 1.01739e-17 1.21126e-20 BessellV
53784.1 9.84156e-18 1.17858e-20 BessellV
53785.1 9.52011e-18 1.14675e-20 BessellV
53786.1 9.20917e-18 1.11574e-20 BessellV
53787.1 8.90838e-18 1.08554e-20 BessellV
53788.1 8.61741e-18 1.05612e-20 BessellV
53789.1 8.33595e-18 1.02747e-20 BessellV
53790.1 8.06368e-18 9.99562e-21 BessellV
53791.1 7.8003e-18 9.72383e-21 BessellV
53792.1 7.54553e-18 9.45915e-21 BessellV
53793.1 7.29907e-18 9.2014e-21 BessellV
53794.1 7.06067e-18 8.95041e-21 BessellV
53795.1 6.83006e-18 8.70601e-21 BessellV
53796.1 6.60697e-18 8.46804e-21 BessellV
53797.1 6.39117e-18 8.23633e-21 BessellV
53798.1 6.18243e-18 8.01074e-21 BessellV
53799.1 5.98049e-18 7.79111e-21 BessellV
53800.1 5.78516e-18 7.57729e-21 BessellV
53801.1 5.5962e-18 7.36913e-21 BessellV
53802.1 5.41342e-18 7.1665e-21 BessellV
53803.1 5.23661e-18 6.96925e-21 BessellV
53804.1 5.06557e-18 6.77724e-21 BessellV
53805.1 4.90012e-18 6.59035e-21 BessellV
53806.1 4.74007e-18 6.40845e-21 BessellV
53807.1 4.58525e-18 6.23141e-21 BessellV
53808.1 4.43548e-18 6.0591e-21 BessellV
53809.1 4.29061e-18 5.8914e-21 BessellV
53810.1 4.15047e-18 5.7282e-21 BessellV
53811.1 4.01491e-18 5.56939e-21 BessellV
53812.1 3.88377e-18 5.41484e-21 BessellV
53813.1 3.75692e-18 5.26445e-21 BessellV
53814.1 3.63421e-18 5.11811e-21 BessellV
53815.1 3.51551e-18 4.97572e-21 BessellV
53816.1 3.40069e-18 4.83718e-21 BessellV
53817.1 3.28961e-18 4.70238e-21 BessellV
53818.1 3.18217e-18 4.57123e-21 BessellV
53819.1 3.07823e-18 4.44363e-21 BessellV
53820.1 2.97769e-18 4.3195e-21 BessellV
53821.1 2.88043e-18 4.19874e-21 BessellV
53822.1 2.78635e-18 4.08126e-21 BessellV
53823.1 2.69534e-18 3.96698e-21 BessellV
53824.1 2.60731e-18 3.85582e-21 BessellV
53825.1 2.52215e-18 3.74769e-21 BessellV
53826.1 2.43977e-18 3.64251e-21 BessellV
53827.1 2.36008e-18 3.5402e-21 BessellV
53828.1 2.283e-18 3.4407e-21 BessellV
53829.1 2.20843e-18 3.34392e-21 BessellV
53830.1 2.1363e-18 3.24979e-21 BessellV
53831.1 2.06652e-18 3.15825e-21 BessellV
53832.1 1.99902e-18 3.06922e-21 BessellV
53833.1 1.93373e-18 2.98264e-21 BessellV
53834.1 1.87057e-18 2.89845e-21 BessellV
53835.1 1.80948e-18 2.81657e-21 BessellV
53836.1 1.75037e-18 2.73695e-21 BessellV
53837.1 1.6932e-18 2.65953e-21 BessellV
53838.1 1.6379e-18 2.58425e-21 BessellV
