54842.5 2.99864e-18 2.66844e-19 BessellB
54843.5 3.20322e-18 2.81256e-19 BessellB
54844.5 3.42175e-18 2.96393e-19 BessellB
54845.5 3.6552e-18 3.12288e-19 BessellB
54846.5 3.90458e-18 3.28973e-19 BessellB
54847.5 4.17098e-18 3.46483e-19 BessellB
54848.5 4.45556e-18 3.64852e-19 BessellB
54849.5 4.75956e-18 3.84115e-19 BessellB
54850.5 5.08431e-18 4.04311e-19 BessellB
54851.5 5.43122e-18 4.25475e-19 BessellB
54852.5 5.8018e-18 4.47647e-19 BessellB
54853.5 6.19768e-18 4.70864e-19 BessellB
54854.5 6.62057e-18 4.95168e-19 BessellB
54855.5 7.07232e-18 5.20598e-19 BessellB
54856.5 7.5549e-18 5.47194e-19 BessellB
54857.5 8.07042e-18 5.74997e-19 BessellB
54858.5 8.62111e-18 6.04048e-19 BessellB
54859.5 9.20937e-18 6.34388e-19 BessellB
54860.5 9.83778e-18 6.66058e-19 BessellB
54861.5 1.05091e-17 6.99096e-19 BessellB
54862.5 1.12261e-17 7.33543e-19 BessellB
54863.5 1.19921e-17 7.69438e-19 BessellB
54864.5 1.28104e-17 8.06815e-19 BessellB
54865.5 1.36844e-17 8.45711e-19 BessellB
54866.5 1.46181e-17 8.86159e-19 BessellB
54867.5 1.56154e-17 9.28188e-19 BessellB
54868.5 1.66807e-17 9.71826e-19 BessellB
54869.5 1.78186e-17 1.01709e-18 BessellB
54870.5 1.90341e-17 1.06401e-18 BessellB
54871.5 2.03323e-17 1.1126e-18 BessellB
54872.5 2.17189e-17 1.16285e-18 BessellB
54873.5 2.31999e-17 1.21477e-18 BessellB
54874.5 2.47817e-17 1.26836e-18 BessellB
54875.5 2.6471e-17 1.32359e-18 BessellB
54876.5 2.82751e-17 1.38044e-18 BessellB
54877.5 3.02017e-17 1.43887e-18 BessellB
54878.5 3.2259e-17 1.49883e-18 BessellB
54879.5 3.44558e-17 1.56024e-18 BessellB
54880.5 3.68013e-17 1.62304e-18 BessellB
54881.5 3.93054e-17 1.6871e-18 BessellB
54882.5 4.19786e-17 1.75231e-18 BessellB
54883.5 4.4832e-17 1.81852e-18 BessellB
54884.5 4.78773e-17 1.88556e-18 BessellB
54885.5 5.11271e-17 1.95321e-18 BessellB
54886.5 5.45944e-17 2.02126e-18 BessellB
54887.5 5.82932e-17 2.08942e-18 BessellB
54888.5 6.2238e-17 2.15738e-18 BessellB
54889.5 6.64442e-17 2.2248e-18 BessellB
54890.5 7.09277e-17 2.29127e-18 BessellB
54891.5 7.57055e-17 2.35635e-18 BessellB
54892.5 8.07948e-17 2.41953e-18 BessellB
54893.5 8.62136e-17 2.48025e-18 BessellB
54894.5 9.19805e-17 2.53788e-18 BessellB
54895.5 9.81142e-17 2.59174e-18 BessellB
54896.5 1.04634e-16 2.64107e-18 BessellB
54897.5 1.11559e-16 2.68504e-18 BessellB
54898.5 1.18908e-16 2.72276e-18 BessellB
54899.5 1.26699e-16 2.75327e-18 BessellB
54900.5 1.3495e-16 2.77553e-18 BessellB
54901.5 1.43676e-16 2.78848e-18 BessellB
54902.5 1.52891e-16 2.79097e-18 BessellB
54903.5 1.62607e-16 2.78186e-18 BessellB
54904.5 1.72829e-16 2.76e-18 BessellB
54905.5 1.83561e-16 2.72425e-18 BessellB
54906.5 1.948e-16 2.67354e-18 BessellB
54907.5 2.06534e-16 2.60694e-18 BessellB
54908.5 2.18743e-16 2.52365e-18 BessellB
54909.5 2.314e-16 2.42316e-18 BessellB
54910.5 2.4446e-16 2.30525e-18 BessellB
54911.5 2.5787e-16 2.17014e-18 BessellB
54912.5 2.71557e-16 2.01857e-18 BessellB
54913.5 2.85434e-16 1.85189e-18 BessellB
54914.5 2.99394e-16 1.6722e-18 BessellB
54915.5 3.13312e-16 1.4825e-18 BessellB
54916.5 3.27042e-16 1.28678e-18 BessellB
54917.5 3.40422e-16 1.09032e-18 BessellB
54918.5 3.53272e-16 9.00065e-19 BessellB
54919.5 3.654e-16 7.25411e-19 BessellB
54920.5 3.76606e-16 5.79418e-19 BessellB
54921.5 3.86686e-16 4.78997e-19 BessellB
54922.5 3.95442e-16 4.37661e-19 BessellB
54923.5 4.02688e-16 4.49269e-19 BessellB
54924.5 4.08261e-16 4.88549e-19 BessellB
54925.5 4.12026e-16 5.31133e-19 BessellB
54926.5 4.13885e-16 5.62589e-19 BessellB
54927.5 4.13784e-16 5.76473e-19 BessellB
54928.5 4.11711e-16 5.71301e-19 BessellB
54929.5 4.07706e-16 5.48693e-19 BessellB
54930.5 4.0185e-16 5.12319e-19 BessellB
54931.5 3.94265e-16 4.67219e-19 BessellB
54932.5 3.8511e-16 4.19284e-19 BessellB
54933.5 3.74567e-16 3.74719e-19 BessellB
54934.5 3.62837e-16 3.39198e-19 BessellB
54935.5 3.5013e-16 3.16504e-19 BessellB
54936.5 3.36657e-16 3.07089e-19 BessellB
54937.5 3.22623e-16 3.0796e-19 BessellB
54938.5 3.08222e-16 3.14368e-19 BessellB
54939.5 2.93631e-16 3.21832e-19 BessellB
54940.5 2.79007e-16 3.27172e-19 BessellB
54941.5 2.64488e-16 3.2859e-19 BessellB
54942.5 2.50193e-16 3.25382e-19 BessellB
54943.5 2.36218e-16 3.17595e-19 BessellB
54944.5 2.2264e-16 3.0575e-19 BessellB
54945.5 2.09522e-16 2.90644e-19 BessellB
54946.5 1.96906e-16 2.73217e-19 BessellB
54947.5 1.84826e-16 2.5446e-19 BessellB
54948.5 1.733e-16 2.35357e-19 BessellB
54949.5 1.62338e-16 2.16848e-19 BessellB
54950.5 1.51941e-16 1.99792e-19 BessellB
54951.5 1.42105e-16 1.84937e-19 BessellB
54952.5 1.32819e-16 1.72858e-19 BessellB
54953.5 1.24068e-16 1.63895e-19 BessellB
54954.5 1.15836e-16 1.58102e-19 BessellB
54955.5 1.08102e-16 1.55233e-19 BessellB
54956.5 1.00846e-16 1.54808e-19 BessellB
54957.5 9.40444e-17 1.56219e-19 BessellB
54958.5 8.76758e-17 1.58848e-19 BessellB
54959.5 8.17172e-17 1.62142e-19 BessellB
54960.5 7.61464e-17 1.65653e-19 BessellB
54961.5 7.09413e-17 1.69047e-19 BessellB
54962.5 6.60806e-17 1.72086e-19 BessellB
54963.5 6.15436e-17 1.74615e-19 BessellB
54964.5 5.73106e-17 1.76542e-19 BessellB
54965.5 5.33626e-17 1.77821e-19 BessellB
54966.5 4.96816e-17 1.7844e-19 BessellB
54967.5 4.62505e-17 1.78412e-19 BessellB
54968.5 4.3053e-17 1.77766e-19 BessellB
54969.5 4.0074e-17 1.76542e-19 BessellB
54970.5 3.72989e-17 1.74786e-19 BessellB
54971.5 3.47142e-17 1.72549e-19 BessellB
54972.5 3.23073e-17 1.69882e-19 BessellB
54973.5 3.00661e-17 1.66837e-19 BessellB
54974.5 2.79794e-17 1.63464e-19 BessellB
54975.5 2.60368e-17 1.5981e-19 BessellB
54976.5 2.42284e-17 1.5592e-19 BessellB
54977.5 2.25452e-17 1.51837e-19 BessellB
54978.5 2.09785e-17 1.47599e-19 BessellB
54979.5 1.95203e-17 1.43242e-19 BessellB
54980.5 1.81632e-17 1.38799e-19 BessellB
54981.5 1.69003e-17 1.34298e-19 BessellB
54982.5 1.5725e-17 1.29767e-19 BessellB
54983.5 1.46313e-17 1.25228e-19 BessellB
54984.5 1.36135e-17 1.20703e-19 BessellB
54985.5 1.26665e-17 1.1621e-19 BessellB
54986.5 1.17853e-17 1.11764e-19 BessellB
54987.5 1.09653e-17 1.07381e-19 BessellB
54988.5 1.02023e-17 1.03071e-19 BessellB
54989.5 9.49236e-18 9.88451e-20 BessellB
54990.5 8.8318e-18 9.47117e-20 BessellB
54991.5 8.21718e-18 9.06777e-20 BessellB
54992.5 7.64531e-18 8.6749e-20 BessellB
54993.5 7.11323e-18 8.29299e-20 BessellB
54994.5 6.61816e-18 7.92239e-20 BessellB
54995.5 6.15754e-18 7.56335e-20 BessellB
54996.5 5.72896e-18 7.21604e-20 BessellB
54997.5 5.33021e-18 6.88053e-20 BessellB
54998.5 4.95921e-18 6.55687e-20 BessellB
54999.5 4.61403e-18 6.245e-20 BessellB
55000.5 4.29287e-18 5.94484e-20 BessellB
55001.5 3.99406e-18 5.65626e-20 BessellB
55002.5 3.71605e-18 5.37911e-20 BessellB
55003.5 3.45739e-18 5.11317e-20 BessellB
55004.5 3.21673e-18 4.85822e-20 BessellB
55005.5 2.99282e-18 4.61403e-20 BessellB
55006.5 2.78449e-18 4.38031e-20 BessellB
55007.5 2.59067e-18 4.1568e-20 BessellB
55008.5 2.41034e-18 3.9432e-20 BessellB
55009.5 2.24256e-18 3.73921e-20 BessellB
55010.5 2.08646e-18 3.54453e-20 BessellB
55011.5 1.94122e-18 3.35885e-20 BessellB
55012.5 1.8061e-18 3.18185e-20 BessellB
55013.5 1.68038e-18 3.01323e-20 BessellB
55014.5 1.56341e-18 2.85267e-20 BessellB
55015.5 1.45458e-18 2.69987e-20 BessellB
55016.5 1.35333e-18 2.55453e-20 BessellB
55017.5 1.25913e-18 2.41635e-20 BessellB
55018.5 1.17148e-18 2.28503e-20 BessellB
55019.5 1.08993e-18 2.16029e-20 BessellB
55020.5 1.01407e-18 2.04185e-20 BessellB
55021.5 9.43477e-19 1.92943e-20 BessellB
55022.5 8.77803e-19 1.82277e-20 BessellB
55023.5 8.16701e-19 1.72162e-20 BessellB
55024.5 7.59851e-19 1.62571e-20 BessellB
55025.5 7.06959e-19 1.53482e-20 BessellB
55026.5 6.57749e-19 1.44871e-20 BessellB
55027.5 6.11964e-19 1.36715e-20 BessellB
55028.5 5.69366e-19 1.28993e-20 BessellB
55029.5 5.29734e-19 1.21683e-20 BessellB
55030.5 4.9286e-19 1.14766e-20 BessellB
55031.5 4.58553e-19 1.08223e-20 BessellB
55032.5 4.26634e-19 1.02034e-20 BessellB
55033.5 3.96937e-19 9.6183e-21 BessellB
55034.5 3.69307e-19 9.06521e-21 BessellB
55035.5 3.43601e-19 8.54252e-21 BessellB
55036.5 3.19684e-19 8.04868e-21 BessellB
55037.5 2.97431e-19 7.5822e-21 BessellB
55038.5 2.76728e-19 7.14167e-21 BessellB
55039.5 2.57466e-19 6.72573e-21 BessellB
55040.5 2.39544e-19 6.3331e-21 BessellB
55041.5 2.2287e-19 5.96255e-21 BessellB
55042.5 2.07357e-19 5.6129e-21 BessellB
55043.5 1.92923e-19 5.28304e-21 BessellB
55044.5 1.79495e-19 4.97191e-21 BessellB
55045.5 1.67e-19 4.67849e-21 BessellB
55046.5 1.55376e-19 4.40184e-21 BessellB
55047.5 1.44561e-19 4.14103e-21 BessellB
55048.5 1.34499e-19 3.89521e-21 BessellB
55049.5 1.25137e-19 3.66355e-21 BessellB
55050.5 1.16426e-19 3.44526e-21 BessellB
55051.5 1.08322e-19 3.23962e-21 BessellB
55052.5 1.00782e-19 3.04591e-21 BessellB
55053.5 9.37674e-20 2.86347e-21 BessellB
55054.5 8.72406e-20 2.69167e-21 BessellB
55055.5 8.11682e-20 2.52992e-21 BessellB
55056.5 7.55184e-20 2.37765e-21 BessellB
55057.5 7.02619e-20 2.23431e-21 BessellB
55058.5 6.53713e-20 2.09942e-21 BessellB
55059.5 6.08211e-20 1.97247e-21 BessellB
55060.5 5.65876e-20 1.85303e-21 BessellB
55061.5 5.26488e-20 1.74066e-21 BessellB
55062.5 4.89842e-20 1.63495e-21 BessellB
55063.5 4.55746e-20 1.53553e-21 BessellB
55064.5 4.24024e-20 1.44203e-21 BessellB
55065.5 3.9451e-20 1.3541e-21 BessellB
55066.5 3.6705e-20 1.27143e-21 BessellB
55067.5 3.41502e-20 1.19371e-21 BessellB
55068.5 3.17732e-20 1.12064e-21 BessellB
55069.5 2.95616e-20 1.05197e-21 BessellB
55070.5 2.7504e-20 9.87425e-22 BessellB
55071.5 2.55896e-20 9.2677e-22 BessellB
55072.5 2.38085e-20 8.69775e-22 BessellB
55073.5 2.21513e-20 8.16224e-22 BessellB
55074.5 2.06095e-20 7.65915e-22 BessellB
55075.5 1.9175e-20 7.18654e-22 BessellB
55076.5 1.78403e-20 6.74263e-22 BessellB
55077.5 1.65986e-20 6.32569e-22 BessellB
55078.5 1.54432e-20 5.93413e-22 BessellB
55079.5 1.43683e-20 5.56643e-22 BessellB
55080.5 1.33682e-20 5.22117e-22 BessellB
55081.5 1.24378e-20 4.89701e-22 BessellB
55082.5 1.15721e-20 4.59268e-22 BessellB
55083.5 1.07666e-20 4.30699e-22 BessellB
55084.5 1.00172e-20 4.03882e-22 BessellB
55085.5 9.31999e-21 3.78712e-22 BessellB
55086.5 8.67129e-21 3.55088e-22 BessellB
55087.5 8.06775e-21 3.32919e-22 BessellB
55088.5 7.50621e-21 3.12116e-22 BessellB
55089.5 6.98376e-21 2.92596e-22 BessellB
55090.5 6.49767e-21 2.74281e-22 BessellB
55091.5 6.04541e-21 2.57098e-22 BessellB
54842.5 6.96415e-17 5.95395e-19 BessellI
54843.5 7.46061e-17 6.10263e-19 BessellI
54844.5 7.98982e-17 6.24703e-19 BessellI
54845.5 8.55351e-17 6.38722e-19 BessellI
54846.5 9.15341e-17 6.52354e-19 BessellI
54847.5 9.79128e-17 6.65681e-19 BessellI
54848.5 1.04688e-16 6.78832e-19 BessellI
54849.5 1.11878e-16 6.92005e-19 BessellI
54850.5 1.19497e-16 7.0547e-19 BessellI
54851.5 1.27562e-16 7.19582e-19 BessellI
54852.5 1.36088e-16 7.34791e-19 BessellI
54853.5 1.45086e-16 7.51639e-19 BessellI
54854.5 1.54569e-16 7.70756e-19 BessellI
54855.5 1.64545e-16 7.92848e-19 BessellI
54856.5 1.7502e-16 8.18662e-19 BessellI
54857.5 1.85998e-16 8.4895e-19 BessellI
54858.5 1.97478e-16 8.84422e-19 BessellI
54859.5 2.09457e-16 9.25688e-19 BessellI
54860.5 2.21924e-16 9.73213e-19 BessellI
54861.5 2.34866e-16 1.02727e-18 BessellI
54862.5 2.48264e-16 1.08791e-18 BessellI
54863.5 2.62092e-16 1.15495e-18 BessellI
54864.5 2.7632e-16 1.22799e-18 BessellI
54865.5 2.90909e-16 1.30638e-18 BessellI
54866.5 3.05815e-16 1.38929e-18 BessellI
54867.5 3.20989e-16 1.47571e-18 BessellI
54868.5 3.36372e-16 1.56446e-18 BessellI
54869.5 3.51903e-16 1.65424e-18 BessellI
54870.5 3.67513e-16 1.74367e-18 BessellI
54871.5 3.8313e-16 1.83131e-18 BessellI
54872.5 3.98676e-16 1.91569e-18 BessellI
54873.5 4.14072e-16 1.99535e-18 BessellI
54874.5 4.29236e-16 2.06889e-18 BessellI
54875.5 4.44086e-16 2.13501e-18 BessellI
54876.5 4.58542e-16 2.19251e-18 BessellI
54877.5 4.72524e-16 2.24037e-18 BessellI
54878.5 4.85957e-16 2.27774e-18 BessellI
54879.5 4.98769e-16 2.30401e-18 BessellI
54880.5 5.10897e-16 2.31875e-18 BessellI
54881.5 5.22281e-16 2.32178e-18 BessellI
54882.5 5.32873e-16 2.31316e-18 BessellI
54883.5 5.42629e-16 2.29315e-18 BessellI
54884.5 5.51517e-16 2.26223e-18 BessellI
54885.5 5.59512e-16 2.22104e-18 BessellI
54886.5 5.66601e-16 2.17039e-18 BessellI
54887.5 5.72775e-16 2.11121e-18 BessellI
54888.5 5.78038e-16 2.04454e-18 BessellI
54889.5 5.82398e-16 1.97144e-18 BessellI
54890.5 5.85873e-16 1.89304e-18 BessellI
54891.5 5.88486e-16 1.81045e-18 BessellI
54892.5 5.90265e-16 1.72476e-18 BessellI
54893.5 5.91244e-16 1.63702e-18 BessellI
54894.5 5.91459e-16 1.5482e-18 BessellI
54895.5 5.9095e-16 1.45922e-18 BessellI
54896.5 5.89759e-16 1.3709e-18 BessellI
54897.5 5.8793e-16 1.28395e-18 BessellI
54898.5 5.85506e-16 1.19902e-18 BessellI
54899.5 5.82533e-16 1.11664e-18 BessellI
54900.5 5.79053e-16 1.03726e-18 BessellI
54901.5 5.75109e-16 9.61246e-19 BessellI
54902.5 5.70745e-16 8.88878e-19 BessellI
54903.5 5.65999e-16 8.20364e-19 BessellI
54904.5 5.6091e-16 7.55846e-19 BessellI
54905.5 5.55516e-16 6.95407e-19 BessellI
54906.5 5.49851e-16 6.39077e-19 BessellI
54907.5 5.43948e-16 5.86842e-19 BessellI
54908.5 5.37838e-16 5.3865e-19 BessellI
54909.5 5.31548e-16 4.94412e-19 BessellI
54910.5 5.25106e-16 4.54015e-19 BessellI
54911.5 5.18536e-16 4.17318e-19 BessellI
54912.5 5.1186e-16 3.84158e-19 BessellI
54913.5 5.05099e-16 3.54357e-19 BessellI
54914.5 4.98273e-16 3.27717e-19 BessellI
54915.5 4.91398e-16 3.04026e-19 BessellI
54916.5 4.8449e-16 2.83061e-19 BessellI
54917.5 4.77563e-16 2.64588e-19 BessellI
54918.5 4.70631e-16 2.48368e-19 BessellI
54919.5 4.63704e-16 2.34159e-19 BessellI
54920.5 4.56793e-16 2.21724e-19 BessellI
54921.5 4.49907e-16 2.1083e-19 BessellI
54922.5 4.43055e-16 2.01258e-19 BessellI
54923.5 4.36244e-16 1.92806e-19 BessellI
54924.5 4.2948e-16 1.85289e-19 BessellI
54925.5 4.22769e-16 1.78543e-19 BessellI
54926.5 4.16117e-16 1.72428e-19 BessellI
54927.5 4.09527e-16 1.66824e-19 BessellI
54928.5 4.03003e-16 1.61631e-19 BessellI
54929.5 3.9655e-16 1.56767e-19 BessellI
54930.5 3.90168e-16 1.52168e-19 BessellI
54931.5 3.83862e-16 1.47784e-19 BessellI
54932.5 3.77633e-16 1.43577e-19 BessellI
54933.5 3.71482e-16 1.39521e-19 BessellI
54934.5 3.65411e-16 1.35596e-19 BessellI
54935.5 3.59421e-16 1.31792e-19 BessellI
54936.5 3.53512e-16 1.28102e-19 BessellI
54937.5 3.47686e-16 1.24526e-19 BessellI
54938.5 3.41943e-16 1.21066e-19 BessellI
54939.5 3.36283e-16 1.17726e-19 BessellI
54940.5 3.30705e-16 1.14513e-19 BessellI
54941.5 3.2521e-16 1.11436e-19 BessellI
54942.5 3.19798e-16 1.08503e-19 BessellI
54943.5 3.14468e-16 1.05723e-19 BessellI
54944.5 3.0922e-16 1.03106e-19 BessellI
54945.5 3.04053e-16 1.0066e-19 BessellI
54946.5 2.98967e-16 9.8392e-20 BessellI
54947.5 2.9396e-16 9.63097e-20 BessellI
54948.5 2.89033e-16 9.44182e-20 BessellI
54949.5 2.84184e-16 9.27214e-20 BessellI
54950.5 2.79413e-16 9.12212e-20 BessellI
54951.5 2.74719e-16 8.99182e-20 BessellI
54952.5 2.701e-16 8.88108e-20 BessellI
54953.5 2.65557e-16 8.78955e-20 BessellI
54954.5 2.61087e-16 8.71674e-20 BessellI
54955.5 2.5669e-16 8.66194e-20 BessellI
54956.5 2.52366e-16 8.62433e-20 BessellI
54957.5 2.48112e-16 8.60297e-20 BessellI
54958.5 2.43929e-16 8.59678e-20 BessellI
54959.5 2.39814e-16 8.60463e-20 BessellI
54960.5 2.35768e-16 8.62534e-20 BessellI
54961.5 2.31789e-16 8.6577e-20 BessellI
54962.5 2.27876e-16 8.7005e-20 BessellI
54963.5 2.24028e-16 8.75253e-20 BessellI
54964.5 2.20245e-16 8.81264e-20 BessellI
54965.5 2.16524e-16 8.8797e-20 BessellI
54966.5 2.12866e-16 8.95265e-20 BessellI
54967.5 2.09269e-16 9.03049e-20 BessellI
54968.5 2.05732e-16 9.11229e-20 BessellI
54969.5 2.02254e-16 9.19718e-20 BessellI
54970.5 1.98835e-16 9.28436e-20 BessellI
54971.5 1.95473e-16 9.37312e-20 BessellI
54972.5 1.92167e-16 9.4628e-20 BessellI
54973.5 1.88917e-16 9.5528e-20 BessellI
54974.5 1.85722e-16 9.64259e-20 BessellI
54975.5 1.82581e-16 9.73169e-20 BessellI
54976.5 1.79492e-16 9.81969e-20 BessellI
54977.5 1.76456e-16 9.90619e-20 BessellI
54978.5 1.7347e-16 9.99089e-20 BessellI
54979.5 1.70535e-16 1.00735e-19 BessellI
54980.5 1.6765e-16 1.01537e-19 BessellI
54981.5 1.64813e-16 1.02314e-19 BessellI
54982.5 1.62024e-16 1.03063e-19 BessellI
54983.5 1.59282e-16 1.03784e-19 BessellI
54984.5 1.56587e-16 1.04474e-19 BessellI
54985.5 1.53937e-16 1.05132e-19 BessellI
54986.5 1.51332e-16 1.05759e-19 BessellI
54987.5 1.4877e-16 1.06352e-19 BessellI
54988.5 1.46253e-16 1.06912e-19 BessellI
54989.5 1.43777e-16 1.07438e-19 BessellI
54990.5 1.41344e-16 1.0793e-19 BessellI
54991.5 1.38951e-16 1.08388e-19 BessellI
54992.5 1.36599e-16 1.08812e-19 BessellI
54993.5 1.34287e-16 1.09202e-19 BessellI
54994.5 1.32014e-16 1.09559e-19 BessellI
54995.5 1.29779e-16 1.09881e-19 BessellI
54996.5 1.27583e-16 1.10171e-19 BessellI
54997.5 1.25423e-16 1.10427e-19 BessellI
54998.5 1.233e-16 1.10651e-19 BessellI
54999.5 1.21213e-16 1.10843e-19 BessellI
55000.5 1.19161e-16 1.11004e-19 BessellI
55001.5 1.17144e-16 1.11134e-19 BessellI
55002.5 1.15161e-16 1.11233e-19 BessellI
55003.5 1.13211e-16 1.11303e-19 BessellI
55004.5 1.11295e-16 1.11343e-19 BessellI
55005.5 1.09411e-16 1.11355e-19 BessellI
55006.5 1.07558e-16 1.11339e-19 BessellI
55007.5 1.05738e-16 1.11296e-19 BessellI
55008.5 1.03948e-16 1.11226e-19 BessellI
55009.5 1.02188e-16 1.1113e-19 BessellI
55010.5 1.00458e-16 1.1101e-19 BessellI
55011.5 9.87572e-17 1.10864e-19 BessellI
55012.5 9.70854e-17 1.10695e-19 BessellI
55013.5 9.54418e-17 1.10502e-19 BessellI
55014.5 9.38261e-17 1.10287e-19 BessellI
55015.5 9.22377e-17 1.10049e-19 BessellI
55016.5 9.06761e-17 1.09791e-19 BessellI
55017.5 8.91411e-17 1.09512e-19 BessellI
55018.5 8.7632e-17 1.09213e-19 BessellI
55019.5 8.61484e-17 1.08894e-19 BessellI
55020.5 8.469e-17 1.08557e-19 BessellI
55021.5 8.32562e-17 1.08202e-19 BessellI
55022.5 8.18468e-17 1.07829e-19 BessellI
55023.5 8.04612e-17 1.07439e-19 BessellI
55024.5 7.9099e-17 1.07033e-19 BessellI
55025.5 7.77599e-17 1.06612e-19 BessellI
55026.5 7.64435e-17 1.06175e-19 BessellI
55027.5 7.51493e-17 1.05724e-19 BessellI
55028.5 7.38771e-17 1.05259e-19 BessellI
55029.5 7.26264e-17 1.0478e-19 BessellI
55030.5 7.13969e-17 1.04288e-19 BessellI
55031.5 7.01881e-17 1.03784e-19 BessellI
55032.5 6.89999e-17 1.03268e-19 BessellI
55033.5 6.78318e-17 1.0274e-19 BessellI
55034.5 6.66834e-17 1.02202e-19 BessellI
55035.5 6.55545e-17 1.01653e-19 BessellI
55036.5 6.44447e-17 1.01094e-19 BessellI
55037.5 6.33537e-17 1.00526e-19 BessellI
55038.5 6.22811e-17 9.99485e-20 BessellI
55039.5 6.12267e-17 9.93625e-20 BessellI
55040.5 6.01902e-17 9.87682e-20 BessellI
55041.5 5.91712e-17 9.81662e-20 BessellI
55042.5 5.81694e-17 9.75568e-20 BessellI
55043.5 5.71847e-17 9.69404e-20 BessellI
55044.5 5.62166e-17 9.63174e-20 BessellI
55045.5 5.52648e-17 9.56881e-20 BessellI
55046.5 5.43292e-17 9.5053e-20 BessellI
55047.5 5.34095e-17 9.44125e-20 BessellI
55048.5 5.25053e-17 9.37667e-20 BessellI
55049.5 5.16164e-17 9.31162e-20 BessellI
55050.5 5.07425e-17 9.24611e-20 BessellI
55051.5 4.98835e-17 9.18019e-20 BessellI
55052.5 4.9039e-17 9.11389e-20 BessellI
55053.5 4.82088e-17 9.04723e-20 BessellI
55054.5 4.73926e-17 8.98025e-20 BessellI
55055.5 4.65903e-17 8.91297e-20 BessellI
55056.5 4.58015e-17 8.84542e-20 BessellI
55057.5 4.50261e-17 8.77763e-20 BessellI
55058.5 4.42638e-17 8.70962e-20 BessellI
55059.5 4.35145e-17 8.64143e-20 BessellI
55060.5 4.27778e-17 8.57307e-20 BessellI
55061.5 4.20536e-17 8.50458e-20 BessellI
55062.5 4.13416e-17 8.43596e-20 BessellI
55063.5 4.06417e-17 8.36725e-20 BessellI
55064.5 3.99537e-17 8.29847e-20 BessellI
55065.5 3.92773e-17 8.22964e-20 BessellI
55066.5 3.86123e-17 8.16078e-20 BessellI
55067.5 3.79587e-17 8.09191e-20 BessellI
55068.5 3.7316e-17 8.02304e-20 BessellI
55069.5 3.66843e-17 7.95421e-20 BessellI
55070.5 3.60632e-17 7.88542e-20 BessellI
55071.5 3.54527e-17 7.81669e-20 BessellI
55072.5 3.48525e-17 7.74805e-20 BessellI
55073.5 3.42625e-17 7.6795e-20 BessellI
55074.5 3.36824e-17 7.61107e-20 BessellI
55075.5 3.31122e-17 7.54276e-20 BessellI
55076.5 3.25516e-17 7.4746e-20 BessellI
55077.5 3.20005e-17 7.40659e-20 BessellI
55078.5 3.14588e-17 7.33876e-20 BessellI
55079.5 3.09262e-17 7.2711e-20 BessellI
55080.5 3.04026e-17 7.20365e-20 BessellI
55081.5 2.98879e-17 7.13641e-20 BessellI
55082.5 2.93819e-17 7.06938e-20 BessellI
55083.5 2.88845e-17 7.00259e-20 BessellI
55084.5 2.83955e-17 6.93604e-20 BessellI
55085.5 2.79148e-17 6.86975e-20 BessellI
55086.5 2.74422e-17 6.80372e-20 BessellI
55087.5 2.69776e-17 6.73797e-20 BessellI
55088.5 2.65209e-17 6.6725e-20 BessellI
55089.5 2.60719e-17 6.60732e-20 BessellI
55090.5 2.56305e-17 6.54244e-20 BessellI
55091.5 2.51966e-17 6.47788e-20 BessellI
55092.5 2.477e-17 6.41362e-20 BessellI
55093.5 2.43507e-17 6.3497e-20 BessellI
55094.5 2.39384e-17 6.28611e-20 BessellI
55095.5 2.35332e-17 6.22285e-20 BessellI
55096.5 2.31348e-17 6.15994e-20 BessellI
55097.5 2.27431e-17 6.09738e-20 BessellI
55098.5 2.23581e-17 6.03518e-20 BessellI
54819.1 1.05122e-16 1.89945e-19 BessellR
54820.1 1.07398e-16 1.92275e-19 BessellR
54821.1 1.09723e-16 1.94617e-19 BessellR
54822.1 1.12099e-16 1.96971e-19 BessellR
54823.1 1.14526e-16 1.99336e-19 BessellR
54824.1 1.17006e-16 2.01711e-19 BessellR
54825.1 1.19539e-16 2.04095e-19 BessellR
54826.1 1.22127e-16 2.06489e-19 BessellR
54827.1 1.24771e-16 2.0889e-19 BessellR
54828.1 1.27471e-16 2.113e-19 BessellR
54829.1 1.3023e-16 2.13715e-19 BessellR
54830.1 1.33049e-16 2.16137e-19 BessellR
54831.1 1.35928e-16 2.18563e-19 BessellR
54832.1 1.38869e-16 2.20994e-19 BessellR
54833.1 1.41874e-16 2.23427e-19 BessellR
54834.1 1.44943e-16 2.25862e-19 BessellR
54835.1 1.48079e-16 2.28298e-19 BessellR
54836.1 1.51281e-16 2.30734e-19 BessellR
54837.1 1.54553e-16 2.33168e-19 BessellR
54838.1 1.57895e-16 2.356e-19 BessellR
54839.1 1.61308e-16 2.38027e-19 BessellR
54840.1 1.64795e-16 2.4045e-19 BessellR
54841.1 1.68356e-16 2.42865e-19 BessellR
54842.1 1.71994e-16 2.45272e-19 BessellR
54843.1 1.7571e-16 2.4767e-19 BessellR
54844.1 1.79504e-16 2.50056e-19 BessellR
54845.1 1.8338e-16 2.52429e-19 BessellR
54846.1 1.87339e-16 2.54787e-19 BessellR
54847.1 1.91381e-16 2.57128e-19 BessellR
54848.1 1.9551e-16 2.59451e-19 BessellR
54849.1 1.99726e-16 2.61753e-19 BessellR
54850.1 2.04031e-16 2.64032e-19 BessellR
54851.1 2.08428e-16 2.66287e-19 BessellR
54852.1 2.12917e-16 2.68514e-19 BessellR
54853.1 2.17501e-16 2.70712e-19 BessellR
54854.1 2.22181e-16 2.72878e-19 BessellR
54855.1 2.26959e-16 2.7501e-19 BessellR
54856.1 2.31837e-16 2.77104e-19 BessellR
54857.1 2.36816e-16 2.79159e-19 BessellR
54858.1 2.41899e-16 2.8117e-19 BessellR
54859.1 2.47087e-16 2.83136e-19 BessellR
54860.1 2.52382e-16 2.85053e-19 BessellR
54861.1 2.57785e-16 2.86917e-19 BessellR
54862.1 2.63299e-16 2.88726e-19 BessellR
54863.1 2.68925e-16 2.90476e-19 BessellR
54864.1 2.74664e-16 2.92164e-19 BessellR
54865.1 2.80519e-16 2.93785e-19 BessellR
54866.1 2.86491e-16 2.95336e-19 BessellR
54867.1 2.92581e-16 2.96813e-19 BessellR
54868.1 2.98791e-16 2.98212e-19 BessellR
54869.1 3.05123e-16 2.99528e-19 BessellR
54870.1 3.11576e-16 3.00757e-19 BessellR
54871.1 3.18154e-16 3.01896e-19 BessellR
54872.1 3.24856e-16 3.02939e-19 BessellR
54873.1 3.31683e-16 3.03881e-19 BessellR
54874.1 3.38636e-16 3.04719e-19 BessellR
54875.1 3.45717e-16 3.05447e-19 BessellR
54876.1 3.52924e-16 3.06061e-19 BessellR
54877.1 3.60258e-16 3.06556e-19 BessellR
54878.1 3.67719e-16 3.06927e-19 BessellR
54879.1 3.75307e-16 3.0717e-19 BessellR
54880.1 3.8302e-16 3.07279e-19 BessellR
54881.1 3.90858e-16 3.07252e-19 BessellR
54882.1 3.98818e-16 3.07084e-19 BessellR
54883.1 4.06899e-16 3.0677e-19 BessellR
54884.1 4.15099e-16 3.06308e-19 BessellR
54885.1 4.23414e-16 3.05695e-19 BessellR
54886.1 4.3184e-16 3.04927e-19 BessellR
54887.1 4.40373e-16 3.04004e-19 BessellR
54888.1 4.49009e-16 3.02925e-19 BessellR
54889.1 4.57742e-16 3.01688e-19 BessellR
54890.1 4.66564e-16 3.00297e-19 BessellR
54891.1 4.75469e-16 2.98752e-19 BessellR
54892.1 4.84448e-16 2.97059e-19 BessellR
54893.1 4.93491e-16 2.95221e-19 BessellR
54894.1 5.02588e-16 2.93248e-19 BessellR
54895.1 5.11727e-16 2.91148e-19 BessellR
54896.1 5.20894e-16 2.88933e-19 BessellR
54897.1 5.30074e-16 2.86617e-19 BessellR
54898.1 5.39253e-16 2.84217e-19 BessellR
54899.1 5.48411e-16 2.81752e-19 BessellR
54900.1 5.5753e-16 2.79244e-19 BessellR
54901.1 5.66588e-16 2.76719e-19 BessellR
54902.1 5.75563e-16 2.74203e-19 BessellR
54903.1 5.8443e-16 2.71727e-19 BessellR
54904.1 5.93162e-16 2.69322e-19 BessellR
54905.1 6.01731e-16 2.67022e-19 BessellR
54906.1 6.10106e-16 2.6486e-19 BessellR
54907.1 6.18256e-16 2.62868e-19 BessellR
54908.1 6.26145e-16 2.61078e-19 BessellR
54909.1 6.33738e-16 2.59518e-19 BessellR
54910.1 6.40997e-16 2.58209e-19 BessellR
54911.1 6.47884e-16 2.57169e-19 BessellR
54912.1 6.54356e-16 2.56406e-19 BessellR
54913.1 6.60373e-16 2.55918e-19 BessellR
54914.1 6.65893e-16 2.55694e-19 BessellR
54915.1 6.70871e-16 2.55709e-19 BessellR
54916.1 6.75265e-16 2.55928e-19 BessellR
54917.1 6.79033e-16 2.56304e-19 BessellR
54918.1 6.82131e-16 2.56779e-19 BessellR
54919.1 6.8452e-16 2.57285e-19 BessellR
54920.1 6.8616e-16 2.57746e-19 BessellR
54921.1 6.87015e-16 2.58082e-19 BessellR
54922.1 6.87052e-16 2.58207e-19 BessellR
54923.1 6.86242e-16 2.58038e-19 BessellR
54924.1 6.84558e-16 2.57492e-19 BessellR
54925.1 6.81982e-16 2.56491e-19 BessellR
54926.1 6.78497e-16 2.54967e-19 BessellR
54927.1 6.74095e-16 2.5286e-19 BessellR
54928.1 6.68772e-16 2.50124e-19 BessellR
54929.1 6.62534e-16 2.46726e-19 BessellR
54930.1 6.5539e-16 2.42652e-19 BessellR
54931.1 6.47359e-16 2.37902e-19 BessellR
54932.1 6.38464e-16 2.32497e-19 BessellR
54933.1 6.28737e-16 2.26474e-19 BessellR
54934.1 6.18215e-16 2.19889e-19 BessellR
54935.1 6.06943e-16 2.12816e-19 BessellR
54936.1 5.94969e-16 2.05346e-19 BessellR
54937.1 5.82348e-16 1.97584e-19 BessellR
54938.1 5.69137e-16 1.89649e-19 BessellR
54939.1 5.55398e-16 1.81669e-19 BessellR
54940.1 5.41195e-16 1.73781e-19 BessellR
54941.1 5.26594e-16 1.66125e-19 BessellR
54942.1 5.11661e-16 1.58838e-19 BessellR
54943.1 4.96463e-16 1.52054e-19 BessellR
54944.1 4.81066e-16 1.4589e-19 BessellR
54945.1 4.65534e-16 1.40445e-19 BessellR
54946.1 4.49929e-16 1.3579e-19 BessellR
54947.1 4.3431e-16 1.31963e-19 BessellR
54948.1 4.18735e-16 1.28965e-19 BessellR
54949.1 4.03256e-16 1.26763e-19 BessellR
54950.1 3.87921e-16 1.25289e-19 BessellR
54951.1 3.72774e-16 1.24451e-19 BessellR
54952.1 3.57858e-16 1.24141e-19 BessellR
54953.1 3.43207e-16 1.24241e-19 BessellR
54954.1 3.28853e-16 1.24636e-19 BessellR
54955.1 3.14825e-16 1.25218e-19 BessellR
54956.1 3.01144e-16 1.25889e-19 BessellR
54957.1 2.87832e-16 1.26565e-19 BessellR
54958.1 2.74903e-16 1.27177e-19 BessellR
54959.1 2.6237e-16 1.27672e-19 BessellR
54960.1 2.50243e-16 1.28006e-19 BessellR
54961.1 2.38526e-16 1.2815e-19 BessellR
54962.1 2.27225e-16 1.28083e-19 BessellR
54963.1 2.16339e-16 1.27794e-19 BessellR
54964.1 2.05867e-16 1.27278e-19 BessellR
54965.1 1.95807e-16 1.26536e-19 BessellR
54966.1 1.86154e-16 1.25575e-19 BessellR
54967.1 1.769e-16 1.24402e-19 BessellR
54968.1 1.68039e-16 1.2303e-19 BessellR
54969.1 1.59563e-16 1.21472e-19 BessellR
54970.1 1.51461e-16 1.19743e-19 BessellR
54971.1 1.43723e-16 1.17858e-19 BessellR
54972.1 1.3634e-16 1.15833e-19 BessellR
54973.1 1.29299e-16 1.13685e-19 BessellR
54974.1 1.22589e-16 1.11428e-19 BessellR
54975.1 1.16199e-16 1.09078e-19 BessellR
54976.1 1.10116e-16 1.06649e-19 BessellR
54977.1 1.0433e-16 1.04155e-19 BessellR
54978.1 9.88285e-17 1.01609e-19 BessellR
54979.1 9.35997e-17 9.90236e-20 BessellR
54980.1 8.86323e-17 9.64098e-20 BessellR
54981.1 8.39152e-17 9.37782e-20 BessellR
54982.1 7.94375e-17 9.11383e-20 BessellR
54983.1 7.51884e-17 8.84989e-20 BessellR
54984.1 7.11575e-17 8.5868e-20 BessellR
54985.1 6.73347e-17 8.32528e-20 BessellR
54986.1 6.37104e-17 8.06596e-20 BessellR
54987.1 6.0275e-17 7.80942e-20 BessellR
54988.1 5.70195e-17 7.55616e-20 BessellR
54989.1 5.39351e-17 7.30664e-20 BessellR
54990.1 5.10135e-17 7.06123e-20 BessellR
54991.1 4.82465e-17 6.82027e-20 BessellR
54992.1 4.56264e-17 6.58405e-20 BessellR
54993.1 4.31458e-17 6.3528e-20 BessellR
54994.1 4.07977e-17 6.12671e-20 BessellR
54995.1 3.85752e-17 5.90596e-20 BessellR
54996.1 3.64719e-17 5.69066e-20 BessellR
54997.1 3.44817e-17 5.4809e-20 BessellR
54998.1 3.25986e-17 5.27675e-20 BessellR
54999.1 3.08172e-17 5.07825e-20 BessellR
55000.1 2.9132e-17 4.88542e-20 BessellR
55001.1 2.7538e-17 4.69825e-20 BessellR
55002.1 2.60303e-17 4.51672e-20 BessellR
55003.1 2.46045e-17 4.34079e-20 BessellR
55004.1 2.32561e-17 4.17041e-20 BessellR
55005.1 2.19811e-17 4.00551e-20 BessellR
55006.1 2.07755e-17 3.84602e-20 BessellR
55007.1 1.96356e-17 3.69186e-20 BessellR
55008.1 1.85578e-17 3.54292e-20 BessellR
55009.1 1.75389e-17 3.39912e-20 BessellR
55010.1 1.65756e-17 3.26034e-20 BessellR
55011.1 1.5665e-17 3.12647e-20 BessellR
55012.1 1.48042e-17 2.99741e-20 BessellR
55013.1 1.39905e-17 2.87303e-20 BessellR
55014.1 1.32214e-17 2.75322e-20 BessellR
54825.3 1.08795e-18 3.84645e-20 BessellV
54826.3 1.16899e-18 4.088e-20 BessellV
54827.3 1.25608e-18 4.34419e-20 BessellV
54828.3 1.34965e-18 4.61587e-20 BessellV
54829.3 1.4502e-18 4.90392e-20 BessellV
54830.3 1.55823e-18 5.20927e-20 BessellV
54831.3 1.67432e-18 5.5329e-20 BessellV
54832.3 1.79905e-18 5.87584e-20 BessellV
54833.3 1.93307e-18 6.23918e-20 BessellV
54834.3 2.07708e-18 6.62404e-20 BessellV
54835.3 2.23182e-18 7.03162e-20 BessellV
54836.3 2.39808e-18 7.46316e-20 BessellV
54837.3 2.57673e-18 7.91999e-20 BessellV
54838.3 2.76869e-18 8.40345e-20 BessellV
54839.3 2.97495e-18 8.91501e-20 BessellV
54840.3 3.19658e-18 9.45614e-20 BessellV
54841.3 3.43471e-18 1.00284e-19 BessellV
54842.3 3.69059e-18 1.06335e-19 BessellV
54843.3 3.96553e-18 1.12731e-19 BessellV
54844.3 4.26094e-18 1.19489e-19 BessellV
54845.3 4.57837e-18 1.26629e-19 BessellV
54846.3 4.91944e-18 1.3417e-19 BessellV
54847.3 5.28592e-18 1.42131e-19 BessellV
54848.3 5.6797e-18 1.50534e-19 BessellV
54849.3 6.1028e-18 1.594e-19 BessellV
54850.3 6.55743e-18 1.68752e-19 BessellV
54851.3 7.04592e-18 1.78612e-19 BessellV
54852.3 7.57079e-18 1.89005e-19 BessellV
54853.3 8.13475e-18 1.99955e-19 BessellV
54854.3 8.74071e-18 2.11487e-19 BessellV
54855.3 9.3918e-18 2.23628e-19 BessellV
54856.3 1.00914e-17 2.36404e-19 BessellV
54857.3 1.0843e-17 2.49842e-19 BessellV
54858.3 1.16507e-17 2.63969e-19 BessellV
54859.3 1.25184e-17 2.78815e-19 BessellV
54860.3 1.34508e-17 2.94407e-19 BessellV
54861.3 1.44526e-17 3.10774e-19 BessellV
54862.3 1.55289e-17 3.27945e-19 BessellV
54863.3 1.66853e-17 3.45948e-19 BessellV
54864.3 1.79278e-17 3.64813e-19 BessellV
54865.3 1.92626e-17 3.84566e-19 BessellV
54866.3 2.06968e-17 4.05237e-19 BessellV
54867.3 2.22376e-17 4.26851e-19 BessellV
54868.3 2.38929e-17 4.49433e-19 BessellV
54869.3 2.56712e-17 4.73008e-19 BessellV
54870.3 2.75816e-17 4.97597e-19 BessellV
54871.3 2.96338e-17 5.2322e-19 BessellV
54872.3 3.18384e-17 5.49894e-19 BessellV
54873.3 3.42064e-17 5.77631e-19 BessellV
54874.3 3.675e-17 6.06441e-19 BessellV
54875.3 3.94819e-17 6.36329e-19 BessellV
54876.3 4.2416e-17 6.67294e-19 BessellV
54877.3 4.5567e-17 6.99328e-19 BessellV
54878.3 4.89508e-17 7.32416e-19 BessellV
54879.3 5.25841e-17 7.66535e-19 BessellV
54880.3 5.6485e-17 8.01653e-19 BessellV
54881.3 6.06727e-17 8.37725e-19 BessellV
54882.3 6.51678e-17 8.74696e-19 BessellV
54883.3 6.99921e-17 9.12495e-19 BessellV
54884.3 7.51688e-17 9.51036e-19 BessellV
54885.3 8.07227e-17 9.90215e-19 BessellV
54886.3 8.66799e-17 1.02991e-18 BessellV
54887.3 9.3068e-17 1.06997e-18 BessellV
54888.3 9.99165e-17 1.11024e-18 BessellV
54889.3 1.07256e-16 1.1505e-18 BessellV
54890.3 1.15119e-16 1.19055e-18 BessellV
54891.3 1.23539e-16 1.23011e-18 BessellV
54892.3 1.32551e-16 1.2689e-18 BessellV
54893.3 1.42192e-16 1.30659e-18 BessellV
54894.3 1.52498e-16 1.3428e-18 BessellV
54895.3 1.6351e-16 1.37714e-18 BessellV
54896.3 1.75264e-16 1.40914e-18 BessellV
54897.3 1.87799e-16 1.4383e-18 BessellV
54898.3 2.01154e-16 1.4641e-18 BessellV
54899.3 2.15364e-16 1.48595e-18 BessellV
54900.3 2.30465e-16 1.50323e-18 BessellV
54901.3 2.46486e-16 1.5153e-18 BessellV
54902.3 2.63455e-16 1.52149e-18 BessellV
54903.3 2.81391e-16 1.52113e-18 BessellV
54904.3 3.00306e-16 1.51353e-18 BessellV
54905.3 3.20201e-16 1.49808e-18 BessellV
54906.3 3.41067e-16 1.47418e-18 BessellV
54907.3 3.62878e-16 1.44136e-18 BessellV
54908.3 3.8559e-16 1.39927e-18 BessellV
54909.3 4.09138e-16 1.34773e-18 BessellV
54910.3 4.33434e-16 1.28679e-18 BessellV
54911.3 4.58364e-16 1.2168e-18 BessellV
54912.3 4.83783e-16 1.13845e-18 BessellV
54913.3 5.09516e-16 1.05284e-18 BessellV
54914.3 5.35355e-16 9.61527e-19 BessellV
54915.3 5.61061e-16 8.66606e-19 BessellV
54916.3 5.86361e-16 7.70755e-19 BessellV
54917.3 6.10959e-16 6.77287e-19 BessellV
54918.3 6.34531e-16 5.9016e-19 BessellV
54919.3 6.56744e-16 5.13848e-19 BessellV
54920.3 6.77256e-16 4.52834e-19 BessellV
54921.3 6.95731e-16 4.10408e-19 BessellV
54922.3 7.11853e-16 3.86942e-19 BessellV
54923.3 7.25333e-16 3.78989e-19 BessellV
54924.3 7.35929e-16 3.80518e-19 BessellV
54925.3 7.43452e-16 3.85352e-19 BessellV
54926.3 7.47776e-16 3.88873e-19 BessellV
54927.3 7.48844e-16 3.88459e-19 BessellV
54928.3 7.4667e-16 3.83232e-19 BessellV
54929.3 7.41335e-16 3.73597e-19 BessellV
54930.3 7.32988e-16 3.60785e-19 BessellV
54931.3 7.21831e-16 3.46425e-19 BessellV
54932.3 7.08113e-16 3.32161e-19 BessellV
54933.3 6.92115e-16 3.1932e-19 BessellV
54934.3 6.74141e-16 3.08671e-19 BessellV
54935.3 6.54506e-16 3.00338e-19 BessellV
54936.3 6.33523e-16 2.93885e-19 BessellV
54937.3 6.11496e-16 2.88531e-19 BessellV
54938.3 5.88713e-16 2.83395e-19 BessellV
54939.3 5.65439e-16 2.77694e-19 BessellV
54940.3 5.41914e-16 2.70863e-19 BessellV
54941.3 5.1835e-16 2.62584e-19 BessellV
54942.3 4.94932e-16 2.52775e-19 BessellV
54943.3 4.71817e-16 2.41549e-19 BessellV
54944.3 4.49136e-16 2.29165e-19 BessellV
54945.3 4.26996e-16 2.15984e-19 BessellV
54946.3 4.05479e-16 2.02435e-19 BessellV
54947.3 3.84653e-16 1.88977e-19 BessellV
54948.3 3.64563e-16 1.76081e-19 BessellV
54949.3 3.45242e-16 1.64201e-19 BessellV
54950.3 3.2671e-16 1.53751e-19 BessellV
54951.3 3.08977e-16 1.45072e-19 BessellV
54952.3 2.92041e-16 1.38394e-19 BessellV
54953.3 2.75897e-16 1.33804e-19 BessellV
54954.3 2.60531e-16 1.31229e-19 BessellV
54955.3 2.45925e-16 1.30455e-19 BessellV
54956.3 2.32059e-16 1.31163e-19 BessellV
54957.3 2.18909e-16 1.32989e-19 BessellV
54958.3 2.0645e-16 1.35574e-19 BessellV
54959.3 1.94655e-16 1.38597e-19 BessellV
54960.3 1.83496e-16 1.4179e-19 BessellV
54961.3 1.72946e-16 1.44945e-19 BessellV
54962.3 1.62977e-16 1.47906e-19 BessellV
54963.3 1.53562e-16 1.50562e-19 BessellV
54964.3 1.44672e-16 1.52838e-19 BessellV
54965.3 1.36283e-16 1.5469e-19 BessellV
54966.3 1.28368e-16 1.56094e-19 BessellV
54967.3 1.20903e-16 1.57043e-19 BessellV
54968.3 1.13864e-16 1.57543e-19 BessellV
54969.3 1.07228e-16 1.57609e-19 BessellV
54970.3 1.00973e-16 1.5726e-19 BessellV
54971.3 9.50788e-17 1.56523e-19 BessellV
54972.3 8.95245e-17 1.55425e-19 BessellV
54973.3 8.42916e-17 1.53995e-19 BessellV
54974.3 7.93619e-17 1.52262e-19 BessellV
54975.3 7.47185e-17 1.50257e-19 BessellV
54976.3 7.03449e-17 1.48009e-19 BessellV
54977.3 6.62259e-17 1.45545e-19 BessellV
54978.3 6.23469e-17 1.42893e-19 BessellV
54979.3 5.86941e-17 1.40078e-19 BessellV
54980.3 5.52544e-17 1.37124e-19 BessellV
54981.3 5.20157e-17 1.34053e-19 BessellV
54982.3 4.89663e-17 1.30887e-19 BessellV
54983.3 4.60952e-17 1.27644e-19 BessellV
54984.3 4.3392e-17 1.24342e-19 BessellV
54985.3 4.08471e-17 1.20998e-19 BessellV
54986.3 3.84512e-17 1.17627e-19 BessellV
54987.3 3.61955e-17 1.14242e-19 BessellV
54988.3 3.40721e-17 1.10855e-19 BessellV
54989.3 3.2073e-17 1.07477e-19 BessellV
54990.3 3.01912e-17 1.04118e-19 BessellV
54991.3 2.84196e-17 1.00787e-19 BessellV
54992.3 2.67519e-17 9.74912e-20 BessellV
54993.3 2.51821e-17 9.4238e-20 BessellV
54994.3 2.37042e-17 9.10333e-20 BessellV
54995.3 2.23131e-17 8.78821e-20 BessellV
54996.3 2.10036e-17 8.4789e-20 BessellV
54997.3 1.97709e-17 8.17577e-20 BessellV
54998.3 1.86105e-17 7.87914e-20 BessellV
54999.3 1.75182e-17 7.58929e-20 BessellV
55000.3 1.649e-17 7.30641e-20 BessellV
55001.3 1.55221e-17 7.03068e-20 BessellV
55002.3 1.4611e-17 6.76222e-20 BessellV
55003.3 1.37534e-17 6.50111e-20 BessellV
55004.3 1.29462e-17 6.24742e-20 BessellV
55005.3 1.21863e-17 6.00116e-20 BessellV
55006.3 1.1471e-17 5.76232e-20 BessellV
55007.3 1.07976e-17 5.53089e-20 BessellV
55008.3 1.01638e-17 5.3068e-20 BessellV
55009.3 9.56724e-18 5.09e-20 BessellV
55010.3 9.00565e-18 4.88039e-20 BessellV
55011.3 8.47703e-18 4.67787e-20 BessellV
55012.3 7.97944e-18 4.48233e-20 BessellV
55013.3 7.51105e-18 4.29364e-20 BessellV
55014.3 7.07016e-18 4.11168e-20 BessellV
55015.3 6.65514e-18 3.9363e-20 BessellV
55016.3 6.26449e-18 3.76736e-20 BessellV
55017.3 5.89676e-18 3.60469e-20 BessellV
55018.3 5.55063e-18 3.44816e-20 BessellV
55019.3 5.2248e-18 3.29758e-20 BessellV
55020.3 4.91811e-18 3.15282e-20 BessellV
55021.3 4.62942e-18 3.01369e-20 BessellV
55022.3 4.35767e-18 2.88004e-20 BessellV
55023.3 4.10187e-18 2.7517e-20 BessellV
55024.3 3.86109e-18 2.62851e-20 BessellV
55025.3 3.63445e-18 2.5103e-20 BessellV
55026.3 3.4211e-18 2.39692e-20 BessellV
55027.3 3.22029e-18 2.28821e-20 BessellV
55028.3 3.03125e-18 2.184e-20 BessellV
55029.3 2.85332e-18 2.08414e-20 BessellV
55030.3 2.68583e-18 1.98849e-20 BessellV
55031.3 2.52817e-18 1.89688e-20 BessellV
55032.3 2.37977e-18 1.80918e-20 BessellV
55033.3 2.24007e-18 1.72524e-20 BessellV
55034.3 2.10858e-18 1.64493e-20 BessellV
55035.3 1.98481e-18 1.5681e-20 BessellV
55036.3 1.8683e-18 1.49462e-20 BessellV
55037.3 1.75863e-18 1.42437e-20 BessellV
55038.3 1.6554e-18 1.35722e-20 BessellV
55039.3 1.55822e-18 1.29304e-20 BessellV
55040.3 1.46676e-18 1.23172e-20 BessellV
55041.3 1.38066e-18 1.17315e-20 BessellV
55042.3 1.29961e-18 1.11721e-20 BessellV
55043.3 1.22333e-18 1.0638e-20 BessellV
55044.3 1.15152e-18 1.01281e-20 BessellV
55045.3 1.08392e-18 9.64134e-21 BessellV
55046.3 1.0203e-18 9.17689e-21 BessellV
55047.3 9.60404e-19 8.73374e-21 BessellV
55048.3 9.04028e-19 8.311e-21 BessellV
55049.3 8.50962e-19 7.9078e-21 BessellV
55050.3 8.0101e-19 7.5233e-21 BessellV
55051.3 7.53991e-19 7.1567e-21 BessellV
55052.3 7.09731e-19 6.80722e-21 BessellV
55053.3 6.6807e-19 6.47412e-21 BessellV
55054.3 6.28854e-19 6.15666e-21 BessellV
55055.3 5.91941e-19 5.85417e-21 BessellV
55056.3 5.57194e-19 5.56598e-21 BessellV
55057.3 5.24486e-19 5.29146e-21 BessellV
55058.3 4.93699e-19 5.02998e-21 BessellV
55059.3 4.64719e-19 4.78098e-21 BessellV
55060.3 4.3744e-19 4.54387e-21 BessellV
55061.3 4.11762e-19 4.31813e-21 BessellV
55062.3 3.87592e-19 4.10324e-21 BessellV
55063.3 3.6484e-19 3.8987e-21 BessellV
55064.3 3.43424e-19 3.70403e-21 BessellV
55065.3 3.23265e-19 3.51878e-21 BessellV
55066.3 3.04289e-19 3.34252e-21 BessellV
55067.3 2.86428e-19 3.17483e-21 BessellV
55068.3 2.69614e-19 3.01531e-21 BessellV
55069.3 2.53788e-19 2.86358e-21 BessellV
55070.3 2.38891e-19 2.71928e-21 BessellV
55071.3 2.24868e-19 2.58205e-21 BessellV
55072.3 2.11668e-19 2.45156e-21 BessellV
55073.3 1.99243e-19 2.32749e-21 BessellV
55074.3 1.87548e-19 2.20954e-21 BessellV
55075.3 1.76539e-19 2.09742e-21 BessellV
55076.3 1.66176e-19 1.99085e-21 BessellV
55077.3 1.56421e-19 1.88957e-21 BessellV
55078.3 1.47239e-19 1.79331e-21 BessellV
55079.3 1.38596e-19 1.70185e-21 BessellV
55080.3 1.30461e-19 1.61494e-21 BessellV
55081.3 1.22803e-19 1.53238e-21 BessellV
55082.3 1.15594e-19 1.45394e-21 BessellV
55083.3 1.08809e-19 1.37943e-21 BessellV
55084.3 1.02422e-19 1.30866e-21 BessellV
55085.3 9.64097e-20 1.24144e-21 BessellV
55086.3 9.07505e-20 1.17761e-21 BessellV
55087.3 8.54235e-20 1.11699e-21 BessellV
55088.3 8.04091e-20 1.05944e-21 BessellV
55089.3 7.56891e-20 1.00479e-21 BessellV
55090.3 7.12462e-20 9.52904e-22 BessellV
55091.3 6.70641e-20 9.03649e-22 BessellV
55092.3 6.31274e-20 8.56894e-22 BessellV
55093.3 5.94219e-20 8.12514e-22 BessellV
55094.3 5.59338e-20 7.70392e-22 BessellV
55095.3 5.26505e-20 7.30415e-22 BessellV
55096.3 4.956e-20 6.92478e-22 BessellV
55097.3 4.66508e-20 6.56477e-22 BessellV
55098.3 4.39124e-20 6.22317e-22 BessellV
