52539.3 1.08007e-15 9.44292e-19 BessellB
52540.3 1.0446e-15 8.92382e-19 BessellB
52541.3 1.01028e-15 8.42892e-19 BessellB
52542.3 9.77064e-16 7.95724e-19 BessellB
52543.3 9.44924e-16 7.50782e-19 BessellB
52544.3 9.13825e-16 7.07973e-19 BessellB
52545.3 8.83733e-16 6.67209e-19 BessellB
52546.3 8.54615e-16 6.28407e-19 BessellB
52547.3 8.26442e-16 5.91484e-19 BessellB
52548.3 7.99182e-16 5.56363e-19 BessellB
52549.3 7.72806e-16 5.22969e-19 BessellB
52550.3 7.47286e-16 4.91232e-19 BessellB
52551.3 7.22595e-16 4.61083e-19 BessellB
52552.3 6.98707e-16 4.32457e-19 BessellB
52553.3 6.75595e-16 4.05292e-19 BessellB
52554.3 6.53235e-16 3.79528e-19 BessellB
52555.3 6.31602e-16 3.55109e-19 BessellB
52556.3 6.10674e-16 3.3198e-19 BessellB
52557.3 5.90427e-16 3.10092e-19 BessellB
52558.3 5.7084e-16 2.89394e-19 BessellB
52559.3 5.51892e-16 2.69842e-19 BessellB
52560.3 5.33563e-16 2.51391e-19 BessellB
52561.3 5.15831e-16 2.34002e-19 BessellB
52562.3 4.98679e-16 2.17636e-19 BessellB
52563.3 4.82087e-16 2.02259e-19 BessellB
52564.3 4.66038e-16 1.87836e-19 BessellB
52565.3 4.50514e-16 1.74339e-19 BessellB
52566.3 4.35498e-16 1.6174e-19 BessellB
52567.3 4.20973e-16 1.50014e-19 BessellB
52568.3 4.06925e-16 1.39139e-19 BessellB
52569.3 3.93337e-16 1.29095e-19 BessellB
52570.3 3.80195e-16 1.19866e-19 BessellB
52571.3 3.67484e-16 1.11436e-19 BessellB
52572.3 3.55191e-16 1.03789e-19 BessellB
52573.3 3.43302e-16 9.69123e-20 BessellB
52574.3 3.31803e-16 9.07901e-20 BessellB
52575.3 3.20683e-16 8.5405e-20 BessellB
52576.3 3.09929e-16 8.07357e-20 BessellB
52577.3 2.99529e-16 7.67551e-20 BessellB
52578.3 2.89472e-16 7.34296e-20 BessellB
52579.3 2.79746e-16 7.07178e-20 BessellB
52580.3 2.70342e-16 6.8571e-20 BessellB
52581.3 2.61247e-16 6.69341e-20 BessellB
52582.3 2.52453e-16 6.57474e-20 BessellB
52583.3 2.4395e-16 6.49491e-20 BessellB
52584.3 2.35728e-16 6.44775e-20 BessellB
52585.3 2.27778e-16 6.42737e-20 BessellB
52586.3 2.20091e-16 6.42827e-20 BessellB
52587.3 2.12659e-16 6.44552e-20 BessellB
52588.3 2.05474e-16 6.47478e-20 BessellB
52589.3 1.98526e-16 6.51231e-20 BessellB
52590.3 1.91809e-16 6.55497e-20 BessellB
52591.3 1.85316e-16 6.60013e-20 BessellB
52592.3 1.79038e-16 6.64566e-20 BessellB
52593.3 1.72968e-16 6.68985e-20 BessellB
52594.3 1.67101e-16 6.73134e-20 BessellB
52595.3 1.61429e-16 6.76907e-20 BessellB
52596.3 1.55946e-16 6.80226e-20 BessellB
52597.3 1.50646e-16 6.8303e-20 BessellB
52598.3 1.45522e-16 6.85279e-20 BessellB
52599.3 1.4057e-16 6.86946e-20 BessellB
52600.3 1.35783e-16 6.88016e-20 BessellB
52601.3 1.31156e-16 6.88482e-20 BessellB
52602.3 1.26683e-16 6.88347e-20 BessellB
52603.3 1.22361e-16 6.87617e-20 BessellB
52604.3 1.18183e-16 6.86306e-20 BessellB
52605.3 1.14145e-16 6.8443e-20 BessellB
52606.3 1.10242e-16 6.82008e-20 BessellB
52607.3 1.0647e-16 6.79061e-20 BessellB
52608.3 1.02825e-16 6.75612e-20 BessellB
52609.3 9.93024e-17 6.71686e-20 BessellB
52610.3 9.58981e-17 6.67306e-20 BessellB
52611.3 9.26083e-17 6.62498e-20 BessellB
52612.3 8.94292e-17 6.57288e-20 BessellB
52613.3 8.63572e-17 6.517e-20 BessellB
52614.3 8.33887e-17 6.45758e-20 BessellB
52615.3 8.05204e-17 6.39489e-20 BessellB
52616.3 7.77488e-17 6.32914e-20 BessellB
52617.3 7.50708e-17 6.26059e-20 BessellB
52618.3 7.24833e-17 6.18945e-20 BessellB
52619.3 6.99833e-17 6.11594e-20 BessellB
52620.3 6.75679e-17 6.04027e-20 BessellB
52621.3 6.52342e-17 5.96265e-20 BessellB
52622.3 6.29796e-17 5.88328e-20 BessellB
52623.3 6.08015e-17 5.80234e-20 BessellB
52624.3 5.86973e-17 5.72e-20 BessellB
52625.3 5.66645e-17 5.63645e-20 BessellB
52626.3 5.47007e-17 5.55185e-20 BessellB
52627.3 5.28038e-17 5.46635e-20 BessellB
52628.3 5.09713e-17 5.3801e-20 BessellB
52629.3 4.92013e-17 5.29323e-20 BessellB
52630.3 4.74915e-17 5.20589e-20 BessellB
52631.3 4.584e-17 5.1182e-20 BessellB
52632.3 4.42449e-17 5.03028e-20 BessellB
52633.3 4.27042e-17 4.94224e-20 BessellB
52634.3 4.12161e-17 4.85418e-20 BessellB
52635.3 3.97789e-17 4.76621e-20 BessellB
52636.3 3.83909e-17 4.67842e-20 BessellB
52539.3 1.66754e-16 1.353e-19 BessellI
52540.3 1.67399e-16 1.33162e-19 BessellI
52541.3 1.68042e-16 1.30986e-19 BessellI
52542.3 1.68682e-16 1.28771e-19 BessellI
52543.3 1.69319e-16 1.2652e-19 BessellI
52544.3 1.69953e-16 1.24232e-19 BessellI
52545.3 1.70583e-16 1.21909e-19 BessellI
52546.3 1.7121e-16 1.19551e-19 BessellI
52547.3 1.71833e-16 1.17161e-19 BessellI
52548.3 1.72452e-16 1.1474e-19 BessellI
52549.3 1.73067e-16 1.12289e-19 BessellI
52550.3 1.73677e-16 1.0981e-19 BessellI
52551.3 1.74282e-16 1.07306e-19 BessellI
52552.3 1.74883e-16 1.04779e-19 BessellI
52553.3 1.75478e-16 1.02232e-19 BessellI
52554.3 1.76068e-16 9.96673e-20 BessellI
52555.3 1.76653e-16 9.70886e-20 BessellI
52556.3 1.77231e-16 9.44995e-20 BessellI
52557.3 1.77804e-16 9.19041e-20 BessellI
52558.3 1.7837e-16 8.93068e-20 BessellI
52559.3 1.78929e-16 8.67127e-20 BessellI
52560.3 1.79481e-16 8.4127e-20 BessellI
52561.3 1.80026e-16 8.15558e-20 BessellI
52562.3 1.80564e-16 7.90057e-20 BessellI
52563.3 1.81094e-16 7.64838e-20 BessellI
52564.3 1.81616e-16 7.39981e-20 BessellI
52565.3 1.82129e-16 7.15572e-20 BessellI
52566.3 1.82634e-16 6.91706e-20 BessellI
52567.3 1.83129e-16 6.68483e-20 BessellI
52568.3 1.83616e-16 6.46015e-20 BessellI
52569.3 1.84093e-16 6.2442e-20 BessellI
52570.3 1.84559e-16 6.03823e-20 BessellI
52571.3 1.85016e-16 5.84358e-20 BessellI
52572.3 1.85462e-16 5.66159e-20 BessellI
52573.3 1.85897e-16 5.49365e-20 BessellI
52574.3 1.8632e-16 5.34113e-20 BessellI
52575.3 1.86732e-16 5.20532e-20 BessellI
52576.3 1.87132e-16 5.08742e-20 BessellI
52577.3 1.8752e-16 4.98843e-20 BessellI
52578.3 1.87895e-16 4.90911e-20 BessellI
52579.3 1.88256e-16 4.84996e-20 BessellI
52580.3 1.88605e-16 4.8111e-20 BessellI
52581.3 1.88939e-16 4.79232e-20 BessellI
52582.3 1.89259e-16 4.79303e-20 BessellI
52583.3 1.89565e-16 4.81229e-20 BessellI
52584.3 1.89856e-16 4.84886e-20 BessellI
52585.3 1.90131e-16 4.90126e-20 BessellI
52586.3 1.90391e-16 4.96782e-20 BessellI
52587.3 1.90634e-16 5.04676e-20 BessellI
52588.3 1.90861e-16 5.13626e-20 BessellI
52589.3 1.91071e-16 5.2345e-20 BessellI
52590.3 1.91264e-16 5.33971e-20 BessellI
52591.3 1.91439e-16 5.45024e-20 BessellI
52592.3 1.91596e-16 5.56453e-20 BessellI
52593.3 1.91735e-16 5.68118e-20 BessellI
52594.3 1.91855e-16 5.79894e-20 BessellI
52595.3 1.91956e-16 5.91674e-20 BessellI
52596.3 1.92037e-16 6.03366e-20 BessellI
52597.3 1.92098e-16 6.14899e-20 BessellI
52598.3 1.92139e-16 6.26222e-20 BessellI
52599.3 1.9216e-16 6.37303e-20 BessellI
52600.3 1.92159e-16 6.48132e-20 BessellI
52601.3 1.92137e-16 6.58723e-20 BessellI
52602.3 1.92093e-16 6.69112e-20 BessellI
52603.3 1.92027e-16 6.79363e-20 BessellI
52604.3 1.91939e-16 6.89568e-20 BessellI
52605.3 1.91828e-16 6.99845e-20 BessellI
52606.3 1.91693e-16 7.10346e-20 BessellI
52607.3 1.91536e-16 7.2125e-20 BessellI
52608.3 1.91355e-16 7.32771e-20 BessellI
52609.3 1.91149e-16 7.45153e-20 BessellI
52610.3 1.9092e-16 7.58668e-20 BessellI
52611.3 1.90666e-16 7.73618e-20 BessellI
52612.3 1.90387e-16 7.90323e-20 BessellI
52613.3 1.90084e-16 8.09123e-20 BessellI
52614.3 1.89755e-16 8.30366e-20 BessellI
52615.3 1.894e-16 8.54403e-20 BessellI
52616.3 1.8902e-16 8.81576e-20 BessellI
52617.3 1.88614e-16 9.12212e-20 BessellI
52618.3 1.88182e-16 9.46616e-20 BessellI
52619.3 1.87724e-16 9.85059e-20 BessellI
52620.3 1.8724e-16 1.02778e-19 BessellI
52621.3 1.86729e-16 1.07498e-19 BessellI
52622.3 1.86192e-16 1.12683e-19 BessellI
52623.3 1.85628e-16 1.18345e-19 BessellI
52624.3 1.85038e-16 1.24492e-19 BessellI
52625.3 1.84421e-16 1.31132e-19 BessellI
52626.3 1.83778e-16 1.38266e-19 BessellI
52627.3 1.83108e-16 1.45896e-19 BessellI
52628.3 1.82411e-16 1.5402e-19 BessellI
52629.3 1.81688e-16 1.62634e-19 BessellI
52630.3 1.80938e-16 1.71735e-19 BessellI
52631.3 1.80162e-16 1.81315e-19 BessellI
52632.3 1.7936e-16 1.91369e-19 BessellI
52633.3 1.78531e-16 2.01887e-19 BessellI
52634.3 1.77677e-16 2.12862e-19 BessellI
52635.3 1.76797e-16 2.24283e-19 BessellI
52636.3 1.75891e-16 2.36141e-19 BessellI
52637.3 1.74961e-16 2.48424e-19 BessellI
52638.3 1.74005e-16 2.61122e-19 BessellI
52639.3 1.73025e-16 2.74222e-19 BessellI
52640.3 1.7202e-16 2.87711e-19 BessellI
52641.3 1.70991e-16 3.01577e-19 BessellI
52642.3 1.69938e-16 3.15805e-19 BessellI
52643.3 1.68862e-16 3.30382e-19 BessellI
52644.3 1.67764e-16 3.45292e-19 BessellI
52645.3 1.66642e-16 3.6052e-19 BessellI
52646.3 1.65499e-16 3.76051e-19 BessellI
52647.3 1.64334e-16 3.91867e-19 BessellI
52648.3 1.63148e-16 4.07952e-19 BessellI
52649.3 1.61942e-16 4.24288e-19 BessellI
52650.3 1.60715e-16 4.40857e-19 BessellI
52651.3 1.59469e-16 4.57641e-19 BessellI
52652.3 1.58205e-16 4.74621e-19 BessellI
52653.3 1.56921e-16 4.91778e-19 BessellI
52654.3 1.5562e-16 5.09092e-19 BessellI
52655.3 1.54302e-16 5.26544e-19 BessellI
52656.3 1.52967e-16 5.44113e-19 BessellI
52657.3 1.51617e-16 5.61779e-19 BessellI
52658.3 1.50251e-16 5.79521e-19 BessellI
52659.3 1.48871e-16 5.97319e-19 BessellI
52660.3 1.47477e-16 6.15151e-19 BessellI
52661.3 1.46069e-16 6.32997e-19 BessellI
52662.3 1.44649e-16 6.50835e-19 BessellI
52663.3 1.43218e-16 6.68646e-19 BessellI
52664.3 1.41775e-16 6.86407e-19 BessellI
52665.3 1.40322e-16 7.04099e-19 BessellI
52666.3 1.38859e-16 7.217e-19 BessellI
52667.3 1.37387e-16 7.3919e-19 BessellI
52668.3 1.35907e-16 7.5655e-19 BessellI
52669.3 1.34419e-16 7.73758e-19 BessellI
52670.3 1.32925e-16 7.90796e-19 BessellI
52671.3 1.31424e-16 8.07645e-19 BessellI
52672.3 1.29918e-16 8.24286e-19 BessellI
52673.3 1.28408e-16 8.40701e-19 BessellI
52674.3 1.26893e-16 8.56871e-19 BessellI
52675.3 1.25375e-16 8.7278e-19 BessellI
52676.3 1.23855e-16 8.88411e-19 BessellI
52677.3 1.22333e-16 9.03749e-19 BessellI
52539.3 3.23745e-16 5.88967e-19 BessellR
52540.3 3.24188e-16 5.66084e-19 BessellR
52541.3 3.24616e-16 5.43627e-19 BessellR
52542.3 3.25031e-16 5.21611e-19 BessellR
52543.3 3.25432e-16 5.0005e-19 BessellR
52544.3 3.25819e-16 4.78957e-19 BessellR
52545.3 3.26191e-16 4.58348e-19 BessellR
52546.3 3.2655e-16 4.3824e-19 BessellR
52547.3 3.26893e-16 4.18648e-19 BessellR
52548.3 3.27222e-16 3.99591e-19 BessellR
52549.3 3.27537e-16 3.81088e-19 BessellR
52550.3 3.27836e-16 3.63159e-19 BessellR
52551.3 3.2812e-16 3.45826e-19 BessellR
52552.3 3.28389e-16 3.29112e-19 BessellR
52553.3 3.28642e-16 3.13041e-19 BessellR
52554.3 3.2888e-16 2.9764e-19 BessellR
52555.3 3.29102e-16 2.82937e-19 BessellR
52556.3 3.29309e-16 2.68961e-19 BessellR
52557.3 3.29499e-16 2.55744e-19 BessellR
52558.3 3.29673e-16 2.43317e-19 BessellR
52559.3 3.29832e-16 2.31712e-19 BessellR
52560.3 3.29974e-16 2.20961e-19 BessellR
52561.3 3.30099e-16 2.11094e-19 BessellR
52562.3 3.30208e-16 2.02136e-19 BessellR
52563.3 3.303e-16 1.94109e-19 BessellR
52564.3 3.30376e-16 1.87026e-19 BessellR
52565.3 3.30434e-16 1.80892e-19 BessellR
52566.3 3.30476e-16 1.75698e-19 BessellR
52567.3 3.30501e-16 1.71425e-19 BessellR
52568.3 3.30509e-16 1.68038e-19 BessellR
52569.3 3.30499e-16 1.65489e-19 BessellR
52570.3 3.30472e-16 1.63719e-19 BessellR
52571.3 3.30428e-16 1.62657e-19 BessellR
52572.3 3.30366e-16 1.62227e-19 BessellR
52573.3 3.30287e-16 1.62346e-19 BessellR
52574.3 3.3019e-16 1.62934e-19 BessellR
52575.3 3.30075e-16 1.63907e-19 BessellR
52576.3 3.29943e-16 1.6519e-19 BessellR
52577.3 3.29793e-16 1.6671e-19 BessellR
52578.3 3.29626e-16 1.684e-19 BessellR
52579.3 3.2944e-16 1.70203e-19 BessellR
52580.3 3.29237e-16 1.72065e-19 BessellR
52581.3 3.29015e-16 1.73942e-19 BessellR
52582.3 3.28776e-16 1.75795e-19 BessellR
52583.3 3.28519e-16 1.77593e-19 BessellR
52584.3 3.28244e-16 1.79309e-19 BessellR
52585.3 3.27951e-16 1.80924e-19 BessellR
52586.3 3.2764e-16 1.82421e-19 BessellR
52587.3 3.2731e-16 1.8379e-19 BessellR
52588.3 3.26963e-16 1.85026e-19 BessellR
52589.3 3.26598e-16 1.86126e-19 BessellR
52590.3 3.26215e-16 1.87092e-19 BessellR
52591.3 3.25814e-16 1.8793e-19 BessellR
52592.3 3.25395e-16 1.8865e-19 BessellR
52593.3 3.24958e-16 1.89264e-19 BessellR
52594.3 3.24504e-16 1.89789e-19 BessellR
52595.3 3.24031e-16 1.90244e-19 BessellR
52596.3 3.23541e-16 1.90651e-19 BessellR
52597.3 3.23033e-16 1.91038e-19 BessellR
52598.3 3.22507e-16 1.91431e-19 BessellR
52599.3 3.21963e-16 1.91862e-19 BessellR
52600.3 3.21402e-16 1.92364e-19 BessellR
52601.3 3.20824e-16 1.92975e-19 BessellR
52602.3 3.20228e-16 1.93731e-19 BessellR
52603.3 3.19615e-16 1.9467e-19 BessellR
52604.3 3.18985e-16 1.95834e-19 BessellR
52605.3 3.18337e-16 1.97262e-19 BessellR
52606.3 3.17672e-16 1.98992e-19 BessellR
52607.3 3.16991e-16 2.01064e-19 BessellR
52608.3 3.16292e-16 2.03513e-19 BessellR
52609.3 3.15577e-16 2.06374e-19 BessellR
52610.3 3.14845e-16 2.09675e-19 BessellR
52611.3 3.14097e-16 2.13443e-19 BessellR
52612.3 3.13332e-16 2.17699e-19 BessellR
52613.3 3.12551e-16 2.22462e-19 BessellR
52614.3 3.11754e-16 2.27743e-19 BessellR
52615.3 3.1094e-16 2.33551e-19 BessellR
52616.3 3.10111e-16 2.39888e-19 BessellR
52617.3 3.09267e-16 2.46753e-19 BessellR
52618.3 3.08406e-16 2.54142e-19 BessellR
52619.3 3.07531e-16 2.62046e-19 BessellR
52620.3 3.0664e-16 2.70456e-19 BessellR
52621.3 3.05734e-16 2.79357e-19 BessellR
52622.3 3.04813e-16 2.88734e-19 BessellR
52623.3 3.03877e-16 2.98571e-19 BessellR
52624.3 3.02927e-16 3.0885e-19 BessellR
52625.3 3.01962e-16 3.19552e-19 BessellR
52626.3 3.00984e-16 3.30659e-19 BessellR
52627.3 2.99991e-16 3.4215e-19 BessellR
52628.3 2.98984e-16 3.54007e-19 BessellR
52629.3 2.97964e-16 3.66211e-19 BessellR
52630.3 2.9693e-16 3.78742e-19 BessellR
52631.3 2.95883e-16 3.91582e-19 BessellR
52632.3 2.94823e-16 4.04712e-19 BessellR
52633.3 2.9375e-16 4.18113e-19 BessellR
52634.3 2.92665e-16 4.3177e-19 BessellR
52635.3 2.91567e-16 4.45663e-19 BessellR
52636.3 2.90457e-16 4.59777e-19 BessellR
52637.3 2.89335e-16 4.74096e-19 BessellR
52638.3 2.88201e-16 4.88602e-19 BessellR
52639.3 2.87056e-16 5.03282e-19 BessellR
52640.3 2.85899e-16 5.18119e-19 BessellR
52641.3 2.84732e-16 5.33099e-19 BessellR
52642.3 2.83553e-16 5.48209e-19 BessellR
52643.3 2.82364e-16 5.63433e-19 BessellR
52644.3 2.81164e-16 5.78759e-19 BessellR
52645.3 2.79954e-16 5.94173e-19 BessellR
52646.3 2.78735e-16 6.09663e-19 BessellR
52647.3 2.77505e-16 6.25216e-19 BessellR
52648.3 2.76266e-16 6.40821e-19 BessellR
52649.3 2.75018e-16 6.56464e-19 BessellR
52650.3 2.73761e-16 6.72135e-19 BessellR
52651.3 2.72495e-16 6.87823e-19 BessellR
52652.3 2.7122e-16 7.03516e-19 BessellR
52653.3 2.69937e-16 7.19205e-19 BessellR
52654.3 2.68646e-16 7.34877e-19 BessellR
52655.3 2.67348e-16 7.50525e-19 BessellR
52656.3 2.66041e-16 7.66137e-19 BessellR
52657.3 2.64728e-16 7.81704e-19 BessellR
52658.3 2.63407e-16 7.97217e-19 BessellR
52659.3 2.6208e-16 8.12667e-19 BessellR
52660.3 2.60746e-16 8.28045e-19 BessellR
52661.3 2.59405e-16 8.43342e-19 BessellR
52662.3 2.58058e-16 8.58551e-19 BessellR
52537.9 4.57926e-16 2.00513e-19 BessellV
52538.9 4.54297e-16 1.94791e-19 BessellV
52539.9 4.50688e-16 1.89156e-19 BessellV
52540.9 4.47099e-16 1.83606e-19 BessellV
52541.9 4.43531e-16 1.78141e-19 BessellV
52542.9 4.39984e-16 1.72761e-19 BessellV
52543.9 4.36456e-16 1.67467e-19 BessellV
52544.9 4.32949e-16 1.62259e-19 BessellV
52545.9 4.29461e-16 1.57135e-19 BessellV
52546.9 4.25994e-16 1.52098e-19 BessellV
52547.9 4.22547e-16 1.47147e-19 BessellV
52548.9 4.19119e-16 1.42282e-19 BessellV
52549.9 4.15711e-16 1.37504e-19 BessellV
52550.9 4.12323e-16 1.32814e-19 BessellV
52551.9 4.08955e-16 1.28212e-19 BessellV
52552.9 4.05606e-16 1.23699e-19 BessellV
52553.9 4.02277e-16 1.19277e-19 BessellV
52554.9 3.98967e-16 1.14946e-19 BessellV
52555.9 3.95676e-16 1.10707e-19 BessellV
52556.9 3.92405e-16 1.06563e-19 BessellV
52557.9 3.89153e-16 1.02515e-19 BessellV
52558.9 3.8592e-16 9.85657e-20 BessellV
52559.9 3.82707e-16 9.47169e-20 BessellV
52560.9 3.79512e-16 9.09717e-20 BessellV
52561.9 3.76336e-16 8.7333e-20 BessellV
52562.9 3.7318e-16 8.38046e-20 BessellV
52563.9 3.70042e-16 8.03904e-20 BessellV
52564.9 3.66923e-16 7.70948e-20 BessellV
52565.9 3.63823e-16 7.39229e-20 BessellV
52566.9 3.60741e-16 7.08803e-20 BessellV
52567.9 3.57678e-16 6.79731e-20 BessellV
52568.9 3.54634e-16 6.5208e-20 BessellV
52569.9 3.51608e-16 6.25925e-20 BessellV
52570.9 3.48601e-16 6.01344e-20 BessellV
52571.9 3.45612e-16 5.78418e-20 BessellV
52572.9 3.42641e-16 5.57234e-20 BessellV
52573.9 3.39688e-16 5.37876e-20 BessellV
52574.9 3.36754e-16 5.20429e-20 BessellV
52575.9 3.33838e-16 5.04968e-20 BessellV
52576.9 3.3094e-16 4.91562e-20 BessellV
52577.9 3.2806e-16 4.80261e-20 BessellV
52578.9 3.25198e-16 4.71099e-20 BessellV
52579.9 3.22354e-16 4.64085e-20 BessellV
52580.9 3.19528e-16 4.59203e-20 BessellV
52581.9 3.1672e-16 4.56408e-20 BessellV
52582.9 3.13929e-16 4.5563e-20 BessellV
52583.9 3.11156e-16 4.56773e-20 BessellV
52584.9 3.08401e-16 4.59722e-20 BessellV
52585.9 3.05663e-16 4.64344e-20 BessellV
52586.9 3.02943e-16 4.70497e-20 BessellV
52587.9 3.0024e-16 4.78032e-20 BessellV
52588.9 2.97555e-16 4.86801e-20 BessellV
52589.9 2.94886e-16 4.96658e-20 BessellV
52590.9 2.92236e-16 5.07463e-20 BessellV
52591.9 2.89602e-16 5.19085e-20 BessellV
52592.9 2.86986e-16 5.31403e-20 BessellV
52593.9 2.84387e-16 5.44305e-20 BessellV
52594.9 2.81805e-16 5.5769e-20 BessellV
52595.9 2.7924e-16 5.71467e-20 BessellV
52596.9 2.76692e-16 5.85555e-20 BessellV
52597.9 2.7416e-16 5.9988e-20 BessellV
52598.9 2.71646e-16 6.1438e-20 BessellV
52599.9 2.69148e-16 6.28995e-20 BessellV
52600.9 2.66668e-16 6.43677e-20 BessellV
52601.9 2.64203e-16 6.58382e-20 BessellV
52602.9 2.61756e-16 6.73069e-20 BessellV
52603.9 2.59325e-16 6.87705e-20 BessellV
52604.9 2.56911e-16 7.0226e-20 BessellV
52605.9 2.54513e-16 7.16707e-20 BessellV
52606.9 2.52131e-16 7.31023e-20 BessellV
52607.9 2.49766e-16 7.45188e-20 BessellV
52608.9 2.47417e-16 7.59185e-20 BessellV
52609.9 2.45085e-16 7.72997e-20 BessellV
52610.9 2.42768e-16 7.86612e-20 BessellV
52611.9 2.40468e-16 8.00017e-20 BessellV
52612.9 2.38184e-16 8.13202e-20 BessellV
52613.9 2.35916e-16 8.2616e-20 BessellV
52614.9 2.33663e-16 8.38881e-20 BessellV
52615.9 2.31427e-16 8.5136e-20 BessellV
52616.9 2.29207e-16 8.63591e-20 BessellV
52617.9 2.27002e-16 8.7557e-20 BessellV
52618.9 2.24813e-16 8.87292e-20 BessellV
52619.9 2.2264e-16 8.98755e-20 BessellV
52620.9 2.20483e-16 9.09956e-20 BessellV
52621.9 2.18341e-16 9.20893e-20 BessellV
52622.9 2.16214e-16 9.31564e-20 BessellV
52623.9 2.14103e-16 9.41969e-20 BessellV
52624.9 2.12008e-16 9.52106e-20 BessellV
52625.9 2.09928e-16 9.61976e-20 BessellV
52626.9 2.07863e-16 9.71579e-20 BessellV
52627.9 2.05813e-16 9.80914e-20 BessellV
52628.9 2.03779e-16 9.89983e-20 BessellV
52629.9 2.0176e-16 9.98786e-20 BessellV
52630.9 1.99755e-16 1.00732e-19 BessellV
52631.9 1.97766e-16 1.0156e-19 BessellV
52632.9 1.95792e-16 1.02361e-19 BessellV
52633.9 1.93833e-16 1.03136e-19 BessellV
52634.9 1.91888e-16 1.03886e-19 BessellV
52635.9 1.89959e-16 1.04609e-19 BessellV
52636.9 1.88044e-16 1.05307e-19 BessellV
52637.9 1.86144e-16 1.0598e-19 BessellV
52638.9 1.84258e-16 1.06628e-19 BessellV
52639.9 1.82387e-16 1.07251e-19 BessellV
52640.9 1.8053e-16 1.07849e-19 BessellV
52641.9 1.78688e-16 1.08423e-19 BessellV
52642.9 1.76861e-16 1.08973e-19 BessellV
52643.9 1.75047e-16 1.09499e-19 BessellV
52644.9 1.73248e-16 1.10002e-19 BessellV
52645.9 1.71463e-16 1.10481e-19 BessellV
52646.9 1.69692e-16 1.10936e-19 BessellV
52647.9 1.67936e-16 1.1137e-19 BessellV
52648.9 1.66193e-16 1.1178e-19 BessellV
52649.9 1.64465e-16 1.12168e-19 BessellV
52650.9 1.6275e-16 1.12535e-19 BessellV
52651.9 1.61049e-16 1.12879e-19 BessellV
52652.9 1.59362e-16 1.13202e-19 BessellV
52653.9 1.57689e-16 1.13504e-19 BessellV
52654.9 1.56029e-16 1.13786e-19 BessellV
52655.9 1.54383e-16 1.14046e-19 BessellV
52656.9 1.5275e-16 1.14287e-19 BessellV
52657.9 1.51131e-16 1.14507e-19 BessellV
52658.9 1.49526e-16 1.14707e-19 BessellV
52659.9 1.47933e-16 1.14889e-19 BessellV
52660.9 1.46354e-16 1.15051e-19 BessellV
52661.9 1.44789e-16 1.15194e-19 BessellV
52662.9 1.43236e-16 1.15319e-19 BessellV
52663.9 1.41697e-16 1.15425e-19 BessellV
52664.9 1.4017e-16 1.15513e-19 BessellV
52665.9 1.38657e-16 1.15584e-19 BessellV
52666.9 1.37156e-16 1.15637e-19 BessellV
52667.9 1.35669e-16 1.15673e-19 BessellV
52668.9 1.34194e-16 1.15693e-19 BessellV
52669.9 1.32732e-16 1.15696e-19 BessellV
52670.9 1.31283e-16 1.15682e-19 BessellV
52671.9 1.29846e-16 1.15652e-19 BessellV
52672.9 1.28421e-16 1.15607e-19 BessellV
52673.9 1.2701e-16 1.15547e-19 BessellV
52674.9 1.2561e-16 1.15471e-19 BessellV
52675.9 1.24223e-16 1.1538e-19 BessellV
52676.9 1.22849e-16 1.15275e-19 BessellV
52677.9 1.21486e-16 1.15155e-19 BessellV
