55865.3 2.27759e-15 5.41557e-18 BessellU
55866.3 2.09488e-15 4.83208e-18 BessellU
55867.3 1.9268e-15 4.30854e-18 BessellU
55868.3 1.77217e-15 3.8391e-18 BessellU
55869.3 1.62991e-15 3.41847e-18 BessellU
55870.3 1.49905e-15 3.04187e-18 BessellU
55871.3 1.37867e-15 2.70496e-18 BessellU
55872.3 1.26793e-15 2.40383e-18 BessellU
55873.3 1.16606e-15 2.13492e-18 BessellU
55874.3 1.07236e-15 1.89505e-18 BessellU
55875.3 9.86165e-16 1.6813e-18 BessellU
55876.3 9.06882e-16 1.49108e-18 BessellU
55877.3 8.33956e-16 1.32202e-18 BessellU
55878.3 7.6688e-16 1.17198e-18 BessellU
55879.3 7.05185e-16 1.03904e-18 BessellU
55880.3 6.4844e-16 9.21469e-19 BessellU
55881.3 5.96249e-16 8.17688e-19 BessellU
55882.3 5.48248e-16 7.26279e-19 BessellU
55883.3 5.04101e-16 6.45959e-19 BessellU
55884.3 4.63499e-16 5.7556e-19 BessellU
55885.3 4.26159e-16 5.14026e-19 BessellU
55886.3 3.91819e-16 4.60389e-19 BessellU
55887.3 3.60238e-16 4.1377e-19 BessellU
55888.3 3.31197e-16 3.73357e-19 BessellU
55889.3 3.0449e-16 3.38408e-19 BessellU
55890.3 2.79931e-16 3.08237e-19 BessellU
55891.3 2.57347e-16 2.82215e-19 BessellU
55892.3 2.3658e-16 2.59766e-19 BessellU
55893.3 2.17485e-16 2.40367e-19 BessellU
55894.3 1.99926e-16 2.23548e-19 BessellU
55895.3 1.83781e-16 2.08889e-19 BessellU
55896.3 1.68937e-16 1.96026e-19 BessellU
55897.3 1.55288e-16 1.84643e-19 BessellU
55898.3 1.42738e-16 1.74473e-19 BessellU
55899.3 1.312e-16 1.65294e-19 BessellU
55900.3 1.20592e-16 1.56924e-19 BessellU
55901.3 1.1084e-16 1.49213e-19 BessellU
55902.3 1.01873e-16 1.42045e-19 BessellU
55903.3 9.36304e-17 1.35325e-19 BessellU
55904.3 8.60526e-17 1.28982e-19 BessellU
55905.3 7.90862e-17 1.22959e-19 BessellU
55906.3 7.26822e-17 1.17214e-19 BessellU
55907.3 6.67953e-17 1.11716e-19 BessellU
55908.3 6.13838e-17 1.06439e-19 BessellU
55909.3 5.64095e-17 1.01367e-19 BessellU
55910.3 5.18371e-17 9.64857e-20 BessellU
55911.3 4.76343e-17 9.17858e-20 BessellU
55912.3 4.37712e-17 8.72602e-20 BessellU
55913.3 4.02205e-17 8.29032e-20 BessellU
55914.3 3.6957e-17 7.87107e-20 BessellU
55915.3 3.39575e-17 7.4679e-20 BessellU
55916.3 3.12007e-17 7.08051e-20 BessellU
55917.3 2.86671e-17 6.70862e-20 BessellU
55918.3 2.63386e-17 6.35196e-20 BessellU
55919.3 2.41987e-17 6.01023e-20 BessellU
55920.3 2.22321e-17 5.68316e-20 BessellU
55921.3 2.04249e-17 5.37044e-20 BessellU
55922.3 1.87641e-17 5.07174e-20 BessellU
55923.3 1.7238e-17 4.78672e-20 BessellU
55924.3 1.58356e-17 4.51504e-20 BessellU
55925.3 1.4547e-17 4.25631e-20 BessellU
55926.3 1.33629e-17 4.01015e-20 BessellU
55927.3 1.22749e-17 3.77617e-20 BessellU
55928.3 1.12752e-17 3.55397e-20 BessellU
55929.3 1.03567e-17 3.34312e-20 BessellU
55930.3 9.51278e-18 3.14322e-20 BessellU
55931.3 8.73743e-18 2.95385e-20 BessellU
55932.3 8.02508e-18 2.77459e-20 BessellU
55933.3 7.37063e-18 2.60503e-20 BessellU
55934.3 6.76938e-18 2.44476e-20 BessellU
55935.3 6.21704e-18 2.29337e-20 BessellU
55865.1 7.35377e-18 3.87872e-20 BessellI
55866.1 9.68727e-18 4.78716e-20 BessellI
55867.1 1.27586e-17 5.88033e-20 BessellI
55868.1 1.67989e-17 7.18335e-20 BessellI
55869.1 2.211e-17 8.71848e-20 BessellI
55870.1 2.90839e-17 1.05007e-19 BessellI
55871.1 3.82282e-17 1.25312e-19 BessellI
55872.1 5.01937e-17 1.47876e-19 BessellI
55873.1 6.58067e-17 1.72107e-19 BessellI
55874.1 8.60992e-17 1.96877e-19 BessellI
55875.1 1.12332e-16 2.20331e-19 BessellI
55876.1 1.45991e-16 2.39729e-19 BessellI
55877.1 1.88743e-16 2.51431e-19 BessellI
55878.1 2.42301e-16 2.51275e-19 BessellI
55879.1 3.08167e-16 2.35823e-19 BessellI
55880.1 3.87215e-16 2.0554e-19 BessellI
55881.1 4.79117e-16 1.72454e-19 BessellI
55882.1 5.81735e-16 1.70083e-19 BessellI
55883.1 6.9071e-16 2.22017e-19 BessellI
55884.1 7.99591e-16 3.03082e-19 BessellI
55885.1 9.00737e-16 3.84455e-19 BessellI
55886.1 9.86833e-16 4.53586e-19 BessellI
55887.1 1.05249e-15 5.09648e-19 BessellI
55888.1 1.09522e-15 5.55942e-19 BessellI
55889.1 1.11547e-15 5.9343e-19 BessellI
55890.1 1.11589e-15 6.19514e-19 BessellI
55891.1 1.10027e-15 6.30879e-19 BessellI
55892.1 1.07264e-15 6.26148e-19 BessellI
55893.1 1.03667e-15 6.0649e-19 BessellI
55894.1 9.95394e-16 5.74855e-19 BessellI
55895.1 9.51143e-16 5.34935e-19 BessellI
55896.1 9.0563e-16 4.90385e-19 BessellI
55897.1 8.6006e-16 4.44409e-19 BessellI
55898.1 8.15245e-16 3.99629e-19 BessellI
55899.1 7.71714e-16 3.58096e-19 BessellI
55900.1 7.29791e-16 3.21363e-19 BessellI
55901.1 6.89657e-16 2.90531e-19 BessellI
55902.1 6.51401e-16 2.66256e-19 BessellI
55903.1 6.15042e-16 2.48703e-19 BessellI
55904.1 5.80561e-16 2.3751e-19 BessellI
55905.1 5.47911e-16 2.31838e-19 BessellI
55906.1 5.17028e-16 2.30538e-19 BessellI
55907.1 4.87839e-16 2.32379e-19 BessellI
55908.1 4.60266e-16 2.36233e-19 BessellI
55909.1 4.3423e-16 2.41178e-19 BessellI
55910.1 4.09652e-16 2.46519e-19 BessellI
55911.1 3.86456e-16 2.51765e-19 BessellI
55912.1 3.64566e-16 2.56587e-19 BessellI
55913.1 3.43912e-16 2.60776e-19 BessellI
55914.1 3.24425e-16 2.64212e-19 BessellI
55915.1 3.06041e-16 2.66839e-19 BessellI
55916.1 2.88696e-16 2.6864e-19 BessellI
55917.1 2.72334e-16 2.69628e-19 BessellI
55918.1 2.56899e-16 2.69836e-19 BessellI
55919.1 2.42338e-16 2.69309e-19 BessellI
55920.1 2.28602e-16 2.68097e-19 BessellI
55921.1 2.15644e-16 2.66255e-19 BessellI
55922.1 2.03421e-16 2.6384e-19 BessellI
55923.1 1.9189e-16 2.60908e-19 BessellI
55924.1 1.81013e-16 2.57513e-19 BessellI
55925.1 1.70753e-16 2.53708e-19 BessellI
55926.1 1.61074e-16 2.49543e-19 BessellI
55927.1 1.51943e-16 2.45065e-19 BessellI
55928.1 1.43331e-16 2.40318e-19 BessellI
55929.1 1.35206e-16 2.35343e-19 BessellI
55930.1 1.27542e-16 2.30177e-19 BessellI
55931.1 1.20312e-16 2.24855e-19 BessellI
55932.1 1.13493e-16 2.1941e-19 BessellI
55933.1 1.07059e-16 2.13871e-19 BessellI
55934.1 1.00991e-16 2.08263e-19 BessellI
55935.1 9.52663e-17 2.02613e-19 BessellI
55865.1 1.01482e-19 2.26006e-21 BessellB
55866.1 1.88104e-19 3.91998e-21 BessellB
55867.1 3.48656e-19 6.76699e-21 BessellB
55868.1 6.46217e-19 1.1618e-20 BessellB
55869.1 1.19763e-18 1.98186e-20 BessellB
55870.1 2.21918e-18 3.35481e-20 BessellB
55871.1 4.11069e-18 5.6254e-20 BessellB
55872.1 7.60916e-18 9.3203e-20 BessellB
55873.1 1.40658e-17 1.51995e-19 BessellB
55874.1 2.59302e-17 2.42498e-19 BessellB
55875.1 4.75456e-17 3.74698e-19 BessellB
55876.1 8.62692e-17 5.51176e-19 BessellB
55877.1 1.53432e-16 7.49529e-19 BessellB
55878.1 2.63103e-16 8.97861e-19 BessellB
55879.1 4.24209e-16 8.84232e-19 BessellB
55880.1 6.2402e-16 6.82714e-19 BessellB
55881.1 8.18957e-16 4.98447e-19 BessellB
55882.1 9.58727e-16 4.44445e-19 BessellB
55883.1 1.0236e-15 3.85245e-19 BessellB
55884.1 1.02719e-15 3.46179e-19 BessellB
55885.1 9.9358e-16 3.52137e-19 BessellB
55886.1 9.41885e-16 3.61665e-19 BessellB
55887.1 8.83476e-16 3.54138e-19 BessellB
55888.1 8.242e-16 3.31851e-19 BessellB
55889.1 7.66788e-16 3.01903e-19 BessellB
55890.1 7.12387e-16 2.69884e-19 BessellB
55891.1 6.61385e-16 2.39168e-19 BessellB
55892.1 6.1382e-16 2.11511e-19 BessellB
55893.1 5.69576e-16 1.87681e-19 BessellB
55894.1 5.28475e-16 1.67883e-19 BessellB
55895.1 4.90319e-16 1.51986e-19 BessellB
55896.1 4.54907e-16 1.39655e-19 BessellB
55897.1 4.22049e-16 1.30419e-19 BessellB
55898.1 3.91561e-16 1.23734e-19 BessellB
55899.1 3.63275e-16 1.19033e-19 BessellB
55900.1 3.37032e-16 1.15787e-19 BessellB
55901.1 3.12685e-16 1.13536e-19 BessellB
55902.1 2.90096e-16 1.1191e-19 BessellB
55903.1 2.69139e-16 1.10626e-19 BessellB
55904.1 2.49696e-16 1.09481e-19 BessellB
55905.1 2.31657e-16 1.08335e-19 BessellB
55906.1 2.14922e-16 1.07097e-19 BessellB
55907.1 1.99396e-16 1.05714e-19 BessellB
55908.1 1.84991e-16 1.04157e-19 BessellB
55909.1 1.71627e-16 1.02417e-19 BessellB
55910.1 1.59228e-16 1.00497e-19 BessellB
55911.1 1.47725e-16 9.84082e-20 BessellB
55912.1 1.37053e-16 9.61657e-20 BessellB
55913.1 1.27152e-16 9.37886e-20 BessellB
55914.1 1.17967e-16 9.12969e-20 BessellB
55915.1 1.09445e-16 8.87111e-20 BessellB
55916.1 1.01538e-16 8.60509e-20 BessellB
55917.1 9.42028e-17 8.33352e-20 BessellB
55918.1 8.73975e-17 8.05817e-20 BessellB
55919.1 8.10837e-17 7.78065e-20 BessellB
55920.1 7.52261e-17 7.50245e-20 BessellB
55921.1 6.97916e-17 7.22488e-20 BessellB
55922.1 6.47498e-17 6.94914e-20 BessellB
55923.1 6.00721e-17 6.67626e-20 BessellB
55924.1 5.57324e-17 6.40714e-20 BessellB
55925.1 5.17062e-17 6.14257e-20 BessellB
55926.1 4.79709e-17 5.88322e-20 BessellB
55927.1 4.45054e-17 5.62964e-20 BessellB
55928.1 4.12902e-17 5.3823e-20 BessellB
55929.1 3.83074e-17 5.14158e-20 BessellB
55930.1 3.554e-17 4.90776e-20 BessellB
55931.1 3.29725e-17 4.68108e-20 BessellB
55932.1 3.05905e-17 4.4617e-20 BessellB
55933.1 2.83806e-17 4.24973e-20 BessellB
55934.1 2.63303e-17 4.04521e-20 BessellB
55935.1 2.44282e-17 3.84816e-20 BessellB
55936.1 2.26635e-17 3.65856e-20 BessellB
55937.1 2.10262e-17 3.47635e-20 BessellB
55938.1 1.95072e-17 3.30143e-20 BessellB
55939.1 1.8098e-17 3.1337e-20 BessellB
55940.1 1.67906e-17 2.97302e-20 BessellB
55862.5 5.19862e-18 3.01583e-20 BessellR
55863.5 6.86619e-18 3.76719e-20 BessellR
55864.5 9.06814e-18 4.69001e-20 BessellR
55865.5 1.19753e-17 5.81683e-20 BessellR
55866.5 1.58125e-17 7.18329e-20 BessellR
55867.5 2.08759e-17 8.82678e-20 BessellR
55868.5 2.75541e-17 1.07838e-19 BessellR
55869.5 3.63563e-17 1.30856e-19 BessellR
55870.5 4.79471e-17 1.57508e-19 BessellR
55871.5 6.31899e-17 1.87749e-19 BessellR
55872.5 8.31973e-17 2.21145e-19 BessellR
55873.5 1.09388e-16 2.56653e-19 BessellR
55874.5 1.43542e-16 2.92356e-19 BessellR
55875.5 1.87841e-16 3.25163e-19 BessellR
55876.5 2.44865e-16 3.50588e-19 BessellR
55877.5 3.17491e-16 3.62857e-19 BessellR
55878.5 4.08636e-16 3.55861e-19 BessellR
55879.5 5.20726e-16 3.26091e-19 BessellR
55880.5 6.54838e-16 2.80136e-19 BessellR
55881.5 8.09539e-16 2.49865e-19 BessellR
55882.5 9.79671e-16 2.85623e-19 BessellR
55883.5 1.15572e-15 3.80004e-19 BessellR
55884.5 1.32445e-15 4.80016e-19 BessellR
55885.5 1.47133e-15 5.5072e-19 BessellR
55886.5 1.58398e-15 5.86332e-19 BessellR
55887.5 1.65518e-15 6.02518e-19 BessellR
55888.5 1.68407e-15 6.17418e-19 BessellR
55889.5 1.67512e-15 6.34929e-19 BessellR
55890.5 1.63591e-15 6.46388e-19 BessellR
55891.5 1.57485e-15 6.42661e-19 BessellR
55892.5 1.49962e-15 6.2077e-19 BessellR
55893.5 1.41647e-15 5.83388e-19 BessellR
55894.5 1.33004e-15 5.3604e-19 BessellR
55895.5 1.24355e-15 4.84837e-19 BessellR
55896.5 1.15914e-15 4.35229e-19 BessellR
55897.5 1.07811e-15 3.9149e-19 BessellR
55898.5 1.0012e-15 3.56494e-19 BessellR
55899.5 9.28769e-16 3.31581e-19 BessellR
55900.5 8.60918e-16 3.16527e-19 BessellR
55901.5 7.97594e-16 3.09819e-19 BessellR
55902.5 7.38649e-16 3.09232e-19 BessellR
55903.5 6.83879e-16 3.12475e-19 BessellR
55904.5 6.33053e-16 3.17618e-19 BessellR
55905.5 5.85927e-16 3.23238e-19 BessellR
55906.5 5.4226e-16 3.28389e-19 BessellR
55907.5 5.01815e-16 3.32497e-19 BessellR
55908.5 4.64366e-16 3.35255e-19 BessellR
55909.5 4.29698e-16 3.36538e-19 BessellR
55910.5 3.9761e-16 3.36336e-19 BessellR
55911.5 3.67912e-16 3.34711e-19 BessellR
55912.5 3.40429e-16 3.31768e-19 BessellR
55913.5 3.14996e-16 3.27634e-19 BessellR
55914.5 2.91462e-16 3.22447e-19 BessellR
55915.5 2.69685e-16 3.16345e-19 BessellR
55916.5 2.49534e-16 3.09463e-19 BessellR
55917.5 2.30889e-16 3.01926e-19 BessellR
55918.5 2.13637e-16 2.93855e-19 BessellR
55919.5 1.97673e-16 2.85356e-19 BessellR
55920.5 1.82902e-16 2.76529e-19 BessellR
55921.5 1.69235e-16 2.67461e-19 BessellR
55922.5 1.56589e-16 2.58232e-19 BessellR
55923.5 1.44889e-16 2.48911e-19 BessellR
55924.5 1.34062e-16 2.39559e-19 BessellR
55925.5 1.24044e-16 2.3023e-19 BessellR
55926.5 1.14775e-16 2.20969e-19 BessellR
55927.5 1.06199e-16 2.11818e-19 BessellR
55928.5 9.82631e-17 2.02808e-19 BessellR
55929.5 9.09204e-17 1.9397e-19 BessellR
55930.5 8.41265e-17 1.85326e-19 BessellR
55931.5 7.78402e-17 1.76895e-19 BessellR
55932.5 7.20236e-17 1.68694e-19 BessellR
55933.5 6.66417e-17 1.60735e-19 BessellR
55934.5 6.1662e-17 1.53026e-19 BessellR
55935.5 5.70543e-17 1.45574e-19 BessellR
55865.1 4.36717e-18 2.30064e-20 BessellV
55866.1 6.19359e-18 3.06132e-20 BessellV
55867.1 8.78281e-18 4.0553e-20 BessellV
55868.1 1.24522e-17 5.34418e-20 BessellV
55869.1 1.76499e-17 6.99982e-20 BessellV
55870.1 2.50067e-17 9.10182e-20 BessellV
55871.1 3.54075e-17 1.17309e-19 BessellV
55872.1 5.00856e-17 1.49552e-19 BessellV
55873.1 7.07444e-17 1.88054e-19 BessellV
55874.1 9.9702e-17 2.3233e-19 BessellV
55875.1 1.40042e-16 2.80462e-19 BessellV
55876.1 1.95715e-16 3.28262e-19 BessellV
55877.1 2.71491e-16 3.68432e-19 BessellV
55878.1 3.72529e-16 3.90454e-19 BessellV
55879.1 5.03295e-16 3.82876e-19 BessellV
55880.1 6.65524e-16 3.41243e-19 BessellV
55881.1 8.55396e-16 2.86639e-19 BessellV
55882.1 1.06106e-15 2.82086e-19 BessellV
55883.1 1.2628e-15 3.53996e-19 BessellV
55884.1 1.43751e-15 4.38485e-19 BessellV
55885.1 1.56626e-15 4.89346e-19 BessellV
55886.1 1.64031e-15 5.05388e-19 BessellV
55887.1 1.66195e-15 5.04319e-19 BessellV
55888.1 1.64082e-15 4.98056e-19 BessellV
55889.1 1.58909e-15 4.87157e-19 BessellV
55890.1 1.51798e-15 4.68416e-19 BessellV
55891.1 1.43628e-15 4.40775e-19 BessellV
55892.1 1.35015e-15 4.05886e-19 BessellV
55893.1 1.26366e-15 3.66644e-19 BessellV
55894.1 1.17927e-15 3.25958e-19 BessellV
55895.1 1.0984e-15 2.86194e-19 BessellV
55896.1 1.02178e-15 2.49069e-19 BessellV
55897.1 9.49703e-16 2.1574e-19 BessellV
55898.1 8.8223e-16 1.86942e-19 BessellV
55899.1 8.19257e-16 1.63093e-19 BessellV
55900.1 7.60599e-16 1.44351e-19 BessellV
55901.1 7.06033e-16 1.30594e-19 BessellV
55902.1 6.55314e-16 1.21388e-19 BessellV
55903.1 6.082e-16 1.16004e-19 BessellV
55904.1 5.64448e-16 1.13527e-19 BessellV
55905.1 5.23828e-16 1.13029e-19 BessellV
55906.1 4.86123e-16 1.13706e-19 BessellV
55907.1 4.51126e-16 1.14944e-19 BessellV
55908.1 4.18646e-16 1.16312e-19 BessellV
55909.1 3.88502e-16 1.17532e-19 BessellV
55910.1 3.60527e-16 1.18438e-19 BessellV
55911.1 3.34566e-16 1.18942e-19 BessellV
55912.1 3.10474e-16 1.19005e-19 BessellV
55913.1 2.88116e-16 1.18625e-19 BessellV
55914.1 2.67369e-16 1.17819e-19 BessellV
55915.1 2.48115e-16 1.16618e-19 BessellV
55916.1 2.30248e-16 1.15058e-19 BessellV
55917.1 2.13667e-16 1.13179e-19 BessellV
55918.1 1.9828e-16 1.11021e-19 BessellV
55919.1 1.84002e-16 1.08625e-19 BessellV
55920.1 1.70751e-16 1.06027e-19 BessellV
55921.1 1.58455e-16 1.03264e-19 BessellV
55922.1 1.47044e-16 1.00368e-19 BessellV
55923.1 1.36455e-16 9.73684e-20 BessellV
55924.1 1.26629e-16 9.42929e-20 BessellV
55925.1 1.1751e-16 9.11656e-20 BessellV
55926.1 1.09048e-16 8.80079e-20 BessellV
55927.1 1.01195e-16 8.48392e-20 BessellV
55928.1 9.39076e-17 8.1676e-20 BessellV
55929.1 8.71451e-17 7.85332e-20 BessellV
55930.1 8.08695e-17 7.54234e-20 BessellV
55931.1 7.50459e-17 7.23575e-20 BessellV
55932.1 6.96417e-17 6.93449e-20 BessellV
55933.1 6.46266e-17 6.63932e-20 BessellV
55934.1 5.99727e-17 6.35089e-20 BessellV
55935.1 5.56539e-17 6.06975e-20 BessellV
55936.1 5.16461e-17 5.7963e-20 BessellV
55937.1 4.79269e-17 5.53088e-20 BessellV
55938.1 4.44756e-17 5.27373e-20 BessellV
55939.1 4.12728e-17 5.02502e-20 BessellV
55940.1 3.83006e-17 4.78486e-20 BessellV
55865.1 1.12492e-17 9.1764e-20 SDSS_g
55866.1 1.50549e-17 1.15276e-19 SDSS_g
55867.1 2.01448e-17 1.44167e-19 SDSS_g
55868.1 2.69486e-17 1.79364e-19 SDSS_g
55869.1 3.6037e-17 2.21797e-19 SDSS_g
55870.1 4.81643e-17 2.72284e-19 SDSS_g
55871.1 6.43214e-17 3.31341e-19 SDSS_g
55872.1 8.57986e-17 3.98889e-19 SDSS_g
55873.1 1.14252e-16 4.73807e-19 SDSS_g
55874.1 1.51766e-16 5.53326e-19 SDSS_g
55875.1 2.00876e-16 6.32274e-19 SDSS_g
55876.1 2.64512e-16 7.02362e-19 SDSS_g
55877.1 3.45768e-16 7.51945e-19 SDSS_g
55878.1 4.47376e-16 7.67201e-19 SDSS_g
55879.1 5.70764e-16 7.36237e-19 SDSS_g
55880.1 7.14672e-16 6.57744e-19 SDSS_g
55881.1 8.73613e-16 5.54094e-19 SDSS_g
55882.1 1.03697e-15 4.77815e-19 SDSS_g
55883.1 1.18982e-15 4.70278e-19 SDSS_g
55884.1 1.31616e-15 4.9711e-19 SDSS_g
55885.1 1.40339e-15 5.02401e-19 SDSS_g
55886.1 1.44591e-15 4.75328e-19 SDSS_g
55887.1 1.44573e-15 4.38955e-19 SDSS_g
55888.1 1.41035e-15 4.14702e-19 SDSS_g
55889.1 1.34953e-15 4.02425e-19 SDSS_g
55890.1 1.27269e-15 3.89855e-19 SDSS_g
55891.1 1.18752e-15 3.68505e-19 SDSS_g
55892.1 1.09966e-15 3.37423e-19 SDSS_g
55893.1 1.01285e-15 3.00146e-19 SDSS_g
55894.1 9.29412e-16 2.61612e-19 SDSS_g
55895.1 8.50649e-16 2.2654e-19 SDSS_g
55896.1 7.77179e-16 1.98693e-19 SDSS_g
55897.1 7.09191e-16 1.80334e-19 SDSS_g
55898.1 6.46613e-16 1.71654e-19 SDSS_g
55899.1 5.89221e-16 1.70808e-19 SDSS_g
55900.1 5.36716e-16 1.74922e-19 SDSS_g
55901.1 4.8876e-16 1.81319e-19 SDSS_g
55902.1 4.4501e-16 1.88091e-19 SDSS_g
55903.1 4.05126e-16 1.941e-19 SDSS_g
55904.1 3.68787e-16 1.98761e-19 SDSS_g
55905.1 3.35688e-16 2.01841e-19 SDSS_g
55906.1 3.05548e-16 2.03315e-19 SDSS_g
55907.1 2.78107e-16 2.03268e-19 SDSS_g
55908.1 2.53125e-16 2.01848e-19 SDSS_g
55909.1 2.30386e-16 1.99223e-19 SDSS_g
55910.1 2.09687e-16 1.95569e-19 SDSS_g
55911.1 1.90847e-16 1.91057e-19 SDSS_g
55912.1 1.73698e-16 1.85844e-19 SDSS_g
55913.1 1.58091e-16 1.80077e-19 SDSS_g
55914.1 1.43885e-16 1.73883e-19 SDSS_g
55915.1 1.30956e-16 1.67377e-19 SDSS_g
55916.1 1.19189e-16 1.60658e-19 SDSS_g
55917.1 1.08478e-16 1.53812e-19 SDSS_g
55918.1 9.87306e-17 1.46912e-19 SDSS_g
55919.1 8.98587e-17 1.4002e-19 SDSS_g
55920.1 8.1784e-17 1.33189e-19 SDSS_g
55921.1 7.44349e-17 1.26462e-19 SDSS_g
55922.1 6.77462e-17 1.19873e-19 SDSS_g
55923.1 6.16586e-17 1.13452e-19 SDSS_g
55924.1 5.61179e-17 1.07219e-19 SDSS_g
55925.1 5.10752e-17 1.01194e-19 SDSS_g
55926.1 4.64856e-17 9.53879e-20 SDSS_g
55927.1 4.23084e-17 8.981e-20 SDSS_g
55928.1 3.85065e-17 8.44658e-20 SDSS_g
55929.1 3.50463e-17 7.93581e-20 SDSS_g
55930.1 3.18971e-17 7.44874e-20 SDSS_g
55931.1 2.90308e-17 6.9852e-20 SDSS_g
55932.1 2.64221e-17 6.5449e-20 SDSS_g
55933.1 2.40478e-17 6.12738e-20 SDSS_g
55934.1 2.18869e-17 5.7321e-20 SDSS_g
55935.1 1.99201e-17 5.35842e-20 SDSS_g
55936.1 1.81301e-17 5.00565e-20 SDSS_g
55937.1 1.65009e-17 4.67304e-20 SDSS_g
55865.1 1.00523e-17 6.63719e-20 SDSS_r
55866.1 1.3404e-17 8.31896e-20 SDSS_r
55867.1 1.7871e-17 1.03829e-19 SDSS_r
55868.1 2.3822e-17 1.2896e-19 SDSS_r
55869.1 3.17461e-17 1.59269e-19 SDSS_r
55870.1 4.22894e-17 1.95391e-19 SDSS_r
55871.1 5.63025e-17 2.37802e-19 SDSS_r
55872.1 7.48979e-17 2.86642e-19 SDSS_r
55873.1 9.95185e-17 3.41444e-19 SDSS_r
55874.1 1.32011e-16 4.00765e-19 SDSS_r
55875.1 1.74692e-16 4.61694e-19 SDSS_r
55876.1 2.30386e-16 5.19296e-19 SDSS_r
55877.1 3.02379e-16 5.6617e-19 SDSS_r
55878.1 3.94208e-16 5.92541e-19 SDSS_r
55879.1 5.09181e-16 5.87698e-19 SDSS_r
55880.1 6.49491e-16 5.4426e-19 SDSS_r
55881.1 8.14874e-16 4.67598e-19 SDSS_r
55882.1 1.00102e-15 3.92796e-19 SDSS_r
55883.1 1.19838e-15 3.87181e-19 SDSS_r
55884.1 1.39229e-15 4.65488e-19 SDSS_r
55885.1 1.56536e-15 5.60936e-19 SDSS_r
55886.1 1.70169e-15 6.26912e-19 SDSS_r
55887.1 1.79103e-15 6.62903e-19 SDSS_r
55888.1 1.83093e-15 6.88987e-19 SDSS_r
55889.1 1.82589e-15 7.15709e-19 SDSS_r
55890.1 1.78468e-15 7.35966e-19 SDSS_r
55891.1 1.71739e-15 7.3793e-19 SDSS_r
55892.1 1.63332e-15 7.16031e-19 SDSS_r
55893.1 1.53998e-15 6.72087e-19 SDSS_r
55894.1 1.44292e-15 6.12077e-19 SDSS_r
55895.1 1.34595e-15 5.43086e-19 SDSS_r
55896.1 1.25154e-15 4.71607e-19 SDSS_r
55897.1 1.16118e-15 4.02962e-19 SDSS_r
55898.1 1.07567e-15 3.41329e-19 SDSS_r
55899.1 9.95384e-16 2.89967e-19 SDSS_r
55900.1 9.20395e-16 2.51288e-19 SDSS_r
55901.1 8.50612e-16 2.2649e-19 SDSS_r
55902.1 7.85834e-16 2.14878e-19 SDSS_r
55903.1 7.25807e-16 2.13755e-19 SDSS_r
55904.1 6.70249e-16 2.19434e-19 SDSS_r
55905.1 6.18869e-16 2.28549e-19 SDSS_r
55906.1 5.7138e-16 2.38683e-19 SDSS_r
55907.1 5.27504e-16 2.4834e-19 SDSS_r
55908.1 4.86978e-16 2.56699e-19 SDSS_r
55909.1 4.49554e-16 2.63369e-19 SDSS_r
55910.1 4.14997e-16 2.68216e-19 SDSS_r
55911.1 3.83091e-16 2.71259e-19 SDSS_r
55912.1 3.53636e-16 2.72597e-19 SDSS_r
55913.1 3.26443e-16 2.72375e-19 SDSS_r
55914.1 3.01339e-16 2.70758e-19 SDSS_r
55915.1 2.78166e-16 2.67912e-19 SDSS_r
55916.1 2.56774e-16 2.64003e-19 SDSS_r
55917.1 2.37026e-16 2.59186e-19 SDSS_r
55918.1 2.18797e-16 2.53606e-19 SDSS_r
55919.1 2.0197e-16 2.47396e-19 SDSS_r
55920.1 1.86437e-16 2.40676e-19 SDSS_r
55921.1 1.72099e-16 2.33554e-19 SDSS_r
55922.1 1.58863e-16 2.26126e-19 SDSS_r
55923.1 1.46645e-16 2.18476e-19 SDSS_r
55924.1 1.35367e-16 2.10679e-19 SDSS_r
55925.1 1.24956e-16 2.02801e-19 SDSS_r
55926.1 1.15346e-16 1.94897e-19 SDSS_r
55927.1 1.06475e-16 1.87017e-19 SDSS_r
55928.1 9.82859e-17 1.79203e-19 SDSS_r
55929.1 9.07269e-17 1.71489e-19 SDSS_r
55930.1 8.37492e-17 1.63906e-19 SDSS_r
55931.1 7.73082e-17 1.56479e-19 SDSS_r
55932.1 7.13625e-17 1.49227e-19 SDSS_r
55933.1 6.58741e-17 1.42168e-19 SDSS_r
55934.1 6.08078e-17 1.35314e-19 SDSS_r
55935.1 5.61312e-17 1.28675e-19 SDSS_r
55936.1 5.18142e-17 1.22259e-19 SDSS_r
55937.1 4.78293e-17 1.16069e-19 SDSS_r
55865.1 1.22808e-17 8.89879e-20 SDSS_i
55866.1 1.57921e-17 1.07443e-19 SDSS_i
55867.1 2.03041e-17 1.29158e-19 SDSS_i
55868.1 2.60992e-17 1.5448e-19 SDSS_i
55869.1 3.35379e-17 1.83687e-19 SDSS_i
55870.1 4.3078e-17 2.16918e-19 SDSS_i
55871.1 5.52988e-17 2.54079e-19 SDSS_i
55872.1 7.09279e-17 2.94704e-19 SDSS_i
55873.1 9.0871e-17 3.37782e-19 SDSS_i
55874.1 1.1624e-16 3.81539e-19 SDSS_i
55875.1 1.48374e-16 4.23205e-19 SDSS_i
55876.1 1.88841e-16 4.5883e-19 SDSS_i
55877.1 2.39399e-16 4.83295e-19 SDSS_i
55878.1 3.01887e-16 4.90819e-19 SDSS_i
55879.1 3.78011e-16 4.76515e-19 SDSS_i
55880.1 4.68978e-16 4.40078e-19 SDSS_i
55881.1 5.7496e-16 3.93302e-19 SDSS_i
55882.1 6.94449e-16 3.69655e-19 SDSS_i
55883.1 8.23647e-16 4.09141e-19 SDSS_i
55884.1 9.56212e-16 5.0493e-19 SDSS_i
55885.1 1.08369e-15 6.10793e-19 SDSS_i
55886.1 1.19681e-15 6.88601e-19 SDSS_i
55887.1 1.2873e-15 7.24472e-19 SDSS_i
55888.1 1.34968e-15 7.27059e-19 SDSS_i
55889.1 1.38215e-15 7.15943e-19 SDSS_i
55890.1 1.38642e-15 7.05554e-19 SDSS_i
55891.1 1.36665e-15 6.9679e-19 SDSS_i
55892.1 1.32815e-15 6.81949e-19 SDSS_i
55893.1 1.27629e-15 6.53961e-19 SDSS_i
55894.1 1.21582e-15 6.10767e-19 SDSS_i
55895.1 1.15058e-15 5.54852e-19 SDSS_i
55896.1 1.08345e-15 4.91228e-19 SDSS_i
55897.1 1.01649e-15 4.25801e-19 SDSS_i
55898.1 9.51072e-16 3.64531e-19 SDSS_i
55899.1 8.88096e-16 3.13114e-19 SDSS_i
55900.1 8.28087e-16 2.76549e-19 SDSS_i
55901.1 7.71316e-16 2.57838e-19 SDSS_i
55902.1 7.17886e-16 2.56248e-19 SDSS_i
55903.1 6.67785e-16 2.67434e-19 SDSS_i
55904.1 6.20931e-16 2.85908e-19 SDSS_i
55905.1 5.77195e-16 3.07203e-19 SDSS_i
55906.1 5.36427e-16 3.28417e-19 SDSS_i
55907.1 4.98462e-16 3.47901e-19 SDSS_i
55908.1 4.63133e-16 3.64816e-19 SDSS_i
55909.1 4.30274e-16 3.78812e-19 SDSS_i
55910.1 3.99724e-16 3.89822e-19 SDSS_i
55911.1 3.71327e-16 3.9794e-19 SDSS_i
55912.1 3.44937e-16 4.03349e-19 SDSS_i
55913.1 3.20415e-16 4.06274e-19 SDSS_i
55914.1 2.97633e-16 4.0696e-19 SDSS_i
55915.1 2.76467e-16 4.05655e-19 SDSS_i
55916.1 2.56804e-16 4.02595e-19 SDSS_i
55917.1 2.38538e-16 3.9801e-19 SDSS_i
55918.1 2.2157e-16 3.92108e-19 SDSS_i
55919.1 2.05809e-16 3.85086e-19 SDSS_i
55920.1 1.91169e-16 3.7712e-19 SDSS_i
55921.1 1.77569e-16 3.68372e-19 SDSS_i
55922.1 1.64937e-16 3.58985e-19 SDSS_i
55923.1 1.53204e-16 3.49091e-19 SDSS_i
55924.1 1.42305e-16 3.38804e-19 SDSS_i
55925.1 1.32181e-16 3.28228e-19 SDSS_i
55926.1 1.22778e-16 3.17453e-19 SDSS_i
55927.1 1.14043e-16 3.06559e-19 SDSS_i
55928.1 1.0593e-16 2.95615e-19 SDSS_i
55929.1 9.83939e-17 2.84684e-19 SDSS_i
55930.1 9.1394e-17 2.73817e-19 SDSS_i
55931.1 8.48921e-17 2.63059e-19 SDSS_i
55932.1 7.88528e-17 2.5245e-19 SDSS_i
55933.1 7.32431e-17 2.42022e-19 SDSS_i
55934.1 6.80325e-17 2.31803e-19 SDSS_i
55935.1 6.31925e-17 2.21815e-19 SDSS_i
55936.1 5.86969e-17 2.12077e-19 SDSS_i
55937.1 5.45211e-17 2.02603e-19 SDSS_i
55868.1 4.15648e-15 2.82947e-17 SDSS_u
55869.1 3.6735e-15 2.37991e-17 SDSS_u
55870.1 3.24657e-15 1.99747e-17 SDSS_u
55871.1 2.86918e-15 1.67263e-17 SDSS_u
55872.1 2.5356e-15 1.39717e-17 SDSS_u
55873.1 2.24076e-15 1.16402e-17 SDSS_u
55874.1 1.98014e-15 9.67104e-18 SDSS_u
55875.1 1.7498e-15 8.01178e-18 SDSS_u
55876.1 1.54621e-15 6.61753e-18 SDSS_u
55877.1 1.36628e-15 5.44976e-18 SDSS_u
55878.1 1.20726e-15 4.47548e-18 SDSS_u
55879.1 1.06671e-15 3.6665e-18 SDSS_u
55880.1 9.4251e-16 2.99879e-18 SDSS_u
55881.1 8.32748e-16 2.45186e-18 SDSS_u
55882.1 7.35749e-16 2.00827e-18 SDSS_u
55883.1 6.50033e-16 1.65309e-18 SDSS_u
55884.1 5.74288e-16 1.37335e-18 SDSS_u
55885.1 5.07357e-16 1.15742e-18 SDSS_u
55886.1 4.48214e-16 9.94518e-19 SDSS_u
55887.1 3.95956e-16 8.74288e-19 SDSS_u
55888.1 3.49782e-16 7.86848e-19 SDSS_u
55889.1 3.08985e-16 7.23178e-19 SDSS_u
55890.1 2.72939e-16 6.75643e-19 SDSS_u
55891.1 2.41092e-16 6.3832e-19 SDSS_u
55892.1 2.12955e-16 6.06987e-19 SDSS_u
55893.1 1.88097e-16 5.78864e-19 SDSS_u
55894.1 1.66137e-16 5.52259e-19 SDSS_u
55895.1 1.46736e-16 5.26237e-19 SDSS_u
55896.1 1.29598e-16 5.00352e-19 SDSS_u
55897.1 1.14458e-16 4.74462e-19 SDSS_u
55898.1 1.01085e-16 4.48599e-19 SDSS_u
55899.1 8.92711e-17 4.22885e-19 SDSS_u
55900.1 7.88362e-17 3.97479e-19 SDSS_u
55901.1 6.96192e-17 3.72547e-19 SDSS_u
55902.1 6.14782e-17 3.48246e-19 SDSS_u
55903.1 5.42877e-17 3.24709e-19 SDSS_u
55904.1 4.79369e-17 3.02047e-19 SDSS_u
55905.1 4.2328e-17 2.80346e-19 SDSS_u
55906.1 3.73743e-17 2.59668e-19 SDSS_u
55907.1 3.29995e-17 2.40052e-19 SDSS_u
55908.1 2.91359e-17 2.2152e-19 SDSS_u
55909.1 2.57241e-17 2.04076e-19 SDSS_u
55910.1 2.27111e-17 1.87711e-19 SDSS_u
55911.1 2.00505e-17 1.72405e-19 SDSS_u
55912.1 1.77011e-17 1.58131e-19 SDSS_u
55913.1 1.56266e-17 1.44851e-19 SDSS_u
55914.1 1.37948e-17 1.32527e-19 SDSS_u
55915.1 1.21774e-17 1.21114e-19 SDSS_u
55916.1 1.07494e-17 1.10565e-19 SDSS_u
55917.1 9.48856e-18 1.00833e-19 SDSS_u
55918.1 8.37539e-18 9.18709e-20 SDSS_u
55919.1 7.3926e-18 8.36298e-20 SDSS_u
55920.1 6.52496e-18 7.60631e-20 SDSS_u
55921.1 5.75899e-18 6.91253e-20 SDSS_u
55922.1 5.0828e-18 6.27722e-20 SDSS_u
55923.1 4.48588e-18 5.69615e-20 SDSS_u
55924.1 3.95896e-18 5.16531e-20 SDSS_u
55925.1 3.49383e-18 4.68085e-20 SDSS_u
